2000	54	30	300	4	25	32	4	1	0	18	18	1	0.01	0	0.02	0
2000	62	30	300	4	25	51	4	1	0	34	34	1	0.03	0	0.01	0
2000	88	30	300	4	25	59	4	1	0	34	34	1	0.03	0	0.01	0
2000	134	30	300	4	25	43	4	1	0	18	18	1	0.04	0	0.02	0
2000	136	30	300	4	25	47	4	1	0	26	26	1	0.02	0	0.01	0
2000	212	30	300	4	25	44	4	1	0	28	28	1	0.01	0	0.02	0
2000	229	30	300	4	25	43	4	1	0	25	25	1	0.01	0	0.02	0
2000	282	30	300	4	25	50	4	1	0	34	34	1	0.02	0	0.01	0
2000	387	30	300	4	25	48	4	1	0	30	30	1	0.02	0	0.01	0
2000	391	30	300	4	25	45	4	1	0	25	25	1	0.03	0	0.02	0
2000	434	30	300	4	25	48	4	1	0	23	23	1	0.01	0	0.02	0
2000	488	30	300	4	25	44	4	1	0	24	24	1	0.02	0.01	0.02	0
2000	512	30	300	4	25	52	4	1	0	25	25	1	0.06	0	0.04	0
2000	521	30	300	4	25	63	4	1	0	34	34	1	0.13	0	0.05	0
2000	546	30	300	4	25	50	4	1	0	31	31	1	0.01	0	0.02	0
2000	556	30	300	4	25	47	4	1	0	28	28	1	0.01	0.01	0	0
2000	564	30	300	4	25	45	4	1	0	19	19	1	0.01	0.01	0.02	0
2000	579	30	300	4	25	53	4	1	0	31	31	1	0.04	0	0.02	0
2000	586	30	300	4	25	45	4	1	0	25	25	1	0.02	0	0.03	0
2000	591	30	300	4	25	36	4	1	0	17	17	1	0.01	0.01	0.02	0
2000	606	30	300	4	25	31	4	1	0	15	15	1	0	0.01	0.01	0
2000	621	30	300	4	25	45	4	1	0	24	24	1	0.02	0	0.02	0
2000	693	30	300	4	25	44	4	1	0	25	25	1	0.02	0	0.02	0
2000	710	30	300	4	25	47	4	1	0	26	26	1	0.01	0	0.02	0
2000	724	30	300	4	25	38	4	1	0	23	23	1	0	0.01	0.01	0
2000	746	30	300	4	25	45	4	1	0	27	27	1	0.01	0	0.02	0
2000	772	30	300	4	25	42	4	1	0	18	18	1	0.01	0	0.02	0
2000	775	30	300	4	25	31	4	1	0	13	13	1	0.01	0	0.02	0
2000	789	30	300	4	25	49	4	1	0	30	30	1	0.01	0	0.01	0
2000	792	30	300	4	25	42	4	1	0	19	19	1	0.03	0.01	0.03	0
2000	793	30	300	4	25	35	4	1	0	18	18	1	0.04	0.01	0.04	0
2000	800	30	300	4	25	46	4	1	0	23	23	1	0.02	0	0.03	0
2000	936	30	300	4	25	41	4	1	0	19	19	1	0.02	0	0.02	0
2000	954	30	300	4	25	34	4	1	0	16	16	1	0.03	0	0.05	0
2000	998	30	300	4	25	47	4	1	0	24	24	1	0.01	0	0.02	0
2000	999	30	300	4	25	42	4	1	0	21	21	1	0.03	0	0.02	0
2000	10	40	300	4	25	58	4	1	0	35	35	1	0.02	0	0.01	0
2000	22	40	300	4	25	62	4	1	0	41	41	1	0.02	0.01	0.01	0
2000	26	40	300	4	25	76	4	1	0	47	47	1	0.06	0	0.02	0
2000	28	40	300	4	25	64	4	1	0	34	34	1	0.15	0.01	0.08	0
2000	29	40	300	4	25	63	4	1	0	38	38	1	0.08	0	0.05	0
2000	35	40	300	4	25	71	4	1	0	43	43	1	0.08	0	0.04	0
2000	36	40	300	4	25	86	4	1	0	56	56	1	0.12	0.01	0.03	0
2000	38	40	300	4	25	92	4	1	0	54	54	1	0.09	0	0.04	0
2000	39	40	300	4	25	78	4	1	0	47	47	1	0.21	0.01	0.07	0
2000	56	40	300	4	25	76	4	1	0	50	50	1	0.04	0	0.02	0
2000	58	40	300	4	25	73	4	1	0	43	43	1	0.09	0	0.05	0
2000	62	40	300	4	25	86	4	1	0	53	53	1	0.25	0.01	0.07	0
2000	68	40	300	4	25	67	4	1	0	38	38	1	0.1	0	0.06	0
2000	69	40	300	4	25	70	4	1	0	44	44	1	0.14	0.01	0.05	0
2000	76	40	300	4	25	78	4	1	0	44	44	1	0.27	0	0.12	0
2000	77	40	300	4	25	71	4	1	0	33	33	1	0.18	0	0.07	0
2000	79	40	300	4	25	66	4	1	0	39	39	1	0.1	0	0.03	0
2000	81	40	300	4	25	71	4	1	0	34	34	1	0.12	0	0.05	0
2000	85	40	300	4	25	80	4	1	0	53	53	1	0.14	0	0.03	0
2000	92	40	300	4	25	79	4	1	0	38	38	1	0.13	0	0.06	0
2000	107	40	300	4	25	68	4	1	0	37	37	1	0.05	0	0.03	0
2000	116	40	300	4	25	74	4	1	0	41	41	1	0.07	0	0.04	0
2000	118	40	300	4	25	70	4	1	0	43	43	1	0.15	0	0.05	0
2000	124	40	300	4	25	81	4	1	0	60	60	1	0.06	0	0.02	0
2000	126	40	300	4	25	81	4	1	0	45	45	1	0.07	0	0.04	0
2000	144	40	300	4	25	74	4	1	0	45	45	1	0.04	0	0.03	0
2000	146	40	300	4	25	92	4	1	0	55	55	1	0.09	0.01	0.03	0
2000	147	40	300	4	25	67	4	1	0	37	37	1	0.13	0.01	0.05	0
2000	152	40	300	4	25	79	4	1	0	47	47	1	0.66	0	0.08	0
2000	153	40	300	4	25	73	4	1	0	41	41	1	0.12	0	0.05	0
2000	154	40	300	4	25	85	4	1	0	47	47	1	0.18	0	0.07	0
2000	155	40	300	4	25	102	4	1	0	72	72	1	0.27	0	0.08	0
2000	156	40	300	4	25	67	4	1	0	37	37	1	0.11	0	0.07	0
2000	158	40	300	4	25	85	4	1	0	61	61	1	0.05	0.01	0.02	0
2000	166	40	300	4	25	76	4	1	0	53	53	1	0.04	0	0.02	0
2000	168	40	300	4	25	70	4	1	0	35	35	1	0.06	0.01	0.05	0
2000	170	40	300	4	25	71	4	1	0	42	42	1	0.02	0.01	0.01	0
2000	172	40	300	4	25	64	4	1	0	36	36	1	0.09	0	0.06	0
2000	173	40	300	4	25	85	4	1	0	58	58	1	0.1	0	0.03	0
2000	174	40	300	4	25	80	4	1	0	43	43	1	0.13	0.01	0.05	0
2000	181	40	300	4	25	83	4	1	0	42	42	1	0.27	0.01	0.06	0
2000	189	40	300	4	25	56	4	1	0	28	28	1	0.03	0	0.03	0
2000	193	40	300	4	25	107	4	1	0	64	64	1	0.21	0	0.05	0
2000	198	40	300	4	25	78	4	1	0	44	44	1	0.1	0.01	0.04	0
2000	213	40	300	4	25	82	4	1	0	48	48	1	0.09	0	0.02	0
2000	215	40	300	4	25	65	4	1	0	40	40	1	0.04	0	0.03	0
2000	224	40	300	4	25	77	4	1	0	42	42	1	0.15	0.01	0.04	0
2000	231	40	300	4	25	77	4	1	0	43	43	1	0.17	0	0.06	0
2000	241	40	300	4	25	79	4	1	0	45	45	1	0.05	0	0.03	0
2000	243	40	300	4	25	57	4	1	0	28	28	1	0.11	0	0.05	0
2000	247	40	300	4	25	61	4	1	0	30	30	1	0.1	0	0.05	0
2000	248	40	300	4	25	64	4	1	0	28	28	1	0.14	0.01	0.08	0
2000	255	40	300	4	25	93	4	1	0	66	66	1	0.24	0	0.06	0
2000	264	40	300	4	25	65	4	1	0	39	39	1	0.02	0	0.02	0
2000	271	40	300	4	25	94	4	1	0	51	51	1	0.1	0	0.04	0
2000	272	40	300	4	25	84	4	1	0	48	48	1	0.14	0.01	0.04	0
2000	277	40	300	4	25	76	4	1	0	55	55	1	0.03	0	0.02	0
2000	282	40	300	4	25	72	4	1	0	42	42	1	0.09	0.01	0.04	0
2000	307	40	300	4	25	78	4	1	0	53	53	1	0.09	0.01	0.02	0
2000	309	40	300	4	25	64	4	1	0	42	42	1	0.05	0	0.04	0
2000	310	40	300	4	25	55	4	1	0	31	31	1	0.05	0	0.02	0
2000	315	40	300	4	25	62	4	1	0	33	33	1	0.06	0	0.03	0
2000	327	40	300	4	25	80	4	1	0	44	44	1	0.16	0	0.06	0
2000	328	40	300	4	25	69	4	1	0	36	36	1	0.03	0.01	0.02	0
2000	338	40	300	4	25	95	4	1	0	43	43	1	0.31	0	0.08	0
2000	342	40	300	4	25	56	4	1	0	29	29	1	0.13	0.01	0.07	0
2000	349	40	300	4	25	85	4	1	0	63	63	1	0.06	0.01	0.02	0
2000	353	40	300	4	25	64	4	1	0	37	37	1	0.08	0	0.05	0
2000	356	40	300	4	25	57	4	1	0	39	39	1	0.06	0	0.02	0
2000	377	40	300	4	25	82	4	1	0	55	55	1	0.1	0	0.03	0
2000	381	40	300	4	25	73	4	1	0	43	43	1	0.05	0	0.03	0
2000	383	40	300	4	25	62	4	1	0	32	32	1	0.27	0	0.1	0
2000	384	40	300	4	25	91	4	1	0	51	51	1	0.12	0	0.06	0
2000	392	40	300	4	25	60	4	1	0	28	28	1	0.27	0.01	0.08	0
2000	395	40	300	4	25	96	4	1	0	59	59	1	0.11	0.01	0.03	0
2000	396	40	300	4	25	83	4	1	0	54	54	1	0.31	0.01	0.08	0
2000	397	40	300	4	25	62	4	1	0	32	32	1	0.1	0	0.05	0
2000	401	40	300	4	25	69	4	1	0	35	35	1	0.03	0	0.02	0
2000	403	40	300	4	25	75	4	1	0	36	36	1	0.19	0.01	0.07	0
2000	408	40	300	4	25	77	4	1	0	44	44	1	0.19	0.01	0.06	0
2000	410	40	300	4	25	79	4	1	0	51	51	1	0.11	0	0.05	0
2000	431	40	300	4	25	74	4	1	0	39	39	1	0.12	0.01	0.04	0
2000	437	40	300	4	25	73	4	1	0	41	41	1	0.19	0.01	0.08	0
2000	443	40	300	4	25	62	4	1	0	36	36	1	0.04	0	0.02	0
2000	449	40	300	4	25	67	4	1	0	40	40	1	0.05	0	0.03	0
2000	462	40	300	4	25	80	4	1	0	42	42	1	0.1	0.01	0.04	0
2000	470	40	300	4	25	65	4	1	0	37	37	1	0.1	0.01	0.03	0
2000	476	40	300	4	25	89	4	1	0	64	64	1	0.09	0	0.04	0
2000	477	40	300	4	25	86	4	1	0	51	51	1	0.24	0	0.07	0
2000	487	40	300	4	25	64	4	1	0	30	30	1	0.14	0	0.06	0
2000	497	40	300	4	25	62	4	1	0	35	35	1	0.02	0.01	0.02	0
2000	500	40	300	4	25	67	4	1	0	38	38	1	0.06	0	0.03	0
2000	507	40	300	4	25	64	4	1	0	34	34	1	0.09	0.01	0.08	0
2000	509	40	300	4	25	68	4	1	0	38	38	1	0.1	0	0.04	0
2000	529	40	300	4	25	67	4	1	0	44	44	1	0.04	0.01	0.02	0
2000	530	40	300	4	25	54	4	1	0	23	23	1	0.11	0.01	0.07	0
2000	532	40	300	4	25	68	4	1	0	44	44	1	0.04	0	0.05	0
2000	542	40	300	4	25	67	4	1	0	34	34	1	0.25	0.01	0.07	0
2000	544	40	300	4	25	84	4	1	0	58	58	1	0.04	0	0.03	0
2000	551	40	300	4	25	81	4	1	0	50	50	1	0.1	0	0.03	0
2000	552	40	300	4	25	68	4	1	0	34	34	1	0.19	0.01	0.08	0
2000	569	40	300	4	25	79	4	1	0	46	46	1	0.05	0	0.02	0
2000	573	40	300	4	25	66	4	1	0	35	35	1	0.04	0.01	0.02	0
2000	591	40	300	4	25	63	4	1	0	35	35	1	0.22	0	0.09	0
2000	592	40	300	4	25	75	4	1	0	50	50	1	0.06	0	0.03	0
2000	593	40	300	4	25	76	4	1	0	49	49	1	0.21	0	0.06	0
2000	601	40	300	4	25	86	4	1	0	51	51	1	0.24	0	0.09	0
2000	607	40	300	4	25	74	4	1	0	54	54	1	0.02	0	0.02	0
2000	612	40	300	4	25	70	4	1	0	40	40	1	0.02	0	0.03	0
2000	617	40	300	4	25	69	4	1	0	44	44	1	0.02	0	0.02	0
2000	625	40	300	4	25	76	4	1	0	51	51	1	0.05	0	0.02	0
2000	637	40	300	4	25	82	4	1	0	56	56	1	0.06	0	0.04	0
2000	639	40	300	4	25	70	4	1	0	39	39	1	0.04	0	0.01	0
2000	640	40	300	4	25	79	4	1	0	45	45	1	0.21	0	0.08	0
2000	643	40	300	4	25	67	4	1	0	40	40	1	0.06	0	0.02	0
2000	648	40	300	4	25	79	4	1	0	52	52	1	0.06	0	0.02	0
2000	649	40	300	4	25	71	4	1	0	33	33	1	0.25	0.02	0.08	0
2000	669	40	300	4	25	83	4	1	0	45	45	1	0.12	0	0.04	0
2000	675	40	300	4	25	60	4	1	0	31	31	1	0.11	0	0.06	0
2000	676	40	300	4	25	73	4	1	0	43	43	1	0.21	0.01	0.08	0
2000	677	40	300	4	25	90	4	1	0	53	53	1	0.27	0.01	0.09	0
2000	687	40	300	4	25	73	4	1	0	43	43	1	0.06	0	0.04	0
2000	688	40	300	4	25	75	4	1	0	45	45	1	0.13	0	0.03	0
2000	689	40	300	4	25	92	4	1	0	67	67	1	0.09	0	0.03	0
2000	693	40	300	4	25	76	4	1	0	43	43	1	0.05	0	0.03	0
2000	694	40	300	4	25	77	4	1	0	40	40	1	0.14	0	0.06	0
2000	696	40	300	4	25	70	4	1	0	34	34	1	0.04	0.01	0.03	0
2000	708	40	300	4	25	83	4	1	0	49	49	1	0.13	0.01	0.08	0
2000	709	40	300	4	25	72	4	1	0	45	45	1	0.03	0.01	0.02	0
2000	712	40	300	4	25	76	4	1	0	39	39	1	0.25	0.01	0.06	0
2000	720	40	300	4	25	94	4	1	0	54	54	1	0.22	0.01	0.06	0
2000	721	40	300	4	25	70	4	1	0	37	37	1	0.03	0	0.02	0
2000	722	40	300	4	25	71	4	1	0	40	40	1	0.21	0	0.06	0
2000	723	40	300	4	25	84	4	1	0	55	55	1	0.04	0	0.02	0
2000	725	40	300	4	25	56	4	1	0	32	32	1	0.06	0	0.04	0
2000	730	40	300	4	25	69	4	1	0	37	37	1	0.08	0	0.06	0
2000	732	40	300	4	25	76	4	1	0	33	33	1	0.2	0.01	0.08	0
2000	735	40	300	4	25	73	4	1	0	45	45	1	0.05	0	0.03	0
2000	739	40	300	4	25	79	4	1	0	47	47	1	0.05	0	0.02	0
2000	747	40	300	4	25	86	4	1	0	50	50	1	0.1	0	0.04	0
2000	751	40	300	4	25	74	4	1	0	42	42	1	0.09	0.01	0.03	0
2000	752	40	300	4	25	65	4	1	0	39	39	1	0.05	0	0.03	0
2000	758	40	300	4	25	83	4	1	0	45	45	1	0.13	0	0.05	0
2000	759	40	300	4	25	69	4	1	0	41	41	1	0.05	0.01	0.04	0
2000	763	40	300	4	25	77	4	1	0	41	41	1	0.22	0.01	0.08	0
2000	771	40	300	4	25	58	4	1	0	32	32	1	0.09	0	0.05	0
2000	772	40	300	4	25	72	4	1	0	31	31	1	0.08	0	0.05	0
2000	774	40	300	4	25	63	4	1	0	35	35	1	0.04	0.01	0.02	0
2000	788	40	300	4	25	62	4	1	0	35	35	1	0.09	0.01	0.07	0
2000	796	40	300	4	25	78	4	1	0	46	46	1	0.12	0	0.06	0
2000	803	40	300	4	25	67	4	1	0	33	33	1	0.18	0.01	0.1	0
2000	810	40	300	4	25	88	4	1	0	46	46	1	0.3	0	0.08	0
2000	816	40	300	4	25	82	4	1	0	42	42	1	0.19	0.01	0.12	0
2000	817	40	300	4	25	63	4	1	0	40	40	1	0.04	0	0.02	0
2000	820	40	300	4	25	68	4	1	0	36	36	1	0.04	0	0.03	0
2000	826	40	300	4	25	84	4	1	0	60	60	1	0.04	0	0.02	0
2000	827	40	300	4	25	71	4	1	0	45	45	1	0.05	0	0.02	0
2000	829	40	300	4	25	95	4	1	0	67	67	1	0.25	0.01	0.07	0
2000	832	40	300	4	25	71	4	1	0	44	44	1	0.05	0	0.04	0
2000	836	40	300	4	25	72	4	1	0	38	38	1	0.21	0	0.07	0
2000	839	40	300	4	25	87	4	1	0	53	53	1	0.12	0.01	0.04	0
2000	841	40	300	4	25	88	4	1	0	50	50	1	0.19	0	0.07	0
2000	846	40	300	4	25	69	4	1	0	43	43	1	0.12	0	0.03	0
2000	857	40	300	4	25	74	4	1	0	46	46	1	0.04	0	0.02	0
2000	867	40	300	4	25	82	4	1	0	51	51	1	0.23	0.01	0.04	0
2000	869	40	300	4	25	72	4	1	0	45	45	1	0.05	0	0.03	0
2000	876	40	300	4	25	92	4	1	0	58	58	1	0.39	0	0.08	0
2000	877	40	300	4	25	95	4	1	0	51	51	1	0.13	0	0.08	0
2000	878	40	300	4	25	79	4	1	0	46	46	1	0.27	0	0.06	0
2000	881	40	300	4	25	78	4	1	0	50	50	1	0.15	0.01	0.03	0
2000	884	40	300	4	25	84	4	1	0	56	56	1	0.17	0	0.02	0
2000	885	40	300	4	25	67	4	1	0	39	39	1	0.04	0	0.02	0
2000	886	40	300	4	25	70	4	1	0	41	41	1	0.15	0.01	0.05	0
2000	888	40	300	4	25	72	4	1	0	50	50	1	0.04	0	0.02	0
2000	890	40	300	4	25	84	4	1	0	49	49	1	0.09	0.01	0.04	0
2000	898	40	300	4	25	109	4	1	0	73	73	1	0.07	0	0.03	0
2000	907	40	300	4	25	93	4	1	0	66	66	1	0.11	0.01	0.04	0
2000	912	40	300	4	25	62	4	1	0	30	30	1	0.08	0	0.05	0
2000	915	40	300	4	25	83	4	1	0	50	50	1	0.04	0	0.03	0
2000	925	40	300	4	25	74	4	1	0	48	48	1	0.03	0	0.02	0
2000	937	40	300	4	25	81	4	1	0	44	44	1	0.07	0.01	0.02	0
2000	938	40	300	4	25	84	4	1	0	61	61	1	0.06	0	0.02	0
2000	942	40	300	4	25	71	4	1	0	38	38	1	0.17	0.01	0.28	0
2000	976	40	300	4	25	82	4	1	0	48	48	1	0.09	0	0.03	0
2000	978	40	300	4	25	71	4	1	0	44	44	1	0.03	0	0.02	0
2000	985	40	300	4	25	93	4	1	0	49	49	1	0.26	0.01	0.1	0
2000	989	40	300	4	25	82	4	1	0	41	41	1	0.3	0.01	0.07	0
2000	10	50	300	4	25	100	4	1	0	55	55	1	0.42	0.01	0.1	0
2000	11	50	300	4	25	111	4	1	0	65	65	1	0.25	0	0.07	0
2000	21	50	300	4	25	100	4	1	0	54	54	1	0.35	0.01	0.09	0
2000	93	50	300	4	25	126	4	1	0	85	85	1	0.37	0	0.08	0
2000	101	50	300	4	25	114	4	1	0	61	61	1	0.36	0.01	0.08	0
2000	159	50	300	4	25	104	4	1	0	60	60	1	0.18	0.01	0.03	0
2000	183	50	300	4	25	125	4	1	0	96	96	1	0.26	0.01	0.06	0
2000	278	50	300	4	25	118	4	1	0	71	71	1	0.23	0.01	0.06	0
2000	282	50	300	4	25	107	4	1	0	62	62	1	0.41	0.01	0.1	0
2000	302	50	300	4	25	124	4	1	0	85	85	1	0.23	0	0.08	0
2000	378	50	300	4	25	107	4	1	0	68	68	1	0.18	0	0.04	0
2000	401	50	300	4	25	113	4	1	0	69	69	1	0.18	0.01	0.06	0
2000	446	50	300	4	25	116	4	1	0	72	72	1	0.19	0	0.05	0
2000	479	50	300	4	25	109	4	1	0	58	58	1	0.27	0.01	0.09	0
2000	518	50	300	4	25	122	4	1	0	74	74	1	0.33	0.01	0.07	0
2000	553	50	300	4	25	114	4	1	0	69	69	1	0.42	0.01	0.08	0
2000	588	50	300	4	25	109	4	1	0	62	62	1	0.4	0.02	0.06	0
2000	603	50	300	4	25	97	4	1	0	58	58	1	0.22	0	0.05	0
2000	639	50	300	4	25	117	4	1	0	66	66	1	0.37	0.01	0.08	0
2000	683	50	300	4	25	116	4	1	0	69	69	1	0.32	0.01	0.08	0
2000	685	50	300	4	25	123	4	1	0	79	79	1	0.28	0	0.06	0
2000	695	50	300	4	25	103	4	1	0	61	61	1	0.15	0	0.05	0
2000	748	50	300	4	25	103	4	1	0	56	56	1	0.13	0.01	0.08	0
2000	937	50	300	4	25	112	4	1	0	66	66	1	0.31	0	0.06	0
2000	968	50	300	4	25	101	4	1	0	59	59	1	0.26	0.01	0.07	0
2000	978	50	300	4	25	116	4	1	0	69	69	1	0.25	0.01	0.06	0
2000	988	50	300	4	25	128	4	1	0	79	79	1	0.32	0	0.06	0
