3000	18	40	300	4	25	36	5	1	0	12	12	1	0.13	0.01	0.12	0
3000	163	40	300	4	25	53	5	1	0	21	21	1	0.95	0.08	0.49	0
3000	424	40	300	4	25	47	5	1	0	26	26	1	0.23	0.01	0.11	0
3000	516	40	300	4	25	29	5	1	0	9	9	1	0.16	0.01	0.09	0
3000	570	40	300	4	25	36	5	1	0	13	13	1	0.08	0.01	0.12	0
3000	611	40	300	4	25	43	5	1	0	19	19	1	0.14	0.01	0.1	0
3000	964	40	300	4	25	28	5	1	0	9	9	1	0.21	0.02	0.67	0
3000	3	50	300	4	25	50	5	1	0	19	19	1	0.33	0.04	0.32	0
3000	4	50	300	4	25	58	5	1	0	22	22	1	0.29	0.03	0.13	0
3000	7	50	300	4	25	46	5	1	0	18	18	1	0.18	0.02	0.25	0
3000	24	50	300	4	25	59	5	1	0	22	22	1	0.47	0.04	0.2	0
3000	28	50	300	4	25	50	5	1	0	21	21	1	0.31	0.03	0.23	0
3000	29	50	300	4	25	44	5	1	0	14	14	1	0.69	0.06	0.32	0
3000	37	50	300	4	25	62	5	1	0	23	23	1	0.55	0.05	0.21	0
3000	39	50	300	4	25	63	5	1	0	30	30	1	0.91	0.11	0.68	0
3000	44	50	300	4	25	47	5	1	0	19	19	1	0.8	0.05	0.51	0
3000	51	50	300	4	25	54	5	1	0	24	24	1	0.18	0.03	0.19	0
3000	54	50	300	4	25	57	5	1	0	23	23	1	0.21	0.01	0.09	0
3000	55	50	300	4	25	60	5	1	0	29	29	1	0.55	0.04	0.24	0
3000	58	50	300	4	25	47	5	1	0	17	17	1	0.14	0.01	0.11	0
3000	60	50	300	4	25	57	5	1	0	21	21	1	1.07	0.15	1.56	0
3000	72	50	300	4	25	61	5	1	0	24	24	1	0.69	0.04	0.48	0
3000	80	50	300	4	25	61	5	1	0	30	30	1	0.23	0.01	0.11	0
3000	84	50	300	4	25	79	5	1	0	32	32	1	0.77	0.06	0.24	0
3000	85	50	300	4	25	65	5	1	0	39	39	1	0.73	0.01	0.22	0
3000	89	50	300	4	25	51	5	1	0	18	18	1	0.24	0.02	0.09	0
3000	92	50	300	4	25	60	5	1	0	24	24	1	0.3	0.02	0.13	0
3000	96	50	300	4	25	56	5	1	0	18	18	1	0.84	0.05	0.3	0
3000	102	50	300	4	25	59	5	1	0	22	22	1	0.62	0.08	1.46	0
3000	103	50	300	4	25	54	5	1	0	23	23	1	0.29	0.03	0.17	0
3000	105	50	300	4	25	49	5	1	0	21	21	1	0.34	0.03	0.23	0
3000	106	50	300	4	25	62	5	1	0	25	25	1	0.56	0.03	0.18	0
3000	109	50	300	4	25	56	5	1	0	19	19	1	1.11	0.08	0.34	0
3000	116	50	300	4	25	52	5	1	0	21	21	1	0.19	0.03	0.11	0
3000	118	50	300	4	25	68	5	1	0	33	33	1	0.73	0.05	0.32	0
3000	121	50	300	4	25	54	5	1	0	24	24	1	0.36	0.02	0.14	0
3000	126	50	300	4	25	58	5	1	0	24	24	1	0.23	0.01	0.39	0
3000	127	50	300	4	25	48	5	1	0	19	19	1	0.14	0.01	0.09	0
3000	128	50	300	4	25	67	5	1	0	36	36	1	0.42	0.03	0.13	0
3000	129	50	300	4	25	64	5	1	0	35	35	1	0.41	0.01	0.12	0
3000	132	50	300	4	25	61	5	1	0	24	24	1	1.53	0.15	0.96	0
3000	135	50	300	4	25	39	5	1	0	14	14	1	0.26	0.02	0.52	0
3000	136	50	300	4	25	65	5	1	0	29	29	1	0.66	0.02	0.21	0
3000	142	50	300	4	25	50	5	1	0	18	18	1	1.4	0.07	0.87	0
3000	150	50	300	4	25	57	5	1	0	26	26	1	0.31	0.03	0.14	0
3000	156	50	300	4	25	42	5	1	0	15	15	1	0.38	0.05	0.32	0
3000	161	50	300	4	25	58	5	1	0	25	25	1	0.43	0.02	0.19	0
3000	165	50	300	4	25	50	5	1	0	16	16	1	0.23	0.02	0.17	0
3000	172	50	300	4	25	47	5	1	0	17	17	1	0.59	0.05	0.39	0
3000	175	50	300	4	25	68	5	1	0	34	34	1	0.2	0.03	0.21	0
3000	178	50	300	4	25	51	5	1	0	22	22	1	0.3	0.04	0.2	0
3000	180	50	300	4	25	51	5	1	0	21	21	1	0.83	0.03	0.22	0
3000	185	50	300	4	25	65	5	1	0	37	37	1	0.25	0.02	0.2	0
3000	186	50	300	4	25	56	5	1	0	22	22	1	0.19	0.01	0.14	0
3000	189	50	300	4	25	51	5	1	0	20	20	1	0.17	0.02	0.11	0
3000	192	50	300	4	25	57	5	1	0	29	29	1	1.63	0.07	0.37	0
3000	195	50	300	4	25	42	5	1	0	14	14	1	0.47	0.06	0.29	0
3000	196	50	300	4	25	50	5	1	0	17	17	1	0.28	0.03	0.17	0
3000	199	50	300	4	25	65	5	1	0	25	25	1	1.24	0.07	0.37	0
3000	204	50	300	4	25	62	5	1	0	26	26	1	1.12	0.05	0.4	0
3000	207	50	300	4	25	57	5	1	0	26	26	1	0.4	0.03	0.18	0
3000	208	50	300	4	25	62	5	1	0	35	35	1	0.42	0.05	0.25	0
3000	209	50	300	4	25	72	5	1	0	39	39	1	1.1	0.03	0.24	0
3000	210	50	300	4	25	55	5	1	0	21	21	1	0.43	0.05	0.23	0
3000	212	50	300	4	25	60	5	1	0	33	33	1	0.44	0.03	0.2	0
3000	216	50	300	4	25	69	5	1	0	29	29	1	1.06	0.05	0.25	0
3000	219	50	300	4	25	78	5	1	0	41	41	1	1.1	0.1	0.59	0
3000	221	50	300	4	25	59	5	1	0	24	24	1	0.57	0.04	0.29	0
3000	229	50	300	4	25	50	5	1	0	22	22	1	0.54	0.05	0.3	0
3000	238	50	300	4	25	69	5	1	0	29	29	1	1.76	0.13	1.33	0
3000	239	50	300	4	25	68	5	1	0	34	34	1	0.35	0.05	0.34	0
3000	242	50	300	4	25	66	5	1	0	26	26	1	1.17	0.09	0.43	0
3000	246	50	300	4	25	65	5	1	0	30	30	1	0.3	0.01	0.13	0
3000	247	50	300	4	25	53	5	1	0	18	18	1	0.31	0.04	0.18	0
3000	251	50	300	4	25	58	5	1	0	24	24	1	0.31	0.01	0.11	0
3000	254	50	300	4	25	43	5	1	0	18	18	1	0.16	0.01	0.1	0
3000	256	50	300	4	25	66	5	1	0	21	21	1	2.56	0.14	1.72	0
3000	259	50	300	4	25	63	5	1	0	28	28	1	0.37	0.02	0.13	0
3000	267	50	300	4	25	57	5	1	0	21	21	1	0.13	0.03	0.15	0
3000	273	50	300	4	25	79	5	1	0	31	31	1	0.68	0.05	0.35	0
3000	298	50	300	4	25	49	5	1	0	16	16	1	0.29	0.06	0.26	0
3000	305	50	300	4	25	49	5	1	0	17	17	1	0.2	0.02	0.13	0
3000	306	50	300	4	25	70	5	1	0	31	31	1	0.26	0.02	0.14	0
3000	309	50	300	4	25	48	5	1	0	27	27	1	0.16	0.01	0.14	0
3000	316	50	300	4	25	56	5	1	0	26	26	1	0.54	0.04	0.15	0
3000	322	50	300	4	25	61	5	1	0	26	26	1	0.53	0.05	0.23	0
3000	327	50	300	4	25	54	5	1	0	20	20	1	0.15	0.04	0.16	0
3000	331	50	300	4	25	58	5	1	0	29	29	1	2.25	0.07	0.54	0
3000	335	50	300	4	25	57	5	1	0	29	29	1	1.05	0.07	0.4	0
3000	342	50	300	4	25	58	5	1	0	24	24	1	0.69	0.05	0.21	0
3000	344	50	300	4	25	63	5	1	0	28	28	1	0.43	0.06	0.29	0
3000	346	50	300	4	25	62	5	1	0	26	26	1	0.54	0.06	0.27	0
3000	348	50	300	4	25	61	5	1	0	22	22	1	0.21	0.03	0.12	0
3000	349	50	300	4	25	68	5	1	0	39	39	1	0.8	0.03	0.23	0
3000	351	50	300	4	25	51	5	1	0	20	20	1	0.55	0.05	0.24	0
3000	357	50	300	4	25	75	5	1	0	37	37	1	0.28	0.01	0.12	0
3000	369	50	300	4	25	76	5	1	0	29	29	1	1.66	0.09	0.47	0
3000	373	50	300	4	25	53	5	1	0	28	28	1	0.25	0.01	0.18	0
3000	374	50	300	4	25	62	5	1	0	26	26	1	1.29	0.11	0.91	0
3000	375	50	300	4	25	72	5	1	0	38	38	1	0.51	0.04	0.22	0
3000	376	50	300	4	25	63	5	1	0	23	23	1	2.57	0.11	1.62	0
3000	377	50	300	4	25	70	5	1	0	39	39	1	1.37	0.03	0.25	0
3000	383	50	300	4	25	55	5	1	0	24	24	1	1.05	0.11	1.23	0
3000	387	50	300	4	25	54	5	1	0	20	20	1	1.18	0.08	0.9	0
3000	393	50	300	4	25	60	5	1	0	26	26	1	0.22	0.02	0.13	0
3000	394	50	300	4	25	50	5	1	0	23	23	1	0.11	0.02	0.12	0
3000	396	50	300	4	25	58	5	1	0	27	27	1	0.48	0.03	0.14	0
3000	408	50	300	4	25	56	5	1	0	27	27	1	0.57	0.04	0.21	0
3000	409	50	300	4	25	55	5	1	0	26	26	1	0.11	0.02	0.1	0
3000	411	50	300	4	25	78	5	1	0	28	28	1	1.37	0.09	0.41	0
3000	413	50	300	4	25	73	5	1	0	34	34	1	0.7	0.05	0.25	0
3000	415	50	300	4	25	55	5	1	0	23	23	1	0.63	0.03	0.26	0
3000	419	50	300	4	25	51	5	1	0	19	19	1	1.34	0.14	0.75	0
3000	420	50	300	4	25	57	5	1	0	26	26	1	0.63	0.03	0.23	0
3000	421	50	300	4	25	56	5	1	0	23	23	1	0.69	0.05	0.28	0
3000	427	50	300	4	25	54	5	1	0	22	22	1	0.43	0.06	0.25	0
3000	431	50	300	4	25	63	5	1	0	26	26	1	0.39	0.03	0.2	0
3000	432	50	300	4	25	66	5	1	0	34	34	1	1.28	0.04	0.31	0
3000	434	50	300	4	25	72	5	1	0	31	31	1	0.53	0.07	0.34	0
3000	435	50	300	4	25	48	5	1	0	16	16	1	0.37	0.04	0.19	0
3000	437	50	300	4	25	63	5	1	0	19	19	1	1	0.09	0.7	0
3000	441	50	300	4	25	60	5	1	0	26	26	1	1.06	0.08	0.61	0
3000	444	50	300	4	25	61	5	1	0	27	27	1	1.34	0.08	0.52	0
3000	445	50	300	4	25	60	5	1	0	25	25	1	0.27	0.02	0.16	0
3000	447	50	300	4	25	63	5	1	0	30	30	1	0.73	0.05	0.33	0
3000	448	50	300	4	25	69	5	1	0	24	24	1	1.65	0.1	1.39	0
3000	451	50	300	4	25	50	5	1	0	20	20	1	0.2	0.02	0.12	0
3000	462	50	300	4	25	49	5	1	0	17	17	1	0.27	0.02	0.17	0
3000	463	50	300	4	25	51	5	1	0	24	24	1	0.22	0.02	0.32	0
3000	464	50	300	4	25	64	5	1	0	34	34	1	0.28	0.01	0.09	0
3000	468	50	300	4	25	76	5	1	0	35	35	1	0.21	0.01	0.09	0
3000	478	50	300	4	25	48	5	1	0	23	23	1	0.26	0.01	0.1	0
3000	491	50	300	4	25	76	5	1	0	27	27	1	1.09	0.1	0.39	0
3000	500	50	300	4	25	51	5	1	0	25	25	1	0.1	0.01	0.13	0
3000	505	50	300	4	25	56	5	1	0	30	30	1	0.35	0.02	0.17	0
3000	506	50	300	4	25	46	5	1	0	17	17	1	0.95	0.08	0.45	0
3000	508	50	300	4	25	66	5	1	0	35	35	1	0.28	0	0.1	0
3000	509	50	300	4	25	58	5	1	0	24	24	1	0.29	0.03	0.15	0
3000	512	50	300	4	25	64	5	1	0	27	27	1	0.5	0.04	0.2	0
3000	514	50	300	4	25	69	5	1	0	34	34	1	0.32	0.01	0.13	0
3000	516	50	300	4	25	49	5	1	0	21	21	1	1.25	0.07	0.41	0
3000	530	50	300	4	25	54	5	1	0	24	24	1	0.82	0.06	0.51	0
3000	534	50	300	4	25	58	5	1	0	22	22	1	0.92	0.09	0.63	0
3000	535	50	300	4	25	56	5	1	0	21	21	1	0.22	0.02	0.15	0
3000	538	50	300	4	25	48	5	1	0	16	16	1	0.34	0.02	0.2	0
3000	540	50	300	4	25	49	5	1	0	20	20	1	0.25	0.02	0.1	0
3000	556	50	300	4	25	48	5	1	0	19	19	1	0.58	0.04	0.23	0
3000	557	50	300	4	25	56	5	1	0	21	21	1	0.88	0.06	0.36	0
3000	561	50	300	4	25	56	5	1	0	21	21	1	0.94	0.06	0.33	0
3000	564	50	300	4	25	62	5	1	0	23	23	1	1.82	0.13	0.74	0
3000	565	50	300	4	25	61	5	1	0	30	30	1	0.35	0.02	0.17	0
3000	571	50	300	4	25	56	5	1	0	18	18	1	1.1	0.08	0.92	0
3000	572	50	300	4	25	63	5	1	0	27	27	1	0.8	0.03	0.3	0
3000	575	50	300	4	25	59	5	1	0	22	22	1	1.66	0.13	0.67	0
3000	578	50	300	4	25	65	5	1	0	26	26	1	0.74	0.09	0.5	0
3000	586	50	300	4	25	54	5	1	0	19	19	1	0.78	0.09	0.76	0
3000	589	50	300	4	25	57	5	1	0	25	25	1	0.35	0.01	0.11	0
3000	590	50	300	4	25	48	5	1	0	17	17	1	0.37	0.04	0.25	0
3000	591	50	300	4	25	42	5	1	0	13	13	1	1.06	0.08	0.44	0
3000	593	50	300	4	25	69	5	1	0	31	31	1	2.79	0.15	0.76	0
3000	594	50	300	4	25	62	5	1	0	28	28	1	0.31	0.02	0.17	0
3000	597	50	300	4	25	57	5	1	0	24	24	1	0.34	0.02	0.16	0
3000	598	50	300	4	25	61	5	1	0	24	24	1	1.05	0.09	0.93	0
3000	599	50	300	4	25	50	5	1	0	24	24	1	0.15	0.01	0.11	0
3000	601	50	300	4	25	56	5	1	0	17	17	1	1.03	0.07	0.76	0
3000	606	50	300	4	25	61	5	1	0	27	27	1	0.13	0.01	0.11	0
3000	608	50	300	4	25	56	5	1	0	22	22	1	0.37	0.03	0.14	0
3000	614	50	300	4	25	65	5	1	0	28	28	1	0.46	0.03	0.17	0
3000	623	50	300	4	25	49	5	1	0	23	23	1	0.54	0.03	0.21	0
3000	628	50	300	4	25	53	5	1	0	18	18	1	0.95	0.09	0.5	0
3000	631	50	300	4	25	45	5	1	0	18	18	1	0.31	0.02	0.19	0
3000	632	50	300	4	25	62	5	1	0	18	18	1	1.93	0.14	0.7	0
3000	633	50	300	4	25	55	5	1	0	19	19	1	0.46	0.07	0.31	0
3000	634	50	300	4	25	63	5	1	0	31	31	1	0.41	0.01	0.11	0
3000	638	50	300	4	25	56	5	1	0	21	21	1	0.31	0.03	0.19	0
3000	641	50	300	4	25	76	5	1	0	26	26	1	1.27	0.06	0.31	0
3000	644	50	300	4	25	72	5	1	0	35	35	1	0.8	0.05	0.34	0
3000	645	50	300	4	25	58	5	1	0	26	26	1	0.57	0.04	0.25	0
3000	648	50	300	4	25	61	5	1	0	28	28	1	0.26	0.03	0.19	0
3000	654	50	300	4	25	55	5	1	0	25	25	1	0.23	0.01	0.11	0
3000	661	50	300	4	25	68	5	1	0	25	25	1	2.61	0.13	0.7	0
3000	663	50	300	4	25	86	5	1	0	39	39	1	1.39	0.03	0.26	0
3000	665	50	300	4	25	62	5	1	0	21	21	1	1.13	0.06	0.3	0
3000	673	50	300	4	25	49	5	1	0	18	18	1	0.25	0.02	0.11	0
3000	675	50	300	4	25	42	5	1	0	14	14	1	0.46	0.03	0.31	0
3000	676	50	300	4	25	60	5	1	0	20	20	1	1.61	0.11	0.51	0
3000	677	50	300	4	25	60	5	1	0	24	24	1	0.37	0.03	0.16	0
3000	682	50	300	4	25	54	5	1	0	21	21	1	0.52	0.04	0.33	0
3000	686	50	300	4	25	63	5	1	0	35	35	1	0.21	0.02	0.13	0
3000	688	50	300	4	25	61	5	1	0	22	22	1	1.16	0.07	0.41	0
3000	692	50	300	4	25	55	5	1	0	29	29	1	0.23	0.02	0.12	0
3000	696	50	300	4	25	49	5	1	0	18	18	1	0.44	0.04	0.27	0
3000	699	50	300	4	25	61	5	1	0	33	33	1	0.38	0.01	0.16	0
3000	700	50	300	4	25	52	5	1	0	19	19	1	0.22	0.01	0.12	0
3000	702	50	300	4	25	51	5	1	0	24	24	1	0.14	0.01	0.09	0
3000	703	50	300	4	25	63	5	1	0	30	30	1	1.16	0.13	0.74	0
3000	711	50	300	4	25	56	5	1	0	29	29	1	0.34	0.02	0.09	0
3000	713	50	300	4	25	42	5	1	0	13	13	1	0.33	0.03	0.17	0
3000	714	50	300	4	25	63	5	1	0	30	30	1	0.4	0.04	0.24	0
3000	718	50	300	4	25	55	5	1	0	22	22	1	0.23	0.02	0.12	0
3000	719	50	300	4	25	42	5	1	0	16	16	1	0.25	0.02	0.23	0
3000	729	50	300	4	25	50	5	1	0	17	17	1	0.47	0.07	0.43	0
3000	739	50	300	4	25	67	5	1	0	33	33	1	0.89	0.03	0.25	0
3000	741	50	300	4	25	50	5	1	0	22	22	1	0.13	0.01	0.11	0
3000	746	50	300	4	25	58	5	1	0	26	26	1	0.32	0.01	0.17	0
3000	747	50	300	4	25	53	5	1	0	20	20	1	0.15	0.02	0.12	0
3000	750	50	300	4	25	62	5	1	0	27	27	1	0.39	0.02	0.13	0
3000	753	50	300	4	25	54	5	1	0	22	22	1	1.52	0.09	0.66	0
3000	756	50	300	4	25	54	5	1	0	26	26	1	0.24	0.01	0.08	0
3000	768	50	300	4	25	52	5	1	0	24	24	1	0.4	0.02	0.17	0
3000	769	50	300	4	25	67	5	1	0	38	38	1	0.24	0.01	0.09	0
3000	771	50	300	4	25	52	5	1	0	20	20	1	0.18	0.02	0.12	0
3000	775	50	300	4	25	48	5	1	0	14	14	1	1.04	0.11	1.57	0
3000	781	50	300	4	25	52	5	1	0	20	20	1	0.51	0.03	0.22	0
3000	782	50	300	4	25	47	5	1	0	15	15	1	0.64	0.06	0.39	0
3000	786	50	300	4	25	64	5	1	0	31	31	1	0.65	0.02	0.37	0
3000	787	50	300	4	25	53	5	1	0	19	19	1	0.43	0.02	0.17	0
3000	799	50	300	4	25	52	5	1	0	21	21	1	0.49	0.01	0.1	0
3000	800	50	300	4	25	49	5	1	0	23	23	1	0.39	0.02	0.13	0
3000	802	50	300	4	25	51	5	1	0	17	17	1	1.05	0.08	0.4	0
3000	810	50	300	4	25	65	5	1	0	27	27	1	0.73	0.05	0.24	0
3000	814	50	300	4	25	67	5	1	0	31	31	1	1.04	0.07	0.43	0
3000	828	50	300	4	25	63	5	1	0	23	23	1	0.52	0.05	0.17	0
3000	830	50	300	4	25	47	5	1	0	19	19	1	0.42	0.02	0.16	0
3000	831	50	300	4	25	61	5	1	0	35	35	1	0.98	0.06	0.46	0
3000	833	50	300	4	25	47	5	1	0	21	21	1	0.4	0.02	0.2	0
3000	834	50	300	4	25	57	5	1	0	20	20	1	0.83	0.07	0.4	0
3000	838	50	300	4	25	45	5	1	0	14	14	1	0.36	0.02	0.18	0
3000	842	50	300	4	25	66	5	1	0	30	30	1	0.26	0.01	0.1	0
3000	844	50	300	4	25	61	5	1	0	24	24	1	1.27	0.09	0.47	0
3000	845	50	300	4	25	45	5	1	0	15	15	1	0.3	0.03	0.17	0
3000	848	50	300	4	25	50	5	1	0	18	18	1	0.76	0.06	0.54	0
3000	850	50	300	4	25	77	5	1	0	30	30	1	0.49	0.04	0.19	0
3000	851	50	300	4	25	65	5	1	0	24	24	1	0.9	0.12	0.62	0
3000	854	50	300	4	25	69	5	1	0	30	30	1	0.96	0.12	0.91	0
3000	862	50	300	4	25	64	5	1	0	22	22	1	1.59	0.11	0.63	0
3000	867	50	300	4	25	66	5	1	0	21	21	1	2.63	0.14	0.56	0
3000	868	50	300	4	25	71	5	1	0	34	34	1	1.08	0.06	0.47	0
3000	872	50	300	4	25	62	5	1	0	25	25	1	0.89	0.08	0.85	0
3000	876	50	300	4	25	73	5	1	0	28	28	1	2.19	0.11	1.28	0
3000	890	50	300	4	25	67	5	1	0	30	30	1	0.57	0.02	0.16	0
3000	893	50	300	4	25	47	5	1	0	16	16	1	0.26	0.02	0.13	0
3000	909	50	300	4	25	52	5	1	0	22	22	1	0.33	0.03	0.11	0
3000	910	50	300	4	25	56	5	1	0	19	19	1	0.75	0.06	0.36	0
3000	914	50	300	4	25	45	5	1	0	13	13	1	0.89	0.07	1.4	0
3000	932	50	300	4	25	71	5	1	0	30	30	1	1.73	0.13	0.49	0
3000	934	50	300	4	25	51	5	1	0	18	18	1	0.19	0.05	0.58	0
3000	939	50	300	4	25	67	5	1	0	35	35	1	0.34	0.01	0.12	0
3000	942	50	300	4	25	47	5	1	0	16	16	1	0.87	0.04	0.31	0
3000	944	50	300	4	25	60	5	1	0	23	23	1	0.58	0.05	0.22	0
3000	949	50	300	4	25	52	5	1	0	21	21	1	0.52	0.04	0.34	0
3000	950	50	300	4	25	62	5	1	0	27	27	1	0.18	0.02	0.16	0
3000	955	50	300	4	25	64	5	1	0	29	29	1	0.69	0.04	0.29	0
3000	960	50	300	4	25	50	5	1	0	23	23	1	0.37	0.03	0.19	0
3000	961	50	300	4	25	51	5	1	0	21	21	1	0.18	0.01	0.11	0
3000	962	50	300	4	25	76	5	1	0	30	30	1	0.55	0.03	0.28	0
3000	965	50	300	4	25	60	5	1	0	25	25	1	1.46	0.11	0.62	0
3000	966	50	300	4	25	64	5	1	0	25	25	1	0.55	0.06	0.53	0
3000	969	50	300	4	25	64	5	1	0	28	28	1	0.42	0.02	0.12	0
3000	973	50	300	4	25	40	5	1	0	16	16	1	0.26	0.02	0.11	0
3000	976	50	300	4	25	51	5	1	0	18	18	1	0.32	0.01	0.11	0
3000	986	50	300	4	25	54	5	1	0	21	21	1	0.51	0.04	0.26	0
3000	993	50	300	4	25	48	5	1	0	16	16	1	0.41	0.03	0.18	0
3000	996	50	300	4	25	74	5	1	0	31	31	1	1.08	0.09	0.53	0
3000	997	50	300	4	25	72	5	1	0	35	35	1	0.74	0.04	0.26	0
3000	999	50	300	4	25	53	5	1	0	20	20	1	0.72	0.04	0.29	0
3000	4	60	300	4	25	84	5	1	0	34	34	1	1.86	0.12	0.56	0
3000	10	60	300	4	25	60	5	1	0	28	28	1	0.41	0.04	0.17	0
3000	12	60	300	4	25	91	5	1	0	43	43	1	2.55	0.14	0.77	0
3000	26	60	300	4	25	64	5	1	0	21	21	1	2.09	0.15	1.31	0
3000	27	60	300	4	25	105	5	1	0	67	67	1	2.53	0.07	0.55	0
3000	31	60	300	4	25	85	5	1	0	39	39	1	2.37	0.15	0.66	0
3000	33	60	300	4	25	67	5	1	0	24	24	1	2.02	0.16	0.86	0
3000	34	60	300	4	25	75	5	1	0	31	31	1	1.75	0.17	0.71	0
3000	35	60	300	4	25	81	5	1	0	40	40	1	0.69	0.06	0.34	0
3000	36	60	300	4	25	77	5	1	0	35	35	1	2.65	0.11	0.64	0
3000	38	60	300	4	25	99	5	1	0	47	47	1	1.51	0.04	0.28	0
3000	40	60	300	4	25	58	5	1	0	18	18	1	0.75	0.05	0.4	0
3000	41	60	300	4	25	60	5	1	0	24	24	1	0.39	0.03	0.14	0
3000	53	60	300	4	25	75	5	1	0	35	35	1	1.59	0.08	0.67	0
3000	56	60	300	4	25	96	5	1	0	40	40	1	2.84	0.18	1.34	0
3000	65	60	300	4	25	79	5	1	0	33	33	1	1.74	0.09	0.41	0
3000	75	60	300	4	25	73	5	1	0	26	26	1	1.77	0.16	1.98	0
3000	79	60	300	4	25	81	5	1	0	36	36	1	1.74	0.13	0.97	0
3000	87	60	300	4	25	54	5	1	0	24	24	1	0.48	0.04	0.24	0
3000	89	60	300	4	25	63	5	1	0	26	26	1	0.35	0.03	0.17	0
3000	90	60	300	4	25	83	5	1	0	39	39	1	2.62	0.12	1.07	0
3000	93	60	300	4	25	81	5	1	0	39	39	1	0.59	0.03	0.16	0
3000	100	60	300	4	25	82	5	1	0	40	40	1	1.02	0.07	0.28	0
3000	101	60	300	4	25	64	5	1	0	29	29	1	0.68	0.04	0.23	0
3000	104	60	300	4	25	84	5	1	0	42	42	1	2.1	0.08	0.42	0
3000	108	60	300	4	25	67	5	1	0	30	30	1	0.39	0.04	0.16	0
3000	111	60	300	4	25	64	5	1	0	21	21	1	1.28	0.1	0.43	0
3000	118	60	300	4	25	96	5	1	0	47	47	1	3.25	0.16	0.68	0
3000	121	60	300	4	25	63	5	1	0	29	29	1	0.59	0.03	0.17	0
3000	125	60	300	4	25	87	5	1	0	39	39	1	1.21	0.11	0.41	0
3000	126	60	300	4	25	90	5	1	0	44	44	1	1.52	0.1	0.5	0
3000	133	60	300	4	25	67	5	1	0	25	25	1	1.01	0.05	0.39	0
3000	135	60	300	4	25	57	5	1	0	20	20	1	0.84	0.08	0.44	0
3000	137	60	300	4	25	80	5	1	0	42	42	1	2.66	0.06	0.59	0
3000	138	60	300	4	25	109	5	1	0	47	47	1	4.29	0.17	1.52	0
3000	139	60	300	4	25	78	5	1	0	33	33	1	0.53	0.04	0.18	0
3000	143	60	300	4	25	75	5	1	0	28	28	1	1.07	0.1	1.01	0
3000	144	60	300	4	25	77	5	1	0	29	29	1	0.96	0.06	0.38	0
3000	146	60	300	4	25	88	5	1	0	39	39	1	0.81	0.05	0.25	0
3000	152	60	300	4	25	71	5	1	0	33	33	1	1.51	0.1	0.5	0
3000	166	60	300	4	25	72	5	1	0	35	35	1	1.24	0.05	0.43	0
3000	173	60	300	4	25	79	5	1	0	34	34	1	3.17	0.15	1.76	0
3000	175	60	300	4	25	92	5	1	0	45	45	1	1.14	0.13	1.62	0
3000	176	60	300	4	25	95	5	1	0	54	54	1	0.99	0.02	0.26	0
3000	180	60	300	4	25	64	5	1	0	21	21	1	3.86	0.16	0.8	0
3000	181	60	300	4	25	78	5	1	0	27	27	1	1.65	0.12	0.85	0
3000	187	60	300	4	25	69	5	1	0	32	32	1	1.81	0.1	0.48	0
3000	190	60	300	4	25	98	5	1	0	50	50	1	1.82	0.12	0.59	0
3000	191	60	300	4	25	73	5	1	0	27	27	1	0.77	0.07	0.3	0
3000	193	60	300	4	25	87	5	1	0	34	34	1	1.47	0.09	0.42	0
3000	197	60	300	4	25	73	5	1	0	30	30	1	2	0.16	0.74	0
3000	202	60	300	4	25	88	5	1	0	48	48	1	1.69	0.15	0.71	0
3000	205	60	300	4	25	74	5	1	0	30	30	1	1.18	0.11	0.63	0
3000	206	60	300	4	25	85	5	1	0	40	40	1	1.1	0.08	0.49	0
3000	207	60	300	4	25	73	5	1	0	31	31	1	0.77	0.09	0.33	0
3000	209	60	300	4	25	90	5	1	0	41	41	1	2.24	0.1	0.39	0
3000	218	60	300	4	25	107	5	1	0	52	52	1	3.39	0.13	0.65	0
3000	226	60	300	4	25	74	5	1	0	30	30	1	1.21	0.09	0.43	0
3000	231	60	300	4	25	78	5	1	0	39	39	1	1.53	0.05	0.41	0
3000	237	60	300	4	25	82	5	1	0	35	35	1	1.37	0.06	0.33	0
3000	244	60	300	4	25	71	5	1	0	27	27	1	0.79	0.1	0.41	0
3000	249	60	300	4	25	113	5	1	0	58	58	1	3.03	0.14	0.54	0
3000	258	60	300	4	25	70	5	1	0	40	40	1	0.63	0.03	0.21	0
3000	265	60	300	4	25	87	5	1	0	35	35	1	2.11	0.11	1.18	0
3000	267	60	300	4	25	76	5	1	0	32	32	1	0.48	0.05	0.22	0
3000	269	60	300	4	25	80	5	1	0	28	28	1	1.3	0.13	0.81	0
3000	271	60	300	4	25	91	5	1	0	39	39	1	1.49	0.1	0.36	0
3000	274	60	300	4	25	82	5	1	0	38	38	1	1.22	0.05	0.33	0
3000	275	60	300	4	25	77	5	1	0	36	36	1	0.67	0.03	0.16	0
3000	277	60	300	4	25	75	5	1	0	37	37	1	1.24	0.04	0.29	0
3000	278	60	300	4	25	82	5	1	0	43	43	1	0.32	0.03	0.21	0
3000	287	60	300	4	25	111	5	1	0	69	69	1	2.58	0.13	0.69	0
3000	290	60	300	4	25	97	5	1	0	53	53	1	1.3	0.05	0.38	0
3000	291	60	300	4	25	74	5	1	0	36	36	1	0.34	0.04	0.19	0
3000	298	60	300	4	25	65	5	1	0	20	20	1	1.21	0.17	0.68	0
3000	300	60	300	4	25	84	5	1	0	40	40	1	0.97	0.07	0.36	0
3000	305	60	300	4	25	71	5	1	0	27	27	1	0.6	0.07	0.31	0
3000	306	60	300	4	25	87	5	1	0	40	40	1	1.61	0.1	0.53	0
3000	311	60	300	4	25	78	5	1	0	35	35	1	1.63	0.16	1.79	0
3000	320	60	300	4	25	83	5	1	0	36	36	1	1.39	0.13	0.61	0
3000	329	60	300	4	25	93	5	1	0	41	41	1	3.48	0.17	0.69	0
3000	339	60	300	4	25	81	5	1	0	32	32	1	2.5	0.14	0.64	0
3000	343	60	300	4	25	86	5	1	0	48	48	1	3.05	0.12	0.51	0
3000	356	60	300	4	25	71	5	1	0	29	29	1	0.78	0.1	0.58	0
3000	357	60	300	4	25	107	5	1	0	42	42	1	2.69	0.16	1.23	0
3000	365	60	300	4	25	66	5	1	0	19	19	1	1.83	0.13	1.6	0
3000	380	60	300	4	25	74	5	1	0	34	34	1	1.63	0.1	0.59	0
3000	385	60	300	4	25	81	5	1	0	34	34	1	2.28	0.16	0.78	0
3000	395	60	300	4	25	80	5	1	0	34	34	1	0.91	0.06	0.25	0
3000	402	60	300	4	25	81	5	1	0	42	42	1	0.95	0.03	0.25	0
3000	405	60	300	4	25	84	5	1	0	39	39	1	0.92	0.06	0.33	0
3000	406	60	300	4	25	87	5	1	0	41	41	1	0.31	0.02	0.13	0
3000	408	60	300	4	25	76	5	1	0	42	42	1	2.26	0.11	0.59	0
3000	418	60	300	4	25	64	5	1	0	23	23	1	1.44	0.17	1.24	0
3000	430	60	300	4	25	68	5	1	0	25	25	1	1.22	0.08	0.53	0
3000	433	60	300	4	25	112	5	1	0	63	63	1	2.86	0.08	0.54	0
3000	434	60	300	4	25	96	5	1	0	37	37	1	1.83	0.16	1.54	0
3000	440	60	300	4	25	64	5	1	0	27	27	1	1.64	0.14	0.62	0
3000	445	60	300	4	25	89	5	1	0	36	36	1	1.67	0.1	0.4	0
3000	456	60	300	4	25	92	5	1	0	54	54	1	0.9	0.04	0.32	0
3000	459	60	300	4	25	85	5	1	0	37	37	1	1.68	0.13	0.56	0
3000	464	60	300	4	25	86	5	1	0	41	41	1	2.47	0.12	0.69	0
3000	468	60	300	4	25	93	5	1	0	42	42	1	2.3	0.14	1.48	0
3000	470	60	300	4	25	79	5	1	0	37	37	1	2.58	0.07	0.49	0
3000	472	60	300	4	25	81	5	1	0	31	31	1	1.38	0.1	0.56	0
3000	473	60	300	4	25	81	5	1	0	32	32	1	2.14	0.19	0.74	0
3000	474	60	300	4	25	53	5	1	0	24	24	1	0.26	0.01	0.12	0
3000	480	60	300	4	25	77	5	1	0	30	30	1	1.1	0.13	0.62	0
3000	484	60	300	4	25	70	5	1	0	35	35	1	1.03	0.05	0.29	0
3000	486	60	300	4	25	64	5	1	0	31	31	1	0.31	0.02	0.14	0
3000	496	60	300	4	25	90	5	1	0	42	42	1	2.69	0.19	0.68	0
3000	503	60	300	4	25	89	5	1	0	40	40	1	1.71	0.11	0.47	0
3000	508	60	300	4	25	93	5	1	0	47	47	1	1.55	0.08	0.93	0
3000	510	60	300	4	25	85	5	1	0	39	39	1	1.97	0.09	0.49	0
3000	511	60	300	4	25	103	5	1	0	48	48	1	2.11	0.06	0.35	0
3000	513	60	300	4	25	77	5	1	0	33	33	1	1.05	0.08	0.44	0
3000	514	60	300	4	25	95	5	1	0	37	37	1	2.58	0.16	0.63	0
3000	522	60	300	4	25	78	5	1	0	30	30	1	2.05	0.12	0.75	0
3000	532	60	300	4	25	85	5	1	0	46	46	1	0.39	0.05	0.26	0
3000	539	60	300	4	25	82	5	1	0	37	37	1	1.4	0.08	0.66	0
3000	541	60	300	4	25	93	5	1	0	35	35	1	1.25	0.06	0.25	0
3000	543	60	300	4	25	80	5	1	0	43	43	1	0.66	0.02	0.15	0
3000	545	60	300	4	25	72	5	1	0	34	34	1	1.06	0.09	0.4	0
3000	549	60	300	4	25	79	5	1	0	25	25	1	1.74	0.14	0.48	0
3000	551	60	300	4	25	81	5	1	0	40	40	1	1.94	0.08	0.45	0
3000	555	60	300	4	25	79	5	1	0	29	29	1	3.03	0.13	0.67	0
3000	573	60	300	4	25	70	5	1	0	27	27	1	0.66	0.06	0.4	0
3000	574	60	300	4	25	91	5	1	0	51	51	1	1.23	0.03	0.25	0
3000	585	60	300	4	25	106	5	1	0	50	50	1	2.02	0.12	0.46	0
3000	592	60	300	4	25	56	5	1	0	18	18	1	1.25	0.11	1.01	0
3000	599	60	300	4	25	81	5	1	0	42	42	1	2.53	0.13	0.67	0
3000	610	60	300	4	25	86	5	1	0	42	42	1	2.76	0.1	0.56	0
3000	623	60	300	4	25	71	5	1	0	29	29	1	2.77	0.12	0.96	0
3000	629	60	300	4	25	66	5	1	0	24	24	1	0.72	0.06	0.47	0
3000	631	60	300	4	25	75	5	1	0	28	28	1	1.92	0.13	0.81	0
3000	635	60	300	4	25	87	5	1	0	51	51	1	0.26	0.03	0.11	0
3000	638	60	300	4	25	74	5	1	0	31	31	1	0.63	0.06	0.31	0
3000	647	60	300	4	25	62	5	1	0	20	20	1	1.96	0.16	1.72	0
3000	651	60	300	4	25	77	5	1	0	33	33	1	3.8	0.19	1.73	0
3000	654	60	300	4	25	86	5	1	0	36	36	1	1.32	0.11	0.4	0
3000	660	60	300	4	25	73	5	1	0	26	26	1	2.09	0.14	1.26	0
3000	662	60	300	4	25	85	5	1	0	46	46	1	2.16	0.08	0.5	0
3000	665	60	300	4	25	78	5	1	0	28	28	1	3.29	0.14	1.76	0
3000	666	60	300	4	25	67	5	1	0	25	25	1	1.63	0.15	0.66	0
3000	667	60	300	4	25	78	5	1	0	33	33	1	0.56	0.06	0.26	0
3000	668	60	300	4	25	77	5	1	0	30	30	1	2.76	0.19	1.89	0
3000	669	60	300	4	25	78	5	1	0	27	27	1	2.37	0.18	0.76	0
3000	674	60	300	4	25	64	5	1	0	23	23	1	0.85	0.11	0.43	0
3000	678	60	300	4	25	84	5	1	0	41	41	1	0.5	0.04	0.18	0
3000	681	60	300	4	25	77	5	1	0	33	33	1	1.52	0.08	0.49	0
3000	685	60	300	4	25	78	5	1	0	41	41	1	0.47	0.02	0.14	0
3000	687	60	300	4	25	69	5	1	0	25	25	1	1.01	0.09	0.71	0
3000	689	60	300	4	25	88	5	1	0	38	38	1	1.9	0.09	0.44	0
3000	692	60	300	4	25	80	5	1	0	40	40	1	1.11	0.06	0.39	0
3000	695	60	300	4	25	70	5	1	0	28	28	1	0.89	0.07	0.7	0
3000	697	60	300	4	25	76	5	1	0	35	35	1	0.32	0.02	0.09	0
3000	698	60	300	4	25	67	5	1	0	23	23	1	1.79	0.11	0.53	0
3000	701	60	300	4	25	66	5	1	0	32	32	1	0.25	0.01	0.11	0
3000	702	60	300	4	25	74	5	1	0	33	33	1	1.11	0.08	0.45	0
3000	705	60	300	4	25	80	5	1	0	37	37	1	2.45	0.14	0.76	0
3000	707	60	300	4	25	90	5	1	0	38	38	1	1.87	0.09	0.43	0
3000	715	60	300	4	25	83	5	1	0	39	39	1	1.64	0.15	0.61	0
3000	723	60	300	4	25	86	5	1	0	44	44	1	0.84	0.03	0.25	0
3000	730	60	300	4	25	88	5	1	0	37	37	1	0.82	0.09	0.39	0
3000	731	60	300	4	25	63	5	1	0	23	23	1	1.27	0.1	0.51	0
3000	742	60	300	4	25	75	5	1	0	36	36	1	0.91	0.06	0.39	0
3000	743	60	300	4	25	85	5	1	0	44	44	1	3.81	0.15	0.82	0
3000	745	60	300	4	25	63	5	1	0	21	21	1	0.67	0.1	0.48	0
3000	748	60	300	4	25	63	5	1	0	28	28	1	0.21	0.04	0.24	0
3000	752	60	300	4	25	78	5	1	0	38	38	1	2.38	0.1	0.62	0
3000	754	60	300	4	25	87	5	1	0	35	35	1	2.33	0.12	0.59	0
3000	758	60	300	4	25	82	5	1	0	36	36	1	2.18	0.17	0.94	0
3000	760	60	300	4	25	68	5	1	0	27	27	1	1.94	0.1	0.67	0
3000	772	60	300	4	25	75	5	1	0	30	30	1	0.44	0.05	0.22	0
3000	774	60	300	4	25	70	5	1	0	35	35	1	0.84	0.04	0.22	0
3000	776	60	300	4	25	84	5	1	0	33	33	1	1.67	0.17	0.6	0
3000	777	60	300	4	25	83	5	1	0	45	45	1	2	0.11	1.1	0
3000	780	60	300	4	25	80	5	1	0	30	30	1	1.58	0.09	0.46	0
3000	786	60	300	4	25	81	5	1	0	31	31	1	2.16	0.19	1.03	0
3000	795	60	300	4	25	65	5	1	0	22	22	1	1.49	0.12	0.37	0
3000	799	60	300	4	25	68	5	1	0	27	27	1	0.97	0.03	0.28	0
3000	800	60	300	4	25	81	5	1	0	43	43	1	2.62	0.1	0.6	0
3000	803	60	300	4	25	75	5	1	0	23	23	1	2.1	0.18	0.74	0
3000	804	60	300	4	25	78	5	1	0	33	33	1	0.93	0.08	0.56	0
3000	805	60	300	4	25	113	5	1	0	62	62	1	1.21	0.03	0.27	0
3000	808	60	300	4	25	81	5	1	0	41	41	1	0.66	0.03	0.2	0
3000	821	60	300	4	25	79	5	1	0	34	34	1	2.36	0.09	0.47	0
3000	822	60	300	4	25	68	5	1	0	23	23	1	0.86	0.1	0.7	0
3000	829	60	300	4	25	95	5	1	0	48	48	1	2.71	0.13	0.61	0
3000	835	60	300	4	25	91	5	1	0	40	40	1	2.88	0.19	0.74	0
3000	839	60	300	4	25	105	5	1	0	55	55	1	0.94	0.05	0.34	0
3000	840	60	300	4	25	59	5	1	0	25	25	1	0.48	0.03	0.24	0
3000	847	60	300	4	25	71	5	1	0	29	29	1	0.63	0.03	0.18	0
3000	855	60	300	4	25	73	5	1	0	33	33	1	1.28	0.05	0.3	0
3000	857	60	300	4	25	84	5	1	0	29	29	1	0.81	0.07	0.34	0
3000	858	60	300	4	25	81	5	1	0	35	35	1	1.84	0.1	0.6	0
3000	861	60	300	4	25	79	5	1	0	36	36	1	2.9	0.11	1.17	0
3000	864	60	300	4	25	77	5	1	0	36	36	1	0.43	0.02	0.14	0
3000	870	60	300	4	25	66	5	1	0	34	34	1	1.14	0.09	0.44	0
3000	873	60	300	4	25	69	5	1	0	24	24	1	0.69	0.04	0.24	0
3000	875	60	300	4	25	85	5	1	0	33	33	1	1.98	0.12	1.26	0
3000	879	60	300	4	25	88	5	1	0	48	48	1	0.77	0.04	0.24	0
3000	881	60	300	4	25	63	5	1	0	24	24	1	1.18	0.08	0.53	0
3000	885	60	300	4	25	68	5	1	0	35	35	1	0.52	0.04	0.21	0
3000	888	60	300	4	25	77	5	1	0	35	35	1	1.92	0.15	0.68	0
3000	893	60	300	4	25	59	5	1	0	19	19	1	0.78	0.1	0.4	0
3000	894	60	300	4	25	69	5	1	0	26	26	1	1.39	0.11	0.48	0
3000	896	60	300	4	25	78	5	1	0	33	33	1	1.15	0.1	0.53	0
3000	906	60	300	4	25	81	5	1	0	34	34	1	0.43	0.05	0.19	0
3000	908	60	300	4	25	66	5	1	0	29	29	1	0.43	0.06	0.46	0
3000	913	60	300	4	25	78	5	1	0	34	34	1	1.67	0.09	0.39	0
3000	922	60	300	4	25	77	5	1	0	33	33	1	1.19	0.08	0.33	0
3000	926	60	300	4	25	96	5	1	0	48	48	1	1.58	0.04	0.3	0
3000	927	60	300	4	25	71	5	1	0	38	38	1	0.29	0.03	0.16	0
3000	928	60	300	4	25	67	5	1	0	26	26	1	0.37	0.05	0.18	0
3000	931	60	300	4	25	81	5	1	0	41	41	1	0.7	0.08	0.42	0
3000	933	60	300	4	25	84	5	1	0	34	34	1	1.56	0.08	0.45	0
3000	938	60	300	4	25	90	5	1	0	33	33	1	0.98	0.09	0.61	0
3000	945	60	300	4	25	75	5	1	0	36	36	1	0.47	0.05	0.29	0
3000	947	60	300	4	25	64	5	1	0	23	23	1	1.69	0.11	0.44	0
3000	958	60	300	4	25	75	5	1	0	28	28	1	1.06	0.07	0.29	0
3000	968	60	300	4	25	80	5	1	0	33	33	1	0.33	0.03	0.18	0
3000	970	60	300	4	25	105	5	1	0	52	52	1	3.86	0.17	0.85	0
3000	976	60	300	4	25	75	5	1	0	26	26	1	1.57	0.11	1.1	0
3000	981	60	300	4	25	70	5	1	0	29	29	1	1.73	0.09	1.11	0
3000	982	60	300	4	25	58	5	1	0	20	20	1	0.68	0.09	0.56	0
3000	987	60	300	4	25	88	5	1	0	40	40	1	0.79	0.03	0.19	0
3000	988	60	300	4	25	92	5	1	0	45	45	1	0.7	0.03	0.24	0
3000	993	60	300	4	25	72	5	1	0	28	28	1	1.81	0.13	1.5	0
3000	52	70	300	4	25	110	5	1	0	49	49	1	1.66	0.12	0.48	0
3000	70	70	300	4	25	98	5	1	0	42	42	1	1.53	0.17	0.97	0
3000	245	70	300	4	25	110	5	1	0	49	49	1	2.43	0.13	0.66	0
3000	366	70	300	4	25	88	5	1	0	37	37	1	2.2	0.14	0.69	0
3000	371	70	300	4	25	98	5	1	0	52	52	1	0.98	0.06	0.23	0
3000	378	70	300	4	25	68	5	1	0	24	24	1	1.33	0.11	0.45	0
3000	405	70	300	4	25	112	5	1	0	56	56	1	1.91	0.11	0.64	0
3000	406	70	300	4	25	117	5	1	0	50	50	1	3.4	0.19	1.45	0
3000	481	70	300	4	25	121	5	1	0	54	54	1	3.13	0.28	1.73	0
3000	526	70	300	4	25	81	5	1	0	29	29	1	2.76	0.18	2.18	0
3000	560	70	300	4	25	93	5	1	0	35	35	1	1.38	0.12	0.66	0
3000	573	70	300	4	25	92	5	1	0	39	39	1	2.7	0.17	0.87	0
3000	608	70	300	4	25	102	5	1	0	48	48	1	3.11	0.16	0.71	0
3000	635	70	300	4	25	108	5	1	0	57	57	1	1.72	0.15	0.95	0
3000	679	70	300	4	25	114	5	1	0	50	50	1	2.29	0.13	0.92	0
3000	748	70	300	4	25	91	5	1	0	33	33	1	1.05	0.16	0.68	0
3000	813	70	300	4	25	124	5	1	0	70	70	1	2.06	0.05	0.26	0
3000	827	70	300	4	25	98	5	1	0	39	39	1	1.88	0.16	1.53	0
