3000	18	60	300	4	25	93	1608943	6.20654	7	1	0	31	0.0322581	31	0.0322581	1	35.65	1.55206	2.6	0.414973	15.61	1.1934
3000	44	60	300	4	25	89	2983315	6.4747	7	1	0	29	0.0344828	29	0.0344828	1	85.92	1.93409	8.58	0.933487	43.22	1.63568
3000	55	60	300	4	25	94	1164468	6.06613	7	1	0	36	0.0277778	36	0.0277778	1	40.66	1.60917	1.35	0.130334	32.71	1.51468
3000	64	60	300	4	25	99	3283448	6.51633	7	1	0	38	0.0263158	38	0.0263158	1	107.07	2.02967	7.67	0.884795	30.24	1.48058
3000	167	60	300	4	25	101	3633087	6.56028	7	1	0	42	0.0238095	42	0.0238095	1	163.47	2.21344	6.71	0.826723	142.98	2.15528
3000	200	60	300	4	25	95	1333292	6.12493	7	1	0	38	0.0263158	38	0.0263158	1	36.78	1.56561	1.96	0.292256	8.28	0.91803
3000	222	60	300	4	25	96	5264515	6.72136	7	1	0	43	0.0232558	43	0.0232558	1	206.08	2.31404	13.35	1.12548	26.31	1.42012
3000	224	60	300	4	25	80	1871284	6.27214	7	1	0	18	0.0555556	18	0.0555556	1	68.22	1.83391	3.83	0.583199	26.07	1.41614
3000	359	60	300	4	25	84	1238519	6.0929	7	1	0	25	0.04	25	0.04	1	33.8	1.52892	2.6	0.414973	2.83	0.451786
3000	411	60	300	4	25	115	1642021	6.21538	7	1	0	37	0.027027	37	0.027027	1	70.81	1.85009	2.71	0.432969	4.66	0.668386
3000	521	60	300	4	25	117	1063961	6.02693	7	1	0	48	0.0208333	48	0.0208333	1	48.79	1.68833	1.6	0.20412	2.34	0.369216
3000	633	60	300	4	25	80	1476938	6.16936	7	1	0	22	0.0454545	22	0.0454545	1	42.48	1.62818	1.99	0.298853	18.67	1.27114
3000	680	60	300	4	25	82	1901480	6.27909	7	1	0	23	0.0434783	23	0.0434783	1	65.67	1.81737	4.21	0.624282	25.21	1.40157
3000	792	60	300	4	25	80	1022305	6.00958	7	1	0	32	0.03125	32	0.03125	1	23.85	1.37749	1.97	0.294466	10.46	1.01953
3000	844	60	300	4	25	94	1297190	6.113	7	1	0	38	0.0263158	38	0.0263158	1	49.62	1.69566	2.19	0.340444	3.61	0.557507
3000	916	60	300	4	25	103	1763089	6.24627	7	1	0	35	0.0285714	35	0.0285714	1	35.53	1.5506	13.13	1.11826	22.87	1.35927
3000	954	60	300	4	25	90	1536322	6.18648	7	1	0	32	0.03125	32	0.03125	1	32.63	1.51362	2.99	0.475671	18.86	1.27554
3000	956	60	300	4	25	100	1980333	6.29674	7	1	0	37	0.027027	37	0.027027	1	73.57	1.8667	3.02	0.480007	12.79	1.10687
3000	995	60	300	4	25	95	3073302	6.48761	7	1	0	34	0.0294118	34	0.0294118	1	66.59	1.82341	10.25	1.01072	40.9	1.61172
3000	2	70	300	4	25	122	1218076	6.08567	7	1	0	43	0.0232558	43	0.0232558	1	46.91	1.67127	12.81	1.10755	26.43	1.4221
3000	12	70	300	4	25	115	1639811	6.21479	7	1	0	41	0.0243902	41	0.0243902	1	62.67	1.79706	2.28	0.357935	19.35	1.28668
3000	13	70	300	4	25	107	1255130	6.09869	7	1	0	39	0.025641	39	0.025641	1	36.91	1.56714	1.48	0.170262	11.3	1.05308
3000	14	70	300	4	25	117	1000972	6.00042	7	1	0	39	0.025641	39	0.025641	1	33.67	1.52724	7.98	0.902003	21.77	1.33786
3000	22	70	300	4	25	113	1364202	6.13488	7	1	0	35	0.0285714	35	0.0285714	1	50.45	1.70286	17.68	1.24748	29.98	1.47683
3000	24	70	300	4	25	118	1108280	6.04465	7	1	0	50	0.02	50	0.02	1	53.45	1.72795	1.57	0.1959	13.02	1.11461
3000	28	70	300	4	25	110	7864411	6.89567	7	1	0	39	0.025641	39	0.025641	1	321.17	2.50673	123.12	2.09033	239.27	2.37889
3000	35	70	300	4	25	108	1459075	6.16408	7	1	0	51	0.0196078	51	0.0196078	1	40.59	1.60842	7.28	0.862131	21.81	1.33866
3000	44	70	300	4	25	125	3998763	6.60193	7	1	0	45	0.0222222	45	0.0222222	1	160.54	2.20558	48.41	1.68494	93.01	1.96853
3000	45	70	300	4	25	121	3392069	6.53046	7	1	0	40	0.025	40	0.025	1	108.45	2.03523	19.74	1.29535	51.02	1.70774
3000	47	70	300	4	25	99	1043872	6.01865	7	1	0	33	0.030303	33	0.030303	1	27.6	1.44091	8.45	0.926857	19.42	1.28825
3000	49	70	300	4	25	104	1698466	6.23006	7	1	0	42	0.0238095	42	0.0238095	1	94.69	1.9763	1.88	0.274158	19.41	1.28803
3000	65	70	300	4	25	120	1192945	6.07662	7	1	0	49	0.0204082	49	0.0204082	1	61.33	1.78767	9.51	0.978181	20.01	1.30125
3000	69	70	300	4	25	97	1176108	6.07045	7	1	0	31	0.0322581	31	0.0322581	1	32.01	1.50529	2.89	0.460898	19.35	1.28668
3000	78	70	300	4	25	110	1095143	6.03947	7	1	0	41	0.0243902	41	0.0243902	1	47.79	1.67934	10.78	1.03262	18.83	1.27485
3000	80	70	300	4	25	113	1168899	6.06778	7	1	0	45	0.0222222	45	0.0222222	1	40.84	1.61109	8.59	0.933993	24.4	1.38739
3000	82	70	300	4	25	99	1579109	6.19841	7	1	0	29	0.0344828	29	0.0344828	1	54.79	1.7387	14.01	1.14644	32.7	1.51455
3000	88	70	300	4	25	112	1671811	6.22319	7	1	0	34	0.0294118	34	0.0294118	1	73.31	1.86516	14.31	1.15564	35.84	1.55437
3000	91	70	300	4	25	117	1296431	6.11275	7	1	0	44	0.0227273	44	0.0227273	1	36.11	1.55763	4.43	0.646404	3.73	0.571709
3000	102	70	300	4	25	120	1218382	6.08578	7	1	0	49	0.0204082	49	0.0204082	1	26.01	1.41514	9.03	0.955688	24.29	1.38543
3000	105	70	300	4	25	111	1477322	6.16948	7	1	0	50	0.02	50	0.02	1	58.36	1.76612	10.43	1.01828	22	1.34242
3000	115	70	300	4	25	114	1950969	6.29025	7	1	0	40	0.025	40	0.025	1	46.17	1.66436	11.05	1.04336	29.67	1.47232
3000	119	70	300	4	25	124	3812603	6.58122	7	1	0	46	0.0217391	46	0.0217391	1	112.64	2.05169	16.06	1.20575	69.99	1.84504
3000	132	70	300	4	25	105	1595371	6.20286	7	1	0	42	0.0238095	42	0.0238095	1	35.69	1.55255	8.24	0.915927	23.09	1.36342
3000	140	70	300	4	25	127	3882538	6.58912	7	1	0	42	0.0238095	42	0.0238095	1	221.64	2.34565	47.78	1.67925	99.07	1.99594
3000	150	70	300	4	25	124	2589260	6.41318	7	1	0	44	0.0227273	44	0.0227273	1	139.97	2.14603	25.03	1.39846	46.58	1.6682
3000	162	70	300	4	25	111	1311469	6.11776	7	1	0	44	0.0227273	44	0.0227273	1	45.33	1.65639	12.88	1.10992	19.96	1.30016
3000	163	70	300	4	25	124	5928065	6.77291	7	1	0	37	0.027027	37	0.027027	1	149.16	2.17365	82.1	1.91434	191.73	2.28269
3000	165	70	300	4	25	108	2164659	6.33539	7	1	0	34	0.0294118	34	0.0294118	1	55.05	1.74076	6.44	0.808886	30.89	1.48982
3000	195	70	300	4	25	83	3094548	6.4906	7	1	0	23	0.0434783	23	0.0434783	1	48.72	1.68771	28.32	1.45209	192.65	2.28477
3000	196	70	300	4	25	106	1196313	6.07784	7	1	0	37	0.027027	37	0.027027	1	24.16	1.3831	1.97	0.294466	13.5	1.13033
3000	199	70	300	4	25	108	9371417	6.97181	7	1	0	32	0.03125	32	0.03125	1	629.17	2.79877	68.02	1.83264	530.62	2.72478
3000	203	70	300	4	25	121	3728209	6.5715	7	1	0	43	0.0232558	43	0.0232558	1	246.58	2.39196	27.94	1.44623	84.58	1.92727
3000	208	70	300	4	25	98	1252433	6.09775	7	1	0	41	0.0243902	41	0.0243902	1	25.86	1.41263	8.09	0.907949	19.58	1.29181
3000	210	70	300	4	25	108	3102473	6.49171	7	1	0	38	0.0263158	38	0.0263158	1	115.67	2.06322	29.75	1.47349	78.68	1.89586
3000	211	70	300	4	25	121	1882419	6.27472	7	1	0	40	0.025	40	0.025	1	132.64	2.12267	27.64	1.44154	43.37	1.63719
3000	214	70	300	4	25	123	2467231	6.39221	7	1	0	38	0.0263158	38	0.0263158	1	136.9	2.1364	22.59	1.35392	54.78	1.73862
3000	216	70	300	4	25	121	1119458	6.04901	7	1	0	53	0.0188679	53	0.0188679	1	66.74	1.82439	1.4	0.146128	17.92	1.25334
3000	221	70	300	4	25	103	1521673	6.18232	7	1	0	34	0.0294118	34	0.0294118	1	44.1	1.64444	3.93	0.594393	4.86	0.686636
3000	227	70	300	4	25	105	9444415	6.97518	7	1	0	36	0.0277778	36	0.0277778	1	399.98	2.60204	97.81	1.99038	202.02	2.30539
3000	234	70	300	4	25	127	7796284	6.89189	7	1	0	58	0.0172414	58	0.0172414	1	172.44	2.23664	46.71	1.66941	131.91	2.12028
3000	236	70	300	4	25	117	3661822	6.5637	7	1	0	49	0.0204082	49	0.0204082	1	133.14	2.12431	33.22	1.5214	64.6	1.81023
3000	238	70	300	4	25	121	1677795	6.22474	7	1	0	44	0.0227273	44	0.0227273	1	74.14	1.87005	3.74	0.572872	20.07	1.30255
3000	243	70	300	4	25	96	1146385	6.05933	7	1	0	31	0.0322581	31	0.0322581	1	48.21	1.68314	1.9	0.278754	38.05	1.58035
3000	250	70	300	4	25	105	2198861	6.3422	7	1	0	41	0.0243902	41	0.0243902	1	101.46	2.00629	22.69	1.35583	45.86	1.66143
3000	263	70	300	4	25	106	1709033	6.23275	7	1	0	29	0.0344828	29	0.0344828	1	63.52	1.80291	5.92	0.772322	15.16	1.1807
3000	288	70	300	4	25	119	1050577	6.02143	7	1	0	45	0.0222222	45	0.0222222	1	39.08	1.59195	1.42	0.152288	15.83	1.19948
3000	294	70	300	4	25	122	1188543	6.07501	7	1	0	46	0.0217391	46	0.0217391	1	57.29	1.75808	8.32	0.920123	18.4	1.26482
3000	299	70	300	4	25	117	1199235	6.0789	7	1	0	40	0.025	40	0.025	1	42.05	1.62377	9.12	0.959995	25.93	1.4138
3000	309	70	300	4	25	102	2296049	6.36098	7	1	0	46	0.0217391	46	0.0217391	1	58.54	1.76745	10.21	1.00903	32.33	1.50961
3000	321	70	300	4	25	117	1188826	6.07512	7	1	0	51	0.0196078	51	0.0196078	1	94.02	1.97322	7.41	0.869818	11.04	1.04297
3000	324	70	300	4	25	112	1004061	6.00176	7	1	0	45	0.0222222	45	0.0222222	1	37.25	1.57113	2.5	0.39794	4.99	0.698101
3000	327	70	300	4	25	95	1028094	6.01203	7	1	0	34	0.0294118	34	0.0294118	1	20.46	1.31091	9.74	0.988559	16.23	1.21032
3000	328	70	300	4	25	101	3295037	6.51786	7	1	0	37	0.027027	37	0.027027	1	111.71	2.04809	24.22	1.38417	47.75	1.67897
3000	331	70	300	4	25	91	1363033	6.13451	7	1	0	34	0.0294118	34	0.0294118	1	62.44	1.79546	9.32	0.969416	22.28	1.34792
3000	333	70	300	4	25	112	2431159	6.38581	7	1	0	37	0.027027	37	0.027027	1	82.57	1.91682	7.41	0.869818	30.11	1.47871
3000	346	70	300	4	25	105	1078679	6.03289	7	1	0	36	0.0277778	36	0.0277778	1	29.71	1.4729	12.3	1.08991	27.31	1.43632
3000	349	70	300	4	25	116	2343758	6.36991	7	1	0	54	0.0185185	54	0.0185185	1	107.32	2.03068	19.16	1.2824	35.07	1.54494
3000	355	70	300	4	25	120	2593824	6.41394	7	1	0	44	0.0227273	44	0.0227273	1	89.97	1.9541	14.13	1.15014	43.81	1.64157
3000	361	70	300	4	25	107	1144841	6.05875	7	1	0	43	0.0232558	43	0.0232558	1	21.5	1.33244	5.21	0.716838	14.27	1.15442
3000	363	70	300	4	25	99	4314945	6.63498	7	1	0	33	0.030303	33	0.030303	1	110.48	2.04328	33.09	1.5197	67.78	1.8311
3000	370	70	300	4	25	107	1106034	6.04377	7	1	0	43	0.0232558	43	0.0232558	1	29.72	1.47305	5.79	0.762679	17.34	1.23905
3000	372	70	300	4	25	103	1378977	6.13956	7	1	0	33	0.030303	33	0.030303	1	45.43	1.65734	2.93	0.466868	16.25	1.21085
3000	373	70	300	4	25	115	6689228	6.82538	7	1	0	44	0.0227273	44	0.0227273	1	185.58	2.26853	78.51	1.89492	134.53	2.12882
3000	384	70	300	4	25	125	1311555	6.11779	7	1	0	50	0.02	50	0.02	1	45.02	1.65341	2.2	0.342423	16.05	1.20548
3000	387	70	300	4	25	107	4969758	6.69634	7	1	0	31	0.0322581	31	0.0322581	1	203.69	2.30897	76.26	1.8823	163.64	2.21389
3000	388	70	300	4	25	120	1230202	6.08998	7	1	0	44	0.0227273	44	0.0227273	1	57.54	1.75997	10.42	1.01787	18.5	1.26717
3000	390	70	300	4	25	105	8971409	6.95286	7	1	0	36	0.0277778	36	0.0277778	1	176.25	2.24613	48.48	1.68556	470.52	2.67258
3000	396	70	300	4	25	124	2200718	6.34256	7	1	0	47	0.0212766	47	0.0212766	1	143.43	2.15664	6.63	0.821514	29.18	1.46509
3000	409	70	300	4	25	109	1076451	6.03199	7	1	0	46	0.0217391	46	0.0217391	1	30.6	1.48572	1.73	0.238046	10.52	1.02202
3000	419	70	300	4	25	87	2414484	6.38282	7	1	0	27	0.037037	27	0.037037	1	60.64	1.78276	22.2	1.34635	40.55	1.60799
3000	421	70	300	4	25	110	1802597	6.2559	7	1	0	40	0.025	40	0.025	1	73.47	1.86611	16.02	1.20466	34.86	1.54233
3000	424	70	300	4	25	128	5775743	6.76161	7	1	0	40	0.025	40	0.025	1	223.16	2.34862	97.24	1.98784	193.55	2.28679
3000	425	70	300	4	25	106	1452176	6.16202	7	1	0	40	0.025	40	0.025	1	44.46	1.64797	12.62	1.10106	29.52	1.47012
3000	444	70	300	4	25	113	1500968	6.17637	7	1	0	49	0.0204082	49	0.0204082	1	77.44	1.88897	10.73	1.0306	18.6	1.26951
3000	448	70	300	4	25	127	1547197	6.18955	7	1	0	44	0.0227273	44	0.0227273	1	82.42	1.91603	2.8	0.447158	19.5	1.29003
3000	450	70	300	4	25	112	1163249	6.06567	7	1	0	45	0.0222222	45	0.0222222	1	35.67	1.5523	10.49	1.02078	19.84	1.29754
3000	466	70	300	4	25	116	1099520	6.0412	7	1	0	63	0.015873	63	0.015873	1	26.29	1.41979	1.34	0.127105	3.95	0.596597
3000	469	70	300	4	25	95	1448993	6.16107	7	1	0	36	0.0277778	36	0.0277778	1	60.7	1.78319	2.08	0.318063	16.54	1.21854
3000	470	70	300	4	25	111	1459405	6.16418	7	1	0	39	0.025641	39	0.025641	1	81.76	1.91254	2.45	0.389166	21.02	1.32263
3000	494	70	300	4	25	113	2488360	6.39591	7	1	0	44	0.0227273	44	0.0227273	1	90.61	1.95718	26.83	1.42862	57.91	1.76275
3000	501	70	300	4	25	109	1120184	6.04929	7	1	0	43	0.0232558	43	0.0232558	1	59.18	1.77217	8.49	0.928908	18.2	1.26007
3000	502	70	300	4	25	109	1364903	6.1351	7	1	0	46	0.0217391	46	0.0217391	1	38.85	1.58939	7.37	0.867467	25.62	1.40858
3000	520	70	300	4	25	100	1333420	6.12497	7	1	0	42	0.0238095	42	0.0238095	1	59.93	1.77764	2.18	0.338456	17.91	1.2531
3000	525	70	300	4	25	117	1007272	6.00315	7	1	0	56	0.0178571	56	0.0178571	1	44.74	1.6507	5.05	0.703291	14.2	1.15229
3000	529	70	300	4	25	108	1599820	6.20407	7	1	0	39	0.025641	39	0.025641	1	42.07	1.62397	9.87	0.994317	28.15	1.44948
3000	530	70	300	4	25	111	5196546	6.71571	7	1	0	41	0.0243902	41	0.0243902	1	197.39	2.29533	63.13	1.80024	122.79	2.08916
3000	534	70	300	4	25	125	1840443	6.26492	7	1	0	50	0.02	50	0.02	1	57.27	1.75793	3.73	0.571709	20.23	1.306
3000	548	70	300	4	25	98	1804705	6.25641	7	1	0	28	0.0357143	28	0.0357143	1	56.55	1.75243	27.57	1.44044	44.24	1.64582
3000	552	70	300	4	25	112	1354115	6.13166	7	1	0	44	0.0227273	44	0.0227273	1	68.45	1.83537	13.07	1.11628	24.54	1.38987
3000	555	70	300	4	25	127	3084922	6.48924	7	1	0	40	0.025	40	0.025	1	146.42	2.1656	10.07	1.00303	40.01	1.60217
3000	569	70	300	4	25	101	6271861	6.7974	7	1	0	30	0.0333333	30	0.0333333	1	173.1	2.2383	74.36	1.87134	425.19	2.62858
3000	571	70	300	4	25	111	3409488	6.53269	7	1	0	45	0.0222222	45	0.0222222	1	181.4	2.25864	8.2	0.913814	151.26	2.17972
3000	586	70	300	4	25	109	5702608	6.75607	7	1	0	33	0.030303	33	0.030303	1	156.51	2.19454	27.31	1.43632	97.71	1.98994
3000	587	70	300	4	25	123	2136409	6.32968	7	1	0	47	0.0212766	47	0.0212766	1	168.18	2.22577	36.15	1.55811	53.68	1.72981
3000	590	70	300	4	25	117	5519590	6.74191	7	1	0	44	0.0227273	44	0.0227273	1	184.15	2.26517	51.79	1.71425	123.98	2.09335
3000	592	70	300	4	25	87	2258367	6.35379	7	1	0	27	0.037037	27	0.037037	1	64.87	1.81204	25.6	1.40824	45.84	1.66124
3000	600	70	300	4	25	111	2840227	6.45335	7	1	0	44	0.0227273	44	0.0227273	1	67.34	1.82827	28.27	1.45133	54.17	1.73376
3000	601	70	300	4	25	113	2822162	6.45058	7	1	0	35	0.0285714	35	0.0285714	1	182.38	2.26098	8	0.90309	36.9	1.56703
3000	623	70	300	4	25	100	1511646	6.17945	7	1	0	33	0.030303	33	0.030303	1	59.4	1.77379	6.04	0.781037	17.92	1.25334
3000	629	70	300	4	25	110	1009286	6.00401	7	1	0	38	0.0263158	38	0.0263158	1	43.88	1.64227	1.61	0.206826	7.58	0.879669
3000	640	70	300	4	25	105	1281107	6.10759	7	1	0	38	0.0263158	38	0.0263158	1	61.12	1.78618	12.94	1.11193	28.76	1.45879
3000	645	70	300	4	25	100	1371448	6.13718	7	1	0	34	0.0294118	34	0.0294118	1	50.98	1.7074	2.29	0.359835	44.23	1.64572
3000	648	70	300	4	25	104	2794656	6.44633	7	1	0	39	0.025641	39	0.025641	1	93.65	1.97151	3.51	0.545307	57.2	1.7574
3000	650	70	300	4	25	107	1148971	6.06031	7	1	0	39	0.025641	39	0.025641	1	13.02	1.11461	11.34	1.05461	22.12	1.34479
3000	660	70	300	4	25	108	1970041	6.29448	7	1	0	36	0.0277778	36	0.0277778	1	116.78	2.06737	5.37	0.729974	24.94	1.3969
3000	671	70	300	4	25	112	1394208	6.14433	7	1	0	60	0.0166667	60	0.0166667	1	60.04	1.77844	2.29	0.359835	17.74	1.24895
3000	675	70	300	4	25	89	1337998	6.12646	7	1	0	31	0.0322581	31	0.0322581	1	33.68	1.52737	5.67	0.753583	21.6	1.33445
3000	676	70	300	4	25	120	2726507	6.43561	7	1	0	41	0.0243902	41	0.0243902	1	113.26	2.05408	5.53	0.742725	31.31	1.49568
3000	680	70	300	4	25	103	1809813	6.25763	7	1	0	32	0.03125	32	0.03125	1	68.03	1.8327	3.7	0.568202	20.51	1.31197
3000	684	70	300	4	25	128	1475798	6.16903	7	1	0	43	0.0232558	43	0.0232558	1	52.66	1.72148	27.2	1.43457	36.26	1.55943
3000	698	70	300	4	25	106	1604467	6.20533	7	1	0	32	0.03125	32	0.03125	1	67.22	1.8275	17.72	1.24846	32.92	1.51746
3000	705	70	300	4	25	110	1387897	6.14236	7	1	0	41	0.0243902	41	0.0243902	1	57.49	1.75959	4.11	0.613842	11.61	1.06483
3000	712	70	300	4	25	112	2907082	6.46346	7	1	0	44	0.0227273	44	0.0227273	1	103.28	2.01402	28.38	1.45301	44.36	1.64699
3000	717	70	300	4	25	126	2609321	6.41653	7	1	0	63	0.015873	63	0.015873	1	123.46	2.09153	14.11	1.14953	37.28	1.57148
3000	721	70	300	4	25	109	1017634	6.00759	7	1	0	37	0.027027	37	0.027027	1	50.65	1.70458	1.76	0.245513	4.72	0.673942
3000	724	70	300	4	25	110	3007752	6.47824	7	1	0	37	0.027027	37	0.027027	1	47.52	1.67688	19.26	1.28466	43.08	1.63428
3000	730	70	300	4	25	117	1153428	6.06199	7	1	0	47	0.0212766	47	0.0212766	1	40.97	1.61247	11.37	1.05576	21.44	1.33122
3000	741	70	300	4	25	104	2162277	6.33491	7	1	0	42	0.0238095	42	0.0238095	1	46.94	1.67154	2.93	0.466868	19.73	1.29513
3000	742	70	300	4	25	109	1428320	6.15483	7	1	0	45	0.0222222	45	0.0222222	1	49.28	1.69267	2.94	0.468347	46.79	1.67015
3000	746	70	300	4	25	123	2507418	6.39923	7	1	0	52	0.0192308	52	0.0192308	1	123.33	2.09107	14.56	1.16316	46.55	1.66792
3000	753	70	300	4	25	121	5555421	6.74472	7	1	0	45	0.0222222	45	0.0222222	1	181.4	2.25864	26.29	1.41979	86.61	1.93757
3000	760	70	300	4	25	86	3737854	6.57262	7	1	0	29	0.0344828	29	0.0344828	1	116.83	2.06755	21.75	1.33746	70.24	1.84658
3000	767	70	300	4	25	109	1322840	6.12151	7	1	0	41	0.0243902	41	0.0243902	1	123.28	2.09089	10.16	1.00689	24.5	1.38917
3000	775	70	300	4	25	102	6037409	6.78085	7	1	0	27	0.037037	27	0.037037	1	184.51	2.26602	27.76	1.44342	83.43	1.92132
3000	782	70	300	4	25	98	1034808	6.01486	7	1	0	38	0.0263158	38	0.0263158	1	33.59	1.52621	7.1	0.851258	18.28	1.26198
3000	790	70	300	4	25	93	1561137	6.19344	7	1	0	31	0.0322581	31	0.0322581	1	32.65	1.51388	5.17	0.713491	22.59	1.35392
3000	792	70	300	4	25	120	7675851	6.88513	7	1	0	55	0.0181818	55	0.0181818	1	237.45	2.37557	32.36	1.51001	112.23	2.05011
3000	793	70	300	4	25	119	5463282	6.73745	7	1	0	48	0.0208333	48	0.0208333	1	239.43	2.37918	21.19	1.32613	76.42	1.88321
3000	801	70	300	4	25	102	4748831	6.67659	7	1	0	31	0.0322581	31	0.0322581	1	178.94	2.25271	23.04	1.36248	57.99	1.76335
3000	802	70	300	4	25	96	2179059	6.33827	7	1	0	33	0.030303	33	0.030303	1	93.78	1.97211	23.17	1.36493	44.23	1.64572
3000	811	70	300	4	25	117	1106589	6.04399	7	1	0	66	0.0151515	66	0.0151515	1	33.21	1.52127	1.26	0.100371	11.58	1.06371
3000	812	70	300	4	25	111	1050212	6.02128	7	1	0	40	0.025	40	0.025	1	33.71	1.52776	2.21	0.344392	10.32	1.01368
3000	825	70	300	4	25	124	2019640	6.30527	7	1	0	44	0.0227273	44	0.0227273	1	71.58	1.85479	18.82	1.27462	42.08	1.62408
3000	831	70	300	4	25	99	2406716	6.38142	7	1	0	46	0.0217391	46	0.0217391	1	63.5	1.80277	8.13	0.910091	38.2	1.58206
3000	837	70	300	4	25	111	1082695	6.03451	7	1	0	50	0.02	50	0.02	1	38.85	1.58939	1.86	0.269513	10.01	1.00043
3000	844	70	300	4	25	118	3817206	6.58175	7	1	0	42	0.0238095	42	0.0238095	1	159.63	2.20311	21.65	1.33546	60.85	1.78426
3000	846	70	300	4	25	125	4455290	6.64888	7	1	0	48	0.0208333	48	0.0208333	1	169.12	2.22819	46.91	1.67127	89.16	1.95017
3000	848	70	300	4	25	90	1004908	6.00213	7	1	0	35	0.0285714	35	0.0285714	1	12.3	1.08991	3.91	0.592177	13.24	1.12189
3000	853	70	300	4	25	107	1071939	6.03017	7	1	0	32	0.03125	32	0.03125	1	27.2	1.43457	16.25	1.21085	20.15	1.30428
3000	871	70	300	4	25	110	1771008	6.24822	7	1	0	38	0.0263158	38	0.0263158	1	96.04	1.98245	17.46	1.24204	42.08	1.62408
3000	874	70	300	4	25	109	2500041	6.39795	7	1	0	35	0.0285714	35	0.0285714	1	117.33	2.06941	9.12	0.959995	35.98	1.55606
3000	877	70	300	4	25	120	2553451	6.40713	7	1	0	40	0.025	40	0.025	1	75.28	1.87668	35.41	1.54913	70.84	1.85028
3000	880	70	300	4	25	107	1581846	6.19916	7	1	0	39	0.025641	39	0.025641	1	50.59	1.70406	2.33	0.367356	14.37	1.15746
3000	882	70	300	4	25	115	2004158	6.30193	7	1	0	41	0.0243902	41	0.0243902	1	108.22	2.03431	4.99	0.698101	29.82	1.47451
3000	883	70	300	4	25	109	1506787	6.17805	7	1	0	47	0.0212766	47	0.0212766	1	65.58	1.81677	9.24	0.965672	24.8	1.39445
3000	884	70	300	4	25	123	3753363	6.57442	7	1	0	40	0.025	40	0.025	1	229.52	2.36082	78.89	1.89702	117.91	2.07155
3000	902	70	300	4	25	122	1429367	6.15514	7	1	0	43	0.0232558	43	0.0232558	1	81.87	1.91312	19.35	1.28668	32.81	1.51601
3000	907	70	300	4	25	114	2933898	6.46745	7	1	0	40	0.025	40	0.025	1	90.59	1.95708	26.14	1.41731	64.66	1.81064
3000	912	70	300	4	25	117	2546146	6.40588	7	1	0	36	0.0277778	36	0.0277778	1	117.69	2.07074	41.86	1.6218	74.94	1.87471
3000	917	70	300	4	25	111	1914087	6.28196	7	1	0	42	0.0238095	42	0.0238095	1	51.42	1.71113	11.14	1.04689	26.77	1.42765
3000	922	70	300	4	25	114	1692436	6.22851	7	1	0	40	0.025	40	0.025	1	120.35	2.08045	25.93	1.4138	34.29	1.53517
3000	924	70	300	4	25	114	1889308	6.2763	7	1	0	44	0.0227273	44	0.0227273	1	70.23	1.84652	4.86	0.686636	15.49	1.19005
3000	931	70	300	4	25	109	1761558	6.2459	7	1	0	44	0.0227273	44	0.0227273	1	55.29	1.74265	19.3	1.28556	32.3	1.5092
3000	936	70	300	4	25	100	1316959	6.11957	7	1	0	33	0.030303	33	0.030303	1	22.31	1.3485	4.41	0.644439	94.33	1.97465
3000	939	70	300	4	25	120	1982331	6.29718	7	1	0	48	0.0208333	48	0.0208333	1	51.74	1.71383	20.33	1.30814	38.46	1.58501
3000	940	70	300	4	25	118	4565341	6.65947	7	1	0	47	0.0212766	47	0.0212766	1	113.38	2.05454	18.47	1.26647	63.17	1.80051
3000	941	70	300	4	25	101	1411648	6.14973	7	1	0	47	0.0212766	47	0.0212766	1	71.96	1.85709	6.66	0.823474	19.99	1.30081
3000	947	70	300	4	25	92	1237463	6.09253	7	1	0	29	0.0344828	29	0.0344828	1	60.31	1.78039	9.25	0.966142	22.21	1.34655
3000	949	70	300	4	25	102	3036128	6.48232	7	1	0	34	0.0294118	34	0.0294118	1	105.13	2.02173	14.31	1.15564	46.56	1.66801
3000	959	70	300	4	25	105	2148546	6.33214	7	1	0	37	0.027027	37	0.027027	1	86.39	1.93646	6.15	0.788875	16.26	1.21112
3000	965	70	300	4	25	112	2672905	6.42698	7	1	0	45	0.0222222	45	0.0222222	1	114.91	2.06036	17.3	1.23805	53.21	1.72599
3000	966	70	300	4	25	127	6233464	6.79473	7	1	0	49	0.0204082	49	0.0204082	1	323.99	2.51053	30.23	1.48044	110.95	2.04513
3000	973	70	300	4	25	116	1226765	6.08876	7	1	0	36	0.0277778	36	0.0277778	1	70.17	1.84615	6.24	0.795185	22.07	1.3438
3000	974	70	300	4	25	126	1985615	6.2979	7	1	0	51	0.0196078	51	0.0196078	1	88.07	1.94483	2.93	0.466868	16.16	1.20844
3000	979	70	300	4	25	125	1311196	6.11767	7	1	0	56	0.0178571	56	0.0178571	1	56.53	1.75228	1.66	0.220108	9.09	0.958564
3000	992	70	300	4	25	112	2158204	6.33409	7	1	0	42	0.0238095	42	0.0238095	1	60.88	1.78447	13.55	1.13194	54.45	1.736
3000	993	70	300	4	25	98	1077299	6.03234	7	1	0	34	0.0294118	34	0.0294118	1	38.92	1.59017	8.46	0.92737	22.61	1.3543
3000	994	70	300	4	25	112	1971970	6.2949	7	1	0	41	0.0243902	41	0.0243902	1	97.43	1.98869	6.62	0.820858	29.5	1.46982
3000	997	70	300	4	25	122	2080073	6.31808	7	1	0	49	0.0204082	49	0.0204082	1	58.05	1.7638	5.28	0.722634	27.77	1.44358
3000	998	70	300	4	25	118	1174788	6.06996	7	1	0	44	0.0227273	44	0.0227273	1	35.18	1.5463	9.29	0.968016	25.11	1.39985
3000	999	70	300	4	25	118	5051010	6.70338	7	1	0	37	0.027027	37	0.027027	1	240.67	2.38142	29.56	1.4707	79.86	1.90233
