8000	28	70	300	4	25	25	206280	5.31446	6	1	0	5	0.2	5	0.2	1	1.85	0.267172	0.19	-0.721246	1.06	0.0253059
8000	85	70	300	4	25	23	104574	5.01942	6	1	0	5	0.2	5	0.2	1	0.62	-0.207608	0.19	-0.721246	0.87	-0.0604807
8000	242	70	300	4	25	29	121556	5.08478	6	1	0	8	0.125	8	0.125	1	0.91	-0.0409586	0.17	-0.769551	1	0
8000	359	70	300	4	25	28	251019	5.39971	6	1	0	7	0.142857	7	0.142857	1	1.72	0.235528	0.3	-0.522879	26.98	1.43104
8000	712	70	300	4	25	27	213396	5.32919	6	1	0	5	0.2	5	0.2	1	2	0.30103	0.46	-0.337242	0.98	-0.00877392
8000	891	70	300	4	25	28	101389	5.00599	6	1	0	9	0.111111	9	0.111111	1	1.09	0.0374265	0.14	-0.853872	0.86	-0.0655015
8000	917	70	300	4	25	27	109607	5.03984	6	1	0	8	0.125	8	0.125	1	0.59	-0.229148	0.13	-0.886057	10.74	1.031
8000	3	80	300	4	25	29	114239	5.05781	6	1	0	6	0.166667	6	0.166667	1	0.99	-0.00436481	0.14	-0.853872	1.68	0.225309
8000	24	80	300	4	25	25	123494	5.09165	6	1	0	5	0.2	5	0.2	1	0.81	-0.091515	0.13	-0.886057	0.97	-0.0132283
8000	28	80	300	4	25	26	187202	5.27231	6	1	0	5	0.2	5	0.2	1	1.74	0.240549	0.26	-0.585027	0.72	-0.142668
8000	33	80	300	4	25	29	135968	5.13344	6	1	0	6	0.166667	6	0.166667	1	1.43	0.155336	0.22	-0.657577	7.35	0.866287
8000	39	80	300	4	25	26	181082	5.25788	6	1	0	6	0.166667	6	0.166667	1	1.77	0.247973	0.26	-0.585027	1.06	0.0253059
8000	44	80	300	4	25	27	193513	5.28671	6	1	0	5	0.2	5	0.2	1	1.51	0.178977	0.32	-0.49485	1.89	0.276462
8000	55	80	300	4	25	32	169650	5.22955	6	1	0	6	0.166667	6	0.166667	1	2.43	0.385606	0.19	-0.721246	0.82	-0.0861861
8000	71	80	300	4	25	31	347292	5.54069	6	1	0	6	0.166667	6	0.166667	1	3.85	0.585461	0.67	-0.173925	16.46	1.21643
8000	87	80	300	4	25	27	275738	5.4405	6	1	0	6	0.166667	6	0.166667	1	2	0.30103	0.34	-0.468521	25.48	1.4062
8000	115	80	300	4	25	30	106994	5.02936	6	1	0	9	0.111111	9	0.111111	1	0.66	-0.180456	0.13	-0.886057	0.79	-0.102373
8000	123	80	300	4	25	25	109595	5.03979	6	1	0	4	0.25	4	0.25	1	0.87	-0.0604807	0.14	-0.853872	0.86	-0.0655015
8000	165	80	300	4	25	35	165476	5.21874	6	1	0	10	0.1	10	0.1	1	1.11	0.045323	0.2	-0.69897	0.83	-0.0809219
8000	170	80	300	4	25	26	224015	5.35028	6	1	0	4	0.25	4	0.25	1	1.95	0.290035	0.31	-0.508638	1.43	0.155336
8000	210	80	300	4	25	30	163018	5.21224	6	1	0	7	0.142857	7	0.142857	1	2.15	0.332438	0.35	-0.455932	0.55	-0.259637
8000	211	80	300	4	25	34	156915	5.19566	6	1	0	8	0.125	8	0.125	1	1.98	0.296665	0.18	-0.744727	14.24	1.15351
8000	220	80	300	4	25	29	107735	5.03236	6	1	0	9	0.111111	9	0.111111	1	0.82	-0.0861861	0.11	-0.958607	0.79	-0.102373
8000	222	80	300	4	25	34	361231	5.55779	6	1	0	13	0.0769231	13	0.0769231	1	5.68	0.754348	0.25	-0.60206	17.9	1.25285
8000	223	80	300	4	25	31	164254	5.21552	6	1	0	10	0.1	10	0.1	1	2.31	0.363612	0.22	-0.657577	3.31	0.519828
8000	224	80	300	4	25	24	118594	5.07406	6	1	0	4	0.25	4	0.25	1	0.74	-0.130768	0.1	-1	0.93	-0.0315171
8000	234	80	300	4	25	41	521152	5.71696	6	1	0	12	0.0833333	12	0.0833333	1	6.65	0.822822	0.96	-0.0177288	5.72	0.757396
8000	238	80	300	4	25	25	125254	5.09779	6	1	0	5	0.2	5	0.2	1	0.93	-0.0315171	0.16	-0.79588	5.27	0.721811
8000	242	80	300	4	25	35	548002	5.73878	6	1	0	8	0.125	8	0.125	1	4.68	0.670246	0.58	-0.236572	45.68	1.65973
8000	247	80	300	4	25	28	106607	5.02779	6	1	0	7	0.142857	7	0.142857	1	1.22	0.0863598	0.22	-0.657577	0.8	-0.09691
8000	289	80	300	4	25	30	192872	5.28527	6	1	0	7	0.142857	7	0.142857	1	2.31	0.363612	0.33	-0.481486	0.88	-0.0555173
8000	299	80	300	4	25	32	130934	5.11705	6	1	0	9	0.111111	9	0.111111	1	1.68	0.225309	0.14	-0.853872	1.03	0.0128372
8000	317	80	300	4	25	32	752352	5.87642	6	1	0	8	0.125	8	0.125	1	13.25	1.12222	0.64	-0.19382	37.31	1.57183
8000	359	80	300	4	25	26	139573	5.1448	6	1	0	5	0.2	5	0.2	1	0.92	-0.0362122	0.14	-0.853872	1.33	0.123852
8000	369	80	300	4	25	24	118058	5.0721	6	1	0	4	0.25	4	0.25	1	1.03	0.0128372	0.15	-0.823909	4.78	0.679428
8000	383	80	300	4	25	31	486527	5.68711	6	1	0	6	0.166667	6	0.166667	1	4.07	0.609594	0.79	-0.102373	92.55	1.96638
8000	1	90	300	4	25	31	383038	5.58324	6	1	0	5	0.2	5	0.2	1	4.29	0.632457	0.33	-0.481486	1.75	0.243038
8000	2	90	300	4	25	35	829802	5.91897	6	1	0	8	0.125	8	0.125	1	9.87	0.994317	0.91	-0.0409586	88.08	1.94488
8000	12	90	300	4	25	31	314900	5.49817	6	1	0	6	0.166667	6	0.166667	1	2.5	0.39794	0.41	-0.387216	60.52	1.7819
8000	33	90	300	4	25	38	552788	5.74256	6	1	0	10	0.1	10	0.1	1	8.76	0.942504	1.12	0.049218	43.42	1.63769
8000	36	90	300	4	25	29	102088	5.00897	6	1	0	7	0.142857	7	0.142857	1	1.02	0.00860017	0.12	-0.920819	0.75	-0.124939
8000	39	90	300	4	25	31	825376	5.91665	6	1	0	8	0.125	8	0.125	1	10.56	1.02366	0.65	-0.187087	3.57	0.552668
8000	45	90	300	4	25	36	551447	5.7415	6	1	0	6	0.166667	6	0.166667	1	5.68	0.754348	0.98	-0.00877392	42.22	1.62552
8000	55	90	300	4	25	41	650529	5.81327	6	1	0	9	0.111111	9	0.111111	1	12.41	1.09377	0.79	-0.102373	2.7	0.431364
8000	56	90	300	4	25	32	764269	5.88325	6	1	0	6	0.166667	6	0.166667	1	8.71	0.940018	0.7	-0.154902	4.07	0.609594
8000	57	90	300	4	25	27	111585	5.04761	6	1	0	5	0.2	5	0.2	1	1.1	0.0413927	0.12	-0.920819	3.53	0.547775
8000	60	90	300	4	25	29	464701	5.66717	6	1	0	7	0.142857	7	0.142857	1	3.71	0.569374	0.78	-0.107905	2.36	0.372912
8000	61	90	300	4	25	35	450822	5.65401	6	1	0	7	0.142857	7	0.142857	1	4.84	0.684845	0.51	-0.29243	27.13	1.43345
8000	63	90	300	4	25	37	380320	5.58015	6	1	0	7	0.142857	7	0.142857	1	5.33	0.726727	0.66	-0.180456	17.96	1.25431
8000	71	90	300	4	25	34	328820	5.51696	6	1	0	9	0.111111	9	0.111111	1	4.76	0.677607	0.3	-0.522879	29.18	1.46509
8000	76	90	300	4	25	34	230710	5.36307	6	1	0	9	0.111111	9	0.111111	1	2.47	0.392697	0.51	-0.29243	0.92	-0.0362122
8000	78	90	300	4	25	36	219928	5.34228	6	1	0	10	0.1	10	0.1	1	3.09	0.489958	0.3	-0.522879	0.87	-0.0604807
8000	82	90	300	4	25	27	165361	5.21843	6	1	0	5	0.2	5	0.2	1	1.3	0.113943	0.21	-0.677781	0.88	-0.0555173
8000	83	90	300	4	25	31	341316	5.53316	6	1	0	5	0.2	5	0.2	1	3.05	0.4843	0.72	-0.142668	17.27	1.23729
8000	88	90	300	4	25	36	193615	5.28694	6	1	0	11	0.0909091	11	0.0909091	1	2.37	0.374748	0.34	-0.468521	1.11	0.045323
8000	92	90	300	4	25	27	152063	5.18202	6	1	0	7	0.142857	7	0.142857	1	1.17	0.0681859	0.14	-0.853872	14.69	1.16702
8000	94	90	300	4	25	39	422390	5.62571	6	1	0	11	0.0909091	11	0.0909091	1	6.05	0.781755	0.37	-0.431798	33.07	1.51943
8000	96	90	300	4	25	36	939860	5.97306	6	1	0	8	0.125	8	0.125	1	13.18	1.11992	1.51	0.178977	100.39	2.00169
8000	102	90	300	4	25	30	179044	5.25296	6	1	0	8	0.125	8	0.125	1	1.13	0.0530784	0.14	-0.853872	0.64	-0.19382
8000	105	90	300	4	25	30	113391	5.05458	6	1	0	6	0.166667	6	0.166667	1	0.78	-0.107905	0.14	-0.853872	0.97	-0.0132283
8000	114	90	300	4	25	31	628197	5.7981	6	1	0	6	0.166667	6	0.166667	1	8.92	0.950365	0.8	-0.09691	33.39	1.52362
8000	118	90	300	4	25	34	541241	5.73339	6	1	0	10	0.1	10	0.1	1	5.34	0.727541	0.48	-0.318759	53.05	1.72469
8000	124	90	300	4	25	41	279207	5.44593	6	1	0	13	0.0769231	13	0.0769231	1	3.82	0.582063	0.58	-0.236572	2.54	0.404834
8000	140	90	300	4	25	35	413073	5.61603	6	1	0	8	0.125	8	0.125	1	6.7	0.826075	0.48	-0.318759	4.56	0.658965
8000	152	90	300	4	25	33	635243	5.80294	6	1	0	7	0.142857	7	0.142857	1	6.4	0.80618	1.58	0.198657	5.11	0.708421
8000	153	90	300	4	25	39	662808	5.82139	6	1	0	11	0.0909091	11	0.0909091	1	9.19	0.963316	1.06	0.0253059	69.5	1.84198
8000	156	90	300	4	25	34	295259	5.4702	6	1	0	8	0.125	8	0.125	1	2.41	0.382017	0.5	-0.30103	40.09	1.60304
8000	159	90	300	4	25	29	198698	5.29819	6	1	0	5	0.2	5	0.2	1	2.09	0.320146	0.28	-0.552842	9.83	0.992554
8000	165	90	300	4	25	42	604514	5.78141	6	1	0	10	0.1	10	0.1	1	5.27	0.721811	0.74	-0.130768	17.05	1.23172
8000	170	90	300	4	25	30	610192	5.78547	6	1	0	6	0.166667	6	0.166667	1	6.79	0.83187	0.78	-0.107905	5.71	0.756636
8000	171	90	300	4	25	30	468330	5.67055	6	1	0	5	0.2	5	0.2	1	5.12	0.70927	0.68	-0.167491	61.93	1.7919
8000	172	90	300	4	25	37	376262	5.57549	6	1	0	10	0.1	10	0.1	1	4.64	0.666518	0.38	-0.420216	1.64	0.214844
8000	178	90	300	4	25	32	229280	5.36037	6	1	0	7	0.142857	7	0.142857	1	2.07	0.31597	0.31	-0.508638	1.17	0.0681859
8000	183	90	300	4	25	39	661293	5.82039	6	1	0	10	0.1	10	0.1	1	8.52	0.93044	1.95	0.290035	40.53	1.60778
8000	186	90	300	4	25	30	270730	5.43254	6	1	0	7	0.142857	7	0.142857	1	2.17	0.33646	0.27	-0.568636	0.8	-0.09691
8000	188	90	300	4	25	32	317526	5.50178	6	1	0	8	0.125	8	0.125	1	2.29	0.359835	0.65	-0.187087	15.41	1.1878
8000	190	90	300	4	25	33	695491	5.84229	6	1	0	9	0.111111	9	0.111111	1	7.86	0.895423	0.58	-0.236572	78.46	1.89465
8000	192	90	300	4	25	34	230782	5.3632	6	1	0	7	0.142857	7	0.142857	1	2.5	0.39794	0.34	-0.468521	0.94	-0.0268721
8000	195	90	300	4	25	29	473480	5.6753	6	1	0	6	0.166667	6	0.166667	1	5.22	0.717671	0.48	-0.318759	108.06	2.03366
8000	196	90	300	4	25	26	115156	5.06129	6	1	0	4	0.25	4	0.25	1	0.81	-0.091515	0.17	-0.769551	13.55	1.13194
8000	197	90	300	4	25	38	242666	5.38501	6	1	0	11	0.0909091	11	0.0909091	1	3.59	0.555094	0.46	-0.337242	2.9	0.462398
8000	199	90	300	4	25	28	446247	5.64958	6	1	0	5	0.2	5	0.2	1	2.83	0.451786	0.65	-0.187087	40.55	1.60799
8000	210	90	300	4	25	40	645010	5.80957	6	1	0	11	0.0909091	11	0.0909091	1	8.81	0.944976	0.64	-0.19382	3.96	0.597695
8000	213	90	300	4	25	29	454882	5.6579	6	1	0	5	0.2	5	0.2	1	5.72	0.757396	0.53	-0.275724	76	1.88081
8000	219	90	300	4	25	35	899954	5.95422	6	1	0	11	0.0909091	11	0.0909091	1	8.16	0.91169	0.89	-0.05061	38.29	1.58309
8000	220	90	300	4	25	35	330819	5.51959	6	1	0	9	0.111111	9	0.111111	1	3.52	0.546543	0.57	-0.244125	25.62	1.40858
8000	224	90	300	4	25	29	825752	5.91685	6	1	0	6	0.166667	6	0.166667	1	6.97	0.843233	0.69	-0.161151	3.11	0.49276
8000	236	90	300	4	25	37	694948	5.84195	6	1	0	8	0.125	8	0.125	1	5.15	0.711807	0.73	-0.136677	3.05	0.4843
8000	247	90	300	4	25	33	505779	5.70396	6	1	0	7	0.142857	7	0.142857	1	6.55	0.816241	0.79	-0.102373	55.6	1.74507
8000	252	90	300	4	25	31	179169	5.25326	6	1	0	7	0.142857	7	0.142857	1	2.64	0.421604	0.22	-0.657577	0.7	-0.154902
8000	255	90	300	4	25	34	692221	5.84024	6	1	0	6	0.166667	6	0.166667	1	10.4	1.01703	0.81	-0.091515	41.9	1.62221
8000	266	90	300	4	25	27	295591	5.47069	6	1	0	5	0.2	5	0.2	1	2.13	0.32838	0.48	-0.318759	12.05	1.08099
8000	274	90	300	4	25	29	590611	5.7713	6	1	0	5	0.2	5	0.2	1	7.26	0.860937	0.84	-0.0757207	2.81	0.448706
8000	282	90	300	4	25	35	145649	5.16331	6	1	0	10	0.1	10	0.1	1	1.95	0.290035	0.17	-0.769551	1.07	0.0293838
8000	285	90	300	4	25	29	195758	5.29172	6	1	0	6	0.166667	6	0.166667	1	2.77	0.44248	0.27	-0.568636	1.03	0.0128372
8000	286	90	300	4	25	37	140229	5.14684	6	1	0	14	0.0714286	14	0.0714286	1	2.07	0.31597	0.16	-0.79588	4.54	0.657056
8000	290	90	300	4	25	29	134871	5.12992	6	1	0	5	0.2	5	0.2	1	1.59	0.201397	0.17	-0.769551	1.22	0.0863598
8000	291	90	300	4	25	32	119402	5.07701	6	1	0	11	0.0909091	11	0.0909091	1	1.35	0.130334	0.14	-0.853872	0.91	-0.0409586
8000	292	90	300	4	25	35	251368	5.40031	6	1	0	8	0.125	8	0.125	1	3.38	0.528917	0.33	-0.481486	22.81	1.35813
8000	295	90	300	4	25	30	839807	5.92418	6	1	0	7	0.142857	7	0.142857	1	7.25	0.860338	0.89	-0.05061	3.52	0.546543
8000	297	90	300	4	25	30	398217	5.60012	6	1	0	6	0.166667	6	0.166667	1	4.4	0.643453	0.4	-0.39794	18.53	1.26788
8000	298	90	300	4	25	31	336714	5.52726	6	1	0	6	0.166667	6	0.166667	1	4.81	0.682145	0.82	-0.0861861	15.14	1.18013
8000	305	90	300	4	25	28	173897	5.24029	6	1	0	5	0.2	5	0.2	1	1.82	0.260071	0.24	-0.619789	0.53	-0.275724
8000	307	90	300	4	25	26	188603	5.27555	6	1	0	4	0.25	4	0.25	1	1.55	0.190332	0.45	-0.346787	0.61	-0.21467
8000	309	90	300	4	25	33	164839	5.21706	6	1	0	9	0.111111	9	0.111111	1	1.86	0.269513	0.22	-0.657577	0.45	-0.346787
8000	315	90	300	4	25	30	170199	5.23096	6	1	0	6	0.166667	6	0.166667	1	1.91	0.281033	0.26	-0.585027	23.08	1.36324
8000	320	90	300	4	25	32	194702	5.28937	6	1	0	8	0.125	8	0.125	1	1.64	0.214844	0.31	-0.508638	0.8	-0.09691
8000	321	90	300	4	25	35	400891	5.60303	6	1	0	8	0.125	8	0.125	1	3.33	0.522444	0.36	-0.443697	4.51	0.654177
8000	331	90	300	4	25	32	614305	5.78838	6	1	0	8	0.125	8	0.125	1	8.83	0.945961	0.73	-0.136677	32.83	1.51627
8000	341	90	300	4	25	27	136058	5.13372	6	1	0	6	0.166667	6	0.166667	1	1.68	0.225309	0.16	-0.79588	1.19	0.075547
8000	343	90	300	4	25	37	340388	5.53197	6	1	0	9	0.111111	9	0.111111	1	3.87	0.587711	0.9	-0.0457575	79.8	1.902
8000	345	90	300	4	25	35	373819	5.57266	6	1	0	10	0.1	10	0.1	1	3.55	0.550228	0.69	-0.161151	21.45	1.33143
8000	349	90	300	4	25	32	234846	5.37078	6	1	0	11	0.0909091	11	0.0909091	1	14.77	1.16938	0.33	-0.481486	2.44	0.38739
8000	355	90	300	4	25	31	113037	5.05322	6	1	0	6	0.166667	6	0.166667	1	1.01	0.00432137	0.19	-0.721246	0.88	-0.0555173
8000	356	90	300	4	25	33	212853	5.32808	6	1	0	8	0.125	8	0.125	1	1.48	0.170262	0.26	-0.585027	12.26	1.08849
8000	358	90	300	4	25	30	302450	5.48065	6	1	0	9	0.111111	9	0.111111	1	4.58	0.660865	0.37	-0.431798	1.35	0.130334
8000	363	90	300	4	25	28	233795	5.36884	6	1	0	5	0.2	5	0.2	1	2.11	0.324282	0.36	-0.443697	1.82	0.260071
8000	364	90	300	4	25	36	286983	5.45786	6	1	0	11	0.0909091	11	0.0909091	1	3.72	0.570543	0.33	-0.481486	13.9	1.14301
8000	365	90	300	4	25	27	353317	5.54816	6	1	0	5	0.2	5	0.2	1	3.67	0.564666	0.31	-0.508638	1.53	0.184691
8000	372	90	300	4	25	25	582907	5.7656	6	1	0	4	0.25	4	0.25	1	4.47	0.650308	0.58	-0.236572	23.55	1.37199
8000	373	90	300	4	25	33	173515	5.23934	6	1	0	6	0.166667	6	0.166667	1	1.49	0.173186	0.22	-0.657577	7.45	0.872156
8000	377	90	300	4	25	36	615914	5.78952	6	1	0	10	0.1	10	0.1	1	9.64	0.984077	0.69	-0.161151	33.67	1.52724
8000	383	90	300	4	25	29	427682	5.63112	6	1	0	5	0.2	5	0.2	1	3.62	0.558709	0.47	-0.327902	1.64	0.214844
8000	386	90	300	4	25	35	661413	5.82047	6	1	0	8	0.125	8	0.125	1	8.24	0.915927	1.44	0.158362	46.3	1.66558
8000	1	100	300	4	25	38	712195	5.8526	6	1	0	8	0.125	8	0.125	1	12.39	1.09307	0.74	-0.130768	48.54	1.6861
8000	8	100	300	4	25	40	128333	5.10834	6	1	0	16	0.0625	16	0.0625	1	1.52	0.181844	0.16	-0.79588	0.82	-0.0861861
8000	11	100	300	4	25	36	595148	5.77462	6	1	0	9	0.111111	9	0.111111	1	6.86	0.836324	0.49	-0.309804	0.97	-0.0132283
8000	12	100	300	4	25	33	403242	5.60557	6	1	0	8	0.125	8	0.125	1	3.14	0.49693	0.37	-0.431798	27.62	1.44122
8000	18	100	300	4	25	40	821290	5.9145	6	1	0	9	0.111111	9	0.111111	1	9.49	0.977266	1.95	0.290035	34.21	1.53415
8000	19	100	300	4	25	32	530866	5.72498	6	1	0	6	0.166667	6	0.166667	1	5.24	0.719331	0.47	-0.327902	28.34	1.4524
8000	21	100	300	4	25	33	908606	5.95838	6	1	0	6	0.166667	6	0.166667	1	11.02	1.04218	2.28	0.357935	279.47	2.44634
8000	22	100	300	4	25	33	292570	5.46623	6	1	0	7	0.142857	7	0.142857	1	2.65	0.423246	0.46	-0.337242	14	1.14613
8000	25	100	300	4	25	33	180292	5.25598	6	1	0	8	0.125	8	0.125	1	2.38	0.376577	0.19	-0.721246	0.81	-0.091515
8000	37	100	300	4	25	38	585446	5.76749	6	1	0	8	0.125	8	0.125	1	4.47	0.650308	0.49	-0.309804	63.22	1.80085
8000	41	100	300	4	25	35	104610	5.01957	6	1	0	6	0.166667	6	0.166667	1	1.12	0.049218	0.12	-0.920819	5.11	0.708421
8000	43	100	300	4	25	32	778557	5.89129	6	1	0	5	0.2	5	0.2	1	12.96	1.11261	0.76	-0.119186	44.68	1.65011
8000	45	100	300	4	25	35	431989	5.63547	6	1	0	6	0.166667	6	0.166667	1	4.23	0.62634	0.38	-0.420216	17.17	1.23477
8000	48	100	300	4	25	29	134681	5.12931	6	1	0	5	0.2	5	0.2	1	1.46	0.164353	0.18	-0.744727	6.35	0.802774
8000	49	100	300	4	25	33	414179	5.61719	6	1	0	7	0.142857	7	0.142857	1	4.22	0.625312	0.36	-0.443697	1.47	0.167317
8000	53	100	300	4	25	38	500998	5.69984	6	1	0	14	0.0714286	14	0.0714286	1	4.58	0.660865	0.54	-0.267606	3.11	0.49276
8000	54	100	300	4	25	37	566237	5.753	6	1	0	10	0.1	10	0.1	1	10.51	1.0216	1.07	0.0293838	30.35	1.48216
8000	56	100	300	4	25	27	181674	5.25929	6	1	0	6	0.166667	6	0.166667	1	2.05	0.311754	0.28	-0.552842	1.67	0.222716
8000	58	100	300	4	25	40	993612	5.99722	6	1	0	8	0.125	8	0.125	1	9.5	0.977724	1.36	0.133539	11.67	1.06707
8000	60	100	300	4	25	29	464529	5.66701	6	1	0	8	0.125	8	0.125	1	3.78	0.577492	0.74	-0.130768	5.03	0.701568
8000	61	100	300	4	25	39	566065	5.75287	6	1	0	8	0.125	8	0.125	1	8.13	0.910091	1.91	0.281033	25.44	1.40552
8000	62	100	300	4	25	36	819846	5.91373	6	1	0	7	0.142857	7	0.142857	1	10.9	1.03743	0.74	-0.130768	87.2	1.94052
8000	65	100	300	4	25	32	147822	5.16974	6	1	0	6	0.166667	6	0.166667	1	1.78	0.25042	0.29	-0.537602	1.34	0.127105
8000	67	100	300	4	25	30	154452	5.18879	6	1	0	6	0.166667	6	0.166667	1	1.34	0.127105	0.19	-0.721246	1.53	0.184691
8000	69	100	300	4	25	27	196563	5.2935	6	1	0	5	0.2	5	0.2	1	1.82	0.260071	0.4	-0.39794	9.36	0.971276
8000	71	100	300	4	25	36	746631	5.87311	6	1	0	7	0.142857	7	0.142857	1	9.97	0.998695	1.13	0.0530784	370.36	2.56862
8000	76	100	300	4	25	43	541884	5.73391	6	1	0	12	0.0833333	12	0.0833333	1	6.3	0.799341	0.88	-0.0555173	3.91	0.592177
8000	77	100	300	4	25	30	385358	5.58586	6	1	0	7	0.142857	7	0.142857	1	6.98	0.843855	0.44	-0.356547	0.94	-0.0268721
8000	81	100	300	4	25	33	459680	5.66246	6	1	0	6	0.166667	6	0.166667	1	5.17	0.713491	0.48	-0.318759	26.4	1.4216
8000	82	100	300	4	25	29	253655	5.40424	6	1	0	5	0.2	5	0.2	1	2.02	0.305351	0.54	-0.267606	1.71	0.232996
8000	83	100	300	4	25	34	873951	5.94149	6	1	0	6	0.166667	6	0.166667	1	7.2	0.857332	0.84	-0.0757207	65.23	1.81445
8000	84	100	300	4	25	29	445418	5.64877	6	1	0	6	0.166667	6	0.166667	1	4.35	0.638489	0.43	-0.366532	80.68	1.90677
8000	88	100	300	4	25	39	466886	5.66921	6	1	0	11	0.0909091	11	0.0909091	1	6.31	0.800029	0.58	-0.236572	34.15	1.53339
8000	91	100	300	4	25	33	558752	5.74722	6	1	0	8	0.125	8	0.125	1	5.25	0.720159	0.55	-0.259637	21.77	1.33786
8000	92	100	300	4	25	34	632935	5.80136	6	1	0	9	0.111111	9	0.111111	1	5.26	0.720986	1.18	0.071882	304.16	2.4831
8000	100	100	300	4	25	33	214745	5.33192	6	1	0	6	0.166667	6	0.166667	1	1.33	0.123852	0.22	-0.657577	6.12	0.786751
8000	101	100	300	4	25	32	100768	5.00332	6	1	0	6	0.166667	6	0.166667	1	0.96	-0.0177288	0.17	-0.769551	29.71	1.4729
8000	105	100	300	4	25	43	710897	5.85181	6	1	0	10	0.1	10	0.1	1	6.31	0.800029	2.04	0.30963	10.51	1.0216
8000	108	100	300	4	25	37	889020	5.94891	6	1	0	8	0.125	8	0.125	1	13.2	1.12057	2.39	0.378398	60.05	1.77851
8000	111	100	300	4	25	33	857153	5.93306	6	1	0	7	0.142857	7	0.142857	1	5.81	0.764176	0.74	-0.130768	33.43	1.52414
8000	113	100	300	4	25	31	107409	5.03104	6	1	0	6	0.166667	6	0.166667	1	0.86	-0.0655015	0.13	-0.886057	3.42	0.534026
8000	114	100	300	4	25	39	948575	5.97707	6	1	0	11	0.0909091	11	0.0909091	1	12.35	1.09167	1.14	0.0569049	4.82	0.683047
8000	116	100	300	4	25	30	996568	5.99851	6	1	0	4	0.25	4	0.25	1	8.79	0.943989	1.51	0.178977	210.95	2.32418
8000	118	100	300	4	25	37	677762	5.83108	6	1	0	9	0.111111	9	0.111111	1	9.4	0.973128	0.94	-0.0268721	46.38	1.66633
8000	119	100	300	4	25	33	303946	5.4828	6	1	0	6	0.166667	6	0.166667	1	3.88	0.588832	0.75	-0.124939	15.14	1.18013
8000	123	100	300	4	25	33	855880	5.93241	6	1	0	5	0.2	5	0.2	1	12.82	1.10789	0.84	-0.0757207	25.5	1.40654
8000	126	100	300	4	25	33	272688	5.43567	6	1	0	7	0.142857	7	0.142857	1	3.03	0.481443	0.43	-0.366532	1.11	0.045323
8000	129	100	300	4	25	34	299463	5.47634	6	1	0	9	0.111111	9	0.111111	1	3.61	0.557507	0.34	-0.468521	58.5	1.76716
8000	131	100	300	4	25	30	300225	5.47745	6	1	0	7	0.142857	7	0.142857	1	1.97	0.294466	0.49	-0.309804	49.32	1.69302
8000	132	100	300	4	25	34	578793	5.76252	6	1	0	6	0.166667	6	0.166667	1	5.79	0.762679	0.73	-0.136677	2.15	0.332438
8000	136	100	300	4	25	27	134441	5.12853	6	1	0	5	0.2	5	0.2	1	0.93	-0.0315171	0.22	-0.657577	7.9	0.897627
8000	138	100	300	4	25	30	181590	5.25909	6	1	0	6	0.166667	6	0.166667	1	1.58	0.198657	0.27	-0.568636	0.67	-0.173925
8000	139	100	300	4	25	38	286085	5.4565	6	1	0	9	0.111111	9	0.111111	1	5.04	0.702431	0.34	-0.468521	13.77	1.13893
8000	140	100	300	4	25	39	808653	5.90776	6	1	0	9	0.111111	9	0.111111	1	16.46	1.21643	1.44	0.158362	56.2	1.74974
8000	141	100	300	4	25	49	894982	5.95181	6	1	0	16	0.0625	16	0.0625	1	10.19	1.00817	3.53	0.547775	10.96	1.03981
8000	143	100	300	4	25	35	387550	5.58833	6	1	0	7	0.142857	7	0.142857	1	2.71	0.432969	0.82	-0.0861861	26.37	1.42111
8000	145	100	300	4	25	36	137605	5.13863	6	1	0	12	0.0833333	12	0.0833333	1	1.31	0.117271	0.15	-0.823909	1.36	0.133539
8000	146	100	300	4	25	34	554553	5.74394	6	1	0	9	0.111111	9	0.111111	1	8.17	0.912222	0.53	-0.275724	1.21	0.0827854
8000	153	100	300	4	25	38	674680	5.8291	6	1	0	9	0.111111	9	0.111111	1	8.85	0.946943	1.23	0.0899051	44.49	1.64826
8000	159	100	300	4	25	34	848501	5.92865	6	1	0	7	0.142857	7	0.142857	1	11.07	1.04415	1.61	0.206826	97.12	1.98731
8000	160	100	300	4	25	36	174365	5.24146	6	1	0	12	0.0833333	12	0.0833333	1	1.68	0.225309	0.29	-0.537602	0.72	-0.142668
8000	161	100	300	4	25	29	149454	5.17451	6	1	0	7	0.142857	7	0.142857	1	1.87	0.271842	0.18	-0.744727	0.52	-0.283997
8000	164	100	300	4	25	35	415204	5.61826	6	1	0	8	0.125	8	0.125	1	4.48	0.651278	0.39	-0.408935	1.97	0.294466
8000	166	100	300	4	25	33	255730	5.40778	6	1	0	6	0.166667	6	0.166667	1	2.23	0.348305	0.31	-0.508638	1.83	0.262451
8000	169	100	300	4	25	37	700579	5.84546	6	1	0	14	0.0714286	14	0.0714286	1	5.97	0.775974	0.57	-0.244125	3.95	0.596597
8000	171	100	300	4	25	29	968388	5.98605	6	1	0	4	0.25	4	0.25	1	8.59	0.933993	1.78	0.25042	58.09	1.7641
8000	174	100	300	4	25	32	482112	5.68315	6	1	0	6	0.166667	6	0.166667	1	6.31	0.800029	0.64	-0.19382	24.72	1.39305
8000	176	100	300	4	25	35	331238	5.52014	6	1	0	10	0.1	10	0.1	1	5.65	0.752048	0.73	-0.136677	31.95	1.50447
8000	177	100	300	4	25	27	137670	5.13884	6	1	0	6	0.166667	6	0.166667	1	1.22	0.0863598	0.22	-0.657577	2.14	0.330414
8000	178	100	300	4	25	37	564718	5.75183	6	1	0	8	0.125	8	0.125	1	4.95	0.694605	0.98	-0.00877392	35.4	1.549
8000	180	100	300	4	25	31	240183	5.38054	6	1	0	8	0.125	8	0.125	1	1.97	0.294466	0.32	-0.49485	0.95	-0.0222764
8000	182	100	300	4	25	29	218262	5.33898	6	1	0	5	0.2	5	0.2	1	1.25	0.09691	0.34	-0.468521	7.98	0.902003
8000	184	100	300	4	25	29	260602	5.41598	6	1	0	7	0.142857	7	0.142857	1	1.89	0.276462	0.43	-0.366532	2.53	0.403121
8000	186	100	300	4	25	31	202508	5.30644	6	1	0	5	0.2	5	0.2	1	1.92	0.283301	0.25	-0.60206	0.84	-0.0757207
8000	187	100	300	4	25	27	161703	5.20872	6	1	0	6	0.166667	6	0.166667	1	1.74	0.240549	0.22	-0.657577	0.81	-0.091515
8000	188	100	300	4	25	36	189534	5.27769	6	1	0	13	0.0769231	13	0.0769231	1	1.56	0.193125	0.23	-0.638272	1.08	0.0334238
8000	191	100	300	4	25	31	137776	5.13917	6	1	0	9	0.111111	9	0.111111	1	1.17	0.0681859	0.17	-0.769551	9.03	0.955688
8000	192	100	300	4	25	40	624673	5.79565	6	1	0	10	0.1	10	0.1	1	6.52	0.814248	0.66	-0.180456	8.71	0.940018
8000	198	100	300	4	25	35	201800	5.30492	6	1	0	14	0.0714286	14	0.0714286	1	2.34	0.369216	0.23	-0.638272	0.74	-0.130768
8000	200	100	300	4	25	34	794460	5.90007	6	1	0	8	0.125	8	0.125	1	10.31	1.01326	0.76	-0.119186	1.51	0.178977
8000	201	100	300	4	25	40	977241	5.99	6	1	0	10	0.1	10	0.1	1	10.7	1.02938	2.95	0.469822	36.86	1.56656
8000	202	100	300	4	25	30	356326	5.55185	6	1	0	7	0.142857	7	0.142857	1	2.95	0.469822	0.32	-0.49485	21.85	1.33945
8000	207	100	300	4	25	38	480343	5.68155	6	1	0	10	0.1	10	0.1	1	4.88	0.68842	0.77	-0.113509	2.76	0.440909
8000	209	100	300	4	25	29	137081	5.13698	6	1	0	6	0.166667	6	0.166667	1	1.39	0.143015	0.16	-0.79588	1.13	0.0530784
8000	214	100	300	4	25	34	105972	5.02519	6	1	0	9	0.111111	9	0.111111	1	1.24	0.0934217	0.17	-0.769551	0.9	-0.0457575
8000	215	100	300	4	25	39	254467	5.40563	6	1	0	11	0.0909091	11	0.0909091	1	5.28	0.722634	0.48	-0.318759	1.06	0.0253059
8000	216	100	300	4	25	34	285916	5.45624	6	1	0	13	0.0769231	13	0.0769231	1	2.94	0.468347	0.41	-0.387216	1.3	0.113943
8000	217	100	300	4	25	32	645467	5.80987	6	1	0	5	0.2	5	0.2	1	9.59	0.981819	0.87	-0.0604807	50.91	1.7068
8000	221	100	300	4	25	31	275314	5.43983	6	1	0	8	0.125	8	0.125	1	2.37	0.374748	0.38	-0.420216	20.36	1.30878
8000	225	100	300	4	25	30	214593	5.33162	6	1	0	6	0.166667	6	0.166667	1	2.71	0.432969	0.29	-0.537602	1.09	0.0374265
8000	230	100	300	4	25	24	238125	5.3768	6	1	0	4	0.25	4	0.25	1	2.03	0.307496	0.27	-0.568636	7.5	0.875061
8000	233	100	300	4	25	30	668092	5.82484	6	1	0	6	0.166667	6	0.166667	1	6.89	0.838219	0.62	-0.207608	3.2	0.50515
8000	235	100	300	4	25	32	203567	5.30871	6	1	0	7	0.142857	7	0.142857	1	3.37	0.52763	0.27	-0.568636	8.44	0.926342
8000	239	100	300	4	25	37	584866	5.76706	6	1	0	11	0.0909091	11	0.0909091	1	4.23	0.62634	0.61	-0.21467	2.31	0.363612
8000	241	100	300	4	25	33	251281	5.40016	6	1	0	7	0.142857	7	0.142857	1	2.49	0.396199	0.48	-0.318759	1.52	0.181844
8000	243	100	300	4	25	26	255535	5.40745	6	1	0	4	0.25	4	0.25	1	1.85	0.267172	0.51	-0.29243	9.96	0.998259
8000	244	100	300	4	25	35	306033	5.48577	6	1	0	11	0.0909091	11	0.0909091	1	4.28	0.631444	0.36	-0.443697	29.87	1.47524
8000	246	100	300	4	25	37	202873	5.30722	6	1	0	12	0.0833333	12	0.0833333	1	2.58	0.41162	0.24	-0.619789	10.24	1.0103
8000	249	100	300	4	25	31	125566	5.09887	6	1	0	8	0.125	8	0.125	1	0.81	-0.091515	0.15	-0.823909	5.47	0.737987
8000	250	100	300	4	25	55	542232	5.73419	6	1	0	19	0.0526316	19	0.0526316	1	8.6	0.934498	0.76	-0.119186	3.24	0.510545
8000	252	100	300	4	25	35	665605	5.82322	6	1	0	7	0.142857	7	0.142857	1	9.41	0.97359	1.1	0.0413927	49.58	1.69531
8000	254	100	300	4	25	29	174031	5.24063	6	1	0	5	0.2	5	0.2	1	2.04	0.30963	0.25	-0.60206	8.72	0.940516
8000	256	100	300	4	25	34	367286	5.565	6	1	0	7	0.142857	7	0.142857	1	3.46	0.539076	0.7	-0.154902	24.98	1.39759
8000	261	100	300	4	25	27	112172	5.04988	6	1	0	7	0.142857	7	0.142857	1	1.37	0.136721	0.1	-1	1	0
8000	262	100	300	4	25	28	137831	5.13935	6	1	0	7	0.142857	7	0.142857	1	1.57	0.1959	0.24	-0.619789	5.7	0.755875
8000	263	100	300	4	25	39	264802	5.42292	6	1	0	14	0.0714286	14	0.0714286	1	2.16	0.334454	0.32	-0.49485	0.66	-0.180456
8000	266	100	300	4	25	31	604314	5.78126	6	1	0	6	0.166667	6	0.166667	1	3.92	0.593286	1.23	0.0899051	275.5	2.44012
8000	267	100	300	4	25	29	319045	5.50385	6	1	0	5	0.2	5	0.2	1	2.3	0.361728	0.41	-0.387216	14.7	1.16732
8000	268	100	300	4	25	33	180103	5.25552	6	1	0	7	0.142857	7	0.142857	1	2.74	0.437751	0.24	-0.619789	18.43	1.26553
8000	269	100	300	4	25	34	545245	5.73659	6	1	0	6	0.166667	6	0.166667	1	6.34	0.802089	0.56	-0.251812	256.44	2.40899
8000	276	100	300	4	25	29	157811	5.19814	6	1	0	7	0.142857	7	0.142857	1	1.94	0.287802	0.2	-0.69897	0.66	-0.180456
8000	277	100	300	4	25	39	271313	5.43347	6	1	0	11	0.0909091	11	0.0909091	1	3.88	0.588832	0.35	-0.455932	1.52	0.181844
8000	281	100	300	4	25	39	905065	5.95668	6	1	0	8	0.125	8	0.125	1	14.72	1.16791	3.23	0.509203	75.59	1.87846
8000	285	100	300	4	25	31	661927	5.82081	6	1	0	7	0.142857	7	0.142857	1	11.17	1.04805	0.7	-0.154902	2.65	0.423246
8000	290	100	300	4	25	37	832543	5.92041	6	1	0	7	0.142857	7	0.142857	1	14.18	1.15168	0.82	-0.0861861	52.95	1.72387
8000	292	100	300	4	25	39	688586	5.83796	6	1	0	7	0.142857	7	0.142857	1	9.72	0.987666	1.2	0.0791812	146.65	2.16628
8000	293	100	300	4	25	34	308125	5.48873	6	1	0	9	0.111111	9	0.111111	1	3.66	0.563481	0.46	-0.337242	14.92	1.17377
8000	297	100	300	4	25	36	783179	5.89386	6	1	0	9	0.111111	9	0.111111	1	11.27	1.05192	1.64	0.214844	121.56	2.08479
8000	300	100	300	4	25	29	446669	5.64999	6	1	0	7	0.142857	7	0.142857	1	3.67	0.564666	0.5	-0.30103	20.84	1.3189
8000	303	100	300	4	25	27	866949	5.93799	6	1	0	5	0.2	5	0.2	1	9.36	0.971276	0.76	-0.119186	3.44	0.536558
8000	308	100	300	4	25	26	242351	5.38444	6	1	0	5	0.2	5	0.2	1	2.14	0.330414	0.4	-0.39794	11.23	1.05038
8000	309	100	300	4	25	36	467152	5.66946	6	1	0	8	0.125	8	0.125	1	6.82	0.833784	0.65	-0.187087	3.11	0.49276
8000	315	100	300	4	25	35	705020	5.8482	6	1	0	7	0.142857	7	0.142857	1	7.57	0.879096	0.67	-0.173925	35.44	1.54949
8000	318	100	300	4	25	33	707661	5.84983	6	1	0	5	0.2	5	0.2	1	11.7	1.06819	1.41	0.149219	43.11	1.63458
8000	319	100	300	4	25	32	422386	5.62571	6	1	0	6	0.166667	6	0.166667	1	5.56	0.745075	0.41	-0.387216	1.71	0.232996
8000	320	100	300	4	25	34	559082	5.74748	6	1	0	8	0.125	8	0.125	1	4.62	0.664642	0.52	-0.283997	43.23	1.63579
8000	323	100	300	4	25	34	323247	5.50953	6	1	0	7	0.142857	7	0.142857	1	4.4	0.643453	0.54	-0.267606	17.75	1.2492
8000	329	100	300	4	25	37	174798	5.24254	6	1	0	10	0.1	10	0.1	1	1.26	0.100371	0.34	-0.468521	0.58	-0.236572
8000	330	100	300	4	25	31	221088	5.34457	6	1	0	8	0.125	8	0.125	1	1.81	0.257679	0.2	-0.69897	0.76	-0.119186
8000	332	100	300	4	25	31	623148	5.79459	6	1	0	7	0.142857	7	0.142857	1	4.72	0.673942	1.1	0.0413927	47.89	1.68024
8000	333	100	300	4	25	31	580369	5.7637	6	1	0	7	0.142857	7	0.142857	1	4.78	0.679428	0.85	-0.0705811	118.96	2.0754
8000	336	100	300	4	25	34	501725	5.70047	6	1	0	6	0.166667	6	0.166667	1	6.37	0.804139	0.91	-0.0409586	32.85	1.51654
8000	337	100	300	4	25	32	138647	5.14191	6	1	0	7	0.142857	7	0.142857	1	1.29	0.11059	0.17	-0.769551	1.13	0.0530784
8000	338	100	300	4	25	35	105442	5.02301	6	1	0	12	0.0833333	12	0.0833333	1	0.71	-0.148742	0.15	-0.823909	1.02	0.00860017
8000	342	100	300	4	25	29	689131	5.8383	6	1	0	4	0.25	4	0.25	1	5.43	0.7348	1.17	0.0681859	33.31	1.52257
8000	344	100	300	4	25	33	153935	5.18734	6	1	0	7	0.142857	7	0.142857	1	1.27	0.103804	0.23	-0.638272	1.21	0.0827854
8000	348	100	300	4	25	32	262741	5.41953	6	1	0	7	0.142857	7	0.142857	1	1.95	0.290035	0.38	-0.420216	1.35	0.130334
8000	350	100	300	4	25	37	943430	5.97471	6	1	0	7	0.142857	7	0.142857	1	14.75	1.16879	2.91	0.463893	8.31	0.919601
8000	352	100	300	4	25	26	161135	5.20719	6	1	0	4	0.25	4	0.25	1	1.83	0.262451	0.26	-0.585027	13.01	1.11428
8000	353	100	300	4	25	34	166939	5.22256	6	1	0	8	0.125	8	0.125	1	1.79	0.252853	0.31	-0.508638	0.96	-0.0177288
8000	354	100	300	4	25	40	813242	5.91022	6	1	0	12	0.0833333	12	0.0833333	1	10.08	1.00346	2.1	0.322219	27.19	1.43441
8000	356	100	300	4	25	38	481023	5.68217	6	1	0	8	0.125	8	0.125	1	4.37	0.640481	0.57	-0.244125	63.36	1.80182
8000	361	100	300	4	25	30	306718	5.48674	6	1	0	5	0.2	5	0.2	1	4.9	0.690196	0.58	-0.236572	12.56	1.09899
8000	368	100	300	4	25	29	202197	5.30577	6	1	0	5	0.2	5	0.2	1	2.29	0.359835	0.38	-0.420216	1.08	0.0334238
8000	370	100	300	4	25	36	216504	5.33547	6	1	0	12	0.0833333	12	0.0833333	1	2.34	0.369216	0.4	-0.39794	0.76	-0.119186
8000	373	100	300	4	25	38	514837	5.71167	6	1	0	9	0.111111	9	0.111111	1	5.02	0.700704	0.96	-0.0177288	41.29	1.61584
8000	377	100	300	4	25	36	676444	5.83023	6	1	0	11	0.0909091	11	0.0909091	1	11.69	1.06781	0.88	-0.0555173	32.64	1.51375
8000	378	100	300	4	25	27	345675	5.53867	6	1	0	6	0.166667	6	0.166667	1	4.27	0.630428	0.32	-0.49485	1.45	0.161368
8000	380	100	300	4	25	28	102408	5.01033	6	1	0	7	0.142857	7	0.142857	1	1.35	0.130334	0.12	-0.920819	3.2	0.50515
8000	381	100	300	4	25	33	217396	5.33725	6	1	0	8	0.125	8	0.125	1	2.92	0.465383	0.27	-0.568636	52.22	1.71784
8000	383	100	300	4	25	32	604390	5.78132	6	1	0	6	0.166667	6	0.166667	1	7.89	0.897077	1.39	0.143015	124.12	2.09384
8000	395	100	300	4	25	33	263280	5.42042	6	1	0	8	0.125	8	0.125	1	2.47	0.392697	0.31	-0.508638	0.85	-0.0705811
8000	400	100	300	4	25	35	266688	5.426	6	1	0	10	0.1	10	0.1	1	5.02	0.700704	0.31	-0.508638	1.13	0.0530784
8000	402	100	300	4	25	31	149993	5.17607	6	1	0	6	0.166667	6	0.166667	1	1.27	0.103804	0.19	-0.721246	0.31	-0.508638
8000	408	100	300	4	25	37	186534	5.27076	6	1	0	10	0.1	10	0.1	1	1.54	0.187521	0.34	-0.468521	0.79	-0.102373
8000	410	100	300	4	25	28	141459	5.15063	6	1	0	6	0.166667	6	0.166667	1	1.06	0.0253059	0.15	-0.823909	14.7	1.16732
8000	411	100	300	4	25	35	336821	5.5274	6	1	0	9	0.111111	9	0.111111	1	4.06	0.608526	0.54	-0.267606	78.63	1.89559
8000	414	100	300	4	25	34	471388	5.67338	6	1	0	7	0.142857	7	0.142857	1	11.47	1.05956	0.5	-0.30103	2.88	0.459392
8000	416	100	300	4	25	35	706899	5.84936	6	1	0	7	0.142857	7	0.142857	1	8.45	0.926857	0.78	-0.107905	1.84	0.264818
8000	417	100	300	4	25	32	467894	5.67015	6	1	0	5	0.2	5	0.2	1	5.45	0.736397	1.3	0.113943	25.65	1.40909
8000	422	100	300	4	25	40	157907	5.1984	6	1	0	9	0.111111	9	0.111111	1	2.2	0.342423	0.28	-0.552842	1.11	0.045323
8000	423	100	300	4	25	29	669015	5.82544	6	1	0	6	0.166667	6	0.166667	1	5.09	0.706718	1.8	0.255273	68.37	1.83487
8000	426	100	300	4	25	33	103595	5.01534	6	1	0	8	0.125	8	0.125	1	0.96	-0.0177288	0.09	-1.04576	2.78	0.444045
8000	430	100	300	4	25	30	517203	5.71366	6	1	0	5	0.2	5	0.2	1	5.69	0.755112	0.42	-0.376751	22.83	1.35851
8000	431	100	300	4	25	29	385271	5.58577	6	1	0	7	0.142857	7	0.142857	1	3.81	0.580925	0.4	-0.39794	50.99	1.70749
8000	432	100	300	4	25	25	120787	5.08202	6	1	0	4	0.25	4	0.25	1	0.85	-0.0705811	0.12	-0.920819	4.12	0.614897
8000	433	100	300	4	25	38	869748	5.93939	6	1	0	12	0.0833333	12	0.0833333	1	20	1.30103	1.02	0.00860017	101.92	2.00826
8000	434	100	300	4	25	32	568213	5.75451	6	1	0	7	0.142857	7	0.142857	1	6.84	0.835056	0.48	-0.318759	57.36	1.75861
8000	436	100	300	4	25	29	272464	5.43531	6	1	0	7	0.142857	7	0.142857	1	3.33	0.522444	0.26	-0.585027	1.11	0.045323
8000	444	100	300	4	25	34	431617	5.6351	6	1	0	8	0.125	8	0.125	1	5.51	0.741152	0.43	-0.366532	2.19	0.340444
8000	445	100	300	4	25	31	566944	5.75354	6	1	0	6	0.166667	6	0.166667	1	4.95	0.694605	0.57	-0.244125	2.39	0.378398
8000	446	100	300	4	25	36	666887	5.82405	6	1	0	6	0.166667	6	0.166667	1	9.38	0.972203	1.81	0.257679	60.98	1.78519
8000	449	100	300	4	25	41	648161	5.81168	6	1	0	12	0.0833333	12	0.0833333	1	9.13	0.960471	0.68	-0.167491	2.32	0.365488
8000	451	100	300	4	25	31	223388	5.34906	6	1	0	7	0.142857	7	0.142857	1	2.06	0.313867	0.32	-0.49485	1.56	0.193125
8000	453	100	300	4	25	31	528974	5.72343	6	1	0	7	0.142857	7	0.142857	1	7.71	0.887054	0.52	-0.283997	24.3	1.38561
8000	455	100	300	4	25	25	385334	5.58584	6	1	0	5	0.2	5	0.2	1	2.93	0.466868	0.54	-0.267606	1.76	0.245513
8000	456	100	300	4	25	35	761619	5.88174	6	1	0	10	0.1	10	0.1	1	8.01	0.903633	1.06	0.0253059	3.95	0.596597
8000	458	100	300	4	25	34	213688	5.32978	6	1	0	10	0.1	10	0.1	1	1.61	0.206826	0.38	-0.420216	9.07	0.957607
8000	460	100	300	4	25	36	578468	5.76228	6	1	0	7	0.142857	7	0.142857	1	7.38	0.868056	0.63	-0.200659	28.6	1.45637
8000	462	100	300	4	25	35	549119	5.73967	6	1	0	10	0.1	10	0.1	1	7.28	0.862131	0.51	-0.29243	76.91	1.88598
8000	463	100	300	4	25	36	902160	5.95528	6	1	0	7	0.142857	7	0.142857	1	7.18	0.856124	0.78	-0.107905	4.73	0.674861
8000	464	100	300	4	25	31	285502	5.45561	6	1	0	9	0.111111	9	0.111111	1	1.73	0.238046	0.21	-0.677781	1.28	0.10721
8000	465	100	300	4	25	35	347368	5.54079	6	1	0	8	0.125	8	0.125	1	3.63	0.559907	0.39	-0.408935	80.73	1.90703
8000	469	100	300	4	25	29	787562	5.89628	6	1	0	4	0.25	4	0.25	1	11.72	1.06893	1.49	0.173186	143.74	2.15758
8000	471	100	300	4	25	33	161551	5.20831	6	1	0	8	0.125	8	0.125	1	1.85	0.267172	0.19	-0.721246	1.16	0.064458
8000	474	100	300	4	25	31	926377	5.96679	6	1	0	5	0.2	5	0.2	1	9.29	0.968016	0.94	-0.0268721	4.47	0.650308
8000	476	100	300	4	25	36	316932	5.50097	6	1	0	7	0.142857	7	0.142857	1	2.43	0.385606	0.63	-0.200659	18.28	1.26198
8000	478	100	300	4	25	36	948412	5.977	6	1	0	8	0.125	8	0.125	1	9.96	0.998259	1.52	0.181844	100.09	2.00039
8000	480	100	300	4	25	40	321118	5.50666	6	1	0	17	0.0588235	17	0.0588235	1	3.69	0.567026	0.34	-0.468521	3.15	0.498311
8000	483	100	300	4	25	27	215373	5.33319	6	1	0	5	0.2	5	0.2	1	2.79	0.445604	0.29	-0.537602	0.99	-0.00436481
8000	490	100	300	4	25	34	414003	5.617	6	1	0	9	0.111111	9	0.111111	1	6.76	0.829947	0.49	-0.309804	1.86	0.269513
8000	494	100	300	4	25	29	230277	5.36225	6	1	0	6	0.166667	6	0.166667	1	1.83	0.262451	0.26	-0.585027	0.78	-0.107905
8000	495	100	300	4	25	36	832493	5.92038	6	1	0	8	0.125	8	0.125	1	9.77	0.989895	0.76	-0.119186	61.77	1.79078
8000	496	100	300	4	25	43	360597	5.55702	6	1	0	11	0.0909091	11	0.0909091	1	6.28	0.79796	0.72	-0.142668	3.68	0.565848
8000	497	100	300	4	25	38	232484	5.36639	6	1	0	14	0.0714286	14	0.0714286	1	2.35	0.371068	0.37	-0.431798	2.24	0.350248
8000	498	100	300	4	25	32	145469	5.16277	6	1	0	9	0.111111	9	0.111111	1	2.19	0.340444	0.14	-0.853872	0.91	-0.0409586
8000	499	100	300	4	25	25	310463	5.49201	6	1	0	5	0.2	5	0.2	1	2.78	0.444045	0.36	-0.443697	18.52	1.26764
8000	502	100	300	4	25	34	439425	5.64288	6	1	0	6	0.166667	6	0.166667	1	5.48	0.738781	0.38	-0.420216	24.6	1.39094
8000	503	100	300	4	25	37	837599	5.92304	6	1	0	8	0.125	8	0.125	1	8.95	0.951823	0.89	-0.05061	65.66	1.8173
8000	505	100	300	4	25	29	307805	5.48828	6	1	0	5	0.2	5	0.2	1	2.21	0.344392	0.43	-0.366532	11.37	1.05576
8000	506	100	300	4	25	32	294873	5.46964	6	1	0	8	0.125	8	0.125	1	3.16	0.499687	0.58	-0.236572	15.74	1.197
8000	507	100	300	4	25	40	846417	5.92758	6	1	0	11	0.0909091	11	0.0909091	1	13.04	1.11528	0.68	-0.167491	4.95	0.694605
8000	509	100	300	4	25	36	690679	5.83928	6	1	0	8	0.125	8	0.125	1	10.23	1.00988	0.68	-0.167491	2.33	0.367356
8000	516	100	300	4	25	31	168062	5.22547	6	1	0	8	0.125	8	0.125	1	2.03	0.307496	0.2	-0.69897	0.59	-0.229148
8000	517	100	300	4	25	32	278222	5.44439	6	1	0	7	0.142857	7	0.142857	1	2.5	0.39794	0.49	-0.309804	12.09	1.08243
8000	521	100	300	4	25	39	659076	5.81894	6	1	0	13	0.0769231	13	0.0769231	1	9.3	0.968483	0.99	-0.00436481	3.17	0.501059
8000	522	100	300	4	25	40	742573	5.87074	6	1	0	10	0.1	10	0.1	1	8.33	0.920645	0.74	-0.130768	5.14	0.710963
8000	523	100	300	4	25	33	658403	5.81849	6	1	0	8	0.125	8	0.125	1	5.53	0.742725	0.53	-0.275724	25.41	1.405
8000	528	100	300	4	25	35	300107	5.47728	6	1	0	10	0.1	10	0.1	1	2.46	0.390935	0.48	-0.318759	13.64	1.13481
8000	532	100	300	4	25	34	945065	5.97546	6	1	0	10	0.1	10	0.1	1	9.31	0.96895	0.75	-0.124939	1.48	0.170262
8000	535	100	300	4	25	38	211852	5.32603	6	1	0	12	0.0833333	12	0.0833333	1	2.28	0.357935	0.38	-0.420216	1.19	0.075547
8000	538	100	300	4	25	36	905584	5.95693	6	1	0	9	0.111111	9	0.111111	1	6.57	0.817565	0.77	-0.113509	3.46	0.539076
8000	539	100	300	4	25	25	241502	5.38292	6	1	0	6	0.166667	6	0.166667	1	1.7	0.230449	0.26	-0.585027	1.27	0.103804
8000	541	100	300	4	25	36	289985	5.46238	6	1	0	8	0.125	8	0.125	1	3.37	0.52763	0.32	-0.49485	16.84	1.22634
8000	543	100	300	4	25	30	218143	5.33874	6	1	0	6	0.166667	6	0.166667	1	2.01	0.303196	0.27	-0.568636	0.97	-0.0132283
8000	548	100	300	4	25	32	204052	5.30974	6	1	0	7	0.142857	7	0.142857	1	2.09	0.320146	0.25	-0.60206	13.33	1.12483
8000	553	100	300	4	25	31	706779	5.84928	6	1	0	8	0.125	8	0.125	1	7.71	0.887054	0.78	-0.107905	4.67	0.669317
8000	555	100	300	4	25	36	268205	5.42847	6	1	0	6	0.166667	6	0.166667	1	3.47	0.540329	0.35	-0.455932	0.88	-0.0555173
8000	556	100	300	4	25	32	224667	5.35154	6	1	0	7	0.142857	7	0.142857	1	2.4	0.380211	0.31	-0.508638	6.07	0.783189
8000	561	100	300	4	25	32	295745	5.47092	6	1	0	10	0.1	10	0.1	1	5.29	0.723456	0.33	-0.481486	37	1.5682
8000	563	100	300	4	25	38	389648	5.59067	6	1	0	9	0.111111	9	0.111111	1	3.33	0.522444	0.7	-0.154902	15.57	1.19229
8000	568	100	300	4	25	39	911455	5.95974	6	1	0	9	0.111111	9	0.111111	1	10.74	1.031	2.44	0.38739	72.94	1.86297
8000	569	100	300	4	25	26	274022	5.43779	6	1	0	5	0.2	5	0.2	1	1.68	0.225309	0.34	-0.468521	1.21	0.0827854
8000	574	100	300	4	25	32	107534	5.03155	6	1	0	7	0.142857	7	0.142857	1	1.12	0.049218	0.11	-0.958607	0.94	-0.0268721
8000	575	100	300	4	25	37	606606	5.78291	6	1	0	10	0.1	10	0.1	1	5.02	0.700704	0.78	-0.107905	2.06	0.313867
8000	576	100	300	4	25	40	587316	5.76887	6	1	0	9	0.111111	9	0.111111	1	6.9	0.838849	0.92	-0.0362122	5.69	0.755112
8000	582	100	300	4	25	32	110525	5.04346	6	1	0	8	0.125	8	0.125	1	1.28	0.10721	0.1	-1	0.77	-0.113509
8000	585	100	300	4	25	31	739661	5.86903	6	1	0	6	0.166667	6	0.166667	1	9.14	0.960946	0.67	-0.173925	4.1	0.612784
8000	588	100	300	4	25	30	629718	5.79915	6	1	0	5	0.2	5	0.2	1	6.68	0.824776	0.61	-0.21467	2.97	0.472756
8000	589	100	300	4	25	34	108910	5.03707	6	1	0	9	0.111111	9	0.111111	1	1.58	0.198657	0.16	-0.79588	4	0.60206
8000	592	100	300	4	25	36	358483	5.55447	6	1	0	8	0.125	8	0.125	1	4.64	0.666518	0.41	-0.387216	25.04	1.39863
8000	596	100	300	4	25	33	797070	5.9015	6	1	0	5	0.2	5	0.2	1	8.27	0.917506	0.87	-0.0604807	41.64	1.61951
8000	597	100	300	4	25	25	127557	5.1057	6	1	0	5	0.2	5	0.2	1	1.13	0.0530784	0.16	-0.79588	0.96	-0.0177288
8000	598	100	300	4	25	39	553177	5.74286	6	1	0	7	0.142857	7	0.142857	1	6.32	0.800717	1.08	0.0334238	50.15	1.70027
8000	603	100	300	4	25	41	778683	5.89136	6	1	0	11	0.0909091	11	0.0909091	1	10.27	1.01157	0.73	-0.136677	4.67	0.669317
8000	605	100	300	4	25	35	553052	5.74277	6	1	0	7	0.142857	7	0.142857	1	4.81	0.682145	0.51	-0.29243	2.4	0.380211
8000	606	100	300	4	25	38	349793	5.54381	6	1	0	9	0.111111	9	0.111111	1	3.01	0.478566	0.65	-0.187087	1.41	0.149219
8000	609	100	300	4	25	30	293254	5.46724	6	1	0	7	0.142857	7	0.142857	1	3.06	0.485721	0.4	-0.39794	29.36	1.46776
8000	610	100	300	4	25	32	373758	5.57259	6	1	0	7	0.142857	7	0.142857	1	4.75	0.676694	0.31	-0.508638	30.92	1.49024
8000	614	100	300	4	25	36	101552	5.00669	6	1	0	13	0.0769231	13	0.0769231	1	1.3	0.113943	0.11	-0.958607	1.22	0.0863598
8000	616	100	300	4	25	31	353299	5.54814	6	1	0	8	0.125	8	0.125	1	6.16	0.789581	0.34	-0.468521	1.88	0.274158
8000	618	100	300	4	25	34	261587	5.41762	6	1	0	9	0.111111	9	0.111111	1	3.44	0.536558	0.34	-0.468521	12.04	1.08063
8000	619	100	300	4	25	36	375474	5.57458	6	1	0	8	0.125	8	0.125	1	2.7	0.431364	0.6	-0.221849	18.66	1.27091
8000	620	100	300	4	25	31	377450	5.57686	6	1	0	6	0.166667	6	0.166667	1	3.21	0.506505	0.33	-0.481486	1.46	0.164353
8000	622	100	300	4	25	39	310047	5.49143	6	1	0	9	0.111111	9	0.111111	1	3.54	0.549003	0.45	-0.346787	37.06	1.56891
8000	623	100	300	4	25	37	420311	5.62357	6	1	0	6	0.166667	6	0.166667	1	7.35	0.866287	0.46	-0.337242	18.81	1.27439
8000	625	100	300	4	25	30	433923	5.63741	6	1	0	7	0.142857	7	0.142857	1	5.33	0.726727	0.4	-0.39794	1.43	0.155336
8000	626	100	300	4	25	23	118076	5.07216	6	1	0	3	0.333333	3	0.333333	1	0.97	-0.0132283	0.11	-0.958607	3.88	0.588832
8000	628	100	300	4	25	30	365769	5.56321	6	1	0	6	0.166667	6	0.166667	1	3.44	0.536558	0.3	-0.522879	74.6	1.87274
8000	630	100	300	4	25	40	970840	5.98715	6	1	0	8	0.125	8	0.125	1	11.31	1.05346	1.06	0.0253059	4.15	0.618048
8000	631	100	300	4	25	36	582055	5.76496	6	1	0	9	0.111111	9	0.111111	1	6.5	0.812913	0.49	-0.309804	2.98	0.474216
8000	636	100	300	4	25	36	647291	5.8111	6	1	0	10	0.1	10	0.1	1	7.65	0.883661	0.96	-0.0177288	3.06	0.485721
8000	642	100	300	4	25	44	304945	5.48422	6	1	0	11	0.0909091	11	0.0909091	1	6.69	0.825426	0.63	-0.200659	1.3	0.113943
8000	644	100	300	4	25	43	668186	5.8249	6	1	0	13	0.0769231	13	0.0769231	1	7.17	0.855519	0.89	-0.05061	5.33	0.726727
8000	645	100	300	4	25	32	187070	5.272	6	1	0	8	0.125	8	0.125	1	1.68	0.225309	0.23	-0.638272	6.12	0.786751
8000	651	100	300	4	25	38	561195	5.74911	6	1	0	11	0.0909091	11	0.0909091	1	6.29	0.798651	0.82	-0.0861861	2.72	0.434569
8000	652	100	300	4	25	30	152934	5.1845	6	1	0	6	0.166667	6	0.166667	1	1.67	0.222716	0.23	-0.638272	1.16	0.064458
8000	655	100	300	4	25	32	843361	5.92601	6	1	0	6	0.166667	6	0.166667	1	7.87	0.895975	0.92	-0.0362122	4.01	0.603144
8000	657	100	300	4	25	31	264398	5.42226	6	1	0	6	0.166667	6	0.166667	1	2.46	0.390935	0.4	-0.39794	1.19	0.075547
8000	659	100	300	4	25	32	584056	5.76645	6	1	0	6	0.166667	6	0.166667	1	4.83	0.683947	0.54	-0.267606	3.12	0.494155
8000	662	100	300	4	25	42	493613	5.69339	6	1	0	13	0.0769231	13	0.0769231	1	10.39	1.01662	0.43	-0.366532	4.54	0.657056
8000	663	100	300	4	25	44	944768	5.97533	6	1	0	14	0.0714286	14	0.0714286	1	23.49	1.37088	1.45	0.161368	10.23	1.00988
8000	671	100	300	4	25	45	805019	5.90581	6	1	0	13	0.0769231	13	0.0769231	1	11.53	1.06183	0.75	-0.124939	3.15	0.498311
8000	673	100	300	4	25	41	964739	5.98441	6	1	0	11	0.0909091	11	0.0909091	1	9.42	0.974051	0.77	-0.113509	1.47	0.167317
8000	681	100	300	4	25	32	253245	5.40354	6	1	0	9	0.111111	9	0.111111	1	3.04	0.482874	0.33	-0.481486	6.43	0.808211
8000	687	100	300	4	25	30	290921	5.46378	6	1	0	7	0.142857	7	0.142857	1	2.15	0.332438	0.23	-0.638272	7.86	0.895423
8000	688	100	300	4	25	36	235452	5.3719	6	1	0	11	0.0909091	11	0.0909091	1	2.45	0.389166	0.27	-0.568636	0.83	-0.0809219
8000	694	100	300	4	25	28	171366	5.23392	6	1	0	6	0.166667	6	0.166667	1	1.48	0.170262	0.18	-0.744727	0.72	-0.142668
8000	701	100	300	4	25	30	221266	5.34491	6	1	0	5	0.2	5	0.2	1	2.76	0.440909	0.28	-0.552842	44.64	1.64972
8000	707	100	300	4	25	30	204159	5.30997	6	1	0	6	0.166667	6	0.166667	1	2.47	0.392697	0.26	-0.585027	9.65	0.984527
8000	711	100	300	4	25	33	394382	5.59592	6	1	0	6	0.166667	6	0.166667	1	4.91	0.691081	0.41	-0.387216	17.8	1.25042
8000	718	100	300	4	25	31	363777	5.56084	6	1	0	5	0.2	5	0.2	1	3.68	0.565848	0.57	-0.244125	21.79	1.33826
8000	721	100	300	4	25	38	487964	5.68839	6	1	0	13	0.0769231	13	0.0769231	1	4.35	0.638489	0.46	-0.337242	2.02	0.305351
8000	722	100	300	4	25	34	478302	5.6797	6	1	0	10	0.1	10	0.1	1	3.22	0.507856	0.58	-0.236572	3.28	0.515874
8000	724	100	300	4	25	30	324353	5.51102	6	1	0	5	0.2	5	0.2	1	2.46	0.390935	0.54	-0.267606	1.47	0.167317
8000	725	100	300	4	25	35	189427	5.27744	6	1	0	9	0.111111	9	0.111111	1	1.57	0.1959	0.32	-0.49485	0.76	-0.119186
8000	728	100	300	4	25	35	519706	5.71576	6	1	0	11	0.0909091	11	0.0909091	1	5.25	0.720159	1.21	0.0827854	2.12	0.326336
8000	730	100	300	4	25	40	516899	5.71341	6	1	0	11	0.0909091	11	0.0909091	1	3.78	0.577492	1.14	0.0569049	5.14	0.710963
8000	732	100	300	4	25	31	132595	5.12253	6	1	0	7	0.142857	7	0.142857	1	1.2	0.0791812	0.2	-0.69897	0.84	-0.0757207
8000	734	100	300	4	25	36	518275	5.71456	6	1	0	11	0.0909091	11	0.0909091	1	4.09	0.611723	0.53	-0.275724	49.48	1.69443
8000	735	100	300	4	25	45	380650	5.58053	6	1	0	14	0.0714286	14	0.0714286	1	5.79	0.762679	0.87	-0.0604807	3.67	0.564666
8000	737	100	300	4	25	34	106696	5.02815	6	1	0	10	0.1	10	0.1	1	1.71	0.232996	0.17	-0.769551	0.81	-0.091515
8000	739	100	300	4	25	29	190461	5.27981	6	1	0	6	0.166667	6	0.166667	1	2.73	0.436163	0.36	-0.443697	0.74	-0.130768
8000	742	100	300	4	25	31	206106	5.31409	6	1	0	7	0.142857	7	0.142857	1	1.32	0.120574	0.2	-0.69897	0.64	-0.19382
8000	748	100	300	4	25	36	172043	5.23564	6	1	0	10	0.1	10	0.1	1	2.3	0.361728	0.2	-0.69897	0.88	-0.0555173
8000	749	100	300	4	25	37	417162	5.6203	6	1	0	11	0.0909091	11	0.0909091	1	6.61	0.820201	0.36	-0.443697	25.13	1.40019
8000	750	100	300	4	25	29	247387	5.39338	6	1	0	6	0.166667	6	0.166667	1	2.35	0.371068	0.51	-0.29243	1.18	0.071882
8000	751	100	300	4	25	35	157372	5.19693	6	1	0	7	0.142857	7	0.142857	1	1.57	0.1959	0.2	-0.69897	1.12	0.049218
8000	752	100	300	4	25	36	716478	5.8552	6	1	0	9	0.111111	9	0.111111	1	5.21	0.716838	0.77	-0.113509	2.73	0.436163
8000	757	100	300	4	25	29	263209	5.4203	6	1	0	8	0.125	8	0.125	1	1.95	0.290035	0.17	-0.769551	10.39	1.01662
8000	759	100	300	4	25	31	457489	5.66038	6	1	0	9	0.111111	9	0.111111	1	6.72	0.827369	0.7	-0.154902	2.88	0.459392
8000	763	100	300	4	25	26	117987	5.07183	6	1	0	5	0.2	5	0.2	1	0.86	-0.0655015	0.14	-0.853872	15.93	1.20222
8000	770	100	300	4	25	36	717037	5.85554	6	1	0	11	0.0909091	11	0.0909091	1	7.29	0.862728	0.55	-0.259637	54.2	1.734
8000	772	100	300	4	25	30	910400	5.95923	6	1	0	6	0.166667	6	0.166667	1	5.8	0.763428	0.87	-0.0604807	5.36	0.729165
8000	773	100	300	4	25	33	476866	5.6784	6	1	0	7	0.142857	7	0.142857	1	4.94	0.693727	0.94	-0.0268721	45.26	1.65571
8000	774	100	300	4	25	35	253792	5.40448	6	1	0	9	0.111111	9	0.111111	1	1.86	0.269513	0.49	-0.309804	1.11	0.045323
8000	776	100	300	4	25	36	928992	5.96801	6	1	0	9	0.111111	9	0.111111	1	7.05	0.848189	1.99	0.298853	56.65	1.7532
8000	780	100	300	4	25	35	699715	5.84492	6	1	0	8	0.125	8	0.125	1	6.09	0.784617	0.57	-0.244125	2.58	0.41162
8000	785	100	300	4	25	43	561659	5.74947	6	1	0	12	0.0833333	12	0.0833333	1	10.1	1.00432	0.54	-0.267606	5.7	0.755875
8000	786	100	300	4	25	28	137687	5.13889	6	1	0	5	0.2	5	0.2	1	2.01	0.303196	0.17	-0.769551	1.02	0.00860017
8000	787	100	300	4	25	30	122483	5.08808	6	1	0	10	0.1	10	0.1	1	1.15	0.0606978	0.09	-1.04576	0.69	-0.161151
8000	790	100	300	4	25	29	806660	5.90669	6	1	0	5	0.2	5	0.2	1	6.77	0.830589	0.87	-0.0604807	131.62	2.11932
8000	800	100	300	4	25	36	170844	5.2326	6	1	0	10	0.1	10	0.1	1	3.18	0.502427	0.28	-0.552842	0.69	-0.161151
8000	801	100	300	4	25	39	470810	5.67285	6	1	0	10	0.1	10	0.1	1	9.11	0.959518	0.54	-0.267606	1.76	0.245513
8000	804	100	300	4	25	27	225409	5.35297	6	1	0	6	0.166667	6	0.166667	1	1.9	0.278754	0.34	-0.468521	8.61	0.935003
8000	805	100	300	4	25	27	177107	5.24824	6	1	0	6	0.166667	6	0.166667	1	2.21	0.344392	0.2	-0.69897	13.9	1.14301
8000	812	100	300	4	25	28	159484	5.20272	6	1	0	5	0.2	5	0.2	1	1.42	0.152288	0.14	-0.853872	0.96	-0.0177288
8000	814	100	300	4	25	36	292574	5.46624	6	1	0	14	0.0714286	14	0.0714286	1	3.95	0.596597	0.16	-0.79588	0.83	-0.0809219
8000	817	100	300	4	25	38	969453	5.98653	6	1	0	9	0.111111	9	0.111111	1	9.04	0.956168	1.3	0.113943	63.27	1.8012
8000	819	100	300	4	25	29	141831	5.15177	6	1	0	8	0.125	8	0.125	1	1.32	0.120574	0.11	-0.958607	1.71	0.232996
8000	823	100	300	4	25	27	248650	5.39559	6	1	0	6	0.166667	6	0.166667	1	3.67	0.564666	0.23	-0.638272	9.71	0.987219
8000	824	100	300	4	25	33	220767	5.34393	6	1	0	8	0.125	8	0.125	1	2.4	0.380211	0.28	-0.552842	1.05	0.0211893
8000	828	100	300	4	25	29	640222	5.80633	6	1	0	5	0.2	5	0.2	1	7.36	0.866878	0.72	-0.142668	28.18	1.44994
8000	836	100	300	4	25	42	561231	5.74914	6	1	0	13	0.0769231	13	0.0769231	1	6.58	0.818226	1.63	0.212188	7.32	0.864511
8000	839	100	300	4	25	37	900195	5.95434	6	1	0	7	0.142857	7	0.142857	1	8.23	0.9154	0.9	-0.0457575	1.58	0.198657
8000	842	100	300	4	25	39	218623	5.3397	6	1	0	10	0.1	10	0.1	1	5.21	0.716838	0.4	-0.39794	12.14	1.08422
8000	844	100	300	4	25	36	496630	5.69603	6	1	0	9	0.111111	9	0.111111	1	6.61	0.820201	0.9	-0.0457575	48.85	1.68886
8000	846	100	300	4	25	41	406592	5.60916	6	1	0	17	0.0588235	17	0.0588235	1	3.51	0.545307	0.54	-0.267606	2.72	0.434569
8000	847	100	300	4	25	32	300842	5.47834	6	1	0	6	0.166667	6	0.166667	1	2.68	0.428135	0.45	-0.346787	75.36	1.87714
8000	848	100	300	4	25	39	324472	5.51118	6	1	0	10	0.1	10	0.1	1	2.98	0.474216	0.65	-0.187087	1.42	0.152288
8000	851	100	300	4	25	35	544959	5.73636	6	1	0	7	0.142857	7	0.142857	1	10.88	1.03663	1.11	0.045323	30.12	1.47885
8000	855	100	300	4	25	27	131266	5.11815	6	1	0	7	0.142857	7	0.142857	1	1.13	0.0530784	0.19	-0.721246	1.44	0.158362
8000	856	100	300	4	25	41	839197	5.92386	6	1	0	9	0.111111	9	0.111111	1	12.71	1.10415	1.07	0.0293838	9.06	0.957128
8000	862	100	300	4	25	39	806308	5.9065	6	1	0	11	0.0909091	11	0.0909091	1	12.98	1.11327	1.52	0.181844	138.25	2.14067
8000	863	100	300	4	25	31	523974	5.71931	6	1	0	7	0.142857	7	0.142857	1	5.92	0.772322	0.5	-0.30103	1.09	0.0374265
8000	864	100	300	4	25	33	995664	5.99811	6	1	0	7	0.142857	7	0.142857	1	6.34	0.802089	1.17	0.0681859	53.36	1.72722
8000	868	100	300	4	25	37	594075	5.77384	6	1	0	6	0.166667	6	0.166667	1	5.88	0.769377	0.61	-0.21467	22.23	1.34694
8000	870	100	300	4	25	29	238515	5.37752	6	1	0	8	0.125	8	0.125	1	1.98	0.296665	0.5	-0.30103	5.72	0.757396
8000	871	100	300	4	25	42	488329	5.68871	6	1	0	10	0.1	10	0.1	1	6.73	0.828015	0.52	-0.283997	4.67	0.669317
8000	873	100	300	4	25	30	183361	5.26331	6	1	0	6	0.166667	6	0.166667	1	1.55	0.190332	0.29	-0.537602	0.98	-0.00877392
8000	875	100	300	4	25	26	191264	5.28163	6	1	0	5	0.2	5	0.2	1	1.56	0.193125	0.3	-0.522879	19.89	1.29863
8000	876	100	300	4	25	31	250171	5.39824	6	1	0	9	0.111111	9	0.111111	1	1.75	0.243038	0.36	-0.443697	0.91	-0.0409586
8000	887	100	300	4	25	29	169441	5.22902	6	1	0	7	0.142857	7	0.142857	1	1.73	0.238046	0.15	-0.823909	0.79	-0.102373
8000	898	100	300	4	25	38	411701	5.61458	6	1	0	12	0.0833333	12	0.0833333	1	6.28	0.79796	0.34	-0.468521	21.41	1.33062
8000	901	100	300	4	25	28	124877	5.09648	6	1	0	7	0.142857	7	0.142857	1	0.98	-0.00877392	0.13	-0.886057	0.85	-0.0705811
8000	902	100	300	4	25	36	402025	5.60425	6	1	0	8	0.125	8	0.125	1	5.06	0.704151	0.47	-0.327902	21.24	1.32715
8000	903	100	300	4	25	31	160926	5.20663	6	1	0	7	0.142857	7	0.142857	1	1.98	0.296665	0.27	-0.568636	0.65	-0.187087
8000	909	100	300	4	25	34	661779	5.82071	6	1	0	7	0.142857	7	0.142857	1	7.28	0.862131	1.38	0.139879	201.51	2.3043
8000	913	100	300	4	25	23	182247	5.26066	6	1	0	4	0.25	4	0.25	1	1.16	0.064458	0.33	-0.481486	5.06	0.704151
8000	915	100	300	4	25	29	116658	5.06691	6	1	0	7	0.142857	7	0.142857	1	0.67	-0.173925	0.18	-0.744727	0.97	-0.0132283
8000	916	100	300	4	25	32	274068	5.43786	6	1	0	6	0.166667	6	0.166667	1	3.19	0.503791	0.44	-0.356547	16.99	1.23019
8000	917	100	300	4	25	31	818996	5.91328	6	1	0	7	0.142857	7	0.142857	1	6.37	0.804139	0.63	-0.200659	70.02	1.84522
8000	928	100	300	4	25	28	655844	5.8168	6	1	0	4	0.25	4	0.25	1	4.77	0.678518	1.45	0.161368	33.2	1.52114
8000	930	100	300	4	25	37	188754	5.2759	6	1	0	10	0.1	10	0.1	1	2.77	0.44248	0.32	-0.49485	0.78	-0.107905
8000	934	100	300	4	25	32	348766	5.54253	6	1	0	8	0.125	8	0.125	1	3.21	0.506505	0.55	-0.259637	17.22	1.23603
8000	935	100	300	4	25	28	163979	5.21479	6	1	0	6	0.166667	6	0.166667	1	1.86	0.269513	0.29	-0.537602	6.16	0.789581
8000	936	100	300	4	25	34	791051	5.8982	6	1	0	7	0.142857	7	0.142857	1	7.72	0.887617	0.67	-0.173925	113.64	2.05553
8000	940	100	300	4	25	41	287594	5.45878	6	1	0	12	0.0833333	12	0.0833333	1	3.06	0.485721	0.54	-0.267606	3.08	0.488551
8000	941	100	300	4	25	28	108827	5.03674	6	1	0	6	0.166667	6	0.166667	1	0.72	-0.142668	0.16	-0.79588	1.14	0.0569049
8000	943	100	300	4	25	30	147813	5.16971	6	1	0	9	0.111111	9	0.111111	1	1.16	0.064458	0.23	-0.638272	1.2	0.0791812
8000	945	100	300	4	25	35	212435	5.32723	6	1	0	10	0.1	10	0.1	1	2.23	0.348305	0.25	-0.60206	1.57	0.1959
8000	946	100	300	4	25	40	286521	5.45716	6	1	0	10	0.1	10	0.1	1	2.9	0.462398	0.37	-0.431798	2.18	0.338456
8000	947	100	300	4	25	32	184651	5.26635	6	1	0	10	0.1	10	0.1	1	1.99	0.298853	0.21	-0.677781	0.47	-0.327902
8000	957	100	300	4	25	32	188246	5.27473	6	1	0	10	0.1	10	0.1	1	2.74	0.437751	0.21	-0.677781	0.56	-0.251812
8000	959	100	300	4	25	32	171389	5.23398	6	1	0	10	0.1	10	0.1	1	1.6	0.20412	0.28	-0.552842	0.68	-0.167491
