10000	4	100	300	4	25	14	2735	1	1	2.5	3	0.833333	0.01	0	0.04	0
10000	26	100	300	4	25	14	2898	1	1	2.33333	3	0.777778	0.01	0	0.03	0
10000	36	100	300	4	25	26	104744	1	1	5.5	6	0.916667	0.66	0.18	1	0
10000	69	100	300	4	25	17	6818	1	1	3.5	4	0.875	0.03	0.01	0.07	0
10000	73	100	300	4	25	16	9565	1	1	2.33333	3	0.777778	0.05	0	0.11	0
10000	115	100	300	4	25	29	157971	1	1	7.5	8	0.9375	1.75	0.3	0.74	0
10000	116	100	300	4	25	23	338255	1	1	2.5	3	0.833333	2.39	0.38	3.19	0
10000	123	100	300	4	25	24	65791	1	1	3.66667	4	0.916667	0.79	0.09	2.25	0
10000	249	100	300	4	25	19	15041	1	1	3.5	4	0.875	0.08	0.01	0.16	0
10000	299	100	300	4	25	31	55860	1	1	8.5	9	0.944444	0.68	0.08	0.56	0
10000	304	100	300	4	25	15	1079	1	1	4.5	5	0.9	0.01	0	0.03	0
10000	311	100	300	4	25	20	56465	1	1	3.5	4	0.875	0.29	0.06	0.45	0
10000	322	100	300	4	25	16	8180	1	1	2.33333	3	0.777778	0.05	0.01	0.08	0
10000	343	100	300	4	25	28	57648	1	1	7.33333	8	0.916667	0.49	0.06	0.55	0
10000	411	100	300	4	25	19	6614	1	1	4.5	5	0.9	0.03	0.01	0.06	0
10000	471	100	300	4	25	24	20246	1	1	4.2	5	0.84	0.24	0.03	1.01	0
10000	629	100	300	4	25	27	333506	1	1	5.5	6	0.916667	3.96	0.51	83.9	0
10000	907	100	300	4	25	15	7556	1	1	2.5	3	0.833333	0.03	0.01	0.08	0
10000	921	100	300	4	25	19	6835	1	1	4.25	5	0.85	0.04	0.01	0.08	0
