7000	119	40	300	4	25	11	240	1	1	3.5	4	0.875	0	0	0	0
7000	251	40	300	4	25	4	12	1	1	1.5	2	0.75	0	0	0	0
7000	254	40	300	4	25	3	6	1	1	1.5	2	0.75	0	0	0	0
7000	257	40	300	4	25	9	120	1	1	2.5	3	0.833333	0	0	0.01	0
7000	306	40	300	4	25	7	14	1	1	4.5	5	0.9	0	0	0	0
7000	308	40	300	4	25	5	13	1	1	2.5	3	0.833333	0	0	0	0
7000	520	40	300	4	25	9	50	1	1	4.5	5	0.9	0	0	0	0
7000	557	40	300	4	25	10	119	1	1	3.5	4	0.875	0	0	0	0
7000	805	40	300	4	25	6	13	1	1	3.5	4	0.875	0	0	0	0
7000	839	40	300	4	25	12	265	1	1	3.5	4	0.875	0	0	0	0
7000	910	40	300	4	25	8	76	1	1	2.5	3	0.833333	0	0	0	0
7000	920	40	300	4	25	11	139	1	1	3.33333	4	0.833333	0	0	0	0
