9000	73	80	300	4	25	13	1081	1	1	2.71429	3	0.904762	0	0	0.02	0
9000	85	80	300	4	25	26	282272	1	1	4.5	5	0.9	2.04	0.56	20.69	0
9000	234	80	300	4	25	34	144149	1	1	8.5	9	0.944444	1.12	0.17	1.07	0
9000	281	80	300	4	25	16	563	1	1	4.5	5	0.9	0.01	0	0	0
9000	387	80	300	4	25	19	12941	1	1	3.33333	4	0.833333	0.08	0.02	0.13	0
9000	473	80	300	4	25	18	3384	1	1	4.5	5	0.9	0.01	0.01	0.03	0
9000	491	80	300	4	25	19	8069	1	1	4.5	5	0.9	0.03	0.01	0.09	0
9000	548	80	300	4	25	15	2558	1	1	3.5	4	0.875	0.01	0	0.03	0
9000	562	80	300	4	25	16	3568	1	1	3.5	4	0.875	0.01	0.01	0.03	0
9000	580	80	300	4	25	19	7518	1	1	4.5	5	0.9	0.1	0.01	0.09	0
9000	583	80	300	4	25	6	55	1	1	1.5	2	0.75	0	0	0	0
9000	651	80	300	4	25	13	285	1	1	4.5	5	0.9	0	0	0	0
9000	657	80	300	4	25	23	16592	1	1	5.5	6	0.916667	0.15	0.02	3.28	0
9000	761	80	300	4	25	22	31326	1	1	4.5	5	0.9	0.32	0.04	0.3	0
9000	791	80	300	4	25	17	2733	1	1	3.5	4	0.875	0.01	0	0.03	0
9000	809	80	300	4	25	23	14030	1	1	4.33333	5	0.866667	0.12	0.01	2.5	0
9000	817	80	300	4	25	17	7015	1	1	3.33333	4	0.833333	0.09	0.01	0.09	0
9000	820	80	300	4	25	10	140	1	1	3.5	4	0.875	0	0	0	0
9000	861	80	300	4	25	9	149	1	1	2.5	3	0.833333	0	0	0	0
9000	872	80	300	4	25	17	2623	1	1	3.5	4	0.875	0.01	0	0.03	0
9000	947	80	300	4	25	17	4330	1	1	3.66667	4	0.916667	0.01	0.01	0.04	0
