8000	1	90	4	31	383038	1	0	5.00000000000000178	4.99999999999999911	1.00000000000000044	4.32000000000000028	0.34000000000000002	1.76000000000000001	1
8000	2	90	4	35	829802	1	0	8.00000000000000178	8.00000000000000000	1.00000000000000022	10.46000000000000085	0.92000000000000004	83.60999999999999943	1
8000	3	90	4	37	1315032	1	0	7.00000000000000000	7.00000000000000000	1.00000000000000000	15.31000000000000050	2.91999999999999993	162.37999999999999545	1
8000	4	90	4	20	4100	0	0	5.00000000000000000	5.00000000000000000	1.00000000000000000	0.05000000000000000	0.01000000000000000	0.00000000000000000	1
8000	5	90	4	37	30286	1	0	20.00000000000000000	20.00000000000000000	1.00000000000000000	0.28999999999999998	0.02000000000000000	0.23999999999999999	1
8000	6	90	4	25	19319	0	0	7.00000000000000000	7.00000000000000000	1.00000000000000000	0.14999999999999999	0.02000000000000000	0.00000000000000000	1
8000	7	90	4	22	9174	1	0	6.00000000000000089	6.00000000000000000	1.00000000000000022	0.06000000000000000	0.01000000000000000	0.08000000000000000	1
8000	8	90	4	38	198592	0	0	15.00000000000000000	15.00000000000000000	1.00000000000000000	2.45999999999999996	0.19000000000000000	0.00000000000000000	1
8000	9	90	4	28	80166	0	0	9.00000000000000000	9.00000000000000000	1.00000000000000000	0.77000000000000002	0.10000000000000001	0.00000000000000000	1
8000	10	90	4	20	11814	0	0	4.00000000000000000	4.00000000000000000	1.00000000000000000	0.06000000000000000	0.01000000000000000	0.00000000000000000	1
8000	11	90	4	29	46419	0	0	9.00000000000000000	9.00000000000000000	1.00000000000000000	0.37000000000000000	0.02000000000000000	0.00000000000000000	1
8000	12	90	4	31	314900	1	0	6.00000000000000000	6.00000000000000000	1.00000000000000000	2.50999999999999979	0.41999999999999998	61.21999999999999886	1
8000	13	90	4	33	76546	1	1	7.50000000000000089	8.00000000000000000	0.93750000000000011	0.93999999999999995	0.09000000000000000	2.52999999999999980	1
8000	14	90	4	29	45961	1	0	7.00000000000000000	7.00000000000000000	1.00000000000000000	0.35999999999999999	0.06000000000000000	0.34999999999999998	1
8000	15	90	4	21	9489	1	0	6.00000000000000000	6.00000000000000000	1.00000000000000000	0.05000000000000000	0.01000000000000000	0.08000000000000000	1
8000	16	90	4	24	76580	1	1	3.99999999999999911	4.00000000000000000	0.99999999999999978	0.75000000000000000	0.13000000000000000	3.00999999999999979	1
8000	17	90	4	34	74321	0	0	10.00000000000000000	10.00000000000000000	1.00000000000000000	0.96999999999999997	0.08000000000000000	0.00000000000000000	1
8000	18	90	4	32	72850	1	0	9.00000000000000000	9.00000000000000000	1.00000000000000000	0.78000000000000003	0.07000000000000001	1.37000000000000011	1
8000	19	90	4	20	10635	0	0	6.00000000000000000	6.00000000000000000	1.00000000000000000	0.05000000000000000	0.01000000000000000	0.00000000000000000	1
8000	20	90	4	27	13376	1	0	8.00000000000000178	8.00000000000000000	1.00000000000000022	0.10000000000000001	0.01000000000000000	0.10000000000000001	1
8000	21	90	4	26	72100	0	0	5.00000000000000000	5.00000000000000000	1.00000000000000000	0.59999999999999998	0.09000000000000000	0.00000000000000000	1
8000	22	90	4	27	111453	0	0	4.00000000000000000	4.00000000000000000	1.00000000000000000	1.06000000000000005	0.11000000000000000	0.00000000000000000	1
8000	23	90	4	37	1219642	1	1	5.50000000000000000	6.00000000000000000	0.91666666666666663	11.50999999999999979	1.28000000000000003	137.43000000000000682	1
8000	24	90	4	27	115717	0	0	6.00000000000000000	6.00000000000000000	1.00000000000000000	0.77000000000000002	0.20000000000000001	0.00000000000000000	1
8000	25	90	4	28	40691	1	0	7.00000000000000000	7.00000000000000000	1.00000000000000000	0.47999999999999998	0.05000000000000000	1.35000000000000009	1
8000	26	90	4	24	31402	0	0	6.00000000000000000	6.00000000000000000	1.00000000000000000	0.22000000000000000	0.02000000000000000	0.00000000000000000	1
8000	27	90	4	24	592	0	0	14.00000000000000000	14.00000000000000000	1.00000000000000000	0.00000000000000000	0.00000000000000000	0.00000000000000000	1
8000	28	90	4	34	4401235	1	1	5.99999999999999822	6.00000000000000000	0.99999999999999967	43.71000000000000085	5.40000000000000036	321.74000000000000909	1
8000	29	90	4	24	17201	1	1	4.50000000000000000	5.00000000000000000	0.90000000000000002	0.19000000000000000	0.02000000000000000	0.54000000000000004	1
8000	30	90	4	25	16578	1	0	7.00000000000000000	7.00000000000000000	1.00000000000000000	0.08000000000000000	0.02000000000000000	0.12000000000000000	1
8000	31	90	4	34	140168	0	0	10.00000000000000000	10.00000000000000000	1.00000000000000000	1.77000000000000002	0.14999999999999999	0.00000000000000000	1
8000	32	90	4	23	2729	1	0	11.00000000000000000	11.00000000000000000	1.00000000000000000	0.02000000000000000	0.00000000000000000	0.02000000000000000	1
8000	33	90	4	38	552788	1	1	9.99999999999999822	10.00000000000000000	0.99999999999999978	8.88000000000000078	1.16999999999999993	39.72999999999999687	1
8000	34	90	4	25	17601	1	0	6.00000000000000000	6.00000000000000000	1.00000000000000000	0.14999999999999999	0.02000000000000000	0.14000000000000001	1
8000	35	90	4	31	133238	0	0	7.00000000000000000	7.00000000000000000	1.00000000000000000	1.44999999999999996	0.14999999999999999	0.00000000000000000	1
8000	36	90	4	29	102088	1	0	7.00000000000000089	7.00000000000000000	1.00000000000000022	1.15999999999999992	0.12000000000000000	0.70999999999999996	1
8000	37	90	4	29	57448	0	0	9.00000000000000000	9.00000000000000000	1.00000000000000000	0.28999999999999998	0.06000000000000000	0.00000000000000000	1
8000	38	90	4	25	19055	0	0	8.00000000000000000	8.00000000000000000	1.00000000000000000	0.20999999999999999	0.01000000000000000	0.00000000000000000	1
8000	39	90	4	31	825376	1	0	8.00000000000000178	8.00000000000000000	1.00000000000000022	10.52999999999999936	0.56000000000000005	3.66000000000000014	1
8000	40	90	4	25	25113	0	0	9.00000000000000000	9.00000000000000000	1.00000000000000000	0.33000000000000002	0.04000000000000000	0.00000000000000000	1
8000	41	90	4	33	139719	0	0	7.00000000000000000	7.00000000000000000	1.00000000000000000	1.21999999999999997	0.25000000000000000	0.00000000000000000	1
8000	42	90	4	23	49862	1	1	5.99999999999999911	6.00000000000000000	0.99999999999999989	0.32000000000000001	0.04000000000000000	0.35999999999999999	1
8000	43	90	4	26	75749	1	0	5.00000000000000000	5.00000000000000000	1.00000000000000000	0.84999999999999998	0.08000000000000000	0.56000000000000005	1
8000	44	90	4	37	4542017	1	0	5.00000000000000000	5.00000000000000000	1.00000000000000000	43.17999999999999972	14.41999999999999993	875.09000000000003183	1
8000	45	90	4	36	551447	1	0	6.00000000000000000	6.00000000000000000	1.00000000000000000	5.63999999999999968	0.98999999999999999	39.68999999999999773	1
8000	46	90	4	23	8412	0	0	10.00000000000000000	10.00000000000000000	1.00000000000000000	0.09000000000000000	0.00000000000000000	0.00000000000000000	1
8000	47	90	4	22	63195	1	0	5.00000000000000000	5.00000000000000000	1.00000000000000000	0.41999999999999998	0.08000000000000000	0.56000000000000005	1
8000	48	90	4	23	30227	0	0	5.00000000000000000	5.00000000000000000	1.00000000000000000	0.17000000000000001	0.03000000000000000	0.00000000000000000	1
8000	49	90	4	29	95638	1	0	6.00000000000000000	6.00000000000000000	1.00000000000000000	1.00000000000000000	0.10000000000000001	0.67000000000000004	1
8000	50	90	4	33	918130	1	1	5.14285714285714324	6.00000000000000000	0.85714285714285721	11.59999999999999964	3.27000000000000002	9.26999999999999957	1
8000	51	90	4	25	101951	0	0	7.00000000000000000	7.00000000000000000	1.00000000000000000	0.65000000000000002	0.14000000000000001	0.00000000000000000	1
8000	52	90	4	23	17804	0	0	6.00000000000000000	6.00000000000000000	1.00000000000000000	0.11000000000000000	0.02000000000000000	0.00000000000000000	1
8000	53	90	4	34	68006	0	0	16.00000000000000000	16.00000000000000000	1.00000000000000000	0.39000000000000001	0.07000000000000001	0.00000000000000000	1
8000	54	90	4	27	57353	0	0	8.00000000000000000	8.00000000000000000	1.00000000000000000	0.68000000000000005	0.03000000000000000	0.00000000000000000	1
8000	55	90	4	41	650529	1	0	9.00000000000000000	9.00000000000000000	1.00000000000000000	11.64000000000000057	0.78000000000000003	2.64000000000000012	1
8000	56	90	4	32	764269	1	0	6.00000000000000178	6.00000000000000000	1.00000000000000022	8.01999999999999957	0.66000000000000003	3.97000000000000020	1
8000	57	90	4	27	111585	1	0	5.00000000000000000	5.00000000000000000	1.00000000000000000	1.07000000000000006	0.09000000000000000	2.99000000000000021	1
8000	58	90	4	27	53294	0	0	7.00000000000000000	7.00000000000000000	1.00000000000000000	0.37000000000000000	0.05000000000000000	0.00000000000000000	1
8000	59	90	4	18	2375	0	0	5.00000000000000000	5.00000000000000000	1.00000000000000000	0.05000000000000000	0.00000000000000000	0.00000000000000000	1
8000	60	90	4	29	464701	1	0	7.00000000000000178	7.00000000000000000	1.00000000000000022	3.52999999999999980	0.77000000000000002	2.29999999999999982	1
8000	61	90	4	35	450822	1	0	7.00000000000000000	7.00000000000000000	1.00000000000000000	4.57000000000000028	0.48999999999999999	27.28000000000000114	1
8000	62	90	4	21	24268	0	0	4.00000000000000000	4.00000000000000000	1.00000000000000000	0.14000000000000001	0.03000000000000000	0.00000000000000000	1
8000	63	90	4	37	380320	1	0	7.00000000000000089	7.00000000000000000	1.00000000000000022	5.11000000000000032	0.66000000000000003	16.03000000000000114	1
8000	64	90	4	24	17286	0	0	7.00000000000000000	7.00000000000000000	1.00000000000000000	0.14000000000000001	0.01000000000000000	0.00000000000000000	1
8000	65	90	4	35	177048	0	0	7.00000000000000000	7.00000000000000000	1.00000000000000000	1.69999999999999996	0.23000000000000001	0.00000000000000000	1
8000	66	90	4	23	31156	0	0	7.00000000000000000	7.00000000000000000	1.00000000000000000	0.23999999999999999	0.03000000000000000	0.00000000000000000	1
8000	67	90	4	25	28167	1	0	5.00000000000000000	5.00000000000000000	1.00000000000000000	0.28999999999999998	0.04000000000000000	0.23000000000000001	1
8000	68	90	4	20	20804	0	0	3.00000000000000000	3.00000000000000000	1.00000000000000000	0.11000000000000000	0.02000000000000000	0.00000000000000000	1
8000	69	90	4	22	37041	1	0	4.00000000000000000	4.00000000000000000	1.00000000000000000	0.27000000000000002	0.06000000000000000	1.07000000000000006	1
8000	70	90	4	28	198713	0	0	7.00000000000000000	7.00000000000000000	1.00000000000000000	1.46999999999999997	0.20000000000000001	0.00000000000000000	1
8000	71	90	4	34	328820	1	1	8.99999999999999822	9.00000000000000000	0.99999999999999978	4.67999999999999972	0.25000000000000000	29.73000000000000043	1
8000	72	90	4	20	2738	0	0	8.00000000000000000	8.00000000000000000	1.00000000000000000	0.02000000000000000	0.01000000000000000	0.00000000000000000	1
8000	73	90	4	22	24586	0	0	4.00000000000000000	4.00000000000000000	1.00000000000000000	0.13000000000000000	0.03000000000000000	0.00000000000000000	1
8000	74	90	4	15	3071	1	0	4.00000000000000000	4.00000000000000000	1.00000000000000000	0.01000000000000000	0.00000000000000000	0.02000000000000000	1
8000	75	90	4	24	18857	1	0	6.00000000000000000	6.00000000000000000	1.00000000000000000	0.23000000000000001	0.02000000000000000	0.13000000000000000	1
8000	76	90	4	34	230710	1	0	9.00000000000000000	9.00000000000000000	1.00000000000000000	2.37000000000000011	0.51000000000000001	0.87000000000000000	1
8000	77	90	4	22	24086	1	0	5.00000000000000000	5.00000000000000000	1.00000000000000000	0.23999999999999999	0.01000000000000000	0.17000000000000001	1
8000	78	90	4	36	219928	1	1	9.99999999999999822	10.00000000000000000	0.99999999999999978	2.97000000000000020	0.28000000000000003	0.82999999999999996	1
8000	79	90	4	32	93591	1	0	9.00000000000000178	9.00000000000000000	1.00000000000000022	0.93999999999999995	0.09000000000000000	0.68999999999999995	1
8000	80	90	4	30	145455	0	0	8.00000000000000000	8.00000000000000000	1.00000000000000000	1.14999999999999991	0.20000000000000001	0.00000000000000000	1
8000	81	90	4	29	138483	0	0	6.00000000000000000	6.00000000000000000	1.00000000000000000	1.13999999999999990	0.19000000000000000	0.00000000000000000	1
8000	82	90	4	27	165361	1	0	5.00000000000000000	5.00000000000000000	1.00000000000000000	1.20999999999999996	0.20999999999999999	0.81999999999999995	1
8000	83	90	4	31	341316	1	1	4.99999999999999911	5.00000000000000000	0.99999999999999978	2.83999999999999986	0.70999999999999996	19.98999999999999844	1
8000	84	90	4	28	90462	1	0	8.00000000000000000	8.00000000000000000	1.00000000000000000	0.80000000000000004	0.10000000000000001	0.68999999999999995	1
8000	85	90	4	39	6685910	1	0	6.00000000000000000	6.00000000000000000	1.00000000000000000	82.51999999999999602	20.05000000000000071	7215.31000000000040018	1
8000	86	90	4	28	47570	0	0	9.00000000000000000	9.00000000000000000	1.00000000000000000	0.58999999999999997	0.04000000000000000	0.00000000000000000	1
8000	87	90	4	28	1330105	1	0	4.00000000000000089	4.00000000000000000	1.00000000000000022	11.53999999999999915	2.00999999999999979	9.30000000000000071	1
8000	88	90	4	36	193615	1	1	10.99999999999999822	11.00000000000000000	0.99999999999999989	2.29999999999999982	0.33000000000000002	1.08000000000000007	1
8000	89	90	4	29	81373	1	1	6.99999999999999911	7.00000000000000000	0.99999999999999989	0.51000000000000001	0.09000000000000000	2.25999999999999979	1
8000	90	90	4	22	5241	0	0	7.00000000000000000	7.00000000000000000	1.00000000000000000	0.03000000000000000	0.01000000000000000	0.00000000000000000	1
8000	91	90	4	25	54200	1	0	6.00000000000000000	6.00000000000000000	1.00000000000000000	0.42999999999999999	0.04000000000000000	0.40999999999999998	1
8000	92	90	4	27	152063	1	1	6.99999999999999822	7.00000000000000000	0.99999999999999978	1.21999999999999997	0.12000000000000000	15.00000000000000000	1
8000	93	90	4	29	238429	0	0	6.00000000000000000	6.00000000000000000	1.00000000000000000	1.50000000000000000	0.37000000000000000	0.00000000000000000	1
8000	94	90	4	39	422390	1	1	10.99999999999999467	11.00000000000000000	0.99999999999999956	6.16000000000000014	0.37000000000000000	36.35000000000000142	1
8000	95	90	4	31	56085	1	0	9.00000000000000000	9.00000000000000000	1.00000000000000000	0.39000000000000001	0.06000000000000000	0.40999999999999998	1
8000	96	90	4	36	939860	1	1	7.99999999999999911	8.00000000000000000	0.99999999999999989	13.33000000000000007	1.54000000000000004	112.65999999999999659	1
8000	97	90	4	19	6359	1	0	4.00000000000000000	4.00000000000000000	1.00000000000000000	0.07000000000000001	0.01000000000000000	0.05000000000000000	1
8000	98	90	4	25	45615	1	1	5.50000000000000000	6.00000000000000000	0.91666666666666663	0.31000000000000000	0.09000000000000000	0.94999999999999996	1
8000	99	90	4	36	34898	1	1	10.99999999999999822	11.00000000000000000	0.99999999999999989	0.37000000000000000	0.04000000000000000	0.39000000000000001	1
8000	100	90	4	28	30767	0	0	8.00000000000000000	8.00000000000000000	1.00000000000000000	0.17000000000000001	0.03000000000000000	0.00000000000000000	1
8000	101	90	4	18	3176	1	0	4.00000000000000000	4.00000000000000000	1.00000000000000000	0.02000000000000000	0.00000000000000000	0.02000000000000000	1
8000	102	90	4	30	179044	1	1	7.99999999999999911	8.00000000000000000	0.99999999999999989	1.13999999999999990	0.16000000000000000	0.66000000000000003	1
8000	103	90	4	33	264302	0	0	8.00000000000000000	8.00000000000000000	1.00000000000000000	2.39000000000000012	0.31000000000000000	0.00000000000000000	1
8000	104	90	4	15	705	0	0	6.00000000000000000	6.00000000000000000	1.00000000000000000	0.00000000000000000	0.00000000000000000	0.00000000000000000	1
8000	105	90	4	30	113391	1	0	6.00000000000000089	6.00000000000000000	1.00000000000000022	0.88000000000000000	0.13000000000000000	0.82999999999999996	1
8000	106	90	4	24	5107	0	0	7.00000000000000000	7.00000000000000000	1.00000000000000000	0.04000000000000000	0.01000000000000000	0.00000000000000000	1
8000	107	90	4	21	10258	0	0	5.00000000000000000	5.00000000000000000	1.00000000000000000	0.08000000000000000	0.01000000000000000	0.00000000000000000	1
8000	108	90	4	27	197653	0	0	7.00000000000000000	7.00000000000000000	1.00000000000000000	1.60000000000000009	0.23999999999999999	0.00000000000000000	1
8000	109	90	4	38	387265	0	0	9.00000000000000000	9.00000000000000000	1.00000000000000000	5.41000000000000014	0.80000000000000004	0.00000000000000000	1
8000	110	90	4	14	948	0	0	4.00000000000000000	4.00000000000000000	1.00000000000000000	0.01000000000000000	0.00000000000000000	0.00000000000000000	1
8000	111	90	4	21	16881	0	0	7.00000000000000000	7.00000000000000000	1.00000000000000000	0.08000000000000000	0.01000000000000000	0.00000000000000000	1
8000	112	90	4	39	6049375	1	1	5.50000000000000089	6.00000000000000000	0.91666666666666685	84.01000000000000512	13.06000000000000050	7173.52999999999974534	1
8000	113	90	4	23	14494	0	0	6.00000000000000000	6.00000000000000000	1.00000000000000000	0.13000000000000000	0.01000000000000000	0.00000000000000000	1
8000	114	90	4	31	628197	1	1	5.99999999999999911	6.00000000000000000	0.99999999999999989	8.91000000000000014	0.70999999999999996	34.25000000000000000	1
8000	115	90	4	35	466818	0	0	9.00000000000000000	9.00000000000000000	1.00000000000000000	3.87000000000000011	0.46000000000000002	0.00000000000000000	1
8000	116	90	4	15	3340	0	0	4.00000000000000000	4.00000000000000000	1.00000000000000000	0.01000000000000000	0.00000000000000000	0.00000000000000000	1
8000	117	90	4	25	30169	1	0	8.00000000000000000	8.00000000000000000	1.00000000000000000	0.31000000000000000	0.03000000000000000	0.20000000000000001	1
8000	118	90	4	34	541241	1	1	9.99999999999999822	10.00000000000000000	0.99999999999999978	5.38999999999999968	0.50000000000000000	47.74000000000000199	1
8000	119	90	4	27	36998	1	0	7.00000000000000089	7.00000000000000000	1.00000000000000022	0.45000000000000001	0.03000000000000000	0.26000000000000001	1
8000	120	90	4	16	5880	0	0	3.00000000000000000	3.00000000000000000	1.00000000000000000	0.02000000000000000	0.01000000000000000	0.00000000000000000	1
8000	121	90	4	28	115010	0	0	6.00000000000000000	6.00000000000000000	1.00000000000000000	0.93999999999999995	0.14000000000000001	0.00000000000000000	1
8000	122	90	4	21	7955	0	0	4.00000000000000000	4.00000000000000000	1.00000000000000000	0.10000000000000001	0.01000000000000000	0.00000000000000000	1
8000	123	90	4	26	82945	0	0	5.00000000000000000	5.00000000000000000	1.00000000000000000	1.06000000000000005	0.13000000000000000	0.00000000000000000	1
8000	124	90	4	41	279207	1	0	13.00000000000000000	13.00000000000000000	1.00000000000000000	3.83000000000000007	0.60999999999999999	2.56999999999999984	1
8000	125	90	4	22	20027	0	0	4.00000000000000000	4.00000000000000000	1.00000000000000000	0.11000000000000000	0.01000000000000000	0.00000000000000000	1
8000	126	90	4	24	10511	1	0	7.00000000000000000	7.00000000000000000	1.00000000000000000	0.14999999999999999	0.02000000000000000	0.07000000000000001	1
8000	127	90	4	28	137586	0	0	9.00000000000000000	9.00000000000000000	1.00000000000000000	1.17999999999999994	0.22000000000000000	0.00000000000000000	1
8000	128	90	4	30	55205	0	0	11.00000000000000000	11.00000000000000000	1.00000000000000000	0.59999999999999998	0.05000000000000000	0.00000000000000000	1
8000	129	90	4	26	58767	1	0	6.00000000000000000	6.00000000000000000	1.00000000000000000	0.64000000000000001	0.07000000000000001	1.51000000000000001	1
8000	130	90	4	17	5137	0	0	4.00000000000000000	4.00000000000000000	1.00000000000000000	0.03000000000000000	0.00000000000000000	0.00000000000000000	1
8000	131	90	4	26	39737	0	0	7.00000000000000000	7.00000000000000000	1.00000000000000000	0.20999999999999999	0.02000000000000000	0.00000000000000000	1
8000	132	90	4	35	219001	0	0	7.00000000000000000	7.00000000000000000	1.00000000000000000	2.43999999999999995	0.45000000000000001	0.00000000000000000	1
8000	133	90	4	23	62534	0	0	5.00000000000000000	5.00000000000000000	1.00000000000000000	0.41999999999999998	0.07000000000000001	0.00000000000000000	1
8000	134	90	4	40	4101215	1	0	6.00000000000000178	6.00000000000000000	1.00000000000000022	45.14999999999999858	6.63999999999999968	192.90000000000000568	1
8000	135	90	4	24	2898	1	1	7.33333333333333215	8.00000000000000000	0.91666666666666652	0.01000000000000000	0.01000000000000000	0.02000000000000000	1
8000	136	90	4	18	6239	0	0	4.00000000000000000	4.00000000000000000	1.00000000000000000	0.07000000000000001	0.00000000000000000	0.00000000000000000	1
8000	137	90	4	37	1843232	1	1	7.99999999999999911	8.00000000000000000	0.99999999999999989	19.64000000000000057	1.85000000000000009	9.23000000000000043	1
8000	138	90	4	21	6130	0	0	6.00000000000000000	6.00000000000000000	1.00000000000000000	0.05000000000000000	0.01000000000000000	0.00000000000000000	1
8000	139	90	4	29	34858	0	0	7.00000000000000000	7.00000000000000000	1.00000000000000000	0.54000000000000004	0.06000000000000000	0.00000000000000000	1
8000	140	90	4	35	413073	1	1	7.99999999999999911	8.00000000000000000	0.99999999999999989	6.79000000000000004	0.46999999999999997	4.62999999999999989	1
8000	141	90	4	30	41704	1	0	9.00000000000000000	9.00000000000000000	1.00000000000000000	0.31000000000000000	0.04000000000000000	0.31000000000000000	1
8000	142	90	4	28	32633	1	1	7.49999999999999911	8.00000000000000000	0.93749999999999989	0.34999999999999998	0.03000000000000000	1.25000000000000000	1
8000	143	90	4	24	31261	0	0	6.00000000000000000	6.00000000000000000	1.00000000000000000	0.14999999999999999	0.04000000000000000	0.00000000000000000	1
8000	144	90	4	18	3119	1	0	4.00000000000000000	4.00000000000000000	1.00000000000000000	0.01000000000000000	0.00000000000000000	0.02000000000000000	1
8000	145	90	4	28	17055	0	0	10.00000000000000000	10.00000000000000000	1.00000000000000000	0.12000000000000000	0.01000000000000000	0.00000000000000000	1
8000	146	90	4	31	96861	1	0	9.00000000000000000	9.00000000000000000	1.00000000000000000	1.21999999999999997	0.11000000000000000	0.68000000000000005	1
8000	147	90	4	43	3701122	1	0	12.00000000000000178	12.00000000000000000	1.00000000000000022	47.53999999999999915	8.17999999999999972	32.82999999999999829	1
8000	148	90	4	22	17788	0	0	6.00000000000000000	6.00000000000000000	1.00000000000000000	0.20999999999999999	0.01000000000000000	0.00000000000000000	1
8000	149	90	4	25	28892	0	0	6.00000000000000000	6.00000000000000000	1.00000000000000000	0.29999999999999999	0.02000000000000000	0.00000000000000000	1
8000	150	90	4	25	91947	1	0	6.00000000000000089	6.00000000000000000	1.00000000000000022	0.68999999999999995	0.10000000000000001	0.68000000000000005	1
8000	151	90	4	24	23401	0	0	9.00000000000000000	9.00000000000000000	1.00000000000000000	0.14999999999999999	0.02000000000000000	0.00000000000000000	1
8000	152	90	4	33	635243	1	0	7.00000000000000000	7.00000000000000000	1.00000000000000000	6.45999999999999996	1.59000000000000008	5.08999999999999986	1
8000	153	90	4	39	662808	1	0	11.00000000000000000	11.00000000000000000	1.00000000000000000	9.34999999999999964	1.05000000000000004	82.35999999999999943	1
8000	154	90	4	21	3918	1	0	5.00000000000000000	5.00000000000000000	1.00000000000000000	0.04000000000000000	0.00000000000000000	0.04000000000000000	1
8000	155	90	4	30	30709	0	0	11.00000000000000000	11.00000000000000000	1.00000000000000000	0.31000000000000000	0.02000000000000000	0.00000000000000000	1
8000	156	90	4	34	295259	1	1	7.99999999999999911	8.00000000000000000	0.99999999999999989	2.22000000000000020	0.50000000000000000	45.17999999999999972	1
8000	157	90	4	19	2559	0	0	7.00000000000000000	7.00000000000000000	1.00000000000000000	0.04000000000000000	0.00000000000000000	0.00000000000000000	1
8000	158	90	4	33	1996238	1	1	4.99999999999999911	5.00000000000000000	0.99999999999999978	17.69999999999999929	3.12999999999999989	10.82000000000000028	1
8000	159	90	4	29	198698	1	0	5.00000000000000000	5.00000000000000000	1.00000000000000000	2.02000000000000002	0.27000000000000002	10.59999999999999964	1
8000	160	90	4	26	54659	1	0	6.00000000000000000	6.00000000000000000	1.00000000000000000	0.46000000000000002	0.06000000000000000	1.45999999999999996	1
8000	161	90	4	24	27487	1	0	6.00000000000000000	6.00000000000000000	1.00000000000000000	0.42999999999999999	0.03000000000000000	0.20000000000000001	1
8000	162	90	4	35	41362	0	0	13.00000000000000000	13.00000000000000000	1.00000000000000000	0.31000000000000000	0.04000000000000000	0.00000000000000000	1
8000	163	90	4	38	1109939	1	1	7.99999999999999911	8.00000000000000000	0.99999999999999989	23.39000000000000057	2.04999999999999982	75.14000000000000057	1
8000	164	90	4	24	51242	0	0	5.00000000000000000	5.00000000000000000	1.00000000000000000	0.37000000000000000	0.08000000000000000	0.00000000000000000	1
8000	165	90	4	42	604514	1	0	10.00000000000000000	10.00000000000000000	1.00000000000000000	5.29999999999999982	0.75000000000000000	17.23999999999999844	1
8000	166	90	4	27	54496	0	0	7.00000000000000000	7.00000000000000000	1.00000000000000000	0.40000000000000002	0.04000000000000000	0.00000000000000000	1
8000	167	90	4	41	33641231	1	0	7.00000000000000089	7.00000000000000000	1.00000000000000022	303.92000000000001592	145.15999999999999659	3787.28000000000020009	1
8000	168	90	4	26	103729	0	0	7.00000000000000000	7.00000000000000000	1.00000000000000000	0.92000000000000004	0.10000000000000001	0.00000000000000000	1
8000	169	90	4	30	215226	0	0	8.00000000000000000	8.00000000000000000	1.00000000000000000	2.62000000000000011	0.39000000000000001	0.00000000000000000	1
8000	170	90	4	30	610192	1	0	6.00000000000000000	6.00000000000000000	1.00000000000000000	6.87000000000000011	0.79000000000000004	5.34999999999999964	1
8000	171	90	4	30	468330	1	0	5.00000000000000000	5.00000000000000000	1.00000000000000000	5.15000000000000036	0.68000000000000005	68.81000000000000227	1
8000	172	90	4	37	376262	1	1	9.99999999999999822	10.00000000000000000	0.99999999999999978	4.71999999999999975	0.37000000000000000	1.62000000000000011	1
8000	173	90	4	29	50050	0	0	8.00000000000000000	8.00000000000000000	1.00000000000000000	0.52000000000000002	0.04000000000000000	0.00000000000000000	1
8000	174	90	4	23	31021	0	0	7.00000000000000000	7.00000000000000000	1.00000000000000000	0.23999999999999999	0.03000000000000000	0.00000000000000000	1
8000	175	90	4	23	39980	0	0	6.00000000000000000	6.00000000000000000	1.00000000000000000	0.23000000000000001	0.03000000000000000	0.00000000000000000	1
8000	176	90	4	25	11691	0	0	9.00000000000000000	9.00000000000000000	1.00000000000000000	0.11000000000000000	0.01000000000000000	0.00000000000000000	1
8000	177	90	4	24	50043	0	0	6.00000000000000000	6.00000000000000000	1.00000000000000000	0.45000000000000001	0.06000000000000000	0.00000000000000000	1
8000	178	90	4	32	229280	1	0	7.00000000000000178	7.00000000000000000	1.00000000000000022	2.08000000000000007	0.32000000000000001	1.16999999999999993	1
8000	179	90	4	25	32720	0	0	6.00000000000000000	6.00000000000000000	1.00000000000000000	0.26000000000000001	0.03000000000000000	0.00000000000000000	1
8000	180	90	4	17	12105	0	0	4.00000000000000000	4.00000000000000000	1.00000000000000000	0.07000000000000001	0.00000000000000000	0.00000000000000000	1
8000	181	90	4	45	1286122	1	0	9.00000000000000000	9.00000000000000000	1.00000000000000000	21.01000000000000156	3.33999999999999986	51.35999999999999943	1
8000	182	90	4	22	18212	1	0	5.00000000000000000	5.00000000000000000	1.00000000000000000	0.11000000000000000	0.02000000000000000	0.14999999999999999	1
8000	183	90	4	39	661293	1	0	10.00000000000000355	10.00000000000000000	1.00000000000000044	8.65000000000000036	1.96999999999999997	41.89000000000000057	1
8000	184	90	4	26	145689	0	0	6.00000000000000000	6.00000000000000000	1.00000000000000000	0.93999999999999995	0.20000000000000001	0.00000000000000000	1
8000	185	90	4	26	38508	0	0	6.00000000000000000	6.00000000000000000	1.00000000000000000	0.25000000000000000	0.05000000000000000	0.00000000000000000	1
8000	186	90	4	30	270730	1	0	7.00000000000000000	7.00000000000000000	1.00000000000000000	2.25999999999999979	0.26000000000000001	0.79000000000000004	1
8000	187	90	4	20	8385	0	0	6.00000000000000000	6.00000000000000000	1.00000000000000000	0.05000000000000000	0.01000000000000000	0.00000000000000000	1
8000	188	90	4	32	317526	1	1	7.99999999999999645	8.00000000000000000	0.99999999999999956	2.20999999999999996	0.65000000000000002	17.39999999999999858	1
8000	189	90	4	24	8879	0	0	7.00000000000000000	7.00000000000000000	1.00000000000000000	0.05000000000000000	0.00000000000000000	0.00000000000000000	1
8000	190	90	4	33	695491	1	0	9.00000000000000178	9.00000000000000000	1.00000000000000022	7.41999999999999993	0.56000000000000005	87.09999999999999432	1
8000	191	90	4	21	7806	1	0	6.00000000000000000	6.00000000000000000	1.00000000000000000	0.04000000000000000	0.01000000000000000	0.20000000000000001	1
8000	192	90	4	34	230782	1	0	7.00000000000000000	7.00000000000000000	1.00000000000000000	2.39000000000000012	0.33000000000000002	0.89000000000000001	1
8000	193	90	4	20	5761	0	0	5.00000000000000000	5.00000000000000000	1.00000000000000000	0.02000000000000000	0.01000000000000000	0.00000000000000000	1
8000	194	90	4	27	31340	1	0	8.00000000000000000	8.00000000000000000	1.00000000000000000	0.17999999999999999	0.03000000000000000	0.23000000000000001	1
8000	195	90	4	29	473480	1	0	6.00000000000000089	5.99999999999999911	1.00000000000000022	5.04999999999999982	0.46000000000000002	119.12999999999999545	1
8000	196	90	4	26	115156	1	1	3.99999999999999911	4.00000000000000000	0.99999999999999978	0.76000000000000001	0.16000000000000000	13.66000000000000014	1
8000	197	90	4	38	242666	1	1	10.99999999999999822	11.00000000000000000	0.99999999999999989	3.60999999999999988	0.46000000000000002	2.85000000000000009	1
8000	198	90	4	32	60475	0	0	12.00000000000000000	12.00000000000000000	1.00000000000000000	0.80000000000000004	0.07000000000000001	0.00000000000000000	1
8000	199	90	4	28	446247	1	0	5.00000000000000000	5.00000000000000000	1.00000000000000000	2.70000000000000018	0.62000000000000000	39.60999999999999943	1
8000	200	90	4	27	97367	1	0	6.00000000000000000	6.00000000000000000	1.00000000000000000	1.04000000000000004	0.09000000000000000	0.75000000000000000	1
8000	201	90	4	32	76008	1	0	10.00000000000000000	10.00000000000000000	1.00000000000000000	0.57999999999999996	0.05000000000000000	0.57999999999999996	1
8000	202	90	4	24	44902	0	0	6.00000000000000000	6.00000000000000000	1.00000000000000000	0.26000000000000001	0.04000000000000000	0.00000000000000000	1
8000	203	90	4	25	14385	0	0	10.00000000000000000	10.00000000000000000	1.00000000000000000	0.14999999999999999	0.01000000000000000	0.00000000000000000	1
8000	204	90	4	22	22841	0	0	5.00000000000000000	5.00000000000000000	1.00000000000000000	0.17999999999999999	0.02000000000000000	0.00000000000000000	1
8000	205	90	4	13	207	0	0	7.00000000000000000	7.00000000000000000	1.00000000000000000	0.00000000000000000	0.00000000000000000	0.00000000000000000	1
8000	206	90	4	28	24707	1	1	6.99999999999999911	7.00000000000000000	0.99999999999999989	0.14999999999999999	0.02000000000000000	0.17000000000000001	1
8000	207	90	4	23	22534	0	0	6.00000000000000000	6.00000000000000000	1.00000000000000000	0.17999999999999999	0.02000000000000000	0.00000000000000000	1
8000	208	90	4	24	151247	1	1	3.20000000000000018	4.00000000000000000	0.80000000000000004	1.13999999999999990	0.29999999999999999	0.79000000000000004	1
8000	209	90	4	19	11830	1	0	5.00000000000000089	5.00000000000000000	1.00000000000000022	0.10000000000000001	0.00000000000000000	0.20000000000000001	1
8000	210	90	4	40	645010	1	1	10.99999999999999822	11.00000000000000000	0.99999999999999989	8.66000000000000014	0.64000000000000001	4.05999999999999961	1
8000	211	90	4	46	1348380	1	0	12.00000000000000000	12.00000000000000000	1.00000000000000000	23.98999999999999844	1.27000000000000002	10.58999999999999986	1
8000	212	90	4	25	39331	0	0	4.00000000000000000	4.00000000000000000	1.00000000000000000	0.34999999999999998	0.03000000000000000	0.00000000000000000	1
8000	213	90	4	29	454882	1	0	5.00000000000000000	5.00000000000000000	1.00000000000000000	5.75000000000000000	0.51000000000000001	85.45000000000000284	1
8000	214	90	4	31	66973	1	0	7.00000000000000000	7.00000000000000000	1.00000000000000000	0.68999999999999995	0.10000000000000001	0.51000000000000001	1
8000	215	90	4	33	42399	0	0	11.00000000000000000	11.00000000000000000	1.00000000000000000	0.65000000000000002	0.05000000000000000	0.00000000000000000	1
8000	216	90	4	24	49536	0	0	7.00000000000000000	7.00000000000000000	1.00000000000000000	0.37000000000000000	0.05000000000000000	0.00000000000000000	1
8000	217	90	4	20	24029	0	0	3.00000000000000000	3.00000000000000000	1.00000000000000000	0.23999999999999999	0.02000000000000000	0.00000000000000000	1
8000	218	90	4	31	40919	0	0	13.00000000000000000	13.00000000000000000	1.00000000000000000	0.38000000000000000	0.03000000000000000	0.00000000000000000	1
8000	219	90	4	35	899954	1	0	11.00000000000000000	11.00000000000000000	1.00000000000000000	8.43999999999999950	0.90000000000000002	48.61999999999999744	1
8000	220	90	4	35	330819	1	1	8.99999999999999645	9.00000000000000000	0.99999999999999956	3.52999999999999980	0.58999999999999997	25.64999999999999858	1
8000	221	90	4	23	40998	0	0	4.00000000000000000	4.00000000000000000	1.00000000000000000	0.29999999999999999	0.05000000000000000	0.00000000000000000	1
8000	222	90	4	39	1413112	1	1	11.99999999999999822	12.00000000000000000	0.99999999999999989	25.67999999999999972	2.37999999999999989	198.13999999999998636	1
8000	223	90	4	47	6187284	1	0	12.00000000000000355	12.00000000000000000	1.00000000000000022	82.46999999999999886	31.98999999999999844	82.23000000000000398	1
8000	224	90	4	29	825752	1	1	5.99999999999999645	6.00000000000000000	0.99999999999999944	7.03000000000000025	0.69999999999999996	3.16999999999999993	1
8000	225	90	4	25	27920	1	1	7.99999999999999911	8.00000000000000000	0.99999999999999989	0.32000000000000001	0.01000000000000000	0.20999999999999999	1
8000	226	90	4	18	7000	0	0	4.00000000000000000	4.00000000000000000	1.00000000000000000	0.06000000000000000	0.01000000000000000	0.00000000000000000	1
8000	227	90	4	36	1096773	1	0	7.00000000000000000	7.00000000000000000	1.00000000000000000	16.60999999999999943	2.20000000000000018	87.12000000000000455	1
8000	228	90	4	28	53384	1	1	6.49999999999999911	7.00000000000000000	0.92857142857142849	0.47999999999999998	0.07000000000000001	2.45999999999999996	1
8000	229	90	4	19	3359	0	0	5.00000000000000000	5.00000000000000000	1.00000000000000000	0.02000000000000000	0.00000000000000000	0.00000000000000000	1
8000	230	90	4	22	28279	0	0	6.00000000000000000	6.00000000000000000	1.00000000000000000	0.20999999999999999	0.03000000000000000	0.00000000000000000	1
8000	231	90	4	18	8129	1	0	4.00000000000000000	4.00000000000000000	1.00000000000000000	0.06000000000000000	0.00000000000000000	0.07000000000000001	1
8000	232	90	4	24	69012	1	0	4.00000000000000000	4.00000000000000000	1.00000000000000000	0.40999999999999998	0.07000000000000001	2.64999999999999991	1
8000	233	90	4	21	22399	0	0	7.00000000000000000	7.00000000000000000	1.00000000000000000	0.14999999999999999	0.01000000000000000	0.00000000000000000	1
8000	234	90	4	41	239836	0	0	12.00000000000000000	12.00000000000000000	1.00000000000000000	2.79000000000000004	0.34999999999999998	0.00000000000000000	1
8000	235	90	4	26	25142	0	0	7.00000000000000000	7.00000000000000000	1.00000000000000000	0.23000000000000001	0.02000000000000000	0.00000000000000000	1
8000	236	90	4	37	694948	1	0	8.00000000000000000	8.00000000000000000	1.00000000000000000	5.08000000000000007	0.69999999999999996	2.97000000000000020	1
8000	237	90	4	33	260618	0	0	9.00000000000000000	9.00000000000000000	1.00000000000000000	2.20000000000000018	0.37000000000000000	0.00000000000000000	1
8000	238	90	4	34	2103161	1	0	6.00000000000000000	5.99999999999999911	1.00000000000000022	23.57000000000000028	2.50999999999999979	649.86000000000001364	1
8000	239	90	4	31	179610	0	0	11.00000000000000000	11.00000000000000000	1.00000000000000000	1.03000000000000003	0.12000000000000000	0.00000000000000000	1
8000	240	90	4	34	66053	1	0	10.00000000000000000	10.00000000000000000	1.00000000000000000	0.64000000000000001	0.09000000000000000	0.48999999999999999	1
8000	241	90	4	25	46240	0	0	5.00000000000000000	5.00000000000000000	1.00000000000000000	0.40999999999999998	0.06000000000000000	0.00000000000000000	1
8000	242	90	4	41	2215674	1	1	9.99999999999999822	10.00000000000000000	0.99999999999999978	19.23999999999999844	3.50999999999999979	97.98999999999999488	1
8000	243	90	4	25	157513	0	0	5.00000000000000000	5.00000000000000000	1.00000000000000000	1.18999999999999995	0.19000000000000000	0.00000000000000000	1
8000	244	90	4	25	32111	1	0	6.00000000000000622	6.00000000000000000	1.00000000000000111	0.40000000000000002	0.04000000000000000	0.87000000000000000	1
8000	245	90	4	29	18498	1	0	10.00000000000000000	10.00000000000000000	1.00000000000000000	0.23000000000000001	0.01000000000000000	0.13000000000000000	1
8000	246	90	4	34	117123	0	0	10.00000000000000000	10.00000000000000000	1.00000000000000000	1.59000000000000008	0.12000000000000000	0.00000000000000000	1
8000	247	90	4	33	505779	1	0	7.00000000000000089	7.00000000000000000	1.00000000000000022	6.69000000000000039	0.70999999999999996	62.10000000000000142	1
8000	248	90	4	30	185289	0	0	7.00000000000000000	7.00000000000000000	1.00000000000000000	1.69999999999999996	0.17999999999999999	0.00000000000000000	1
8000	249	90	4	20	9476	1	1	4.16666666666666607	5.00000000000000000	0.83333333333333326	0.04000000000000000	0.02000000000000000	0.07000000000000001	1
8000	250	90	4	42	288684	0	0	14.00000000000000000	14.00000000000000000	1.00000000000000000	3.60999999999999988	0.53000000000000003	0.00000000000000000	1
8000	251	90	4	27	102673	0	0	8.00000000000000000	8.00000000000000000	1.00000000000000000	0.68000000000000005	0.13000000000000000	0.00000000000000000	1
8000	252	90	4	31	179169	1	1	6.99999999999999911	7.00000000000000000	0.99999999999999989	2.68999999999999995	0.22000000000000000	0.68000000000000005	1
8000	253	90	4	25	34139	0	0	8.00000000000000000	8.00000000000000000	1.00000000000000000	0.20000000000000001	0.02000000000000000	0.00000000000000000	1
8000	254	90	4	29	97974	1	0	6.00000000000000089	6.00000000000000000	1.00000000000000022	1.17999999999999994	0.11000000000000000	4.32000000000000028	1
8000	255	90	4	34	692221	1	1	5.99999999999999822	6.00000000000000000	0.99999999999999967	10.65000000000000036	0.81999999999999995	47.36999999999999744	1
8000	256	90	4	34	250436	0	0	7.00000000000000000	7.00000000000000000	1.00000000000000000	2.83000000000000007	0.58999999999999997	0.00000000000000000	1
8000	257	90	4	31	97409	1	0	6.00000000000000089	6.00000000000000000	1.00000000000000022	1.06000000000000005	0.16000000000000000	0.81999999999999995	1
8000	258	90	4	12	580	1	0	3.00000000000000044	3.00000000000000000	1.00000000000000022	0.00000000000000000	0.00000000000000000	0.01000000000000000	1
8000	259	90	4	26	34942	0	0	6.00000000000000000	6.00000000000000000	1.00000000000000000	0.32000000000000001	0.03000000000000000	0.00000000000000000	1
8000	260	90	4	19	1342	0	0	10.00000000000000000	10.00000000000000000	1.00000000000000000	0.00000000000000000	0.00000000000000000	0.00000000000000000	1
8000	261	90	4	23	40319	1	0	7.00000000000000000	7.00000000000000000	1.00000000000000000	0.40999999999999998	0.03000000000000000	0.28000000000000003	1
8000	262	90	4	23	15942	1	0	8.00000000000000000	8.00000000000000000	1.00000000000000000	0.14999999999999999	0.01000000000000000	0.12000000000000000	1
8000	263	90	4	29	27393	0	0	13.00000000000000000	13.00000000000000000	1.00000000000000000	0.23999999999999999	0.01000000000000000	0.00000000000000000	1
8000	264	90	4	14	911	0	0	4.00000000000000000	4.00000000000000000	1.00000000000000000	0.00000000000000000	0.00000000000000000	0.00000000000000000	1
8000	265	90	4	23	10520	0	0	7.00000000000000000	7.00000000000000000	1.00000000000000000	0.08000000000000000	0.01000000000000000	0.00000000000000000	1
8000	266	90	4	27	295591	1	0	5.00000000000000000	5.00000000000000000	1.00000000000000000	2.18999999999999995	0.51000000000000001	13.65000000000000036	1
8000	267	90	4	22	43687	1	0	5.00000000000000000	5.00000000000000000	1.00000000000000000	0.33000000000000002	0.07000000000000001	1.31000000000000005	1
8000	268	90	4	29	129952	0	0	6.00000000000000000	6.00000000000000000	1.00000000000000000	1.50000000000000000	0.19000000000000000	0.00000000000000000	1
8000	269	90	4	21	13522	0	0	6.00000000000000000	6.00000000000000000	1.00000000000000000	0.12000000000000000	0.01000000000000000	0.00000000000000000	1
8000	270	90	4	27	20659	1	0	7.00000000000000089	7.00000000000000000	1.00000000000000022	0.14999999999999999	0.03000000000000000	0.16000000000000000	1
8000	271	90	4	17	4054	0	0	5.00000000000000000	5.00000000000000000	1.00000000000000000	0.02000000000000000	0.00000000000000000	0.00000000000000000	1
8000	272	90	4	27	31496	0	0	7.00000000000000000	7.00000000000000000	1.00000000000000000	0.19000000000000000	0.02000000000000000	0.00000000000000000	1
8000	273	90	4	20	6501	0	0	5.00000000000000000	5.00000000000000000	1.00000000000000000	0.04000000000000000	0.00000000000000000	0.00000000000000000	1
8000	274	90	4	29	590611	1	0	5.00000000000000000	5.00000000000000000	1.00000000000000000	7.36000000000000032	0.84999999999999998	2.81999999999999984	1
8000	275	90	4	20	1914	0	0	8.00000000000000000	8.00000000000000000	1.00000000000000000	0.01000000000000000	0.00000000000000000	0.00000000000000000	1
8000	276	90	4	28	44643	0	0	7.00000000000000000	7.00000000000000000	1.00000000000000000	0.56000000000000005	0.05000000000000000	0.00000000000000000	1
8000	277	90	4	26	15505	1	0	6.00000000000000000	6.00000000000000000	1.00000000000000000	0.14000000000000001	0.02000000000000000	0.16000000000000000	1
8000	278	90	4	22	12743	0	0	8.00000000000000000	8.00000000000000000	1.00000000000000000	0.07000000000000001	0.01000000000000000	0.00000000000000000	1
8000	279	90	4	26	5079	1	0	10.00000000000000178	10.00000000000000000	1.00000000000000022	0.05000000000000000	0.00000000000000000	0.04000000000000000	1
8000	280	90	4	38	21178	0	0	19.00000000000000000	19.00000000000000000	1.00000000000000000	0.28000000000000003	0.01000000000000000	0.00000000000000000	1
8000	281	90	4	23	13340	0	0	7.00000000000000000	7.00000000000000000	1.00000000000000000	0.11000000000000000	0.01000000000000000	0.00000000000000000	1
8000	282	90	4	35	145649	1	0	10.00000000000000000	10.00000000000000000	1.00000000000000000	1.86000000000000010	0.14999999999999999	0.93000000000000005	1
8000	283	90	4	23	19439	1	0	8.00000000000000000	8.00000000000000000	1.00000000000000000	0.08000000000000000	0.01000000000000000	0.10000000000000001	1
8000	284	90	4	29	203970	0	0	9.00000000000000000	9.00000000000000000	1.00000000000000000	1.38999999999999990	0.40000000000000002	0.00000000000000000	1
8000	285	90	4	29	195758	1	1	5.99999999999999911	6.00000000000000000	0.99999999999999989	2.62999999999999989	0.26000000000000001	0.96999999999999997	1
8000	286	90	4	37	140229	1	0	14.00000000000000178	14.00000000000000000	1.00000000000000022	1.94999999999999996	0.14999999999999999	4.34999999999999964	1
8000	287	90	4	50	3323530	1	0	17.00000000000000000	17.00000000000000000	1.00000000000000000	53.71999999999999886	3.16000000000000014	85.64000000000000057	1
8000	288	90	4	30	47556	1	1	6.99999999999999822	7.00000000000000000	0.99999999999999978	0.44000000000000000	0.06000000000000000	0.35999999999999999	1
8000	289	90	4	39	2450882	1	0	6.00000000000000266	6.00000000000000000	1.00000000000000044	33.75000000000000000	7.45000000000000018	1699.25000000000000000	1
8000	290	90	4	29	134871	1	0	5.00000000000000000	5.00000000000000000	1.00000000000000000	1.55000000000000004	0.16000000000000000	1.09000000000000008	1
8000	291	90	4	32	119402	1	0	11.00000000000000178	11.00000000000000000	1.00000000000000022	1.28000000000000003	0.14000000000000001	0.75000000000000000	1
8000	292	90	4	35	251368	1	0	8.00000000000000178	8.00000000000000000	1.00000000000000022	3.25000000000000000	0.32000000000000001	20.35999999999999943	1
8000	293	90	4	32	205799	0	0	8.00000000000000000	8.00000000000000000	1.00000000000000000	1.57000000000000006	0.26000000000000001	0.00000000000000000	1
8000	294	90	4	38	2178752	1	0	12.00000000000000178	12.00000000000000000	1.00000000000000022	41.40999999999999659	2.18000000000000016	11.75000000000000000	1
8000	295	90	4	30	839807	1	1	6.99999999999999911	7.00000000000000000	0.99999999999999989	6.86000000000000032	0.88000000000000000	3.43000000000000016	1
8000	296	90	4	19	3551	1	0	6.00000000000000000	6.00000000000000000	1.00000000000000000	0.02000000000000000	0.00000000000000000	0.02000000000000000	1
8000	297	90	4	30	398217	1	0	6.00000000000000000	6.00000000000000000	1.00000000000000000	4.23000000000000043	0.34000000000000002	20.21999999999999886	1
8000	298	90	4	31	336714	1	0	6.00000000000000089	6.00000000000000000	1.00000000000000022	4.62999999999999989	0.71999999999999997	18.19000000000000128	1
8000	299	90	4	39	525866	0	0	9.00000000000000000	9.00000000000000000	1.00000000000000000	7.11000000000000032	0.40000000000000002	0.00000000000000000	1
8000	300	90	4	20	35711	1	0	4.00000000000000000	4.00000000000000000	1.00000000000000000	0.22000000000000000	0.03000000000000000	0.29999999999999999	1
8000	301	90	4	42	2851621	1	1	9.99999999999999645	10.00000000000000000	0.99999999999999967	26.85000000000000142	6.03000000000000025	32.46000000000000085	1
8000	302	90	4	19	9775	0	0	5.00000000000000000	5.00000000000000000	1.00000000000000000	0.04000000000000000	0.00000000000000000	0.00000000000000000	1
8000	303	90	4	21	65965	0	0	4.00000000000000000	4.00000000000000000	1.00000000000000000	0.67000000000000004	0.10000000000000001	0.00000000000000000	1
8000	304	90	4	22	6344	0	0	7.00000000000000000	7.00000000000000000	1.00000000000000000	0.04000000000000000	0.00000000000000000	0.00000000000000000	1
8000	305	90	4	28	173897	1	0	5.00000000000000000	5.00000000000000000	1.00000000000000000	1.71999999999999997	0.23999999999999999	0.48999999999999999	1
8000	306	90	4	28	17298	1	0	8.00000000000000000	8.00000000000000000	1.00000000000000000	0.25000000000000000	0.02000000000000000	0.22000000000000000	1
8000	307	90	4	26	188603	0	0	4.00000000000000178	4.00000000000000178	1.00000000000000000	1.51000000000000001	0.42999999999999999	0.00000000000000000	1
8000	308	90	4	17	4367	0	0	6.00000000000000000	6.00000000000000000	1.00000000000000000	0.02000000000000000	0.00000000000000000	0.00000000000000000	1
8000	309	90	4	33	164839	1	0	9.00000000000000000	9.00000000000000000	1.00000000000000000	1.79000000000000004	0.20999999999999999	0.41999999999999998	1
8000	310	90	4	20	2942	0	0	5.00000000000000000	5.00000000000000000	1.00000000000000000	0.02000000000000000	0.00000000000000000	0.00000000000000000	1
8000	311	90	4	21	33259	0	0	4.00000000000000000	4.00000000000000000	1.00000000000000000	0.23999999999999999	0.04000000000000000	0.00000000000000000	1
8000	312	90	4	36	2310525	1	1	6.99999999999999822	7.00000000000000000	0.99999999999999978	33.71999999999999886	6.55999999999999961	223.25999999999999091	1
8000	313	90	4	15	1599	1	0	4.00000000000000000	4.00000000000000000	1.00000000000000000	0.00000000000000000	0.00000000000000000	0.02000000000000000	1
8000	314	90	4	27	10792	0	0	7.00000000000000000	7.00000000000000000	1.00000000000000000	0.08000000000000000	0.01000000000000000	0.00000000000000000	1
8000	315	90	4	30	170199	1	1	5.99999999999999911	6.00000000000000000	0.99999999999999989	1.81000000000000005	0.22000000000000000	23.05999999999999872	1
8000	316	90	4	19	15190	0	0	4.00000000000000000	4.00000000000000000	1.00000000000000000	0.11000000000000000	0.01000000000000000	0.00000000000000000	1
8000	317	90	4	36	2128294	1	0	6.00000000000000266	6.00000000000000000	1.00000000000000044	30.82000000000000028	2.75000000000000000	1494.88000000000010914	1
8000	318	90	4	28	94409	1	0	6.00000000000000000	6.00000000000000000	1.00000000000000000	0.93000000000000005	0.14000000000000001	5.66999999999999993	1
8000	319	90	4	24	40403	0	0	6.00000000000000000	6.00000000000000000	1.00000000000000000	0.40999999999999998	0.05000000000000000	0.00000000000000000	1
8000	320	90	4	32	194702	1	0	8.00000000000000000	7.99999999999999822	1.00000000000000022	1.62999999999999989	0.31000000000000000	0.79000000000000004	1
8000	321	90	4	35	400891	1	1	7.99999999999999911	8.00000000000000000	0.99999999999999989	3.31000000000000005	0.35999999999999999	4.53000000000000025	1
8000	322	90	4	20	34899	0	0	4.00000000000000000	4.00000000000000000	1.00000000000000000	0.19000000000000000	0.03000000000000000	0.00000000000000000	1
8000	323	90	4	27	19896	1	0	7.00000000000000089	7.00000000000000000	1.00000000000000022	0.14999999999999999	0.02000000000000000	0.13000000000000000	1
8000	324	90	4	23	43720	1	1	4.50000000000000000	5.00000000000000000	0.90000000000000002	0.29999999999999999	0.06000000000000000	0.37000000000000000	1
8000	325	90	4	17	4381	0	0	4.00000000000000000	4.00000000000000000	1.00000000000000000	0.02000000000000000	0.00000000000000000	0.00000000000000000	1
8000	326	90	4	23	55367	1	0	4.00000000000000000	4.00000000000000000	1.00000000000000000	0.38000000000000000	0.05000000000000000	0.38000000000000000	1
8000	327	90	4	21	4082	0	0	8.00000000000000000	8.00000000000000000	1.00000000000000000	0.02000000000000000	0.01000000000000000	0.00000000000000000	1
8000	328	90	4	34	418804	0	0	11.00000000000000000	11.00000000000000000	1.00000000000000000	3.29000000000000004	0.38000000000000000	0.00000000000000000	1
8000	329	90	4	30	27665	0	0	11.00000000000000000	11.00000000000000000	1.00000000000000000	0.19000000000000000	0.04000000000000000	0.00000000000000000	1
8000	330	90	4	22	25676	1	1	5.99999999999999911	6.00000000000000000	0.99999999999999989	0.14000000000000001	0.03000000000000000	0.20000000000000001	1
8000	331	90	4	32	614305	1	1	7.99999999999999911	8.00000000000000000	0.99999999999999989	8.88000000000000078	0.73999999999999999	32.99000000000000199	1
8000	332	90	4	26	116220	0	0	5.00000000000000000	5.00000000000000000	1.00000000000000000	0.77000000000000002	0.12000000000000000	0.00000000000000000	1
8000	333	90	4	21	9506	1	1	4.50000000000000000	5.00000000000000000	0.90000000000000002	0.05000000000000000	0.01000000000000000	0.16000000000000000	1
8000	334	90	4	16	5689	0	0	4.00000000000000000	4.00000000000000000	1.00000000000000000	0.03000000000000000	0.00000000000000000	0.00000000000000000	1
8000	335	90	4	19	9069	1	0	6.00000000000000000	6.00000000000000000	1.00000000000000000	0.05000000000000000	0.01000000000000000	0.07000000000000001	1
8000	336	90	4	27	157117	0	0	5.00000000000000000	5.00000000000000000	1.00000000000000000	1.76000000000000001	0.20000000000000001	0.00000000000000000	1
8000	337	90	4	27	23434	1	0	6.00000000000000089	6.00000000000000000	1.00000000000000022	0.17999999999999999	0.03000000000000000	0.19000000000000000	1
8000	338	90	4	24	22491	1	0	5.00000000000000000	5.00000000000000000	1.00000000000000000	0.14000000000000001	0.03000000000000000	0.19000000000000000	1
8000	339	90	4	24	38059	1	1	4.99999999999999911	5.00000000000000000	0.99999999999999978	0.20000000000000001	0.04000000000000000	0.33000000000000002	1
8000	340	90	4	31	207717	0	0	7.00000000000000000	7.00000000000000000	1.00000000000000000	2.24000000000000021	0.27000000000000002	0.00000000000000000	1
8000	341	90	4	27	136058	1	0	6.00000000000000000	6.00000000000000000	1.00000000000000000	1.68999999999999995	0.17999999999999999	1.01000000000000001	1
8000	342	90	4	23	42071	1	0	5.00000000000000089	5.00000000000000000	1.00000000000000022	0.29999999999999999	0.04000000000000000	0.35999999999999999	1
8000	343	90	4	37	340388	1	0	9.00000000000000000	9.00000000000000000	1.00000000000000000	3.93000000000000016	0.78000000000000003	80.68999999999999773	1
8000	344	90	4	25	49600	1	0	5.00000000000000000	4.99999999999999467	1.00000000000000111	0.51000000000000001	0.06000000000000000	0.84999999999999998	1
8000	345	90	4	35	373819	1	0	10.00000000000000533	10.00000000000000000	1.00000000000000044	3.50000000000000000	0.53000000000000003	20.26999999999999957	1
8000	346	90	4	31	186298	0	0	7.00000000000000000	7.00000000000000000	1.00000000000000000	1.37000000000000011	0.27000000000000002	0.00000000000000000	1
8000	347	90	4	17	7199	0	0	3.00000000000000000	3.00000000000000000	1.00000000000000000	0.06000000000000000	0.01000000000000000	0.00000000000000000	1
8000	348	90	4	30	61865	1	0	7.00000000000000000	7.00000000000000000	1.00000000000000000	0.34999999999999998	0.07000000000000001	7.38999999999999968	1
8000	349	90	4	32	234846	1	0	11.00000000000000000	11.00000000000000000	1.00000000000000000	15.38000000000000078	0.33000000000000002	2.33000000000000007	1
8000	350	90	4	21	14914	1	1	6.99999999999999911	7.00000000000000000	0.99999999999999989	0.11000000000000000	0.01000000000000000	0.10000000000000001	1
8000	351	90	4	25	93395	1	1	4.40000000000000036	5.00000000000000000	0.88000000000000012	1.05000000000000004	0.16000000000000000	36.50000000000000000	1
8000	352	90	4	20	20820	1	0	4.00000000000000000	4.00000000000000000	1.00000000000000000	0.11000000000000000	0.02000000000000000	0.14000000000000001	1
8000	353	90	4	23	10313	0	0	8.00000000000000000	8.00000000000000000	1.00000000000000000	0.08000000000000000	0.00000000000000000	0.00000000000000000	1
8000	354	90	4	22	5123	0	0	6.00000000000000000	6.00000000000000000	1.00000000000000000	0.04000000000000000	0.00000000000000000	0.00000000000000000	1
8000	355	90	4	31	113037	1	0	6.00000000000000178	6.00000000000000000	1.00000000000000022	0.96999999999999997	0.16000000000000000	0.70999999999999996	1
8000	356	90	4	33	212853	1	0	8.00000000000000000	8.00000000000000000	1.00000000000000000	1.39999999999999991	0.25000000000000000	10.72000000000000064	1
8000	357	90	4	38	249341	0	0	9.00000000000000000	9.00000000000000000	1.00000000000000000	2.22999999999999998	0.34999999999999998	0.00000000000000000	1
8000	358	90	4	30	302450	1	0	9.00000000000000000	9.00000000000000000	1.00000000000000000	4.42999999999999972	0.35999999999999999	1.31000000000000005	1
8000	359	90	4	43	13310398	1	1	7.99999999999999822	8.00000000000000000	0.99999999999999978	115.56000000000000227	43.84000000000000341	3463.05999999999994543	1
8000	360	90	4	26	37708	0	0	7.00000000000000000	7.00000000000000000	1.00000000000000000	0.52000000000000002	0.05000000000000000	0.00000000000000000	1
8000	361	90	4	25	12360	0	0	6.00000000000000000	6.00000000000000000	1.00000000000000000	0.13000000000000000	0.01000000000000000	0.00000000000000000	1
8000	362	90	4	18	9453	1	1	3.50000000000000000	4.00000000000000000	0.87500000000000000	0.05000000000000000	0.01000000000000000	0.07000000000000001	1
8000	363	90	4	28	233795	1	0	5.00000000000000000	5.00000000000000000	1.00000000000000000	2.04000000000000004	0.31000000000000000	1.61000000000000010	1
8000	364	90	4	36	286983	1	0	11.00000000000000000	11.00000000000000000	1.00000000000000000	3.58000000000000007	0.33000000000000002	15.31000000000000050	1
8000	365	90	4	27	353317	1	0	5.00000000000000000	5.00000000000000000	1.00000000000000000	3.54999999999999982	0.28999999999999998	1.47999999999999998	1
8000	366	90	4	19	6774	0	0	7.00000000000000000	7.00000000000000000	1.00000000000000000	0.03000000000000000	0.00000000000000000	0.00000000000000000	1
8000	367	90	4	24	4689	0	0	10.00000000000000000	10.00000000000000000	1.00000000000000000	0.05000000000000000	0.00000000000000000	0.00000000000000000	1
8000	368	90	4	24	10421	1	0	6.00000000000000000	6.00000000000000000	1.00000000000000000	0.10000000000000001	0.01000000000000000	0.07000000000000001	1
8000	369	90	4	30	1490030	1	0	5.00000000000000000	5.00000000000000000	1.00000000000000000	21.62999999999999901	1.26000000000000001	10.26999999999999957	1
8000	370	90	4	23	12119	0	0	9.00000000000000000	9.00000000000000000	1.00000000000000000	0.08000000000000000	0.01000000000000000	0.00000000000000000	1
8000	371	90	4	23	20534	0	0	7.00000000000000000	7.00000000000000000	1.00000000000000000	0.20000000000000001	0.02000000000000000	0.00000000000000000	1
8000	372	90	4	25	582907	1	0	4.00000000000000000	4.00000000000000000	1.00000000000000000	4.37999999999999989	0.60999999999999999	27.57999999999999829	1
8000	373	90	4	33	173515	1	0	6.00000000000000266	6.00000000000000000	1.00000000000000044	1.44999999999999996	0.22000000000000000	8.23000000000000043	1
8000	374	90	4	30	32934	0	0	8.00000000000000000	8.00000000000000000	1.00000000000000000	0.23000000000000001	0.03000000000000000	0.00000000000000000	1
8000	375	90	4	30	91154	1	1	5.99999999999999911	6.00000000000000000	0.99999999999999989	0.90000000000000002	0.09000000000000000	0.60999999999999999	1
8000	376	90	4	35	37519	1	1	10.99999999999999645	11.00000000000000000	0.99999999999999967	0.63000000000000000	0.03000000000000000	0.23000000000000001	1
8000	377	90	4	36	615914	1	0	10.00000000000000000	10.00000000000000000	1.00000000000000000	9.28999999999999915	0.68000000000000005	37.47999999999999687	1
8000	378	90	4	17	5906	0	0	4.00000000000000000	4.00000000000000000	1.00000000000000000	0.03000000000000000	0.01000000000000000	0.00000000000000000	1
8000	379	90	4	24	12504	0	0	9.00000000000000000	9.00000000000000000	1.00000000000000000	0.10000000000000001	0.01000000000000000	0.00000000000000000	1
8000	380	90	4	25	44738	1	0	7.00000000000000000	7.00000000000000000	1.00000000000000000	0.42999999999999999	0.04000000000000000	0.29999999999999999	1
8000	381	90	4	25	43266	0	0	9.00000000000000000	9.00000000000000000	1.00000000000000000	0.54000000000000004	0.04000000000000000	0.00000000000000000	1
8000	382	90	4	21	41388	1	0	4.00000000000000000	4.00000000000000000	1.00000000000000000	0.27000000000000002	0.04000000000000000	0.33000000000000002	1
8000	383	90	4	29	427682	1	0	5.00000000000000000	5.00000000000000000	1.00000000000000000	3.54999999999999982	0.44000000000000000	1.59000000000000008	1
8000	384	90	4	21	26794	1	0	5.00000000000000000	5.00000000000000000	1.00000000000000000	0.17000000000000001	0.01000000000000000	0.17999999999999999	1
8000	385	90	4	27	47445	1	0	9.00000000000000000	9.00000000000000000	1.00000000000000000	0.68999999999999995	0.04000000000000000	0.29999999999999999	1
8000	386	90	4	35	661413	1	1	7.99999999999999911	8.00000000000000000	0.99999999999999989	7.95000000000000018	1.43999999999999995	51.74000000000000199	1
8000	387	90	4	31	280194	1	0	6.00000000000000000	6.00000000000000000	1.00000000000000000	2.95999999999999996	0.31000000000000000	57.53000000000000114	1
8000	388	90	4	17	795	0	0	6.00000000000000000	6.00000000000000000	1.00000000000000000	0.00000000000000000	0.00000000000000000	0.00000000000000000	1
8000	389	90	4	25	100054	0	0	5.00000000000000000	5.00000000000000000	1.00000000000000000	0.78000000000000003	0.09000000000000000	0.00000000000000000	1
8000	390	90	4	32	3614447	1	0	7.00000000000000089	7.00000000000000000	1.00000000000000022	33.03000000000000114	7.90000000000000036	902.21000000000003638	1
8000	391	90	4	23	10633	0	0	8.00000000000000000	8.00000000000000000	1.00000000000000000	0.14000000000000001	0.01000000000000000	0.00000000000000000	1
8000	392	90	4	29	460586	1	0	6.00000000000000089	6.00000000000000000	1.00000000000000022	4.04000000000000004	0.89000000000000001	31.53999999999999915	1
8000	393	90	4	25	46548	0	0	6.00000000000000000	6.00000000000000000	1.00000000000000000	0.32000000000000001	0.04000000000000000	0.00000000000000000	1
8000	394	90	4	33	230747	1	0	9.00000000000000000	9.00000000000000000	1.00000000000000000	2.06000000000000005	0.45000000000000001	1.44999999999999996	1
8000	395	90	4	24	47317	1	0	4.00000000000000000	4.00000000000000000	1.00000000000000000	0.46000000000000002	0.05000000000000000	1.00000000000000000	1
8000	396	90	4	32	54297	1	0	8.00000000000000178	8.00000000000000000	1.00000000000000022	0.87000000000000000	0.07000000000000001	0.46999999999999997	1
8000	397	90	4	16	6535	0	0	4.00000000000000000	4.00000000000000000	1.00000000000000000	0.03000000000000000	0.00000000000000000	0.00000000000000000	1
8000	398	90	4	28	2350386	0	0	4.00000000000000000	4.00000000000000000	1.00000000000000000	20.16000000000000014	2.37000000000000011	0.00000000000000000	1
8000	399	90	4	26	53885	1	1	5.66666666666666874	6.00000000000000000	0.94444444444444475	0.46000000000000002	0.09000000000000000	1.68999999999999995	1
8000	400	90	4	27	26467	0	0	8.00000000000000000	8.00000000000000000	1.00000000000000000	0.28000000000000003	0.01000000000000000	0.00000000000000000	1
8000	401	90	4	22	30326	0	0	5.00000000000000000	5.00000000000000000	1.00000000000000000	0.20000000000000001	0.03000000000000000	0.00000000000000000	1
8000	402	90	4	25	11034	0	0	6.00000000000000000	6.00000000000000000	1.00000000000000000	0.06000000000000000	0.01000000000000000	0.00000000000000000	1
8000	403	90	4	22	9770	0	0	7.00000000000000000	7.00000000000000000	1.00000000000000000	0.06000000000000000	0.00000000000000000	0.00000000000000000	1
8000	404	90	4	40	204889	0	0	14.00000000000000000	14.00000000000000000	1.00000000000000000	3.45000000000000018	0.29999999999999999	0.00000000000000000	1
8000	405	90	4	31	108442	1	1	8.99999999999999822	9.00000000000000000	0.99999999999999978	0.90000000000000002	0.11000000000000000	4.94000000000000039	1
8000	406	90	4	13	956	0	0	4.00000000000000000	4.00000000000000000	1.00000000000000000	0.00000000000000000	0.00000000000000000	0.00000000000000000	1
8000	407	90	4	25	20169	0	0	6.00000000000000000	6.00000000000000000	1.00000000000000000	0.25000000000000000	0.02000000000000000	0.00000000000000000	1
8000	408	90	4	25	9863	1	0	7.00000000000000000	7.00000000000000000	1.00000000000000000	0.06000000000000000	0.01000000000000000	0.07000000000000001	1
8000	409	90	4	30	33846	0	0	10.00000000000000000	10.00000000000000000	1.00000000000000000	0.40999999999999998	0.03000000000000000	0.00000000000000000	1
8000	410	90	4	24	38668	1	0	5.00000000000000000	5.00000000000000000	1.00000000000000000	0.34999999999999998	0.06000000000000000	0.37000000000000000	1
8000	411	90	4	33	87655	1	1	7.99999999999999822	8.00000000000000000	0.99999999999999978	1.30000000000000004	0.09000000000000000	0.59999999999999998	1
8000	412	90	4	20	5239	0	0	7.00000000000000000	7.00000000000000000	1.00000000000000000	0.07000000000000001	0.00000000000000000	0.00000000000000000	1
8000	413	90	4	14	1375	0	0	3.00000000000000000	3.00000000000000000	1.00000000000000000	0.00000000000000000	0.01000000000000000	0.00000000000000000	1
8000	414	90	4	23	33144	0	0	5.00000000000000000	5.00000000000000000	1.00000000000000000	1.11000000000000010	0.04000000000000000	0.00000000000000000	1
8000	415	90	4	17	2382	1	1	4.99999999999999911	5.00000000000000000	0.99999999999999978	0.01000000000000000	0.00000000000000000	0.02000000000000000	1
8000	416	90	4	26	29038	0	0	8.00000000000000000	8.00000000000000000	1.00000000000000000	0.29999999999999999	0.03000000000000000	0.00000000000000000	1
8000	417	90	4	21	31693	0	0	5.00000000000000000	5.00000000000000000	1.00000000000000000	0.22000000000000000	0.05000000000000000	0.00000000000000000	1
8000	418	90	4	23	17160	0	0	8.00000000000000000	8.00000000000000000	1.00000000000000000	0.10000000000000001	0.02000000000000000	0.00000000000000000	1
8000	419	90	4	36	1826202	1	0	6.00000000000000089	6.00000000000000000	1.00000000000000022	17.69999999999999929	3.72999999999999998	137.78999999999999204	1
8000	420	90	4	37	265620	0	0	10.00000000000000000	10.00000000000000000	1.00000000000000000	2.99000000000000021	0.40999999999999998	0.00000000000000000	1
8000	421	90	4	31	394790	1	1	6.99999999999999911	7.00000000000000000	0.99999999999999989	3.64000000000000012	0.40999999999999998	0.89000000000000001	1
8000	422	90	4	33	14224	0	0	10.00000000000000000	10.00000000000000000	1.00000000000000000	0.13000000000000000	0.01000000000000000	0.00000000000000000	1
8000	423	90	4	18	25919	0	0	3.00000000000000000	3.00000000000000000	1.00000000000000000	0.14999999999999999	0.02000000000000000	0.00000000000000000	1
8000	424	90	4	30	720236	1	0	5.00000000000000089	5.00000000000000000	1.00000000000000022	5.30999999999999961	0.70999999999999996	78.01999999999999602	1
8000	425	90	4	20	4267	0	0	7.00000000000000000	7.00000000000000000	1.00000000000000000	0.02000000000000000	0.01000000000000000	0.00000000000000000	1
8000	426	90	4	28	54629	0	0	8.00000000000000000	8.00000000000000000	1.00000000000000000	0.46999999999999997	0.04000000000000000	0.00000000000000000	1
8000	427	90	4	22	8121	1	0	5.00000000000000000	5.00000000000000000	1.00000000000000000	0.08000000000000000	0.01000000000000000	0.04000000000000000	1
8000	428	90	4	33	420809	1	0	9.00000000000000000	9.00000000000000000	1.00000000000000000	3.75000000000000000	0.34000000000000002	38.97999999999999687	1
8000	429	90	4	21	14485	0	0	4.00000000000000000	4.00000000000000000	1.00000000000000000	0.11000000000000000	0.01000000000000000	0.00000000000000000	1
8000	430	90	4	25	114352	1	0	6.00000000000000000	6.00000000000000000	1.00000000000000000	0.76000000000000001	0.20000000000000001	0.91000000000000003	1
8000	431	90	4	27	88886	1	0	9.00000000000000000	9.00000000000000000	1.00000000000000000	0.75000000000000000	0.07000000000000001	0.46000000000000002	1
8000	432	90	4	18	23219	0	0	2.00000000000000000	2.00000000000000000	1.00000000000000000	0.12000000000000000	0.02000000000000000	0.00000000000000000	1
8000	433	90	4	38	304525	1	0	16.00000000000000000	16.00000000000000000	1.00000000000000000	7.17999999999999972	0.44000000000000000	1.41999999999999993	1
8000	434	90	4	28	43016	1	0	7.00000000000000000	7.00000000000000000	1.00000000000000000	0.42999999999999999	0.04000000000000000	0.33000000000000002	1
8000	435	90	4	24	19656	0	0	6.00000000000000000	6.00000000000000000	1.00000000000000000	0.14999999999999999	0.03000000000000000	0.00000000000000000	1
8000	436	90	4	25	108736	1	1	5.99999999999999911	6.00000000000000000	0.99999999999999989	1.40999999999999992	0.11000000000000000	0.77000000000000002	1
8000	437	90	4	27	88309	0	0	10.00000000000000000	10.00000000000000000	1.00000000000000000	1.04000000000000004	0.08000000000000000	0.00000000000000000	1
8000	438	90	4	28	35461	0	0	12.00000000000000000	12.00000000000000000	1.00000000000000000	0.55000000000000004	0.04000000000000000	0.00000000000000000	1
8000	439	90	4	19	5729	0	0	4.00000000000000000	4.00000000000000000	1.00000000000000000	0.03000000000000000	0.01000000000000000	0.00000000000000000	1
8000	440	90	4	32	2329427	1	1	6.00000000000000000	6.00000000000000089	0.99999999999999989	35.00999999999999801	2.47999999999999998	308.31999999999999318	1
8000	441	90	4	25	147693	1	1	3.50000000000000044	4.00000000000000000	0.87500000000000011	1.16999999999999993	0.22000000000000000	5.33999999999999986	1
8000	442	90	4	27	109147	1	1	5.99999999999999911	6.00000000000000000	0.99999999999999989	1.04000000000000004	0.17000000000000001	6.37000000000000011	1
8000	443	90	4	22	20136	1	0	5.00000000000000089	5.00000000000000000	1.00000000000000022	0.16000000000000000	0.02000000000000000	0.85999999999999999	1
8000	444	90	4	30	70482	0	0	10.00000000000000000	10.00000000000000000	1.00000000000000000	0.68999999999999995	0.10000000000000001	0.00000000000000000	1
8000	445	90	4	26	131375	1	1	5.99999999999999911	6.00000000000000000	0.99999999999999989	1.12000000000000011	0.10000000000000001	3.54000000000000004	1
8000	446	90	4	26	45676	0	0	6.00000000000000000	6.00000000000000000	1.00000000000000000	0.41999999999999998	0.06000000000000000	0.00000000000000000	1
8000	447	90	4	29	263964	1	1	6.99999999999999911	7.00000000000000000	0.99999999999999989	3.08000000000000007	0.38000000000000000	1.23999999999999999	1
8000	448	90	4	27	106512	1	0	5.00000000000000000	5.00000000000000000	1.00000000000000000	0.79000000000000004	0.14000000000000001	2.83999999999999986	1
8000	449	90	4	30	53665	0	0	11.00000000000000000	11.00000000000000000	1.00000000000000000	0.46999999999999997	0.06000000000000000	0.00000000000000000	1
8000	450	90	4	36	218240	1	0	13.00000000000000000	13.00000000000000000	1.00000000000000000	2.50000000000000000	0.41999999999999998	0.78000000000000003	1
8000	451	90	4	27	68705	0	0	7.00000000000000000	7.00000000000000000	1.00000000000000000	0.63000000000000000	0.06000000000000000	0.00000000000000000	1
8000	452	90	4	22	15701	0	0	4.00000000000000000	4.00000000000000000	1.00000000000000000	0.10000000000000001	0.02000000000000000	0.00000000000000000	1
8000	453	90	4	22	19590	0	0	6.00000000000000000	6.00000000000000000	1.00000000000000000	0.16000000000000000	0.01000000000000000	0.00000000000000000	1
8000	454	90	4	27	9693	1	0	8.00000000000000000	8.00000000000000000	1.00000000000000000	0.10000000000000001	0.01000000000000000	0.06000000000000000	1
8000	455	90	4	22	113127	1	0	5.00000000000000000	5.00000000000000000	1.00000000000000000	0.64000000000000001	0.09000000000000000	1.87999999999999989	1
8000	456	90	4	25	93750	1	0	5.00000000000000000	5.00000000000000000	1.00000000000000000	0.66000000000000003	0.09000000000000000	0.58999999999999997	1
8000	457	90	4	24	9727	0	0	6.00000000000000000	6.00000000000000000	1.00000000000000000	0.05000000000000000	0.01000000000000000	0.00000000000000000	1
8000	458	90	4	26	34776	0	0	7.00000000000000000	7.00000000000000000	1.00000000000000000	0.20999999999999999	0.03000000000000000	0.00000000000000000	1
8000	459	90	4	31	786258	1	0	5.00000000000000000	5.00000000000000000	1.00000000000000000	7.37999999999999989	1.89999999999999991	54.68999999999999773	1
8000	460	90	4	31	161779	1	0	7.00000000000001865	7.00000000000000000	1.00000000000000266	1.30000000000000004	0.28000000000000003	0.60999999999999999	1
8000	461	90	4	15	1493	1	0	4.00000000000000000	4.00000000000000000	1.00000000000000000	0.01000000000000000	0.00000000000000000	0.00000000000000000	1
8000	462	90	4	27	58967	0	0	8.00000000000000000	8.00000000000000000	1.00000000000000000	0.67000000000000004	0.03000000000000000	0.00000000000000000	1
8000	463	90	4	26	53742	0	0	8.00000000000000000	8.00000000000000000	1.00000000000000000	0.35999999999999999	0.05000000000000000	0.00000000000000000	1
8000	464	90	4	29	188790	1	1	7.99999999999999911	8.00000000000000000	0.99999999999999989	1.10000000000000009	0.25000000000000000	1.15999999999999992	1
8000	465	90	4	28	60542	1	0	6.00000000000000000	6.00000000000000000	1.00000000000000000	0.58999999999999997	0.06000000000000000	0.45000000000000001	1
8000	466	90	4	36	138420	1	0	8.00000000000000000	8.00000000000000000	1.00000000000000000	1.82000000000000006	0.14999999999999999	1.16999999999999993	1
8000	467	90	4	27	133060	1	1	5.99999999999999911	6.00000000000000000	0.99999999999999989	1.67999999999999994	0.23000000000000001	5.66999999999999993	1
8000	468	90	4	33	41232	1	0	9.00000000000000000	9.00000000000000000	1.00000000000000000	0.33000000000000002	0.03000000000000000	0.20999999999999999	1
8000	469	90	4	25	492212	1	0	4.00000000000000000	4.00000000000000000	1.00000000000000000	6.54999999999999982	0.44000000000000000	25.69999999999999929	1
8000	470	90	4	29	686509	1	1	5.99999999999999911	6.00000000000000000	0.99999999999999989	6.98000000000000043	0.83999999999999997	160.19999999999998863	1
8000	471	90	4	26	16512	1	0	8.00000000000000000	8.00000000000000000	1.00000000000000000	0.17999999999999999	0.02000000000000000	0.12000000000000000	1
8000	472	90	4	17	1999	0	0	5.00000000000000000	5.00000000000000000	1.00000000000000000	0.01000000000000000	0.00000000000000000	0.00000000000000000	1
8000	473	90	4	38	349411	1	0	9.00000000000000000	9.00000000000000000	1.00000000000000000	4.58999999999999986	0.50000000000000000	29.85000000000000142	1
8000	474	90	4	21	24277	1	0	4.00000000000000000	4.00000000000000000	1.00000000000000000	0.17000000000000001	0.02000000000000000	0.17999999999999999	1
8000	475	90	4	26	12315	0	0	11.00000000000000000	11.00000000000000000	1.00000000000000000	0.10000000000000001	0.00000000000000000	0.00000000000000000	1
8000	476	90	4	29	53485	1	0	6.00000000000000000	6.00000000000000000	1.00000000000000000	0.38000000000000000	0.09000000000000000	4.29000000000000004	1
8000	477	90	4	37	131495	1	0	8.00000000000000000	8.00000000000000000	1.00000000000000000	1.71999999999999997	0.20999999999999999	11.40000000000000036	1
8000	478	90	4	26	115339	1	0	5.00000000000000000	5.00000000000000000	1.00000000000000000	0.90000000000000002	0.14000000000000001	6.08999999999999986	1
8000	479	90	4	17	7928	1	0	4.00000000000000000	4.00000000000000000	1.00000000000000000	0.04000000000000000	0.01000000000000000	0.04000000000000000	1
8000	480	90	4	31	69132	0	0	14.00000000000000000	14.00000000000000000	1.00000000000000000	0.82999999999999996	0.09000000000000000	0.00000000000000000	1
8000	481	90	4	30	267016	1	0	7.00000000000000000	7.00000000000000000	1.00000000000000000	3.49000000000000021	0.34999999999999998	40.17000000000000171	1
8000	482	90	4	22	2661	0	0	7.00000000000000000	7.00000000000000000	1.00000000000000000	0.01000000000000000	0.00000000000000000	0.00000000000000000	1
8000	483	90	4	14	2363	0	0	3.00000000000000000	3.00000000000000000	1.00000000000000000	0.02000000000000000	0.01000000000000000	0.00000000000000000	1
8000	484	90	4	27	37154	0	0	10.00000000000000000	10.00000000000000000	1.00000000000000000	0.23999999999999999	0.05000000000000000	0.00000000000000000	1
8000	485	90	4	26	12849	0	0	6.00000000000000000	6.00000000000000000	1.00000000000000000	0.13000000000000000	0.02000000000000000	0.00000000000000000	1
8000	486	90	4	29	43616	1	1	6.99999999999999911	7.00000000000000000	0.99999999999999989	0.46000000000000002	0.05000000000000000	0.31000000000000000	1
8000	487	90	4	17	4368	0	0	4.00000000000000000	4.00000000000000000	1.00000000000000000	0.03000000000000000	0.00000000000000000	0.00000000000000000	1
8000	488	90	4	37	1405124	1	1	7.99999999999999822	8.00000000000000000	0.99999999999999978	18.76999999999999957	1.23999999999999999	187.68000000000000682	1
8000	489	90	4	33	167087	1	0	9.00000000000000178	9.00000000000000000	1.00000000000000022	1.15999999999999992	0.20000000000000001	20.03999999999999915	1
8000	490	90	4	26	53783	1	0	7.00000000000000000	7.00000000000000000	1.00000000000000000	0.62000000000000000	0.06000000000000000	0.53000000000000003	1
8000	491	90	4	37	979574	1	0	8.00000000000000000	8.00000000000000000	1.00000000000000000	6.46999999999999975	0.81000000000000005	46.57999999999999829	1
8000	492	90	4	15	1984	0	0	4.00000000000000000	4.00000000000000000	1.00000000000000000	0.02000000000000000	0.00000000000000000	0.00000000000000000	1
8000	493	90	4	35	428656	1	0	9.00000000000000000	9.00000000000000000	1.00000000000000000	4.20000000000000018	0.42999999999999999	46.06000000000000227	1
8000	494	90	4	19	17850	0	0	4.00000000000000000	4.00000000000000000	1.00000000000000000	0.13000000000000000	0.01000000000000000	0.00000000000000000	1
8000	495	90	4	28	163467	0	0	7.00000000000000000	7.00000000000000000	1.00000000000000000	1.44999999999999996	0.17999999999999999	0.00000000000000000	1
8000	496	90	4	29	60179	1	1	7.99999999999999911	8.00000000000000000	0.99999999999999989	0.68999999999999995	0.04000000000000000	0.37000000000000000	1
8000	497	90	4	37	156153	0	0	11.00000000000000000	11.00000000000000000	1.00000000000000000	1.41999999999999993	0.20000000000000001	0.00000000000000000	1
8000	498	90	4	25	4048	0	0	11.00000000000000000	11.00000000000000000	1.00000000000000000	0.03000000000000000	0.00000000000000000	0.00000000000000000	1
8000	499	90	4	24	71999	1	1	4.00000000000000000	4.00000000000000266	0.99999999999999933	0.68000000000000005	0.05000000000000000	8.00999999999999979	1
8000	500	90	4	27	70153	1	1	7.99999999999999911	8.00000000000000000	0.99999999999999989	0.40999999999999998	0.04000000000000000	0.50000000000000000	1
8000	501	90	4	26	184096	0	0	6.00000000000000000	6.00000000000000000	1.00000000000000000	2.12000000000000011	0.35999999999999999	0.00000000000000000	1
8000	502	90	4	35	289856	1	0	7.00000000000000000	7.00000000000000000	1.00000000000000000	2.91999999999999993	0.40999999999999998	1.34000000000000008	1
8000	503	90	4	28	38135	0	0	8.00000000000000000	8.00000000000000000	1.00000000000000000	0.34999999999999998	0.03000000000000000	0.00000000000000000	1
8000	504	90	4	27	102472	0	0	9.00000000000000000	9.00000000000000000	1.00000000000000000	0.81000000000000005	0.10000000000000001	0.00000000000000000	1
8000	505	90	4	22	38234	1	0	5.00000000000000000	5.00000000000000000	1.00000000000000000	0.23000000000000001	0.03000000000000000	0.60999999999999999	1
8000	506	90	4	32	156133	1	0	10.00000000000000000	10.00000000000000000	1.00000000000000000	2.00000000000000000	0.27000000000000002	0.48999999999999999	1
8000	507	90	4	30	78120	0	0	7.00000000000000000	7.00000000000000000	1.00000000000000000	0.70999999999999996	0.14000000000000001	0.00000000000000000	1
8000	508	90	4	25	22449	0	0	8.00000000000000000	8.00000000000000000	1.00000000000000000	0.14000000000000001	0.02000000000000000	0.00000000000000000	1
8000	509	90	4	33	218310	0	0	10.00000000000000000	10.00000000000000000	1.00000000000000000	3.47999999999999998	0.32000000000000001	0.00000000000000000	1
8000	510	90	4	23	88442	1	1	5.99999999999999911	6.00000000000000000	0.99999999999999989	0.65000000000000002	0.09000000000000000	0.58999999999999997	1
8000	511	90	4	23	25147	0	0	7.00000000000000000	7.00000000000000000	1.00000000000000000	0.28000000000000003	0.02000000000000000	0.00000000000000000	1
8000	512	90	4	28	62260	0	0	8.00000000000000000	8.00000000000000000	1.00000000000000000	0.73999999999999999	0.07000000000000001	0.00000000000000000	1
8000	513	90	4	31	498841	1	0	6.00000000000000178	6.00000000000000000	1.00000000000000022	4.70000000000000018	0.82999999999999996	31.39999999999999858	1
8000	514	90	4	23	35619	1	1	3.99999999999999956	4.00000000000000000	0.99999999999999989	0.23999999999999999	0.04000000000000000	1.72999999999999998	1
8000	515	90	4	26	52120	0	0	5.00000000000000000	5.00000000000000000	1.00000000000000000	0.48999999999999999	0.10000000000000001	0.00000000000000000	1
8000	516	90	4	31	80626	0	0	9.00000000000000000	9.00000000000000000	1.00000000000000000	0.92000000000000004	0.08000000000000000	0.00000000000000000	1
8000	517	90	4	25	74474	1	0	6.00000000000000000	6.00000000000000000	1.00000000000000000	0.56000000000000005	0.08000000000000000	0.45000000000000001	1
8000	518	90	4	14	543	0	0	4.00000000000000000	4.00000000000000000	1.00000000000000000	0.00000000000000000	0.00000000000000000	0.00000000000000000	1
8000	519	90	4	31	9874	0	0	9.00000000000000000	9.00000000000000000	1.00000000000000000	0.06000000000000000	0.01000000000000000	0.00000000000000000	1
8000	520	90	4	30	422566	1	0	6.00000000000000178	6.00000000000000000	1.00000000000000022	3.95999999999999996	0.48999999999999999	1.56000000000000005	1
8000	521	90	4	35	112163	0	0	14.00000000000000000	14.00000000000000000	1.00000000000000000	1.81000000000000005	0.07000000000000001	0.00000000000000000	1
8000	522	90	4	29	95766	1	0	7.00000000000000000	7.00000000000000000	1.00000000000000000	0.82999999999999996	0.06000000000000000	0.70999999999999996	1
8000	523	90	4	25	54094	1	0	8.00000000000000000	8.00000000000000000	1.00000000000000000	0.42999999999999999	0.05000000000000000	0.33000000000000002	1
8000	524	90	4	24	46302	0	0	5.00000000000000000	5.00000000000000000	1.00000000000000000	0.34999999999999998	0.05000000000000000	0.00000000000000000	1
8000	525	90	4	31	28299	0	0	12.00000000000000000	12.00000000000000000	1.00000000000000000	0.44000000000000000	0.03000000000000000	0.00000000000000000	1
8000	526	90	4	23	113076	0	0	4.00000000000000000	4.00000000000000000	1.00000000000000000	1.09000000000000008	0.20999999999999999	0.00000000000000000	1
8000	527	90	4	27	13987	0	0	10.00000000000000000	10.00000000000000000	1.00000000000000000	0.11000000000000000	0.01000000000000000	0.00000000000000000	1
8000	528	90	4	29	42181	0	0	9.00000000000000000	9.00000000000000000	1.00000000000000000	0.23999999999999999	0.04000000000000000	0.00000000000000000	1
8000	529	90	4	20	19701	1	1	3.24999999999999867	4.00000000000000000	0.81249999999999967	0.11000000000000000	0.03000000000000000	0.16000000000000000	1
8000	530	90	4	39	280799	0	0	14.00000000000000000	14.00000000000000000	1.00000000000000000	3.91000000000000014	0.54000000000000004	0.00000000000000000	1
8000	531	90	4	33	110372	0	0	11.00000000000000000	11.00000000000000000	1.00000000000000000	0.96999999999999997	0.12000000000000000	0.00000000000000000	1
8000	532	90	4	30	153465	1	0	9.00000000000000000	9.00000000000000000	1.00000000000000000	1.10000000000000009	0.28000000000000003	0.90000000000000002	1
8000	533	90	4	30	83293	0	0	7.00000000000000000	7.00000000000000000	1.00000000000000000	1.00000000000000000	0.11000000000000000	0.00000000000000000	1
8000	534	90	4	31	123360	0	0	9.00000000000000000	9.00000000000000000	1.00000000000000000	1.01000000000000001	0.14999999999999999	0.00000000000000000	1
8000	535	90	4	24	41104	1	1	5.99999999999999911	6.00000000000000000	0.99999999999999989	0.38000000000000000	0.04000000000000000	0.29999999999999999	1
8000	536	90	4	31	30878	0	0	13.00000000000000000	13.00000000000000000	1.00000000000000000	0.20999999999999999	0.03000000000000000	0.00000000000000000	1
8000	537	90	4	28	82253	1	0	7.00000000000000089	7.00000000000000000	1.00000000000000022	0.67000000000000004	0.07000000000000001	3.79999999999999982	1
8000	538	90	4	30	176848	0	0	10.00000000000000000	10.00000000000000000	1.00000000000000000	1.21999999999999997	0.20000000000000001	0.00000000000000000	1
8000	539	90	4	19	17308	0	0	5.00000000000000000	5.00000000000000000	1.00000000000000000	0.09000000000000000	0.01000000000000000	0.00000000000000000	1
8000	540	90	4	17	9326	0	0	3.00000000000000000	3.00000000000000000	1.00000000000000000	0.04000000000000000	0.01000000000000000	0.00000000000000000	1
8000	541	90	4	30	125696	1	0	7.00000000000000178	7.00000000000000000	1.00000000000000022	1.12000000000000011	0.14999999999999999	0.91000000000000003	1
8000	542	90	4	30	222486	1	0	8.00000000000000178	8.00000000000000000	1.00000000000000022	1.66999999999999993	0.39000000000000001	9.73000000000000043	1
8000	543	90	4	32	269366	1	1	5.99999999999999911	6.00000000000000000	0.99999999999999989	1.98999999999999999	0.38000000000000000	1.15999999999999992	1
8000	544	90	4	30	48679	0	0	10.00000000000000000	10.00000000000000000	1.00000000000000000	0.29999999999999999	0.06000000000000000	0.00000000000000000	1
8000	545	90	4	34	396872	1	0	8.00000000000000000	8.00000000000000000	1.00000000000000000	6.33000000000000007	0.45000000000000001	1.37999999999999989	1
8000	546	90	4	20	7385	0	0	5.00000000000000000	5.00000000000000000	1.00000000000000000	0.04000000000000000	0.01000000000000000	0.00000000000000000	1
8000	547	90	4	22	3054	0	0	7.00000000000000000	7.00000000000000000	1.00000000000000000	0.01000000000000000	0.00000000000000000	0.00000000000000000	1
8000	548	90	4	31	102715	1	1	7.99999999999999911	8.00000000000000000	0.99999999999999989	0.71999999999999997	0.16000000000000000	0.78000000000000003	1
8000	549	90	4	21	22208	0	0	4.00000000000000000	4.00000000000000000	1.00000000000000000	0.12000000000000000	0.02000000000000000	0.00000000000000000	1
8000	550	90	4	23	4548	0	0	6.00000000000000000	6.00000000000000000	1.00000000000000000	0.03000000000000000	0.00000000000000000	0.00000000000000000	1
8000	551	90	4	24	16595	0	0	6.00000000000000000	6.00000000000000000	1.00000000000000000	0.19000000000000000	0.02000000000000000	0.00000000000000000	1
8000	552	90	4	29	6251	0	0	15.00000000000000000	15.00000000000000000	1.00000000000000000	0.04000000000000000	0.00000000000000000	0.00000000000000000	1
8000	553	90	4	21	11519	0	0	8.00000000000000000	8.00000000000000000	1.00000000000000000	0.09000000000000000	0.01000000000000000	0.00000000000000000	1
8000	554	90	4	27	132636	0	0	6.00000000000000000	6.00000000000000000	1.00000000000000000	1.50000000000000000	0.19000000000000000	0.00000000000000000	1
8000	555	90	4	30	43597	1	0	7.00000000000000089	7.00000000000000000	1.00000000000000022	0.57999999999999996	0.06000000000000000	0.31000000000000000	1
8000	556	90	4	27	65841	1	0	8.00000000000000178	8.00000000000000000	1.00000000000000022	0.67000000000000004	0.06000000000000000	1.94999999999999996	1
8000	557	90	4	33	285764	1	0	6.00000000000000000	6.00000000000000000	1.00000000000000000	2.87999999999999989	0.50000000000000000	14.80000000000000071	1
8000	558	90	4	26	40386	0	0	5.00000000000000000	5.00000000000000000	1.00000000000000000	0.25000000000000000	0.04000000000000000	0.00000000000000000	1
8000	559	90	4	36	1069909	1	1	6.99999999999999911	7.00000000000000000	0.99999999999999989	17.75000000000000000	1.16999999999999993	57.67999999999999972	1
8000	560	90	4	28	21050	1	0	11.00000000000000000	11.00000000000000000	1.00000000000000000	0.25000000000000000	0.02000000000000000	0.11000000000000000	1
8000	561	90	4	20	19400	1	0	5.00000000000000000	5.00000000000000000	1.00000000000000000	0.19000000000000000	0.01000000000000000	0.11000000000000000	1
8000	562	90	4	22	78627	1	1	3.33333333333333348	4.00000000000000000	0.83333333333333337	0.53000000000000003	0.08000000000000000	0.68000000000000005	1
8000	563	90	4	29	30452	0	0	10.00000000000000000	10.00000000000000000	1.00000000000000000	0.17999999999999999	0.02000000000000000	0.00000000000000000	1
8000	564	90	4	32	432879	0	0	7.00000000000000000	7.00000000000000000	1.00000000000000000	5.37999999999999989	0.60999999999999999	0.00000000000000000	1
8000	565	90	4	33	812262	1	1	4.99999999999999822	5.00000000000000000	0.99999999999999967	7.54000000000000004	1.61000000000000010	4.70000000000000018	1
8000	566	90	4	18	1552	1	0	5.00000000000000000	5.00000000000000000	1.00000000000000000	0.01000000000000000	0.00000000000000000	0.00000000000000000	1
8000	567	90	4	26	12985	0	0	7.00000000000000000	7.00000000000000000	1.00000000000000000	0.12000000000000000	0.01000000000000000	0.00000000000000000	1
8000	568	90	4	30	114516	1	1	7.99999999999999911	8.00000000000000000	0.99999999999999989	0.91000000000000003	0.14000000000000001	0.73999999999999999	1
8000	569	90	4	28	610593	1	1	4.99999999999999911	5.00000000000000000	0.99999999999999978	4.58999999999999986	0.51000000000000001	33.89999999999999858	1
8000	570	90	4	24	36500	0	0	5.00000000000000000	5.00000000000000000	1.00000000000000000	0.31000000000000000	0.06000000000000000	0.00000000000000000	1
8000	571	90	4	22	16013	1	0	5.00000000000000000	5.00000000000000000	1.00000000000000000	0.14000000000000001	0.01000000000000000	0.52000000000000002	1
8000	572	90	4	37	112382	0	0	13.00000000000000000	13.00000000000000000	1.00000000000000000	1.79000000000000004	0.13000000000000000	0.00000000000000000	1
8000	573	90	4	15	2611	0	0	5.00000000000000000	5.00000000000000000	1.00000000000000000	0.00000000000000000	0.01000000000000000	0.00000000000000000	1
8000	574	90	4	25	31735	0	0	6.00000000000000000	6.00000000000000000	1.00000000000000000	0.37000000000000000	0.03000000000000000	0.00000000000000000	1
8000	575	90	4	26	120698	1	1	6.99999999999999822	7.00000000000000000	0.99999999999999978	0.94999999999999996	0.14000000000000001	1.02000000000000002	1
8000	576	90	4	30	48542	1	0	10.00000000000000178	10.00000000000000000	1.00000000000000022	0.46000000000000002	0.04000000000000000	0.34000000000000002	1
8000	577	90	4	23	45480	1	0	6.00000000000000000	6.00000000000000000	1.00000000000000000	0.26000000000000001	0.04000000000000000	0.34000000000000002	1
8000	578	90	4	28	18178	0	0	7.00000000000000000	7.00000000000000000	1.00000000000000000	0.12000000000000000	0.03000000000000000	0.00000000000000000	1
8000	579	90	4	26	133383	1	1	4.99999999999999911	5.00000000000000000	0.99999999999999978	1.61000000000000010	0.17999999999999999	0.97999999999999998	1
8000	580	90	4	28	77956	1	0	6.00000000000000000	6.00000000000000000	1.00000000000000000	0.62000000000000000	0.09000000000000000	0.54000000000000004	1
8000	581	90	4	28	299372	0	0	6.00000000000000000	6.00000000000000000	1.00000000000000000	2.79000000000000004	0.22000000000000000	0.00000000000000000	1
8000	582	90	4	28	22120	1	0	7.00000000000000000	7.00000000000000000	1.00000000000000000	0.17999999999999999	0.03000000000000000	0.17999999999999999	1
8000	583	90	4	23	3018	0	0	11.00000000000000000	11.00000000000000000	1.00000000000000000	0.02000000000000000	0.00000000000000000	0.00000000000000000	1
8000	584	90	4	22	6439	0	0	8.00000000000000000	8.00000000000000000	1.00000000000000000	0.05000000000000000	0.01000000000000000	0.00000000000000000	1
8000	585	90	4	35	878852	1	0	9.00000000000000000	9.00000000000000000	1.00000000000000000	11.27999999999999936	0.77000000000000002	8.53999999999999915	1
8000	586	90	4	32	172706	1	0	9.00000000000000000	9.00000000000000000	1.00000000000000000	1.86000000000000010	0.35999999999999999	0.82999999999999996	1
8000	587	90	4	29	181000	1	0	6.00000000000000000	6.00000000000000000	1.00000000000000000	1.15999999999999992	0.22000000000000000	0.75000000000000000	1
8000	588	90	4	19	10428	0	0	6.00000000000000000	6.00000000000000000	1.00000000000000000	0.05000000000000000	0.01000000000000000	0.00000000000000000	1
8000	589	90	4	31	45416	0	0	8.00000000000000000	8.00000000000000000	1.00000000000000000	0.53000000000000003	0.06000000000000000	0.00000000000000000	1
8000	590	90	4	36	415094	1	0	7.00000000000000000	7.00000000000000000	1.00000000000000000	4.13999999999999968	0.42999999999999999	14.01999999999999957	1
8000	591	90	4	27	10338	0	0	8.00000000000000000	8.00000000000000000	1.00000000000000000	0.10000000000000001	0.01000000000000000	0.00000000000000000	1
8000	592	90	4	27	65264	0	0	5.00000000000000000	5.00000000000000000	1.00000000000000000	0.53000000000000003	0.09000000000000000	0.00000000000000000	1
8000	593	90	4	28	851731	1	1	4.99999999999999911	5.00000000000000000	0.99999999999999978	7.79000000000000004	1.21999999999999997	195.99000000000000909	1
8000	594	90	4	35	571194	1	0	7.00000000000000000	7.00000000000000000	1.00000000000000000	6.71999999999999975	0.57999999999999996	2.39999999999999991	1
8000	595	90	4	39	484399	1	0	12.00000000000000000	12.00000000000000000	1.00000000000000000	3.68999999999999995	0.41999999999999998	1.81000000000000005	1
8000	596	90	4	29	105153	1	0	6.00000000000000000	6.00000000000000000	1.00000000000000000	1.07000000000000006	0.12000000000000000	0.77000000000000002	1
8000	597	90	4	27	75929	1	0	5.00000000000000000	5.00000000000000000	1.00000000000000000	0.72999999999999998	0.12000000000000000	3.14999999999999991	1
8000	598	90	4	31	44686	1	0	9.00000000000000000	9.00000000000000000	1.00000000000000000	0.38000000000000000	0.06000000000000000	0.41999999999999998	1
8000	599	90	4	16	1216	0	0	5.00000000000000000	5.00000000000000000	1.00000000000000000	0.00000000000000000	0.00000000000000000	0.00000000000000000	1
8000	600	90	4	33	302124	1	0	7.00000000000000000	7.00000000000000000	1.00000000000000000	3.08999999999999986	0.38000000000000000	14.30000000000000071	1
8000	601	90	4	34	1256513	1	0	8.00000000000000000	8.00000000000000000	1.00000000000000000	15.74000000000000021	2.02000000000000002	4.54000000000000004	1
8000	602	90	4	15	1133	0	0	5.00000000000000000	5.00000000000000000	1.00000000000000000	0.00000000000000000	0.00000000000000000	0.00000000000000000	1
8000	603	90	4	28	26379	1	0	6.00000000000000000	6.00000000000000000	1.00000000000000000	0.25000000000000000	0.03000000000000000	0.35999999999999999	1
8000	604	90	4	26	121986	1	0	8.00000000000000000	8.00000000000000000	1.00000000000000000	1.16999999999999993	0.11000000000000000	0.89000000000000001	1
8000	605	90	4	29	195289	1	0	5.00000000000000000	5.00000000000000000	1.00000000000000000	1.72999999999999998	0.37000000000000000	0.79000000000000004	1
8000	606	90	4	27	73164	1	0	6.00000000000000000	6.00000000000000000	1.00000000000000000	0.39000000000000001	0.08000000000000000	0.44000000000000000	1
8000	607	90	4	31	184043	1	1	6.99999999999999822	7.00000000000000000	0.99999999999999978	1.31000000000000005	0.23999999999999999	1.56000000000000005	1
8000	608	90	4	17	5329	0	0	4.00000000000000000	4.00000000000000000	1.00000000000000000	0.03000000000000000	0.00000000000000000	0.00000000000000000	1
8000	609	90	4	25	55927	0	0	7.00000000000000000	7.00000000000000000	1.00000000000000000	0.42999999999999999	0.08000000000000000	0.00000000000000000	1
8000	610	90	4	24	23373	1	0	8.00000000000000000	8.00000000000000000	1.00000000000000000	0.27000000000000002	0.02000000000000000	0.16000000000000000	1
8000	611	90	4	28	170056	0	0	9.00000000000000000	9.00000000000000000	1.00000000000000000	1.37000000000000011	0.16000000000000000	0.00000000000000000	1
8000	612	90	4	19	14278	0	0	4.00000000000000000	4.00000000000000000	1.00000000000000000	0.16000000000000000	0.02000000000000000	0.00000000000000000	1
8000	613	90	4	35	1344366	1	0	8.00000000000000000	8.00000000000000000	1.00000000000000000	19.62999999999999901	2.45000000000000018	141.93999999999999773	1
8000	614	90	4	31	13522	0	0	13.00000000000000000	13.00000000000000000	1.00000000000000000	0.13000000000000000	0.01000000000000000	0.00000000000000000	1
8000	615	90	4	29	89547	0	0	11.00000000000000000	11.00000000000000000	1.00000000000000000	0.77000000000000002	0.06000000000000000	0.00000000000000000	1
8000	616	90	4	21	27907	0	0	4.00000000000000000	4.00000000000000000	1.00000000000000000	0.33000000000000002	0.02000000000000000	0.00000000000000000	1
8000	617	90	4	27	68914	0	0	8.00000000000000000	8.00000000000000000	1.00000000000000000	0.55000000000000004	0.06000000000000000	0.00000000000000000	1
8000	618	90	4	26	30388	1	1	7.50000000000000000	8.00000000000000000	0.93750000000000000	0.27000000000000002	0.01000000000000000	4.17999999999999972	1
8000	619	90	4	28	49899	1	0	7.00000000000000000	7.00000000000000000	1.00000000000000000	0.32000000000000001	0.06000000000000000	0.28000000000000003	1
8000	620	90	4	26	98007	1	1	5.99999999999999911	6.00000000000000000	0.99999999999999989	0.71999999999999997	0.11000000000000000	9.36999999999999922	1
8000	621	90	4	24	3799	1	0	7.00000000000000000	7.00000000000000000	1.00000000000000000	0.04000000000000000	0.00000000000000000	0.03000000000000000	1
8000	622	90	4	33	107302	1	0	9.00000000000000000	9.00000000000000000	1.00000000000000000	1.17999999999999994	0.14000000000000001	0.71999999999999997	1
8000	623	90	4	38	434277	1	1	6.50000000000000000	7.00000000000000000	0.92857142857142860	6.50000000000000000	0.45000000000000001	19.26000000000000156	1
8000	624	90	4	26	68629	1	1	6.50000000000000000	7.00000000000000000	0.92857142857142860	1.50000000000000000	0.08000000000000000	0.53000000000000003	1
8000	625	90	4	25	72416	0	0	7.00000000000000000	7.00000000000000000	1.00000000000000000	0.88000000000000000	0.08000000000000000	0.00000000000000000	1
8000	626	90	4	21	18561	1	0	5.00000000000000000	5.00000000000000000	1.00000000000000000	0.14000000000000001	0.01000000000000000	0.14000000000000001	1
8000	627	90	4	30	139661	1	0	7.00000000000000000	7.00000000000000000	1.00000000000000000	1.26000000000000001	0.17999999999999999	0.93999999999999995	1
8000	628	90	4	20	16836	0	0	4.00000000000000000	4.00000000000000000	1.00000000000000000	0.16000000000000000	0.03000000000000000	0.00000000000000000	1
8000	629	90	4	29	1184188	1	0	5.00000000000000000	5.00000000000000000	1.00000000000000000	8.97000000000000064	1.18999999999999995	47.36999999999999744	1
8000	630	90	4	33	184030	1	0	8.00000000000000000	8.00000000000000000	1.00000000000000000	1.77000000000000002	0.32000000000000001	6.54999999999999982	1
8000	631	90	4	30	84081	1	1	7.99999999999999822	8.00000000000000000	0.99999999999999978	0.72999999999999998	0.13000000000000000	3.37999999999999989	1
8000	632	90	4	31	37778	0	0	9.00000000000000000	9.00000000000000000	1.00000000000000000	0.35999999999999999	0.03000000000000000	0.00000000000000000	1
8000	633	90	4	32	569310	1	1	6.50000000000000000	7.00000000000000000	0.92857142857142860	5.33000000000000007	0.62000000000000000	27.94999999999999929	1
8000	634	90	4	45	1117904	1	0	11.00000000000000178	11.00000000000000000	1.00000000000000022	13.91000000000000014	0.97999999999999998	33.75999999999999801	1
8000	635	90	4	17	3889	0	0	6.00000000000000000	6.00000000000000000	1.00000000000000000	0.01000000000000000	0.00000000000000000	0.00000000000000000	1
8000	636	90	4	26	76356	0	0	8.00000000000000000	8.00000000000000000	1.00000000000000000	0.52000000000000002	0.05000000000000000	0.00000000000000000	1
8000	637	90	4	13	546	0	0	4.00000000000000000	4.00000000000000000	1.00000000000000000	0.00000000000000000	0.00000000000000000	0.00000000000000000	1
8000	638	90	4	31	125355	0	0	8.00000000000000000	8.00000000000000000	1.00000000000000000	1.08000000000000007	0.13000000000000000	0.00000000000000000	1
8000	639	90	4	14	1687	0	0	4.00000000000000000	4.00000000000000000	1.00000000000000000	0.00000000000000000	0.01000000000000000	0.00000000000000000	1
8000	640	90	4	24	10326	0	0	10.00000000000000000	10.00000000000000000	1.00000000000000000	0.29999999999999999	0.01000000000000000	0.00000000000000000	1
8000	641	90	4	22	13299	0	0	5.00000000000000000	5.00000000000000000	1.00000000000000000	0.09000000000000000	0.02000000000000000	0.00000000000000000	1
8000	642	90	4	35	39073	0	0	13.00000000000000000	13.00000000000000000	1.00000000000000000	0.71999999999999997	0.05000000000000000	0.00000000000000000	1
8000	643	90	4	30	1039588	1	1	3.99999999999999911	4.00000000000000000	0.99999999999999978	8.76999999999999957	1.03000000000000003	9.35999999999999943	1
8000	644	90	4	29	42832	1	1	6.50000000000000178	7.00000000000000000	0.92857142857142883	0.53000000000000003	0.07000000000000001	18.21999999999999886	1
8000	645	90	4	26	31435	1	0	6.00000000000000089	6.00000000000000000	1.00000000000000022	0.20999999999999999	0.03000000000000000	0.40000000000000002	1
8000	646	90	4	29	102605	1	0	6.00000000000000089	6.00000000000000000	1.00000000000000022	0.84999999999999998	0.11000000000000000	5.65000000000000036	1
8000	647	90	4	24	64166	1	0	5.00000000000000000	5.00000000000000000	1.00000000000000000	0.40000000000000002	0.11000000000000000	7.32000000000000028	1
8000	648	90	4	41	2893287	1	0	9.00000000000000178	9.00000000000000000	1.00000000000000022	48.17999999999999972	6.70999999999999996	111.79000000000000625	1
