9000	2	100	300	4	25	31	1016468	6.00709	7	1	0	6	0.166667	6	0.166667	1	14.57	1.16346	1.3	0.113943	116.42	2.06603
9000	3	100	300	4	25	33	496591	5.696	6	1	0	8	0.125	8	0.125	1	4.3	0.633468	1.27	0.103804	3.03	0.481443
9000	7	100	300	4	25	26	19443	4.28876	5	1	0	6	0.166667	6	0.166667	1	0.16	-0.79588	0.03	-1.52288	0.18	-0.744727
9000	8	100	300	4	25	32	37872	4.57832	5	1	0	16	0.0625	16	0.0625	1	0.31	-0.508638	0.04	-1.39794	0.31	-0.508638
9000	9	100	300	4	25	31	359981	5.55628	6	1	0	7	0.142857	7	0.142857	1	2.95	0.469822	0.41	-0.387216	49.67	1.69609
9000	12	100	300	4	25	21	11444	4.05858	5	1	0	5	0.2	5	0.2	1	0.06	-1.22185	0.01	-2	0.11	-0.958607
9000	13	100	300	4	25	28	107492	5.03138	6	1	0	7	0.142857	7	0.142857	1	0.86	-0.0655015	0.19	-0.721246	15.05	1.17754
9000	19	100	300	4	25	26	78838	4.89674	5	1	0	6	0.166667	6	0.166667	1	0.84	-0.0757207	0.07	-1.1549	0.67	-0.173925
9000	21	100	300	4	25	25	174456	5.24169	6	1	0	5	0.2	5	0.2	1	1.55	0.190332	0.37	-0.431798	0.81	-0.091515
9000	22	100	300	4	25	26	118103	5.07226	6	1	0	4	0.25	4	0.25	1	1.04	0.0170333	0.15	-0.823909	0.97	-0.0132283
9000	23	100	300	4	25	29	757777	5.87954	6	1	0	5	0.2	5	0.2	1	6.53	0.814913	1.68	0.225309	41.97	1.62294
9000	25	100	300	4	25	25	34310	4.53542	5	1	0	7	0.142857	7	0.142857	1	0.33	-0.481486	0.05	-1.30103	0.23	-0.638272
9000	28	100	300	4	25	35	2136638	6.32973	7	1	0	7	0.142857	7	0.142857	1	18.95	1.27761	2.36	0.372912	162.94	2.21203
9000	31	100	300	4	25	28	514168	5.71111	6	1	0	5	0.2	5	0.2	1	5.02	0.700704	0.45	-0.346787	2.25	0.352183
9000	32	100	300	4	25	26	20465	4.31101	5	1	0	7	0.142857	7	0.142857	1	0.14	-0.853872	0.01	-2	0.22	-0.657577
9000	33	100	300	4	25	41	2056809	6.31319	7	1	0	10	0.1	10	0.1	1	38.55	1.58602	4.74	0.675778	87.79	1.94345
9000	34	100	300	4	25	33	468768	5.67096	6	1	0	9	0.111111	9	0.111111	1	5.2	0.716003	0.9	-0.0457575	110.22	2.04226
9000	35	100	300	4	25	28	87668	4.94284	5	1	0	6	0.166667	6	0.166667	1	1.36	0.133539	0.14	-0.853872	0.9	-0.0457575
9000	36	100	300	4	25	30	596391	5.77553	6	1	0	5	0.2	5	0.2	1	4.65	0.667453	0.79	-0.102373	190.01	2.27878
9000	39	100	300	4	25	37	4559337	6.6589	7	1	0	5	0.2	5	0.2	1	49.46	1.69425	12.59	1.10003	597.25	2.77616
9000	40	100	300	4	25	19	26188	4.4181	5	1	0	3	0.333333	3	0.333333	1	0.17	-0.769551	0.03	-1.52288	0.25	-0.60206
9000	41	100	300	4	25	24	15256	4.18344	5	1	0	7	0.142857	7	0.142857	1	0.1	-1	0.02	-1.69897	0.54	-0.267606
9000	43	100	300	4	25	27	110578	5.04367	6	1	0	5	0.2	5	0.2	1	1.01	0.00432137	0.17	-0.769551	0.85	-0.0705811
9000	44	100	300	4	25	38	1397165	6.14525	7	1	0	7	0.142857	7	0.142857	1	13.82	1.14051	5.35	0.728354	16.73	1.2235
9000	45	100	300	4	25	24	42887	4.63233	5	1	0	4	0.25	4	0.25	1	0.28	-0.552842	0.07	-1.1549	0.9	-0.0457575
9000	46	100	300	4	25	29	126291	5.10137	6	1	0	10	0.1	10	0.1	1	1.48	0.170262	0.15	-0.823909	1.12	0.049218
9000	47	100	300	4	25	28	499826	5.69882	6	1	0	5	0.2	5	0.2	1	6.32	0.800717	0.49	-0.309804	71.79	1.85606
9000	49	100	300	4	25	21	73484	4.86619	5	1	0	4	0.25	4	0.25	1	0.49	-0.309804	0.09	-1.04576	0.65	-0.187087
9000	50	100	300	4	25	30	842717	5.92568	6	1	0	5	0.2	5	0.2	1	8.81	0.944976	1.48	0.170262	239.86	2.37996
9000	51	100	300	4	25	36	1594782	6.2027	7	1	0	7	0.142857	7	0.142857	1	16.28	1.21165	1.56	0.193125	184.11	2.26508
9000	53	100	300	4	25	29	77153	4.88735	5	1	0	9	0.111111	9	0.111111	1	0.74	-0.130768	0.07	-1.1549	1.05	0.0211893
9000	55	100	300	4	25	34	499160	5.69824	6	1	0	7	0.142857	7	0.142857	1	9.93	0.996949	0.88	-0.0555173	23.2	1.36549
9000	56	100	300	4	25	25	85780	4.93339	5	1	0	6	0.166667	6	0.166667	1	0.81	-0.091515	0.15	-0.823909	0.69	-0.161151
9000	57	100	300	4	25	28	307766	5.48822	6	1	0	5	0.2	5	0.2	1	3.52	0.546543	0.57	-0.244125	0.83	-0.0809219
9000	60	100	300	4	25	25	148368	5.17134	6	1	0	5	0.2	5	0.2	1	1.53	0.184691	0.19	-0.721246	1.14	0.0569049
9000	61	100	300	4	25	25	32988	4.51836	5	1	0	6	0.166667	6	0.166667	1	0.38	-0.420216	0.03	-1.52288	0.53	-0.275724
9000	64	100	300	4	25	29	72916	4.86282	5	1	0	7	0.142857	7	0.142857	1	0.78	-0.107905	0.07	-1.1549	3.71	0.569374
9000	65	100	300	4	25	24	79139	4.89839	5	1	0	4	0.25	4	0.25	1	0.55	-0.259637	0.07	-1.1549	2.88	0.459392
9000	70	100	300	4	25	39	3712754	6.5697	7	1	0	7	0.142857	7	0.142857	1	43.21	1.63558	7.03	0.846955	299.11	2.47583
9000	71	100	300	4	25	27	123166	5.09049	6	1	0	7	0.142857	7	0.142857	1	1.21	0.0827854	0.22	-0.657577	1.91	0.281033
9000	74	100	300	4	25	19	22198	4.34631	5	1	0	4	0.25	4	0.25	1	0.14	-0.853872	0.03	-1.52288	0.44	-0.356547
9000	78	100	300	4	25	32	1271657	6.10437	7	1	0	5	0.2	5	0.2	1	14.37	1.15746	2.28	0.357935	86.79	1.93847
9000	80	100	300	4	25	28	349718	5.54372	6	1	0	5	0.2	5	0.2	1	2.31	0.363612	0.38	-0.420216	15.28	1.18412
9000	82	100	300	4	25	23	118946	5.07535	6	1	0	4	0.25	4	0.25	1	0.78	-0.107905	0.11	-0.958607	1.04	0.0170333
9000	83	100	300	4	25	31	275191	5.43963	6	1	0	7	0.142857	7	0.142857	1	2.46	0.390935	0.35	-0.455932	1.71	0.232996
9000	84	100	300	4	25	24	205147	5.31207	6	1	0	4	0.25	4	0.25	1	1.97	0.294466	0.25	-0.60206	12.45	1.09517
9000	85	100	300	4	25	39	4377758	6.64125	7	1	0	7	0.142857	7	0.142857	1	41.5	1.61805	5.39	0.731589	453.07	2.65617
9000	89	100	300	4	25	24	32477	4.51158	5	1	0	7	0.142857	7	0.142857	1	0.26	-0.585027	0.04	-1.39794	0.36	-0.443697
9000	91	100	300	4	25	27	128913	5.1103	6	1	0	8	0.125	8	0.125	1	1.06	0.0253059	0.15	-0.823909	1.24	0.0934217
9000	92	100	300	4	25	27	143820	5.15782	6	1	0	7	0.142857	7	0.142857	1	0.89	-0.05061	0.11	-0.958607	1.22	0.0863598
9000	94	100	300	4	25	36	190327	5.2795	6	1	0	11	0.0909091	11	0.0909091	1	2.45	0.389166	0.22	-0.657577	0.89	-0.05061
9000	95	100	300	4	25	31	169920	5.23024	6	1	0	10	0.1	10	0.1	1	1.29	0.11059	0.21	-0.677781	0.43	-0.366532
9000	96	100	300	4	25	39	2283413	6.35858	7	1	0	8	0.125	8	0.125	1	46.48	1.66727	5.59	0.747412	19.49	1.28981
9000	100	100	300	4	25	26	31075	4.49241	5	1	0	6	0.166667	6	0.166667	1	0.15	-0.823909	0.05	-1.30103	0.64	-0.19382
9000	101	100	300	4	25	24	16666	4.22183	5	1	0	7	0.142857	7	0.142857	1	0.08	-1.09691	0.02	-1.69897	0.17	-0.769551
9000	102	100	300	4	25	38	632206	5.80086	6	1	0	10	0.1	10	0.1	1	5.99	0.777427	0.65	-0.187087	140.77	2.14851
9000	103	100	300	4	25	27	97312	4.98817	5	1	0	5	0.2	5	0.2	1	0.85	-0.0705811	0.13	-0.886057	0.87	-0.0604807
9000	104	100	300	4	25	15	1680	3.22531	4	1	0	5	0.2	5	0.2	1	0	0	0	0	0.02	-1.69897
9000	105	100	300	4	25	32	601602	5.77931	6	1	0	6	0.166667	6	0.166667	1	4.81	0.682145	0.9	-0.0457575	35.76	1.5534
9000	108	100	300	4	25	32	193618	5.28695	6	1	0	8	0.125	8	0.125	1	3.26	0.513218	0.38	-0.420216	0.66	-0.180456
9000	109	100	300	4	25	43	249221	5.39658	6	1	0	10	0.1	10	0.1	1	4.3	0.633468	0.5	-0.30103	2.3	0.361728
9000	111	100	300	4	25	30	119482	5.0773	6	1	0	7	0.142857	7	0.142857	1	0.86	-0.0655015	0.14	-0.853872	0.88	-0.0555173
9000	113	100	300	4	25	21	38879	4.58972	5	1	0	5	0.2	5	0.2	1	0.28	-0.552842	0.05	-1.30103	1.09	0.0374265
9000	114	100	300	4	25	27	262942	5.41986	6	1	0	5	0.2	5	0.2	1	2.95	0.469822	0.32	-0.49485	5.75	0.759668
9000	118	100	300	4	25	28	78684	4.89589	5	1	0	6	0.166667	6	0.166667	1	0.89	-0.05061	0.1	-1	0.56	-0.251812
9000	119	100	300	4	25	24	51579	4.71247	5	1	0	5	0.2	5	0.2	1	0.39	-0.408935	0.05	-1.30103	1.36	0.133539
9000	120	100	300	4	25	17	15871	4.2006	5	1	0	3	0.333333	3	0.333333	1	0.07	-1.1549	0.02	-1.69897	0.12	-0.920819
9000	122	100	300	4	25	16	2278	3.35755	4	1	0	5	0.2	5	0.2	1	0.01	-2	0	0	0.05	-1.30103
9000	123	100	300	4	25	28	300151	5.47734	6	1	0	5	0.2	5	0.2	1	2.67	0.426511	0.51	-0.29243	12.06	1.08135
9000	125	100	300	4	25	25	218488	5.33943	6	1	0	4	0.25	4	0.25	1	2.22	0.346353	0.47	-0.327902	6.23	0.794488
9000	127	100	300	4	25	32	1087953	6.03661	7	1	0	8	0.125	8	0.125	1	8.7	0.939519	0.93	-0.0315171	56.55	1.75243
9000	128	100	300	4	25	25	42238	4.6257	5	1	0	5	0.2	5	0.2	1	0.45	-0.346787	0.04	-1.39794	0.28	-0.552842
9000	129	100	300	4	25	23	51516	4.71194	5	1	0	5	0.2	5	0.2	1	0.38	-0.420216	0.04	-1.39794	0.4	-0.39794
9000	131	100	300	4	25	27	147121	5.16767	6	1	0	6	0.166667	6	0.166667	1	0.99	-0.00436481	0.26	-0.585027	1.45	0.161368
9000	132	100	300	4	25	28	107431	5.03113	6	1	0	7	0.142857	7	0.142857	1	1.04	0.0170333	0.12	-0.920819	2.45	0.389166
9000	134	100	300	4	25	37	1268856	6.10341	7	1	0	6	0.166667	6	0.166667	1	15.47	1.18949	1.33	0.123852	141.03	2.14931
9000	137	100	300	4	25	37	1437050	6.15747	7	1	0	9	0.111111	9	0.111111	1	17.84	1.25139	2.03	0.307496	11.33	1.05423
9000	138	100	300	4	25	24	21618	4.33482	5	1	0	5	0.2	5	0.2	1	0.14	-0.853872	0.02	-1.69897	0.18	-0.744727
9000	139	100	300	4	25	27	23639	4.37363	5	1	0	6	0.166667	6	0.166667	1	0.22	-0.657577	0.03	-1.52288	0.22	-0.657577
9000	140	100	300	4	25	27	91500	4.96142	5	1	0	6	0.166667	6	0.166667	1	0.77	-0.113509	0.16	-0.79588	0.84	-0.0757207
9000	141	100	300	4	25	36	168812	5.2274	6	1	0	13	0.0769231	13	0.0769231	1	1.62	0.209515	0.21	-0.677781	0.67	-0.173925
9000	142	100	300	4	25	22	36758	4.56535	5	1	0	5	0.2	5	0.2	1	0.3	-0.522879	0.03	-1.52288	0.38	-0.420216
9000	143	100	300	4	25	25	31437	4.49744	5	1	0	7	0.142857	7	0.142857	1	0.17	-0.769551	0.03	-1.52288	0.26	-0.585027
9000	146	100	300	4	25	26	180721	5.25701	6	1	0	6	0.166667	6	0.166667	1	2.92	0.465383	0.27	-0.568636	0.9	-0.0457575
9000	147	100	300	4	25	49	7607241	6.88123	7	1	0	16	0.0625	16	0.0625	1	159.09	2.20164	8.57	0.932981	331.74	2.5208
9000	149	100	300	4	25	24	32255	4.5086	5	1	0	6	0.166667	6	0.166667	1	0.35	-0.455932	0.03	-1.52288	0.32	-0.49485
9000	152	100	300	4	25	32	296344	5.4718	6	1	0	10	0.1	10	0.1	1	2.11	0.324282	0.37	-0.431798	1.38	0.139879
9000	154	100	300	4	25	16	3239	3.51041	4	1	0	5	0.2	5	0.2	1	0.01	-2	0.01	-2	0.02	-1.69897
9000	156	100	300	4	25	31	321384	5.50702	6	1	0	6	0.166667	6	0.166667	1	2.41	0.382017	0.83	-0.0809219	2.2	0.342423
9000	158	100	300	4	25	34	2071367	6.31626	7	1	0	7	0.142857	7	0.142857	1	21.83	1.33905	2.48	0.394452	130.04	2.11408
9000	159	100	300	4	25	31	318008	5.50244	6	1	0	8	0.125	8	0.125	1	2.78	0.444045	0.4	-0.39794	21.85	1.33945
9000	162	100	300	4	25	28	116037	5.0646	6	1	0	6	0.166667	6	0.166667	1	1.26	0.100371	0.15	-0.823909	4.3	0.633468
9000	163	100	300	4	25	35	2740922	6.4379	7	1	0	9	0.111111	9	0.111111	1	34.13	1.53314	4.61	0.663701	554.42	2.74384
9000	164	100	300	4	25	29	75951	4.88053	5	1	0	6	0.166667	6	0.166667	1	0.47	-0.327902	0.09	-1.04576	0.76	-0.119186
9000	165	100	300	4	25	43	1395773	6.14481	7	1	0	11	0.0909091	11	0.0909091	1	14.81	1.17056	1.83	0.262451	9.26	0.966611
9000	166	100	300	4	25	29	117788	5.0711	6	1	0	6	0.166667	6	0.166667	1	1	0	0.12	-0.920819	5.78	0.761928
9000	167	100	300	4	25	38	7645579	6.88341	7	1	0	6	0.166667	6	0.166667	1	73.35	1.8654	31.76	1.50188	4599.56	3.66272
9000	169	100	300	4	25	27	161220	5.20742	6	1	0	6	0.166667	6	0.166667	1	1.04	0.0170333	0.18	-0.744727	0.43	-0.366532
9000	170	100	300	4	25	35	2657278	6.42444	7	1	0	7	0.142857	7	0.142857	1	25.52	1.40688	3.97	0.598791	432.99	2.63648
9000	171	100	300	4	25	28	426917	5.63034	6	1	0	5	0.2	5	0.2	1	3.43	0.535294	0.76	-0.119186	21.94	1.34124
9000	172	100	300	4	25	22	55890	4.74733	5	1	0	3	0.333333	3	0.333333	1	0.43	-0.366532	0.08	-1.09691	8.03	0.904716
9000	173	100	300	4	25	32	67206	4.82741	5	1	0	9	0.111111	9	0.111111	1	0.92	-0.0362122	0.08	-1.09691	0.51	-0.29243
9000	176	100	300	4	25	31	196537	5.29344	6	1	0	9	0.111111	9	0.111111	1	3.65	0.562293	0.29	-0.537602	1.13	0.0530784
9000	178	100	300	4	25	28	197781	5.29618	6	1	0	5	0.2	5	0.2	1	1.6	0.20412	0.52	-0.283997	1.05	0.0211893
9000	181	100	300	4	25	41	3804994	6.58035	7	1	0	9	0.111111	9	0.111111	1	61.52	1.78902	6.53	0.814913	23.37	1.36866
9000	182	100	300	4	25	24	56832	4.75459	5	1	0	4	0.25	4	0.25	1	0.29	-0.537602	0.07	-1.1549	1.84	0.264818
9000	183	100	300	4	25	40	972004	5.98767	6	1	0	9	0.111111	9	0.111111	1	13.71	1.13704	1.01	0.00432137	31.52	1.49859
9000	184	100	300	4	25	22	60366	4.78079	5	1	0	5	0.2	5	0.2	1	0.38	-0.420216	0.07	-1.1549	0.6	-0.221849
9000	185	100	300	4	25	29	55228	4.74216	5	1	0	9	0.111111	9	0.111111	1	0.37	-0.431798	0.07	-1.1549	0.53	-0.275724
9000	188	100	300	4	25	21	12780	4.10653	5	1	0	6	0.166667	6	0.166667	1	0.06	-1.22185	0.01	-2	0.13	-0.886057
9000	190	100	300	4	25	33	1492860	6.17402	7	1	0	8	0.125	8	0.125	1	15.35	1.18611	1.95	0.290035	8.5	0.929419
9000	192	100	300	4	25	29	128845	5.11007	6	1	0	6	0.166667	6	0.166667	1	1.25	0.09691	0.23	-0.638272	1.12	0.049218
9000	194	100	300	4	25	25	17640	4.2465	5	1	0	7	0.142857	7	0.142857	1	0.3	-0.522879	0.01	-2	0.16	-0.79588
9000	195	100	300	4	25	25	207619	5.31727	6	1	0	4	0.25	4	0.25	1	1.47	0.167317	0.18	-0.744727	0.69	-0.161151
9000	196	100	300	4	25	30	387153	5.58788	6	1	0	5	0.2	5	0.2	1	3.18	0.502427	0.49	-0.309804	15.75	1.19728
9000	197	100	300	4	25	31	450174	5.65338	6	1	0	5	0.2	5	0.2	1	3.33	0.522444	1.06	0.0253059	26.7	1.42651
9000	198	100	300	4	25	25	65139	4.81384	5	1	0	8	0.125	8	0.125	1	0.47	-0.327902	0.07	-1.1549	0.5	-0.30103
9000	199	100	300	4	25	32	1351030	6.13066	7	1	0	5	0.2	5	0.2	1	9.09	0.958564	1.39	0.143015	210.23	2.32269
9000	200	100	300	4	25	26	176786	5.24745	6	1	0	5	0.2	5	0.2	1	1.34	0.127105	0.17	-0.769551	0.42	-0.376751
9000	202	100	300	4	25	27	208140	5.31836	6	1	0	4	0.25	4	0.25	1	1.75	0.243038	0.33	-0.481486	40.94	1.61215
9000	203	100	300	4	25	28	115033	5.06082	6	1	0	6	0.166667	6	0.166667	1	1.32	0.120574	0.14	-0.853872	1.02	0.00860017
9000	206	100	300	4	25	25	7781	3.89104	4	1	0	9	0.111111	9	0.111111	1	0.06	-1.22185	0	0	0.07	-1.1549
9000	210	100	300	4	25	36	370430	5.56871	6	1	0	13	0.0769231	13	0.0769231	1	6.33	0.801404	0.69	-0.161151	1.95	0.290035
9000	211	100	300	4	25	33	1105138	6.04342	7	1	0	7	0.142857	7	0.142857	1	17.47	1.24229	2.28	0.357935	227.85	2.35765
9000	212	100	300	4	25	27	94451	4.97521	5	1	0	6	0.166667	6	0.166667	1	7.24	0.859739	0.15	-0.823909	0.86	-0.0655015
9000	213	100	300	4	25	31	740998	5.86982	6	1	0	8	0.125	8	0.125	1	9.3	0.968483	0.7	-0.154902	2.29	0.359835
9000	214	100	300	4	25	20	7139	3.85364	4	1	0	5	0.2	5	0.2	1	0.06	-1.22185	0.01	-2	0.07	-1.1549
9000	215	100	300	4	25	31	61890	4.79162	5	1	0	13	0.0769231	13	0.0769231	1	1.12	0.049218	0.08	-1.09691	0.51	-0.29243
9000	220	100	300	4	25	31	338580	5.52966	6	1	0	5	0.2	5	0.2	1	3.06	0.485721	0.82	-0.0861861	17.09	1.23274
9000	223	100	300	4	25	40	1024166	6.01037	7	1	0	12	0.0833333	12	0.0833333	1	11.63	1.06558	1	0	21.33	1.32899
9000	225	100	300	4	25	22	13870	4.14208	5	1	0	6	0.166667	6	0.166667	1	0.12	-0.920819	0.02	-1.69897	0.43	-0.366532
9000	227	100	300	4	25	34	846997	5.92788	6	1	0	7	0.142857	7	0.142857	1	11.94	1.077	2.02	0.305351	49.64	1.69583
9000	231	100	300	4	25	20	55231	4.74218	5	1	0	3	0.333333	3	0.333333	1	0.32	-0.49485	0.05	-1.30103	1.76	0.245513
9000	232	100	300	4	25	31	299050	5.47574	6	1	0	7	0.142857	7	0.142857	1	3.4	0.531479	0.53	-0.275724	15.48	1.18977
9000	234	100	300	4	25	38	197125	5.29474	6	1	0	13	0.0769231	13	0.0769231	1	1.8	0.255273	0.35	-0.455932	16.98	1.22994
9000	235	100	300	4	25	23	25128	4.40016	5	1	0	5	0.2	5	0.2	1	0.22	-0.657577	0.03	-1.52288	0.2	-0.69897
9000	236	100	300	4	25	38	826250	5.91711	6	1	0	8	0.125	8	0.125	1	7.14	0.853698	0.72	-0.142668	59.55	1.77488
9000	237	100	300	4	25	34	338103	5.52905	6	1	0	7	0.142857	7	0.142857	1	3.41	0.532754	0.64	-0.19382	29.94	1.47625
9000	238	100	300	4	25	32	2079388	6.31794	7	1	0	5	0.2	5	0.2	1	25.64	1.40892	1.63	0.212188	90.7	1.95761
9000	240	100	300	4	25	23	13597	4.13344	5	1	0	6	0.166667	6	0.166667	1	0.07	-1.1549	0.02	-1.69897	0.5	-0.30103
9000	241	100	300	4	25	27	231455	5.36447	6	1	0	5	0.2	5	0.2	1	2.67	0.426511	0.33	-0.481486	45.67	1.65963
9000	242	100	300	4	25	44	11120314	7.04612	8	1	0	11	0.0909091	11	0.0909091	1	89.64	1.9525	39.85	1.60043	185.28	2.26783
9000	243	100	300	4	25	22	62359	4.7949	5	1	0	4	0.25	4	0.25	1	0.44	-0.356547	0.12	-0.920819	0.6	-0.221849
9000	244	100	300	4	25	27	41628	4.61939	5	1	0	11	0.0909091	11	0.0909091	1	0.54	-0.267606	0.05	-1.30103	0.43	-0.366532
9000	245	100	300	4	25	16	2755	3.44012	4	1	0	4	0.25	4	0.25	1	0.01	-2	0	0	0.03	-1.52288
9000	246	100	300	4	25	30	64207	4.80758	5	1	0	8	0.125	8	0.125	1	0.92	-0.0362122	0.07	-1.1549	0.58	-0.236572
9000	247	100	300	4	25	30	693021	5.84075	6	1	0	6	0.166667	6	0.166667	1	7.67	0.884795	1.1	0.0413927	68.21	1.83385
9000	248	100	300	4	25	31	1277968	6.10652	7	1	0	5	0.2	5	0.2	1	11.55	1.06258	1.24	0.0934217	5.29	0.723456
9000	249	100	300	4	25	22	41170	4.61458	5	1	0	4	0.25	4	0.25	1	0.26	-0.585027	0.06	-1.22185	1.56	0.193125
9000	250	100	300	4	25	37	186325	5.27027	6	1	0	10	0.1	10	0.1	1	2.51	0.399674	0.36	-0.443697	0.83	-0.0809219
9000	251	100	300	4	25	34	2112773	6.32485	7	1	0	8	0.125	8	0.125	1	16.22	1.21005	3.28	0.515874	17.26	1.23704
9000	252	100	300	4	25	28	114018	5.05697	6	1	0	7	0.142857	7	0.142857	1	0.89	-0.05061	0.15	-0.823909	0.95	-0.0222764
9000	253	100	300	4	25	29	394750	5.59632	6	1	0	5	0.2	5	0.2	1	2.91	0.463893	0.34	-0.468521	1.38	0.139879
9000	255	100	300	4	25	42	12339547	7.0913	8	1	0	9	0.111111	9	0.111111	1	256.33	2.4088	28.92	1.4612	1048.36	3.02051
9000	256	100	300	4	25	28	43930	4.64276	5	1	0	6	0.166667	6	0.166667	1	0.42	-0.376751	0.06	-1.22185	0.41	-0.387216
9000	258	100	300	4	25	15	2857	3.45591	4	1	0	3	0.333333	3	0.333333	1	0.01	-2	0	0	0.11	-0.958607
9000	259	100	300	4	25	16	3044	3.48344	4	1	0	3	0.333333	3	0.333333	1	0.01	-2	0	0	0.04	-1.39794
9000	261	100	300	4	25	25	24011	4.38041	5	1	0	8	0.125	8	0.125	1	0.27	-0.568636	0.03	-1.52288	0.21	-0.677781
9000	263	100	300	4	25	31	36791	4.56574	5	1	0	12	0.0833333	12	0.0833333	1	0.23	-0.638272	0.03	-1.52288	0.28	-0.552842
9000	266	100	300	4	25	24	197724	5.29606	6	1	0	4	0.25	4	0.25	1	1.26	0.100371	0.41	-0.387216	6.67	0.824126
9000	267	100	300	4	25	26	39689	4.59867	5	1	0	5	0.2	5	0.2	1	0.3	-0.522879	0.05	-1.30103	0.33	-0.481486
9000	270	100	300	4	25	31	276958	5.44241	6	1	0	7	0.142857	7	0.142857	1	3.79	0.578639	0.54	-0.267606	1.86	0.269513
9000	271	100	300	4	25	21	10389	4.01657	5	1	0	6	0.166667	6	0.166667	1	0.06	-1.22185	0.01	-2	0.12	-0.920819
9000	272	100	300	4	25	22	16936	4.22881	5	1	0	5	0.2	5	0.2	1	0.11	-0.958607	0.02	-1.69897	0.94	-0.0268721
9000	273	100	300	4	25	21	18143	4.25871	5	1	0	6	0.166667	6	0.166667	1	0.13	-0.886057	0.01	-2	0.14	-0.853872
9000	274	100	300	4	25	31	138441	5.14126	6	1	0	7	0.142857	7	0.142857	1	1.69	0.227887	0.17	-0.769551	5.02	0.700704
9000	276	100	300	4	25	23	82736	4.91769	5	1	0	5	0.2	5	0.2	1	0.71	-0.148742	0.14	-0.853872	0.65	-0.187087
9000	277	100	300	4	25	30	163587	5.21375	6	1	0	7	0.142857	7	0.142857	1	1.69	0.227887	0.2	-0.69897	0.8	-0.09691
9000	278	100	300	4	25	26	180909	5.25746	6	1	0	4	0.25	4	0.25	1	1.47	0.167317	0.24	-0.619789	5.61	0.748963
9000	280	100	300	4	25	38	122836	5.08933	6	1	0	15	0.0666667	15	0.0666667	1	2.02	0.305351	0.14	-0.853872	0.83	-0.0809219
9000	281	100	300	4	25	27	26802	4.42817	5	1	0	6	0.166667	6	0.166667	1	0.47	-0.327902	0.02	-1.69897	3.43	0.535294
9000	282	100	300	4	25	21	25086	4.39943	5	1	0	6	0.166667	6	0.166667	1	0.22	-0.657577	0.01	-2	0.57	-0.244125
9000	284	100	300	4	25	30	516797	5.71332	6	1	0	6	0.166667	6	0.166667	1	4.19	0.622214	0.42	-0.376751	6.43	0.808211
9000	285	100	300	4	25	23	72537	4.86056	5	1	0	6	0.166667	6	0.166667	1	0.79	-0.102373	0.05	-1.30103	0.67	-0.173925
9000	286	100	300	4	25	36	356124	5.5516	6	1	0	10	0.1	10	0.1	1	5.02	0.700704	0.52	-0.283997	1.71	0.232996
9000	287	100	300	4	25	48	8472869	6.92803	7	1	0	13	0.0769231	13	0.0769231	1	150.47	2.17745	16.81	1.22557	372.64	2.57129
9000	288	100	300	4	25	34	621348	5.79333	6	1	0	7	0.142857	7	0.142857	1	6.26	0.796574	1.67	0.222716	36.63	1.56384
9000	289	100	300	4	25	35	406662	5.60923	6	1	0	8	0.125	8	0.125	1	5.84	0.766413	0.36	-0.443697	28.4	1.45332
9000	290	100	300	4	25	28	62065	4.79285	5	1	0	6	0.166667	6	0.166667	1	0.64	-0.19382	0.07	-1.1549	0.55	-0.259637
9000	292	100	300	4	25	28	90377	4.95606	5	1	0	6	0.166667	6	0.166667	1	1.01	0.00432137	0.15	-0.823909	0.65	-0.187087
9000	293	100	300	4	25	28	71320	4.85321	5	1	0	5	0.2	5	0.2	1	0.8	-0.09691	0.09	-1.04576	1.66	0.220108
9000	294	100	300	4	25	32	680099	5.83257	6	1	0	8	0.125	8	0.125	1	10.16	1.00689	0.56	-0.251812	1.43	0.155336
9000	295	100	300	4	25	31	1068355	6.02872	7	1	0	5	0.2	5	0.2	1	11.61	1.06483	2.4	0.380211	6.75	0.829304
9000	298	100	300	4	25	31	445289	5.64864	6	1	0	6	0.166667	6	0.166667	1	7.54	0.877371	0.62	-0.207608	23.66	1.37401
9000	299	100	300	4	25	35	431832	5.63531	6	1	0	7	0.142857	7	0.142857	1	5.76	0.760422	0.41	-0.387216	1.44	0.158362
9000	300	100	300	4	25	27	209716	5.32163	6	1	0	5	0.2	5	0.2	1	1.61	0.206826	0.4	-0.39794	0.93	-0.0315171
9000	301	100	300	4	25	41	613619	5.7879	6	1	0	13	0.0769231	13	0.0769231	1	8.65	0.937016	0.55	-0.259637	3.57	0.552668
9000	303	100	300	4	25	26	395271	5.59689	6	1	0	5	0.2	5	0.2	1	2.5	0.39794	0.43	-0.366532	9.97	0.998695
9000	304	100	300	4	25	18	4793	3.68061	4	1	0	4	0.25	4	0.25	1	0.03	-1.52288	0	0	0.05	-1.30103
9000	306	100	300	4	25	25	13247	4.12212	5	1	0	7	0.142857	7	0.142857	1	0.12	-0.920819	0.01	-2	0.13	-0.886057
9000	307	100	300	4	25	32	582651	5.76541	6	1	0	6	0.166667	6	0.166667	1	6.02	0.779596	0.63	-0.200659	157.26	2.19662
9000	309	100	300	4	25	28	251170	5.39997	6	1	0	6	0.166667	6	0.166667	1	3.03	0.481443	0.26	-0.585027	1.42	0.152288
9000	311	100	300	4	25	24	173384	5.23901	6	1	0	3	0.333333	3	0.333333	1	1.36	0.133539	0.37	-0.431798	5.67	0.753583
9000	312	100	300	4	25	45	10503698	7.02134	8	1	0	8	0.125	8	0.125	1	158.85	2.20099	25	1.39794	591.63	2.77205
9000	313	100	300	4	25	17	3281	3.51601	4	1	0	5	0.2	5	0.2	1	0.03	-1.52288	0	0	0.05	-1.30103
9000	315	100	300	4	25	29	73703	4.86749	5	1	0	6	0.166667	6	0.166667	1	0.52	-0.283997	0.13	-0.886057	0.86	-0.0655015
9000	317	100	300	4	25	37	5993882	6.77771	7	1	0	7	0.142857	7	0.142857	1	67.68	1.83046	10.33	1.0141	593.15	2.77316
9000	320	100	300	4	25	22	17311	4.23832	5	1	0	6	0.166667	6	0.166667	1	0.07	-1.1549	0.02	-1.69897	0.18	-0.744727
9000	322	100	300	4	25	22	70048	4.8454	5	1	0	4	0.25	4	0.25	1	0.46	-0.337242	0.1	-1	3.13	0.495544
9000	326	100	300	4	25	32	276187	5.4412	6	1	0	7	0.142857	7	0.142857	1	2.47	0.392697	0.57	-0.244125	10.39	1.01662
9000	327	100	300	4	25	23	19357	4.28684	5	1	0	6	0.166667	6	0.166667	1	0.14	-0.853872	0.02	-1.69897	0.56	-0.251812
9000	329	100	300	4	25	30	60977	4.78517	5	1	0	11	0.0909091	11	0.0909091	1	0.41	-0.387216	0.08	-1.09691	0.46	-0.337242
9000	331	100	300	4	25	27	94847	4.97702	5	1	0	7	0.142857	7	0.142857	1	0.63	-0.200659	0.1	-1	5.49	0.739572
9000	332	100	300	4	25	29	285347	5.45537	6	1	0	6	0.166667	6	0.166667	1	2.21	0.344392	0.3	-0.522879	32.29	1.50907
9000	335	100	300	4	25	20	18431	4.26555	5	1	0	7	0.142857	7	0.142857	1	0.13	-0.886057	0.02	-1.69897	0.16	-0.79588
9000	336	100	300	4	25	27	494952	5.69456	6	1	0	5	0.2	5	0.2	1	4.66	0.668386	0.44	-0.356547	1.71	0.232996
9000	340	100	300	4	25	32	319381	5.50431	6	1	0	7	0.142857	7	0.142857	1	2.56	0.40824	0.43	-0.366532	40.95	1.61225
9000	341	100	300	4	25	25	85661	4.93278	5	1	0	6	0.166667	6	0.166667	1	0.5	-0.30103	0.12	-0.920819	0.75	-0.124939
9000	342	100	300	4	25	25	290847	5.46366	6	1	0	5	0.2	5	0.2	1	1.79	0.252853	0.23	-0.638272	0.58	-0.236572
9000	343	100	300	4	25	42	564620	5.75176	6	1	0	11	0.0909091	11	0.0909091	1	8.22	0.914872	1.62	0.209515	4.67	0.669317
9000	344	100	300	4	25	27	55900	4.74741	5	1	0	6	0.166667	6	0.166667	1	0.42	-0.376751	0.07	-1.1549	0.44	-0.356547
9000	345	100	300	4	25	35	1064160	6.02701	7	1	0	10	0.1	10	0.1	1	10.24	1.0103	1.49	0.173186	177.46	2.2491
9000	347	100	300	4	25	13	1619	3.20925	4	1	0	2	0.5	2	0.5	1	0.01	-2	0.01	-2	0.01	-2
9000	348	100	300	4	25	28	129973	5.11385	6	1	0	6	0.166667	6	0.166667	1	0.99	-0.00436481	0.16	-0.79588	2.39	0.378398
9000	350	100	300	4	25	30	99019	4.99572	5	1	0	7	0.142857	7	0.142857	1	1.32	0.120574	0.15	-0.823909	5.91	0.771587
9000	351	100	300	4	25	26	607279	5.78339	6	1	0	5	0.2	5	0.2	1	4.94	0.693727	0.59	-0.229148	2.95	0.469822
9000	352	100	300	4	25	21	63358	4.8018	5	1	0	3	0.333333	3	0.333333	1	0.39	-0.408935	0.05	-1.30103	0.5	-0.30103
9000	355	100	300	4	25	20	21628	4.33502	5	1	0	4	0.25	4	0.25	1	0.15	-0.823909	0.02	-1.69897	0.19	-0.721246
9000	356	100	300	4	25	29	85337	4.93114	5	1	0	6	0.166667	6	0.166667	1	0.66	-0.180456	0.1	-1	3.87	0.587711
9000	357	100	300	4	25	42	1833323	6.26324	7	1	0	11	0.0909091	11	0.0909091	1	17.72	1.24846	4.28	0.631444	17.21	1.23578
9000	358	100	300	4	25	31	1548039	6.18978	7	1	0	6	0.166667	6	0.166667	1	16.52	1.21801	3.38	0.528917	101.36	2.00587
9000	359	100	300	4	25	30	1224271	6.08788	7	1	0	5	0.2	5	0.2	1	8.94	0.951338	2.54	0.404834	176.18	2.24596
9000	363	100	300	4	25	34	3778272	6.57729	7	1	0	5	0.2	5	0.2	1	34.37	1.53618	7.75	0.889302	303.83	2.48263
9000	364	100	300	4	25	31	781156	5.89274	6	1	0	6	0.166667	6	0.166667	1	11.41	1.05729	1.28	0.10721	47.73	1.67879
9000	365	100	300	4	25	35	2463420	6.39154	7	1	0	6	0.166667	6	0.166667	1	19.73	1.29513	3.09	0.489958	146.23	2.16504
9000	366	100	300	4	25	18	5440	3.7356	4	1	0	5	0.2	5	0.2	1	0.02	-1.69897	0	0	0.05	-1.30103
9000	368	100	300	4	25	21	3409	3.53263	4	1	0	7	0.142857	7	0.142857	1	0.03	-1.52288	0	0	0.03	-1.52288
9000	369	100	300	4	25	38	11269679	7.05191	8	1	0	6	0.166667	6	0.166667	1	184.37	2.26569	31.89	1.50365	935.98	2.97127
9000	373	100	300	4	25	30	152454	5.18314	6	1	0	6	0.166667	6	0.166667	1	1.22	0.0863598	0.18	-0.744727	8.54	0.931458
9000	374	100	300	4	25	25	18624	4.27007	5	1	0	6	0.166667	6	0.166667	1	0.13	-0.886057	0.03	-1.52288	1.78	0.25042
9000	377	100	300	4	25	28	199426	5.29978	6	1	0	6	0.166667	6	0.166667	1	2	0.30103	0.27	-0.568636	0.8	-0.09691
9000	378	100	300	4	25	22	77963	4.89189	5	1	0	4	0.25	4	0.25	1	0.52	-0.283997	0.13	-0.886057	3.22	0.507856
9000	380	100	300	4	25	23	24130	4.38256	5	1	0	4	0.25	4	0.25	1	0.17	-0.769551	0.04	-1.39794	0.21	-0.677781
9000	381	100	300	4	25	28	128129	5.10765	6	1	0	7	0.142857	7	0.142857	1	1.1	0.0413927	0.15	-0.823909	3.79	0.578639
9000	384	100	300	4	25	30	286843	5.45764	6	1	0	6	0.166667	6	0.166667	1	2.16	0.334454	0.27	-0.568636	1.13	0.0530784
9000	388	100	300	4	25	16	3280	3.51587	4	1	0	4	0.25	4	0.25	1	0.02	-1.69897	0	0	0.03	-1.52288
9000	389	100	300	4	25	30	1164145	6.06601	7	1	0	6	0.166667	6	0.166667	1	9.71	0.987219	1.96	0.292256	119.6	2.07773
9000	390	100	300	4	25	35	13951115	7.14461	8	1	0	6	0.166667	6	0.166667	1	148.49	2.1717	35.32	1.54802	10534	4.0226
9000	392	100	300	4	25	36	7366681	6.86727	7	1	0	5	0.2	5	0.2	1	89.68	1.9527	24.62	1.39129	728.07	2.86217
9000	393	100	300	4	25	24	36140	4.55799	5	1	0	8	0.125	8	0.125	1	0.31	-0.508638	0.03	-1.52288	0.34	-0.468521
9000	398	100	300	4	25	30	1223747	6.08769	7	1	0	6	0.166667	6	0.166667	1	14.79	1.16997	1.98	0.296665	227.46	2.35691
9000	404	100	300	4	25	35	1106773	6.04406	7	1	0	8	0.125	8	0.125	1	11.58	1.06371	1.01	0.00432137	4.5	0.653213
9000	405	100	300	4	25	36	1524023	6.18299	7	1	0	9	0.111111	9	0.111111	1	18.2	1.26007	4.33	0.636488	192.76	2.28502
9000	408	100	300	4	25	22	17639	4.24647	5	1	0	6	0.166667	6	0.166667	1	0.09	-1.04576	0.02	-1.69897	0.17	-0.769551
9000	416	100	300	4	25	25	159238	5.20205	6	1	0	4	0.25	4	0.25	1	1.55	0.190332	0.22	-0.657577	7.03	0.846955
9000	418	100	300	4	25	30	146534	5.16594	6	1	0	7	0.142857	7	0.142857	1	1.06	0.0253059	0.25	-0.60206	1.35	0.130334
9000	419	100	300	4	25	31	876186	5.9426	6	1	0	5	0.2	5	0.2	1	9.07	0.957607	1.25	0.09691	4.49	0.652246
9000	420	100	300	4	25	33	332953	5.52238	6	1	0	8	0.125	8	0.125	1	2.18	0.338456	0.56	-0.251812	14.98	1.17551
9000	421	100	300	4	25	29	446425	5.64975	6	1	0	6	0.166667	6	0.166667	1	3.61	0.557507	0.95	-0.0222764	3.19	0.503791
9000	423	100	300	4	25	24	169315	5.2287	6	1	0	4	0.25	4	0.25	1	1.08	0.0334238	0.37	-0.431798	5.67	0.753583
9000	424	100	300	4	25	33	1180555	6.07209	7	1	0	5	0.2	5	0.2	1	14.19	1.15198	3.56	0.55145	15.33	1.18554
9000	430	100	300	4	25	26	174089	5.24077	6	1	0	5	0.2	5	0.2	1	1.78	0.25042	0.22	-0.657577	8.5	0.929419
9000	431	100	300	4	25	24	138561	5.14164	6	1	0	4	0.25	4	0.25	1	1.04	0.0170333	0.17	-0.769551	1.22	0.0863598
9000	433	100	300	4	25	30	188412	5.27511	6	1	0	11	0.0909091	11	0.0909091	1	16.42	1.21537	0.14	-0.853872	0.85	-0.0705811
9000	434	100	300	4	25	24	63839	4.80509	5	1	0	6	0.166667	6	0.166667	1	0.62	-0.207608	0.08	-1.09691	0.61	-0.21467
9000	435	100	300	4	25	24	31737	4.50157	5	1	0	4	0.25	4	0.25	1	0.28	-0.552842	0.04	-1.39794	0.99	-0.00436481
9000	437	100	300	4	25	26	80784	4.90733	5	1	0	6	0.166667	6	0.166667	1	0.85	-0.0705811	0.1	-1	0.66	-0.180456
9000	440	100	300	4	25	29	903933	5.95614	6	1	0	5	0.2	5	0.2	1	10.02	1.00087	1.25	0.09691	66.07	1.82
9000	441	100	300	4	25	28	490870	5.69097	6	1	0	5	0.2	5	0.2	1	4.78	0.679428	0.98	-0.00877392	4.4	0.643453
9000	442	100	300	4	25	27	294868	5.46963	6	1	0	4	0.25	4	0.25	1	2.92	0.465383	0.44	-0.356547	15.12	1.17955
9000	444	100	300	4	25	32	295157	5.47005	6	1	0	7	0.142857	7	0.142857	1	3.67	0.564666	0.56	-0.251812	33.02	1.51878
9000	445	100	300	4	25	27	318741	5.50344	6	1	0	5	0.2	5	0.2	1	2.98	0.474216	0.34	-0.468521	35.75	1.55328
9000	446	100	300	4	25	25	47114	4.67315	5	1	0	6	0.166667	6	0.166667	1	0.31	-0.508638	0.08	-1.09691	0.38	-0.420216
9000	447	100	300	4	25	38	1681515	6.2257	7	1	0	8	0.125	8	0.125	1	26.63	1.42537	1.71	0.232996	137.39	2.13796
9000	448	100	300	4	25	24	201880	5.30509	6	1	0	4	0.25	4	0.25	1	1.91	0.281033	0.3	-0.522879	25.39	1.40466
9000	449	100	300	4	25	35	115618	5.06303	6	1	0	9	0.111111	9	0.111111	1	1.36	0.133539	0.19	-0.721246	1.23	0.0899051
9000	450	100	300	4	25	34	178480	5.25159	6	1	0	12	0.0833333	12	0.0833333	1	1.25	0.09691	0.22	-0.657577	1.62	0.209515
9000	452	100	300	4	25	20	6097	3.78512	4	1	0	5	0.2	5	0.2	1	0.04	-1.39794	0	0	0.2	-0.69897
9000	455	100	300	4	25	24	209556	5.3213	6	1	0	4	0.25	4	0.25	1	1.35	0.130334	0.32	-0.49485	7.62	0.881955
9000	456	100	300	4	25	32	587727	5.76918	6	1	0	11	0.0909091	11	0.0909091	1	5.6	0.748188	0.73	-0.136677	59.12	1.77173
9000	457	100	300	4	25	16	1178	3.07115	4	1	0	4	0.25	4	0.25	1	0	0	0	0	0.02	-1.69897
9000	458	100	300	4	25	29	37067	4.56899	5	1	0	10	0.1	10	0.1	1	0.26	-0.585027	0.04	-1.39794	0.3	-0.522879
9000	459	100	300	4	25	35	983164	5.99263	6	1	0	7	0.142857	7	0.142857	1	10.46	1.01953	1.15	0.0606978	6.9	0.838849
9000	462	100	300	4	25	31	247783	5.39407	6	1	0	10	0.1	10	0.1	1	3.31	0.519828	0.35	-0.455932	1.15	0.0606978
9000	463	100	300	4	25	25	36286	4.55974	5	1	0	6	0.166667	6	0.166667	1	0.21	-0.677781	0.06	-1.22185	1.81	0.257679
9000	464	100	300	4	25	26	234542	5.37022	6	1	0	7	0.142857	7	0.142857	1	1.46	0.164353	0.33	-0.481486	0.65	-0.187087
9000	466	100	300	4	25	32	461699	5.66436	6	1	0	8	0.125	8	0.125	1	4.41	0.644439	0.81	-0.091515	39.28	1.59417
9000	468	100	300	4	25	24	10613	4.02584	5	1	0	5	0.2	5	0.2	1	0.09	-1.04576	0.01	-2	0.28	-0.552842
9000	469	100	300	4	25	23	178525	5.2517	6	1	0	6	0.166667	6	0.166667	1	1.89	0.276462	0.19	-0.721246	7.03	0.846955
9000	470	100	300	4	25	32	254510	5.4057	6	1	0	8	0.125	8	0.125	1	3.53	0.547775	0.35	-0.455932	1.03	0.0128372
9000	471	100	300	4	25	29	95189	4.97859	5	1	0	6	0.166667	6	0.166667	1	1.06	0.0253059	0.11	-0.958607	12.35	1.09167
9000	473	100	300	4	25	32	65946	4.81919	5	1	0	8	0.125	8	0.125	1	0.6	-0.221849	0.1	-1	0.55	-0.259637
9000	474	100	300	4	25	27	170300	5.23121	6	1	0	6	0.166667	6	0.166667	1	1.2	0.0791812	0.16	-0.79588	0.88	-0.0555173
9000	475	100	300	4	25	22	2870	3.45788	4	1	0	7	0.142857	7	0.142857	1	0.01	-2	0.01	-2	0.03	-1.52288
9000	476	100	300	4	25	33	182001	5.26007	6	1	0	10	0.1	10	0.1	1	1.35	0.130334	0.23	-0.638272	0.71	-0.148742
9000	478	100	300	4	25	28	152711	5.18387	6	1	0	8	0.125	8	0.125	1	1.51	0.178977	0.2	-0.69897	0.63	-0.200659
9000	479	100	300	4	25	16	14943	4.17444	5	1	0	2	0.5	2	0.5	1	0.09	-1.04576	0.02	-1.69897	0.14	-0.853872
9000	480	100	300	4	25	34	170656	5.23212	6	1	0	15	0.0666667	15	0.0666667	1	1.67	0.222716	0.18	-0.744727	0.85	-0.0705811
9000	481	100	300	4	25	31	178632	5.25196	6	1	0	7	0.142857	7	0.142857	1	2.98	0.474216	0.34	-0.468521	31.11	1.4929
9000	485	100	300	4	25	23	21938	4.3412	5	1	0	5	0.2	5	0.2	1	0.18	-0.744727	0.03	-1.52288	0.22	-0.657577
9000	486	100	300	4	25	29	61495	4.78884	5	1	0	8	0.125	8	0.125	1	0.71	-0.148742	0.08	-1.09691	0.61	-0.21467
9000	487	100	300	4	25	18	5111	3.70851	4	1	0	4	0.25	4	0.25	1	0.02	-1.69897	0.01	-2	0.05	-1.30103
9000	488	100	300	4	25	48	11639581	7.06594	8	1	0	12	0.0833333	12	0.0833333	1	155.15	2.19075	45.73	1.6602	1546.25	3.18928
9000	489	100	300	4	25	32	1001288	6.00056	7	1	0	5	0.2	5	0.2	1	11.47	1.05956	0.91	-0.0409586	123.01	2.08994
9000	490	100	300	4	25	31	99260	4.99677	5	1	0	10	0.1	10	0.1	1	1.52	0.181844	0.11	-0.958607	0.92	-0.0362122
9000	491	100	300	4	25	27	299350	5.47618	6	1	0	7	0.142857	7	0.142857	1	2.29	0.359835	0.21	-0.677781	1	0
9000	492	100	300	4	25	19	10367	4.01565	5	1	0	6	0.166667	6	0.166667	1	0.04	-1.39794	0.01	-2	0.1	-1
9000	493	100	300	4	25	40	2151872	6.33282	7	1	0	8	0.125	8	0.125	1	23.28	1.36698	4.4	0.643453	26.5	1.42325
9000	496	100	300	4	25	28	82560	4.91677	5	1	0	5	0.2	5	0.2	1	0.75	-0.124939	0.1	-1	1.09	0.0374265
9000	499	100	300	4	25	22	129800	5.11327	6	1	0	3	0.333333	3	0.333333	1	1.27	0.103804	0.16	-0.79588	5.41	0.733197
9000	500	100	300	4	25	30	409349	5.61209	6	1	0	5	0.2	5	0.2	1	3.09	0.489958	0.51	-0.29243	1.67	0.222716
9000	501	100	300	4	25	28	761836	5.88186	6	1	0	7	0.142857	7	0.142857	1	7.23	0.859138	1.07	0.0293838	38.89	1.58984
9000	502	100	300	4	25	32	258386	5.41227	6	1	0	7	0.142857	7	0.142857	1	3.55	0.550228	0.45	-0.346787	0.81	-0.091515
9000	503	100	300	4	25	30	650404	5.81318	6	1	0	6	0.166667	6	0.166667	1	5.61	0.748963	0.72	-0.142668	2.54	0.404834
9000	504	100	300	4	25	24	265957	5.42481	6	1	0	3	0.333333	3	0.333333	1	1.83	0.262451	0.36	-0.443697	31.05	1.49206
9000	505	100	300	4	25	24	133079	5.12411	6	1	0	4	0.25	4	0.25	1	0.91	-0.0409586	0.18	-0.744727	1.29	0.11059
9000	509	100	300	4	25	31	512146	5.70939	6	1	0	6	0.166667	6	0.166667	1	8.24	0.915927	1.02	0.00860017	24.89	1.39602
9000	512	100	300	4	25	38	2422525	6.38427	7	1	0	7	0.142857	7	0.142857	1	39.53	1.59693	10.77	1.03222	228.8	2.35946
9000	513	100	300	4	25	25	79808	4.90205	5	1	0	5	0.2	5	0.2	1	0.83	-0.0809219	0.1	-1	0.73	-0.136677
9000	514	100	300	4	25	23	25930	4.4138	5	1	0	4	0.25	4	0.25	1	0.14	-0.853872	0.04	-1.39794	0.21	-0.677781
9000	515	100	300	4	25	30	271364	5.43355	6	1	0	6	0.166667	6	0.166667	1	2.94	0.468347	0.27	-0.568636	12.94	1.11193
9000	518	100	300	4	25	17	4323	3.63579	4	1	0	4	0.25	4	0.25	1	0.02	-1.69897	0	0	0.05	-1.30103
9000	520	100	300	4	25	29	338441	5.52948	6	1	0	7	0.142857	7	0.142857	1	2.74	0.437751	0.28	-0.552842	39.62	1.59791
9000	522	100	300	4	25	32	525880	5.72089	6	1	0	5	0.2	5	0.2	1	4.48	0.651278	0.61	-0.21467	63.19	1.80065
9000	523	100	300	4	25	26	141914	5.15203	6	1	0	6	0.166667	6	0.166667	1	0.8	-0.09691	0.17	-0.769551	1.11	0.045323
9000	524	100	300	4	25	27	195230	5.29055	6	1	0	5	0.2	5	0.2	1	2.88	0.459392	0.34	-0.468521	9.54	0.979548
9000	525	100	300	4	25	27	125580	5.09892	6	1	0	9	0.111111	9	0.111111	1	1.26	0.100371	0.14	-0.853872	1.2	0.0791812
9000	526	100	300	4	25	29	516954	5.71345	6	1	0	5	0.2	5	0.2	1	4.85	0.685742	0.56	-0.251812	2.37	0.374748
9000	527	100	300	4	25	22	17503	4.24311	5	1	0	5	0.2	5	0.2	1	0.08	-1.09691	0.03	-1.52288	0.15	-0.823909
9000	528	100	300	4	25	28	360438	5.55683	6	1	0	6	0.166667	6	0.166667	1	2.41	0.382017	0.27	-0.568636	2.15	0.332438
9000	529	100	300	4	25	20	7559	3.87846	4	1	0	5	0.2	5	0.2	1	0.04	-1.39794	0	0	0.08	-1.09691
9000	530	100	300	4	25	37	574595	5.75936	6	1	0	8	0.125	8	0.125	1	5.43	0.7348	0.51	-0.29243	48.08	1.68196
9000	533	100	300	4	25	21	12746	4.10537	5	1	0	4	0.25	4	0.25	1	0.11	-0.958607	0.01	-2	0.13	-0.886057
9000	534	100	300	4	25	30	507763	5.70566	6	1	0	7	0.142857	7	0.142857	1	4.79	0.680336	0.85	-0.0705811	2.24	0.350248
9000	538	100	300	4	25	28	487997	5.68842	6	1	0	6	0.166667	6	0.166667	1	3.44	0.536558	0.54	-0.267606	3.23	0.509203
9000	541	100	300	4	25	29	145151	5.16182	6	1	0	6	0.166667	6	0.166667	1	1.46	0.164353	0.15	-0.823909	1.17	0.0681859
9000	543	100	300	4	25	24	88674	4.9478	5	1	0	4	0.25	4	0.25	1	0.7	-0.154902	0.09	-1.04576	3.12	0.494155
9000	544	100	300	4	25	24	12530	4.09795	5	1	0	6	0.166667	6	0.166667	1	0.07	-1.1549	0.01	-2	0.1	-1
9000	545	100	300	4	25	31	523546	5.71895	6	1	0	6	0.166667	6	0.166667	1	4.92	0.691965	0.52	-0.283997	2.28	0.357935
9000	548	100	300	4	25	24	31178	4.49385	5	1	0	8	0.125	8	0.125	1	0.19	-0.721246	0.02	-1.69897	0.26	-0.585027
9000	554	100	300	4	25	28	241638	5.38317	6	1	0	7	0.142857	7	0.142857	1	3.19	0.503791	0.32	-0.49485	0.92	-0.0362122
9000	555	100	300	4	25	23	80519	4.9059	5	1	0	5	0.2	5	0.2	1	0.43	-0.366532	0.13	-0.886057	0.74	-0.130768
9000	557	100	300	4	25	37	300667	5.47809	6	1	0	10	0.1	10	0.1	1	3.71	0.569374	0.45	-0.346787	14.35	1.15685
9000	559	100	300	4	25	32	1262908	6.10137	7	1	0	6	0.166667	6	0.166667	1	17.6	1.24551	1.98	0.296665	73.59	1.86682
9000	560	100	300	4	25	26	199242	5.29938	6	1	0	5	0.2	5	0.2	1	2.39	0.378398	0.46	-0.337242	7.33	0.865104
9000	562	100	300	4	25	33	565968	5.75279	6	1	0	7	0.142857	7	0.142857	1	4.99	0.698101	0.53	-0.275724	41.32	1.61616
9000	563	100	300	4	25	33	46435	4.66685	5	1	0	9	0.111111	9	0.111111	1	0.66	-0.180456	0.06	-1.22185	1.24	0.0934217
9000	564	100	300	4	25	27	382629	5.58278	6	1	0	5	0.2	5	0.2	1	3.54	0.549003	0.38	-0.420216	18.37	1.26411
9000	566	100	300	4	25	19	7551	3.878	4	1	0	4	0.25	4	0.25	1	0.04	-1.39794	0	0	0.09	-1.04576
9000	568	100	300	4	25	32	198385	5.29751	6	1	0	9	0.111111	9	0.111111	1	4.19	0.622214	0.33	-0.481486	8.22	0.914872
9000	569	100	300	4	25	22	47170	4.67367	5	1	0	5	0.2	5	0.2	1	0.24	-0.619789	0.05	-1.30103	0.39	-0.408935
9000	573	100	300	4	25	26	55136	4.74144	5	1	0	5	0.2	5	0.2	1	0.32	-0.49485	0.06	-1.22185	0.46	-0.337242
9000	574	100	300	4	25	28	41352	4.6165	5	1	0	6	0.166667	6	0.166667	1	0.35	-0.455932	0.06	-1.22185	0.38	-0.420216
9000	575	100	300	4	25	31	314581	5.49773	6	1	0	8	0.125	8	0.125	1	2.06	0.313867	0.46	-0.337242	106.79	2.02853
9000	576	100	300	4	25	31	87391	4.94147	5	1	0	8	0.125	8	0.125	1	0.84	-0.0757207	0.13	-0.886057	0.69	-0.161151
9000	577	100	300	4	25	31	1241520	6.09395	7	1	0	5	0.2	5	0.2	1	11.07	1.04415	2.05	0.311754	79.11	1.89823
9000	578	100	300	4	25	22	12665	4.10261	5	1	0	5	0.2	5	0.2	1	0.08	-1.09691	0.01	-2	0.41	-0.387216
9000	579	100	300	4	25	35	2591248	6.41351	7	1	0	5	0.2	5	0.2	1	34.5	1.53782	8.79	0.943989	36.19	1.55859
9000	580	100	300	4	25	24	51545	4.71219	5	1	0	5	0.2	5	0.2	1	0.34	-0.468521	0.06	-1.22185	1.84	0.264818
9000	581	100	300	4	25	33	417806	5.62097	6	1	0	6	0.166667	6	0.166667	1	5.61	0.748963	0.4	-0.39794	2.04	0.30963
9000	582	100	300	4	25	24	28076	4.44834	5	1	0	5	0.2	5	0.2	1	0.25	-0.60206	0.03	-1.52288	0.24	-0.619789
9000	585	100	300	4	25	24	73007	4.86336	5	1	0	6	0.166667	6	0.166667	1	0.83	-0.0809219	0.1	-1	0.59	-0.229148
9000	586	100	300	4	25	21	12993	4.11371	5	1	0	4	0.25	4	0.25	1	0.1	-1	0.01	-2	0.13	-0.886057
9000	587	100	300	4	25	33	389875	5.59093	6	1	0	7	0.142857	7	0.142857	1	3.7	0.568202	0.38	-0.420216	1.24	0.0934217
9000	588	100	300	4	25	24	34293	4.53521	5	1	0	4	0.25	4	0.25	1	0.36	-0.443697	0.04	-1.39794	0.33	-0.481486
9000	589	100	300	4	25	22	29555	4.47063	5	1	0	4	0.25	4	0.25	1	0.2	-0.69897	0.04	-1.39794	3.36	0.526339
9000	590	100	300	4	25	26	190023	5.27881	6	1	0	5	0.2	5	0.2	1	1.63	0.212188	0.23	-0.638272	6.58	0.818226
9000	593	100	300	4	25	28	1518920	6.18153	7	1	0	4	0.25	4	0.25	1	14.74	1.1685	1.53	0.184691	542.03	2.73402
9000	594	100	300	4	25	37	714436	5.85396	6	1	0	7	0.142857	7	0.142857	1	10.37	1.01578	0.74	-0.130768	38.99	1.59095
9000	595	100	300	4	25	43	3950365	6.59664	7	1	0	10	0.1	10	0.1	1	31.88	1.50352	5.13	0.710117	131.87	2.12015
9000	596	100	300	4	25	27	483839	5.6847	6	1	0	6	0.166667	6	0.166667	1	4.93	0.692847	0.44	-0.356547	35.98	1.55606
9000	599	100	300	4	25	21	27053	4.43222	5	1	0	4	0.25	4	0.25	1	0.22	-0.657577	0.03	-1.52288	0.92	-0.0362122
9000	600	100	300	4	25	31	166759	5.22209	6	1	0	7	0.142857	7	0.142857	1	1.19	0.075547	0.25	-0.60206	7.09	0.850646
9000	601	100	300	4	25	43	4091291	6.61186	7	1	0	11	0.0909091	11	0.0909091	1	86.29	1.93596	14.05	1.14768	44.47	1.64807
9000	602	100	300	4	25	18	8281	3.91808	4	1	0	5	0.2	5	0.2	1	0.04	-1.39794	0.01	-2	0.08	-1.09691
9000	604	100	300	4	25	32	969696	5.98664	6	1	0	8	0.125	8	0.125	1	11.24	1.05077	1.59	0.201397	126.84	2.10326
9000	605	100	300	4	25	28	158647	5.20043	6	1	0	7	0.142857	7	0.142857	1	1.35	0.130334	0.3	-0.522879	0.68	-0.167491
9000	606	100	300	4	25	28	133094	5.12416	6	1	0	7	0.142857	7	0.142857	1	0.85	-0.0705811	0.11	-0.958607	0.92	-0.0362122
9000	607	100	300	4	25	37	2468871	6.3925	7	1	0	7	0.142857	7	0.142857	1	19.19	1.28307	3.18	0.502427	153.11	2.185
9000	610	100	300	4	25	27	150632	5.17792	6	1	0	6	0.166667	6	0.166667	1	2.13	0.32838	0.15	-0.823909	0.52	-0.283997
9000	611	100	300	4	25	32	1770616	6.24812	7	1	0	7	0.142857	7	0.142857	1	16.73	1.2235	3.92	0.593286	138.72	2.14214
9000	613	100	300	4	25	28	202257	5.3059	6	1	0	8	0.125	8	0.125	1	3.63	0.559907	0.32	-0.49485	0.58	-0.236572
9000	614	100	300	4	25	30	43440	4.63789	5	1	0	11	0.0909091	11	0.0909091	1	0.46	-0.337242	0.04	-1.39794	0.37	-0.431798
9000	615	100	300	4	25	31	2385979	6.37767	7	1	0	7	0.142857	7	0.142857	1	26.08	1.41631	3.33	0.522444	160.76	2.20618
9000	617	100	300	4	25	33	104172	5.01775	6	1	0	10	0.1	10	0.1	1	0.77	-0.113509	0.09	-1.04576	0.85	-0.0705811
9000	618	100	300	4	25	26	125609	5.09902	6	1	0	5	0.2	5	0.2	1	1.08	0.0334238	0.16	-0.79588	1.02	0.00860017
9000	620	100	300	4	25	25	34185	4.53384	5	1	0	6	0.166667	6	0.166667	1	0.18	-0.744727	0.05	-1.30103	0.3	-0.522879
9000	623	100	300	4	25	32	96970	4.98664	5	1	0	7	0.142857	7	0.142857	1	1.17	0.0681859	0.12	-0.920819	0.85	-0.0705811
9000	624	100	300	4	25	26	208659	5.31944	6	1	0	5	0.2	5	0.2	1	1.73	0.238046	0.34	-0.468521	1.67	0.222716
9000	625	100	300	4	25	27	166510	5.22144	6	1	0	6	0.166667	6	0.166667	1	1.87	0.271842	0.3	-0.522879	5.99	0.777427
9000	626	100	300	4	25	21	24429	4.38791	5	1	0	5	0.2	5	0.2	1	0.15	-0.823909	0.02	-1.69897	0.24	-0.619789
9000	627	100	300	4	25	32	1253362	6.09808	7	1	0	5	0.2	5	0.2	1	12.64	1.10175	1.18	0.071882	4.89	0.689309
9000	629	100	300	4	25	30	1744893	6.24177	7	1	0	6	0.166667	6	0.166667	1	15.39	1.18724	2.84	0.453318	105.33	2.02255
9000	631	100	300	4	25	21	27616	4.44116	5	1	0	4	0.25	4	0.25	1	0.21	-0.677781	0.02	-1.69897	0.28	-0.552842
9000	632	100	300	4	25	24	42356	4.62691	5	1	0	8	0.125	8	0.125	1	0.28	-0.552842	0.03	-1.52288	0.37	-0.431798
9000	634	100	300	4	25	44	4110812	6.61393	7	1	0	9	0.111111	9	0.111111	1	54.02	1.73255	6.72	0.827369	180.97	2.25761
9000	638	100	300	4	25	33	335479	5.52567	6	1	0	10	0.1	10	0.1	1	3.66	0.563481	0.66	-0.180456	136.25	2.13434
9000	641	100	300	4	25	25	34020	4.53173	5	1	0	6	0.166667	6	0.166667	1	0.28	-0.552842	0.03	-1.52288	0.97	-0.0132283
9000	643	100	300	4	25	41	2928432	6.46664	7	1	0	10	0.1	10	0.1	1	39.16	1.59284	5.24	0.719331	117.91	2.07155
9000	644	100	300	4	25	35	371078	5.56947	6	1	0	7	0.142857	7	0.142857	1	2.95	0.469822	0.5	-0.30103	37.34	1.57217
9000	646	100	300	4	25	32	146940	5.16714	6	1	0	11	0.0909091	11	0.0909091	1	0.88	-0.0555173	0.19	-0.721246	1.5	0.176091
9000	647	100	300	4	25	34	3199236	6.50505	7	1	0	6	0.166667	6	0.166667	1	27.24	1.43521	7.01	0.845718	1097.7	3.04048
9000	648	100	300	4	25	36	1714969	6.23426	7	1	0	10	0.1	10	0.1	1	15.73	1.19673	2.14	0.330414	158.48	2.19997
9000	650	100	300	4	25	34	1961174	6.29252	7	1	0	9	0.111111	9	0.111111	1	19.72	1.29491	2.17	0.33646	15.44	1.18865
9000	652	100	300	4	25	22	5793	3.7629	4	1	0	5	0.2	5	0.2	1	0.04	-1.39794	0	0	0.07	-1.1549
9000	653	100	300	4	25	29	291917	5.46526	6	1	0	8	0.125	8	0.125	1	2.23	0.348305	0.47	-0.327902	1.41	0.149219
9000	654	100	300	4	25	23	139967	5.14603	6	1	0	3	0.333333	3	0.333333	1	0.92	-0.0362122	0.29	-0.537602	1.64	0.214844
9000	656	100	300	4	25	43	1409586	6.14909	7	1	0	12	0.0833333	12	0.0833333	1	18.34	1.2634	2.87	0.457882	12.95	1.11227
9000	660	100	300	4	25	38	5151297	6.71192	7	1	0	9	0.111111	9	0.111111	1	62.72	1.79741	11.64	1.06595	534.28	2.72777
9000	661	100	300	4	25	31	1143777	6.05834	7	1	0	5	0.2	5	0.2	1	11.48	1.05994	1.97	0.294466	181.4	2.25864
9000	662	100	300	4	25	33	139072	5.14324	6	1	0	9	0.111111	9	0.111111	1	2.84	0.453318	0.19	-0.721246	0.98	-0.00877392
9000	665	100	300	4	25	35	707921	5.84998	6	1	0	11	0.0909091	11	0.0909091	1	5.6	0.748188	0.67	-0.173925	3.23	0.509203
9000	667	100	300	4	25	37	1235886	6.09198	7	1	0	8	0.125	8	0.125	1	17.81	1.25066	3.12	0.494155	192.85	2.28522
9000	668	100	300	4	25	31	248432	5.39521	6	1	0	6	0.166667	6	0.166667	1	2.33	0.367356	0.61	-0.21467	13.49	1.13001
9000	671	100	300	4	25	36	559613	5.74789	6	1	0	11	0.0909091	11	0.0909091	1	6.38	0.804821	0.52	-0.283997	2.86	0.456366
9000	672	100	300	4	25	30	303783	5.48256	6	1	0	5	0.2	5	0.2	1	2.46	0.390935	0.44	-0.356547	14.31	1.15564
9000	675	100	300	4	25	30	1004185	6.00181	7	1	0	4	0.25	4	0.25	1	10.69	1.02898	1.65	0.217484	66.33	1.82171
9000	676	100	300	4	25	29	451507	5.65466	6	1	0	5	0.2	5	0.2	1	4.34	0.63749	0.71	-0.148742	20.52	1.31218
9000	677	100	300	4	25	34	1308597	6.11681	7	1	0	8	0.125	8	0.125	1	14.23	1.1532	1.78	0.25042	99.76	1.99896
9000	679	100	300	4	25	23	21979	4.34201	5	1	0	6	0.166667	6	0.166667	1	0.11	-0.958607	0.04	-1.39794	0.22	-0.657577
9000	680	100	300	4	25	29	420313	5.62357	6	1	0	5	0.2	5	0.2	1	4.62	0.664642	0.43	-0.366532	11.88	1.07482
9000	681	100	300	4	25	22	42644	4.62986	5	1	0	6	0.166667	6	0.166667	1	0.36	-0.443697	0.06	-1.22185	0.38	-0.420216
9000	683	100	300	4	25	34	2509248	6.39954	7	1	0	8	0.125	8	0.125	1	21.29	1.32818	3.73	0.571709	165	2.21748
9000	685	100	300	4	25	37	6727496	6.82785	7	1	0	10	0.1	10	0.1	1	97.52	1.98909	17.36	1.23955	431.96	2.63544
9000	687	100	300	4	25	24	68687	4.83687	5	1	0	6	0.166667	6	0.166667	1	0.45	-0.346787	0.06	-1.22185	0.54	-0.267606
9000	690	100	300	4	25	25	253500	5.40398	6	1	0	4	0.25	4	0.25	1	1.93	0.285557	0.54	-0.267606	44.95	1.65273
9000	692	100	300	4	25	20	22363	4.34953	5	1	0	3	0.333333	3	0.333333	1	0.23	-0.638272	0.04	-1.39794	0.21	-0.677781
9000	694	100	300	4	25	24	21626	4.33498	5	1	0	8	0.125	8	0.125	1	0.27	-0.568636	0.02	-1.69897	0.2	-0.69897
9000	697	100	300	4	25	36	3789053	6.57853	7	1	0	6	0.166667	6	0.166667	1	64.9	1.81224	8.23	0.9154	383.22	2.58345
9000	700	100	300	4	25	32	396156	5.59787	6	1	0	7	0.142857	7	0.142857	1	5.04	0.702431	0.31	-0.508638	1.48	0.170262
9000	703	100	300	4	25	30	62053	4.79276	5	1	0	9	0.111111	9	0.111111	1	0.71	-0.148742	0.09	-1.04576	0.59	-0.229148
9000	705	100	300	4	25	25	320978	5.50648	6	1	0	6	0.166667	6	0.166667	1	2.82	0.450249	0.29	-0.537602	30.03	1.47756
9000	706	100	300	4	25	35	1278924	6.10684	7	1	0	10	0.1	10	0.1	1	18.71	1.27207	2.01	0.303196	74.17	1.87023
9000	708	100	300	4	25	40	11602978	7.06457	8	1	0	6	0.166667	6	0.166667	1	138.85	2.14255	39.15	1.59273	1479.53	3.17012
9000	709	100	300	4	25	23	24439	4.38808	5	1	0	5	0.2	5	0.2	1	0.15	-0.823909	0.03	-1.52288	0.24	-0.619789
9000	711	100	300	4	25	27	95611	4.98051	5	1	0	6	0.166667	6	0.166667	1	1.06	0.0253059	0.09	-1.04576	3.4	0.531479
9000	712	100	300	4	25	38	2823615	6.45081	7	1	0	11	0.0909091	11	0.0909091	1	26.61	1.42504	4.18	0.621176	342.2	2.53428
9000	713	100	300	4	25	25	1492991	6.17406	7	1	0	3	0.333333	3	0.333333	1	15.53	1.19117	1.63	0.212188	100.76	2.00329
9000	714	100	300	4	25	30	353918	5.5489	6	1	0	6	0.166667	6	0.166667	1	3.73	0.571709	0.53	-0.275724	19.63	1.29292
9000	715	100	300	4	25	38	14578486	7.16371	8	1	0	8	0.125	8	0.125	1	191.14	2.28135	32.25	1.50853	1088.05	3.03665
9000	716	100	300	4	25	45	32905414	7.51727	8	1	0	6	0.166667	6	0.166667	1	368.66	2.56663	133.99	2.12707	5208.94	3.71675
9000	717	100	300	4	25	40	1542023	6.18809	7	1	0	8	0.125	8	0.125	1	18.07	1.25696	2.5	0.39794	57.33	1.75838
9000	720	100	300	4	25	19	2491	3.39637	4	1	0	5	0.2	5	0.2	1	0.02	-1.69897	0	0	0.03	-1.52288
9000	723	100	300	4	25	37	915968	5.96188	6	1	0	9	0.111111	9	0.111111	1	12.36	1.09202	0.9	-0.0457575	3.64	0.561101
9000	724	100	300	4	25	24	56081	4.74882	5	1	0	5	0.2	5	0.2	1	0.37	-0.431798	0.07	-1.1549	2.67	0.426511
9000	725	100	300	4	25	30	7757	3.88969	4	1	0	10	0.1	10	0.1	1	0.1	-1	0	0	0.07	-1.1549
9000	728	100	300	4	25	28	119399	5.077	6	1	0	6	0.166667	6	0.166667	1	1.44	0.158362	0.21	-0.677781	1.13	0.0530784
9000	729	100	300	4	25	27	335328	5.52547	6	1	0	5	0.2	5	0.2	1	2.97	0.472756	0.49	-0.309804	23.89	1.37822
9000	730	100	300	4	25	35	324437	5.51113	6	1	0	9	0.111111	9	0.111111	1	3.25	0.511883	0.54	-0.267606	13.94	1.14426
9000	731	100	300	4	25	34	791462	5.89843	6	1	0	8	0.125	8	0.125	1	14.39	1.15806	0.77	-0.113509	44.64	1.64972
9000	732	100	300	4	25	24	29764	4.47369	5	1	0	6	0.166667	6	0.166667	1	0.19	-0.721246	0.05	-1.30103	0.26	-0.585027
9000	735	100	300	4	25	32	103343	5.01428	6	1	0	9	0.111111	9	0.111111	1	1.03	0.0128372	0.17	-0.769551	0.89	-0.05061
9000	737	100	300	4	25	24	33319	4.52269	5	1	0	5	0.2	5	0.2	1	0.35	-0.455932	0.06	-1.22185	1.13	0.0530784
9000	740	100	300	4	25	23	47962	4.6809	5	1	0	6	0.166667	6	0.166667	1	0.34	-0.468521	0.05	-1.30103	0.4	-0.39794
9000	741	100	300	4	25	37	1408303	6.1487	7	1	0	7	0.142857	7	0.142857	1	21.32	1.32879	1.4	0.146128	111.25	2.0463
9000	742	100	300	4	25	23	62207	4.79384	5	1	0	5	0.2	5	0.2	1	0.35	-0.455932	0.11	-0.958607	0.67	-0.173925
9000	744	100	300	4	25	23	35500	4.55023	5	1	0	5	0.2	5	0.2	1	0.23	-0.638272	0.03	-1.52288	0.33	-0.481486
9000	745	100	300	4	25	34	8361811	6.9223	7	1	0	6	0.166667	6	0.166667	1	71.15	1.85217	14.23	1.1532	2785.89	3.44496
9000	746	100	300	4	25	43	35659521	7.55218	8	1	0	7	0.142857	7	0.142857	1	547.06	2.73803	126.23	2.10116	4533.92	3.65647
9000	748	100	300	4	25	29	19190	4.28307	5	1	0	10	0.1	10	0.1	1	0.17	-0.769551	0.02	-1.69897	0.18	-0.744727
9000	749	100	300	4	25	33	131935	5.12036	6	1	0	11	0.0909091	11	0.0909091	1	2.24	0.350248	0.17	-0.769551	10.05	1.00217
9000	753	100	300	4	25	23	47115	4.67316	5	1	0	4	0.25	4	0.25	1	0.38	-0.420216	0.06	-1.22185	7.2	0.857332
9000	754	100	300	4	25	27	21915	4.34074	5	1	0	9	0.111111	9	0.111111	1	0.21	-0.677781	0.02	-1.69897	0.17	-0.769551
9000	755	100	300	4	25	28	187910	5.27395	6	1	0	8	0.125	8	0.125	1	2.31	0.363612	0.23	-0.638272	0.5	-0.30103
9000	758	100	300	4	25	47	8239158	6.91588	7	1	0	10	0.1	10	0.1	1	118.29	2.07295	29.53	1.47026	454.54	2.65757
9000	759	100	300	4	25	28	377240	5.57662	6	1	0	7	0.142857	7	0.142857	1	4.82	0.683047	0.37	-0.431798	1.38	0.139879
9000	760	100	300	4	25	31	328931	5.5171	6	1	0	5	0.2	5	0.2	1	2.71	0.432969	0.86	-0.0655015	19.33	1.28623
9000	761	100	300	4	25	39	3942176	6.59574	7	1	0	6	0.166667	6	0.166667	1	55.92	1.74757	9.57	0.980912	1186.47	3.07426
9000	762	100	300	4	25	38	1248275	6.09631	7	1	0	12	0.0833333	12	0.0833333	1	22.19	1.34616	2.1	0.322219	82.03	1.91397
9000	765	100	300	4	25	27	167536	5.22411	6	1	0	5	0.2	5	0.2	1	1.29	0.11059	0.22	-0.657577	18.98	1.2783
9000	769	100	300	4	25	31	991615	5.99634	6	1	0	5	0.2	5	0.2	1	8.54	0.931458	0.86	-0.0655015	62.68	1.79713
9000	772	100	300	4	25	27	428255	5.6317	6	1	0	5	0.2	5	0.2	1	2.48	0.394452	0.49	-0.309804	1.99	0.298853
9000	774	100	300	4	25	26	88012	4.94454	5	1	0	6	0.166667	6	0.166667	1	0.62	-0.207608	0.06	-1.22185	0.62	-0.207608
9000	775	100	300	4	25	31	252149	5.40166	6	1	0	7	0.142857	7	0.142857	1	2.28	0.357935	0.48	-0.318759	1.45	0.161368
9000	776	100	300	4	25	32	266509	5.42571	6	1	0	7	0.142857	7	0.142857	1	2.59	0.4133	0.42	-0.376751	10.78	1.03262
9000	778	100	300	4	25	24	230756	5.36315	6	1	0	4	0.25	4	0.25	1	1.92	0.283301	0.18	-0.744727	11.95	1.07737
9000	779	100	300	4	25	20	10751	4.03145	5	1	0	5	0.2	5	0.2	1	0.06	-1.22185	0.01	-2	0.09	-1.04576
9000	780	100	300	4	25	30	197651	5.2959	6	1	0	8	0.125	8	0.125	1	1.68	0.225309	0.37	-0.431798	0.95	-0.0222764
9000	783	100	300	4	25	38	889996	5.94939	6	1	0	9	0.111111	9	0.111111	1	13.24	1.12189	2.36	0.372912	107.66	2.03205
9000	784	100	300	4	25	36	242622	5.38493	6	1	0	9	0.111111	9	0.111111	1	3.3	0.518514	0.48	-0.318759	10.72	1.03019
9000	786	100	300	4	25	23	64792	4.81152	5	1	0	4	0.25	4	0.25	1	0.79	-0.102373	0.08	-1.09691	0.63	-0.200659
9000	788	100	300	4	25	30	3164182	6.50026	7	1	0	6	0.166667	6	0.166667	1	28.98	1.4621	3.54	0.549003	247.37	2.39335
9000	790	100	300	4	25	25	209635	5.32146	6	1	0	6	0.166667	6	0.166667	1	1.33	0.123852	0.23	-0.638272	1	0
9000	791	100	300	4	25	31	255503	5.4074	6	1	0	6	0.166667	6	0.166667	1	2.57	0.409933	0.38	-0.420216	11.13	1.0465
9000	792	100	300	4	25	33	1011489	6.00496	7	1	0	7	0.142857	7	0.142857	1	9.45	0.975432	0.8	-0.09691	4.5	0.653213
9000	793	100	300	4	25	32	331044	5.51989	6	1	0	8	0.125	8	0.125	1	4.01	0.603144	0.49	-0.309804	28.59	1.45621
9000	795	100	300	4	25	24	497663	5.69694	6	1	0	3	0.333333	3	0.333333	1	3.56	0.55145	0.63	-0.200659	20.57	1.31323
9000	798	100	300	4	25	42	3770011	6.57634	7	1	0	7	0.142857	7	0.142857	1	49.48	1.69443	11.47	1.05956	51.12	1.70859
9000	799	100	300	4	25	17	5561	3.74515	4	1	0	4	0.25	4	0.25	1	0.03	-1.52288	0	0	0.06	-1.22185
9000	801	100	300	4	25	26	83711	4.92278	5	1	0	5	0.2	5	0.2	1	0.84	-0.0757207	0.15	-0.823909	1.29	0.11059
9000	802	100	300	4	25	32	1869942	6.27183	7	1	0	9	0.111111	9	0.111111	1	24.3	1.38561	1.7	0.230449	20.51	1.31197
9000	803	100	300	4	25	31	563575	5.75095	6	1	0	6	0.166667	6	0.166667	1	6.37	0.804139	0.57	-0.244125	5.03	0.701568
9000	805	100	300	4	25	23	56993	4.75582	5	1	0	5	0.2	5	0.2	1	0.42	-0.376751	0.08	-1.09691	0.54	-0.267606
9000	807	100	300	4	25	35	523419	5.71885	6	1	0	7	0.142857	7	0.142857	1	6.25	0.79588	0.65	-0.187087	30.72	1.48742
9000	809	100	300	4	25	32	197306	5.29514	6	1	0	7	0.142857	7	0.142857	1	2.04	0.30963	0.36	-0.443697	8.77	0.943
9000	810	100	300	4	25	32	309966	5.49131	6	1	0	8	0.125	8	0.125	1	3.96	0.597695	0.32	-0.49485	18.1	1.25768
9000	811	100	300	4	25	33	311834	5.49392	6	1	0	12	0.0833333	12	0.0833333	1	3.44	0.536558	0.36	-0.443697	14.69	1.16702
9000	812	100	300	4	25	28	57552	4.76006	5	1	0	7	0.142857	7	0.142857	1	0.5	-0.30103	0.07	-1.1549	0.54	-0.267606
9000	813	100	300	4	25	31	748312	5.87408	6	1	0	6	0.166667	6	0.166667	1	6.27	0.797268	0.77	-0.113509	35.17	1.54617
9000	815	100	300	4	25	36	2320694	6.36562	7	1	0	7	0.142857	7	0.142857	1	19.77	1.29601	4.14	0.617	172.49	2.23676
9000	816	100	300	4	25	39	1931955	6.286	7	1	0	7	0.142857	7	0.142857	1	29.83	1.47465	2.34	0.369216	1631.12	3.21249
9000	818	100	300	4	25	47	5075162	6.70545	7	1	0	15	0.0666667	15	0.0666667	1	66.19	1.82079	10.17	1.00732	226.48	2.35503
9000	820	100	300	4	25	16	2081	3.31827	4	1	0	4	0.25	4	0.25	1	0.01	-2	0	0	0.03	-1.52288
9000	822	100	300	4	25	23	171776	5.23496	6	1	0	5	0.2	5	0.2	1	0.99	-0.00436481	0.15	-0.823909	0.38	-0.420216
9000	823	100	300	4	25	25	60825	4.78408	5	1	0	5	0.2	5	0.2	1	0.7	-0.154902	0.08	-1.09691	0.61	-0.21467
9000	828	100	300	4	25	27	317743	5.50208	6	1	0	5	0.2	5	0.2	1	2.87	0.457882	0.66	-0.180456	9.17	0.962369
9000	829	100	300	4	25	24	41121	4.61406	5	1	0	4	0.25	4	0.25	1	0.29	-0.537602	0.04	-1.39794	0.37	-0.431798
9000	832	100	300	4	25	35	860718	5.93486	6	1	0	9	0.111111	9	0.111111	1	11.83	1.07298	1.74	0.240549	91.45	1.96118
9000	833	100	300	4	25	35	3919465	6.59323	7	1	0	6	0.166667	6	0.166667	1	52.37	1.71908	6.15	0.788875	432.79	2.63628
9000	834	100	300	4	25	37	2705846	6.4323	7	1	0	10	0.1	10	0.1	1	51.47	1.71155	3.22	0.507856	304.57	2.48369
9000	839	100	300	4	25	30	237933	5.37645	6	1	0	6	0.166667	6	0.166667	1	2.38	0.376577	0.47	-0.327902	11.41	1.05729
9000	841	100	300	4	25	20	6599	3.81948	4	1	0	5	0.2	5	0.2	1	0.03	-1.52288	0	0	0.07	-1.1549
9000	843	100	300	4	25	37	808722	5.9078	6	1	0	8	0.125	8	0.125	1	7.12	0.85248	0.76	-0.119186	5.24	0.719331
9000	846	100	300	4	25	33	279839	5.44691	6	1	0	13	0.0769231	13	0.0769231	1	2.14	0.330414	0.39	-0.408935	1.01	0.00432137
9000	847	100	300	4	25	25	117128	5.06866	6	1	0	5	0.2	5	0.2	1	0.95	-0.0222764	0.16	-0.79588	4.68	0.670246
9000	848	100	300	4	25	30	151118	5.17932	6	1	0	7	0.142857	7	0.142857	1	1.23	0.0899051	0.17	-0.769551	1.09	0.0374265
9000	849	100	300	4	25	47	35202159	7.54657	8	1	0	10	0.1	10	0.1	1	522.24	2.71787	56.22	1.74989	2702.72	3.4318
9000	850	100	300	4	25	32	564108	5.75136	6	1	0	6	0.166667	6	0.166667	1	4.6	0.662758	0.66	-0.180456	4.84	0.684845
9000	851	100	300	4	25	30	107981	5.03335	6	1	0	6	0.166667	6	0.166667	1	0.81	-0.091515	0.13	-0.886057	0.9	-0.0457575
9000	856	100	300	4	25	29	127071	5.10405	6	1	0	7	0.142857	7	0.142857	1	1.34	0.127105	0.14	-0.853872	9.49	0.977266
9000	858	100	300	4	25	33	74964	4.87485	5	1	0	11	0.0909091	11	0.0909091	1	0.71	-0.148742	0.09	-1.04576	0.7	-0.154902
9000	862	100	300	4	25	29	139601	5.14489	6	1	0	6	0.166667	6	0.166667	1	1.27	0.103804	0.18	-0.744727	1.2	0.0791812
9000	863	100	300	4	25	26	80961	4.90828	5	1	0	6	0.166667	6	0.166667	1	0.88	-0.0555173	0.1	-1	0.7	-0.154902
9000	864	100	300	4	25	29	623797	5.79504	6	1	0	5	0.2	5	0.2	1	4.1	0.612784	0.63	-0.200659	6.43	0.808211
9000	865	100	300	4	25	43	964645	5.98437	6	1	0	13	0.0769231	13	0.0769231	1	13.62	1.13418	0.58	-0.236572	5.86	0.767898
9000	867	100	300	4	25	20	16621	4.22066	5	1	0	4	0.25	4	0.25	1	0.1	-1	0.02	-1.69897	0.17	-0.769551
9000	868	100	300	4	25	28	328818	5.51696	6	1	0	5	0.2	5	0.2	1	2.62	0.418301	0.4	-0.39794	1.89	0.276462
9000	869	100	300	4	25	29	222231	5.3468	6	1	0	6	0.166667	6	0.166667	1	1.55	0.190332	0.5	-0.30103	12.32	1.09061
9000	870	100	300	4	25	24	53495	4.72831	5	1	0	6	0.166667	6	0.166667	1	0.32	-0.49485	0.06	-1.22185	3.3	0.518514
9000	872	100	300	4	25	32	118320	5.07306	6	1	0	7	0.142857	7	0.142857	1	1.46	0.164353	0.19	-0.721246	1.03	0.0128372
9000	873	100	300	4	25	23	79175	4.89859	5	1	0	4	0.25	4	0.25	1	0.57	-0.244125	0.09	-1.04576	0.78	-0.107905
9000	874	100	300	4	25	34	1226396	6.08863	7	1	0	7	0.142857	7	0.142857	1	11.38	1.05614	1.06	0.0253059	230.94	2.3635
9000	877	100	300	4	25	32	430454	5.63393	6	1	0	5	0.2	5	0.2	1	4.09	0.611723	0.59	-0.229148	2.94	0.468347
9000	880	100	300	4	25	27	642166	5.80765	6	1	0	4	0.25	4	0.25	1	4.61	0.663701	0.96	-0.0177288	102.66	2.0114
9000	883	100	300	4	25	32	111691	5.04802	6	1	0	9	0.111111	9	0.111111	1	1.87	0.271842	0.13	-0.886057	0.85	-0.0705811
9000	888	100	300	4	25	24	9055	3.95689	4	1	0	7	0.142857	7	0.142857	1	0.06	-1.22185	0	0	0.71	-0.148742
9000	890	100	300	4	25	36	441228	5.64466	6	1	0	10	0.1	10	0.1	1	6.02	0.779596	0.52	-0.283997	42.66	1.63002
9000	891	100	300	4	25	29	416435	5.61955	6	1	0	6	0.166667	6	0.166667	1	3.18	0.502427	0.45	-0.346787	20.88	1.31973
9000	894	100	300	4	25	28	98997	4.99562	5	1	0	6	0.166667	6	0.166667	1	0.94	-0.0268721	0.11	-0.958607	0.82	-0.0861861
9000	896	100	300	4	25	29	143504	5.15686	6	1	0	6	0.166667	6	0.166667	1	1.29	0.11059	0.12	-0.920819	9.85	0.993436
9000	898	100	300	4	25	35	213733	5.32987	6	1	0	12	0.0833333	12	0.0833333	1	3.16	0.499687	0.28	-0.552842	10.65	1.02735
9000	899	100	300	4	25	30	46041	4.66314	5	1	0	6	0.166667	6	0.166667	1	0.58	-0.236572	0.04	-1.39794	1.3	0.113943
9000	900	100	300	4	25	33	4506440	6.65383	7	1	0	6	0.166667	6	0.166667	1	36.8	1.56585	13.66	1.13545	1516.99	3.18098
9000	902	100	300	4	25	25	56990	4.7558	5	1	0	6	0.166667	6	0.166667	1	0.47	-0.327902	0.11	-0.958607	0.9	-0.0457575
9000	909	100	300	4	25	27	56444	4.75162	5	1	0	7	0.142857	7	0.142857	1	0.33	-0.481486	0.05	-1.30103	0.51	-0.29243
9000	910	100	300	4	25	29	864599	5.93681	6	1	0	6	0.166667	6	0.166667	1	6.83	0.834421	1.44	0.158362	154.71	2.18952
9000	912	100	300	4	25	46	3210919	6.50663	7	1	0	11	0.0909091	11	0.0909091	1	52.88	1.72329	4.91	0.691081	26.2	1.4183
9000	914	100	300	4	25	25	273501	5.43696	6	1	0	4	0.25	4	0.25	1	2.78	0.444045	0.37	-0.431798	11.63	1.06558
9000	915	100	300	4	25	21	9411	3.97364	4	1	0	6	0.166667	6	0.166667	1	0.06	-1.22185	0.01	-2	0.1	-1
9000	917	100	300	4	25	30	87652	4.94276	5	1	0	7	0.142857	7	0.142857	1	0.63	-0.200659	0.09	-1.04576	0.7	-0.154902
9000	918	100	300	4	25	28	577094	5.76125	6	1	0	8	0.125	8	0.125	1	7.52	0.876218	0.59	-0.229148	55.76	1.74632
9000	919	100	300	4	25	35	1819790	6.26002	7	1	0	7	0.142857	7	0.142857	1	26.56	1.42423	3.7	0.568202	126.37	2.10164
9000	920	100	300	4	25	30	309304	5.49039	6	1	0	7	0.142857	7	0.142857	1	2.57	0.409933	0.42	-0.376751	16.35	1.21352
9000	921	100	300	4	25	23	97379	4.98847	5	1	0	5	0.2	5	0.2	1	0.69	-0.161151	0.11	-0.958607	0.75	-0.124939
9000	923	100	300	4	25	34	520256	5.71622	6	1	0	8	0.125	8	0.125	1	8.21	0.914343	1.19	0.075547	42.73	1.63073
9000	924	100	300	4	25	31	633156	5.80151	6	1	0	6	0.166667	6	0.166667	1	5.09	0.706718	1.08	0.0334238	144.72	2.16053
9000	929	100	300	4	25	26	262380	5.41893	6	1	0	6	0.166667	6	0.166667	1	1.96	0.292256	0.26	-0.585027	1.46	0.164353
9000	930	100	300	4	25	27	19978	4.30055	5	1	0	7	0.142857	7	0.142857	1	0.24	-0.619789	0.03	-1.52288	0.16	-0.79588
9000	933	100	300	4	25	36	10642820	7.02706	8	1	0	6	0.166667	6	0.166667	1	149.2	2.17377	14.46	1.16017	1504.34	3.17735
9000	935	100	300	4	25	20	19839	4.29752	5	1	0	5	0.2	5	0.2	1	0.11	-0.958607	0.02	-1.69897	0.51	-0.29243
9000	936	100	300	4	25	26	45722	4.66013	5	1	0	6	0.166667	6	0.166667	1	0.32	-0.49485	0.08	-1.09691	1.81	0.257679
9000	939	100	300	4	25	24	41727	4.62042	5	1	0	4	0.25	4	0.25	1	0.28	-0.552842	0.08	-1.09691	0.42	-0.376751
9000	940	100	300	4	25	24	84467	4.92669	5	1	0	5	0.2	5	0.2	1	0.66	-0.180456	0.08	-1.09691	0.77	-0.113509
9000	941	100	300	4	25	23	43246	4.63595	5	1	0	6	0.166667	6	0.166667	1	0.24	-0.619789	0.04	-1.39794	0.44	-0.356547
9000	944	100	300	4	25	20	3601	3.55642	4	1	0	8	0.125	8	0.125	1	0.01	-2	0	0	0.04	-1.39794
9000	945	100	300	4	25	25	36722	4.56493	5	1	0	8	0.125	8	0.125	1	0.4	-0.39794	0.05	-1.30103	0.36	-0.443697
9000	946	100	300	4	25	33	51991	4.71593	5	1	0	10	0.1	10	0.1	1	0.41	-0.387216	0.06	-1.22185	0.47	-0.327902
9000	948	100	300	4	25	32	448507	5.65177	6	1	0	7	0.142857	7	0.142857	1	4.06	0.608526	0.43	-0.366532	1.95	0.290035
9000	949	100	300	4	25	33	372988	5.57169	6	1	0	6	0.166667	6	0.166667	1	6.79	0.83187	0.52	-0.283997	40.65	1.60906
9000	950	100	300	4	25	13	1577	3.19783	4	1	0	3	0.333333	3	0.333333	1	0	0	0	0	0.01	-2
9000	951	100	300	4	25	41	2339989	6.36921	7	1	0	8	0.125	8	0.125	1	33.34	1.52297	2.82	0.450249	95.88	1.98173
9000	953	100	300	4	25	30	2051389	6.31205	7	1	0	4	0.25	4	0.25	1	30.54	1.48487	4.78	0.679428	156.39	2.19421
9000	954	100	300	4	25	38	8143400	6.91081	7	1	0	6	0.166667	6	0.166667	1	93.04	1.96867	15.89	1.20112	5254.45	3.72053
9000	955	100	300	4	25	26	98342	4.99274	5	1	0	5	0.2	5	0.2	1	1.41	0.149219	0.12	-0.920819	3.43	0.535294
9000	956	100	300	4	25	45	346102	5.5392	6	1	0	15	0.0666667	15	0.0666667	1	4.2	0.623249	0.44	-0.356547	3.11	0.49276
9000	959	100	300	4	25	28	78903	4.89709	5	1	0	7	0.142857	7	0.142857	1	0.78	-0.107905	0.07	-1.1549	0.62	-0.207608
9000	962	100	300	4	25	34	565230	5.75223	6	1	0	7	0.142857	7	0.142857	1	7.68	0.885361	0.61	-0.21467	35.15	1.54593
9000	963	100	300	4	25	42	21502208	7.33248	8	1	0	7	0.142857	7	0.142857	1	310.39	2.49191	65.22	1.81438	259.51	2.41415
9000	966	100	300	4	25	30	658875	5.8188	6	1	0	5	0.2	5	0.2	1	9.53	0.979093	0.64	-0.19382	2.52	0.401401
9000	969	100	300	4	25	25	50625	4.70437	5	1	0	7	0.142857	7	0.142857	1	0.28	-0.552842	0.05	-1.30103	0.42	-0.376751
9000	971	100	300	4	25	25	57842	4.76224	5	1	0	6	0.166667	6	0.166667	1	0.57	-0.244125	0.07	-1.1549	0.54	-0.267606
9000	972	100	300	4	25	31	206645	5.31522	6	1	0	9	0.111111	9	0.111111	1	1.55	0.190332	0.38	-0.420216	0.97	-0.0132283
9000	974	100	300	4	25	37	2189409	6.34033	7	1	0	10	0.1	10	0.1	1	22.31	1.3485	2.27	0.356026	4.2	0.623249
9000	975	100	300	4	25	32	689965	5.83883	6	1	0	6	0.166667	6	0.166667	1	7.99	0.902547	0.67	-0.173925	3.56	0.55145
9000	976	100	300	4	25	31	466244	5.66861	6	1	0	6	0.166667	6	0.166667	1	5.95	0.774517	0.56	-0.251812	23.99	1.38003
9000	978	100	300	4	25	24	59365	4.77353	5	1	0	4	0.25	4	0.25	1	0.59	-0.229148	0.05	-1.30103	1.8	0.255273
9000	980	100	300	4	25	41	614825	5.78875	6	1	0	18	0.0555556	18	0.0555556	1	6.48	0.811575	0.53	-0.275724	2.54	0.404834
9000	981	100	300	4	25	21	25362	4.40418	5	1	0	4	0.25	4	0.25	1	0.12	-0.920819	0.04	-1.39794	0.22	-0.657577
9000	982	100	300	4	25	35	347944	5.54151	6	1	0	7	0.142857	7	0.142857	1	3.94	0.595496	0.44	-0.356547	78.66	1.89575
9000	983	100	300	4	25	38	706699	5.84923	6	1	0	10	0.1	10	0.1	1	5.36	0.729165	0.74	-0.130768	4.44	0.647383
9000	984	100	300	4	25	23	55380	4.74335	5	1	0	4	0.25	4	0.25	1	0.5	-0.30103	0.1	-1	1.09	0.0374265
9000	985	100	300	4	25	36	7825991	6.89354	7	1	0	6	0.166667	6	0.166667	1	80.45	1.90553	21.85	1.33945	3462.74	3.53942
9000	987	100	300	4	25	27	34849	4.54219	5	1	0	8	0.125	8	0.125	1	0.27	-0.568636	0.05	-1.30103	0.35	-0.455932
9000	989	100	300	4	25	24	19860	4.29798	5	1	0	6	0.166667	6	0.166667	1	0.14	-0.853872	0.01	-2	0.17	-0.769551
9000	992	100	300	4	25	25	63782	4.8047	5	1	0	5	0.2	5	0.2	1	0.47	-0.327902	0.09	-1.04576	0.68	-0.167491
9000	994	100	300	4	25	34	452387	5.65551	6	1	0	9	0.111111	9	0.111111	1	8.18	0.912753	0.44	-0.356547	1.66	0.220108
9000	995	100	300	4	25	34	716694	5.85533	6	1	0	5	0.2	5	0.2	1	9	0.954243	1.7	0.230449	41.7	1.62014
9000	998	100	300	4	25	24	72820	4.86225	5	1	0	5	0.2	5	0.2	1	0.65	-0.187087	0.08	-1.09691	0.6	-0.221849
9000	999	100	300	4	25	29	246428	5.39169	6	1	0	7	0.142857	7	0.142857	1	2.85	0.454845	0.38	-0.420216	0.97	-0.0132283
9000	1000	100	300	4	25	29	55976	4.748	5	1	0	7	0.142857	7	0.142857	1	0.96	-0.0177288	0.1	-1	0.52	-0.283997
