10000	301	60	3	230	0	0	0.0	0.0	0.0	0.0	0.0	0
10000	301	60	3.2	108	10005	0	68	68	0.47	0.01	0.06	1
10000	301	60	3.4	48	10052	0	20	20	0.27	0.01	0.14	1
10000	301	60	3.6	24	4159	0	7	7	0.05	0	0	1
10000	301	60	3.8	14	749	0	4	4	0	0	0	1
10000	301	60	4	7	31	0	4	4	0	0	0	1
10000	302	60	3	253	0	0	0.0	0.0	0.0	0.0	0.0	0
10000	302	60	3.2	91	917	0	70	70	0.02	0	0	1
10000	302	60	3.4	32	629	0	19	19	0	0	0	1
10000	302	60	3.6	16	297	0	7	7	0	0	0	1
10000	302	60	3.8	9	83	0	4	4	0	0	0	1
10000	302	60	4	4	15	0	1	1	0	0	0	1
10000	303	60	3	221	0	0	0.0	0.0	0.0	0.0	0.0	0
10000	303	60	3.2	87	637	0	68	68	0.01	0	0	1
10000	303	60	3.4	30	381	0	18	18	0	0	0	1
10000	303	60	3.6	11	280	0	4	4	0	0	0	1
10000	303	60	3.8	8	118	0	2	2	0	0	0	1
10000	303	60	4	5	31	0	1	1	0	0	0	1
10000	304	60	3	235	0	0	0.0	0.0	0.0	0.0	0.0	0
10000	304	60	3.2	97	2218	0	68	68	0.07	0	0	1
10000	304	60	3.4	45	1978	0	24	24	0.02	0.01	0	1
10000	304	60	3.6	20	818	0	9	9	0	0	0	1
10000	304	60	3.8	12	395	0	4	4	0	0	0	1
10000	304	60	4	6	47	0	2	2	0	0	0	1
10000	305	60	3	232	0	0	0.0	0.0	0.0	0.0	0.0	0
10000	305	60	3.2	85	1357	0	56	56	0.03	0.01	0	1
10000	305	60	3.4	37	1036	0	20	20	0.01	0	0	1
10000	305	60	3.6	16	393	0	7	7	0	0	0	1
10000	305	60	3.8	8	87	0	3	3	0	0	0	1
10000	305	60	4	4	11	0	2	2	0	0	0	1
10000	306	60	3	258	0	0	0.0	0.0	0.0	0.0	0.0	0
10000	306	60	3.2	111	2667	0	78	78	0.09	0	0	1
10000	306	60	3.4	51	2850	0	24	24	0.06	0	0	1
10000	306	60	3.6	23	504	0	8	8	0	0	0	1
10000	306	60	3.8	7	39	0	3	3	0	0	0	1
10000	306	60	4	5	21	0	2	2	0	0	0	1
10000	307	60	3	245	0	0	0.0	0.0	0.0	0.0	0.0	0
10000	307	60	3.2	87	1977	1	56.8333	57	0.07	0.01	0.01	1
10000	307	60	3.4	40	2180	0	20	20	0.04	0	0	1
10000	307	60	3.6	18	1438	0	6	6	0	0.01	0	1
10000	307	60	3.8	12	770	0	4	4	0	0	0	1
10000	307	60	4	10	249	0	3	3	0	0	0	1
10000	308	60	3	223	0	0	0.0	0.0	0.0	0.0	0.0	0
10000	308	60	3.2	86	1738	0	60	60	0.07	0	0	1
10000	308	60	3.4	41	2101	0	22	22	0.04	0	0	1
10000	308	60	3.6	17	1578	1	4.5	5	0.02	0	0.02	1
10000	308	60	3.8	11	223	0	4	4	0	0	0	1
10000	308	60	4	6	47	0	2	2	0	0	0	1
10000	309	60	3	238	0	0	0.0	0.0	0.0	0.0	0.0	0
10000	309	60	3.2	97	4797	0	69	69	0.11	0.01	0	1
10000	309	60	3.4	35	6100	0	17	17	0.08	0	0.03	1
10000	309	60	3.6	22	4321	0	7	7	0.04	0	0	1
10000	309	60	3.8	16	1570	0	4	4	0.01	0	0	1
10000	309	60	4	9	219	0	2	2	0	0	0	1
10000	310	60	3	224	0	0	0.0	0.0	0.0	0.0	0.0	0
10000	310	60	3.2	86	1382	0	64	64	0.04	0	0	1
10000	310	60	3.4	38	1700	0	21	21	0.01	0	0	1
10000	310	60	3.6	19	674	0	9	9	0	0	0	1
10000	310	60	3.8	8	51	0	4	4	0	0	0	1
10000	310	60	4	2	3	0	1	1	0	0	0	1
10000	311	60	3	235	0	0	0.0	0.0	0.0	0.0	0.0	0
10000	311	60	3.2	100	1503	1	70.5	71	0.03	0.01	0.01	1
10000	311	60	3.4	40	1434	0	19	19	0.01	0	0	1
10000	311	60	3.6	18	577	0	8	8	0	0.01	0	1
10000	311	60	3.8	11	246	0	3	3	0	0	0	1
10000	311	60	4	5	23	0	2	2	0	0	0	1
10000	312	60	3	237	0	0	0.0	0.0	0.0	0.0	0.0	0
10000	312	60	3.2	101	7746	0	68	68	0.31	0.01	0.05	1
10000	312	60	3.4	53	11394	0	27	27	0.21	0.01	0.12	1
10000	312	60	3.6	28	5274	0	12	12	0.06	0	0	1
10000	312	60	3.8	18	1621	0	8	8	0.01	0	0	1
10000	312	60	4	10	161	0	4	4	0	0	0	1
10000	313	60	3	218	0	0	0.0	0.0	0.0	0.0	0.0	0
10000	313	60	3.2	96	2269	0	63	63	0.05	0	0.01	1
10000	313	60	3.4	44	1652	0	23	23	0.01	0.01	0	1
10000	313	60	3.6	15	482	0	6	6	0	0	0	1
10000	313	60	3.8	8	75	0	3	3	0	0	0	1
10000	313	60	4	4	15	0	1	1	0	0	0	1
10000	314	60	3	218	0	0	0.0	0.0	0.0	0.0	0.0	0
10000	314	60	3.2	92	8061	0	51	51	0.27	0	0.04	1
10000	314	60	3.4	42	7283	0	16	16	0.11	0.01	0.06	1
10000	314	60	3.6	25	4381	1	6.5	7	0.04	0.01	0.03	1
10000	314	60	3.8	14	606	0	5	5	0	0	0	1
10000	314	60	4	3	7	0	1	1	0	0	0	1
10000	315	60	3	188	0	0	0.0	0.0	0.0	0.0	0.0	0
10000	315	60	3.2	83	10101	0	47	47	0.44	0.02	0.06	1
10000	315	60	3.4	40	11176	0	13	13	0.2	0.02	0	1
10000	315	60	3.6	21	3152	0	6	6	0.01	0.01	0	1
10000	315	60	3.8	16	1251	0	4	4	0	0	0	1
10000	315	60	4	7	41	0	3	3	0	0	0	1
10000	316	60	3	221	0	0	0.0	0.0	0.0	0.0	0.0	0
10000	316	60	3.2	92	2024	0	62	62	0.06	0	0.02	1
10000	316	60	3.4	40	1640	1	18.5	19	0.02	0	0.01	1
10000	316	60	3.6	20	519	0	7	7	0	0	0	1
10000	316	60	3.8	5	23	0	2	2	0	0	0	1
10000	316	60	4	4	12	1	1.5	2	0	0	0	1
10000	317	60	3	305	0	0	0.0	0.0	0.0	0.0	0.0	0
10000	317	60	3.2	108	1475	1	83.5	84	0.06	0.01	0.01	1
10000	317	60	3.4	42	1657	0	23	23	0.03	0	0	1
10000	317	60	3.6	22	1060	0	9	9	0.01	0	0	1
10000	317	60	3.8	13	555	0	4	4	0	0	0.01	1
10000	317	60	4	10	195	0	3	3	0	0	0	1
10000	318	60	3	234	0	0	0.0	0.0	0.0	0.0	0.0	0
10000	318	60	3.2	85	1709	0	57	57	0.06	0	0.01	1
10000	318	60	3.4	41	1286	0	21	21	0.02	0	0.01	1
10000	318	60	3.6	17	401	0	8	8	0	0	0	1
10000	318	60	3.8	10	144	0	4	4	0	0	0	1
10000	318	60	4	5	31	0	1	1	0	0	0	1
10000	319	60	3	198	0	0	0.0	0.0	0.0	0.0	0.0	0
10000	319	60	3.2	80	1693	0	49	49	0.05	0	0	1
10000	319	60	3.4	33	1183	0	13	13	0.01	0	0	1
10000	319	60	3.6	19	227	0	9	9	0	0	0	1
10000	319	60	3.8	8	35	0	4	4	0	0	0	1
10000	319	60	4	2	3	0	1	1	0	0	0	1
10000	320	60	3	247	0	0	0.0	0.0	0.0	0.0	0.0	0
10000	320	60	3.2	93	1773	0	62	62	0.05	0	0	1
10000	320	60	3.4	43	1602	0	24	24	0.02	0	0	1
10000	320	60	3.6	21	691	0	9	9	0	0	0	1
10000	320	60	3.8	9	235	0	2	2	0	0	0	1
10000	320	60	4	4	15	0	1	1	0	0	0	1
10000	321	60	3	227	0	0	0.0	0.0	0.0	0.0	0.0	0
10000	321	60	3.2	92	6115	0	64	64	0.44	0	0	1
10000	321	60	3.4	45	6881	0	24	24	0.19	0.01	0.06	1
10000	321	60	3.6	26	4951	0	10	10	0.05	0.01	0	1
10000	321	60	3.8	17	1676	1	5	5	0.01	0	0.01	1
10000	321	60	4	3	7	0	1	1	0	0	0	1
10000	322	60	3	236	0	0	0.0	0.0	0.0	0.0	0.0	0
10000	322	60	3.2	108	3506	0	67	67	0.12	0	0	1
10000	322	60	3.4	43	2554	1	18.6667	19	0.03	0	0.01	1
10000	322	60	3.6	26	1453	0	10	10	0.02	0	0	1
10000	322	60	3.8	10	263	0	3	3	0	0	0	1
10000	322	60	4	6	50	1	1.5	2	0	0	0	1
10000	323	60	3	287	0	0	0.0	0.0	0.0	0.0	0.0	0
10000	323	60	3.2	110	4124	0	81	81	0.15	0	0	1
10000	323	60	3.4	44	4231	0	20	20	0.06	0.01	0	1
10000	323	60	3.6	26	1150	1	10.5	11	0.01	0	0.02	1
10000	323	60	3.8	12	309	0	4	4	0	0	0	1
10000	323	60	4	8	111	0	3	3	0	0	0	1
10000	324	60	3	225	0	0	0.0	0.0	0.0	0.0	0.0	0
10000	324	60	3.2	84	4073	0	59	59	0.17	0.01	0	1
10000	324	60	3.4	33	5039	0	16	16	0.08	0.01	0	1
10000	324	60	3.6	18	5872	1	3.66667	4	0.04	0.01	0.68	1
10000	324	60	3.8	14	2126	0	3	3	0.03	0	0	1
10000	324	60	4	8	127	0	3	3	0	0	0	1
10000	325	60	3	237	0	0	0.0	0.0	0.0	0.0	0.0	0
10000	325	60	3.2	91	2209	0	60	60	0.07	0	0.02	1
10000	325	60	3.4	41	1853	0	19	19	0.03	0	0	1
10000	325	60	3.6	18	747	0	5	5	0	0	0	1
10000	325	60	3.8	8	83	0	2	2	0	0	0	1
10000	325	60	4	2	3	0	1	1	0	0	0	1
10000	326	60	3	227	0	0	0.0	0.0	0.0	0.0	0.0	0
10000	326	60	3.2	93	4035	0	60	60	0.19	0	0.02	1
10000	326	60	3.4	39	4014	0	16	16	0.07	0	0	1
10000	326	60	3.6	20	2392	0	6	6	0.02	0.01	0.01	1
10000	326	60	3.8	15	1067	0	4	4	0.01	0	0	1
10000	326	60	4	7	71	0	2	2	0	0	0	1
10000	327	60	3	231	0	0	0.0	0.0	0.0	0.0	0.0	0
10000	327	60	3.2	95	5126	0	61	61	0.12	0.01	0	1
10000	327	60	3.4	45	6081	0	20	20	0.08	0.01	0	1
10000	327	60	3.6	25	2914	0	9	9	0.05	0.01	0	1
10000	327	60	3.8	13	367	0	4	4	0	0	0	1
10000	327	60	4	6	39	0	2	2	0	0	0	1
10000	328	60	3	208	0	0	0.0	0.0	0.0	0.0	0.0	0
10000	328	60	3.2	94	3678	0	64	64	0.13	0.01	0.02	1
10000	328	60	3.4	36	3347	0	15	15	0.05	0	0	1
10000	328	60	3.6	18	1592	0	5	5	0	0.01	0	1
10000	328	60	3.8	10	476	0	3	3	0	0	0	1
10000	328	60	4	6	63	0	1	1	0	0	0	1
10000	329	60	3	252	0	0	0.0	0.0	0.0	0.0	0.0	0
10000	329	60	3.2	111	2609	0	74	74	0.12	0	0	1
10000	329	60	3.4	52	2363	0	32	32	0.05	0	0	1
10000	329	60	3.6	25	1145	0	12	12	0.01	0	0.01	1
10000	329	60	3.8	14	364	0	7	7	0	0	0	1
10000	329	60	4	8	42	0	5	5	0	0	0	1
10000	330	60	3	224	0	0	0.0	0.0	0.0	0.0	0.0	0
10000	330	60	3.2	100	9170	0	60	60	0.31	0.01	0	1
10000	330	60	3.4	42	6321	0	17	17	0.1	0	0	1
10000	330	60	3.6	17	1262	0	4	4	0	0.01	0	1
10000	330	60	3.8	11	359	0	4	4	0	0	0	1
10000	330	60	4	4	15	0	1	1	0	0	0	1
10000	331	60	3	229	0	0	0.0	0.0	0.0	0.0	0.0	0
10000	331	60	3.2	94	5419	0	65	65	0.3	0.01	0.02	1
10000	331	60	3.4	43	6959	0	19	19	0.1	0.01	0.05	1
10000	331	60	3.6	19	2517	0	6	6	0.01	0	0	1
10000	331	60	3.8	15	1359	0	4	4	0	0	0	1
10000	331	60	4	9	383	0	2	2	0	0	0	1
10000	332	60	3	255	0	0	0.0	0.0	0.0	0.0	0.0	0
10000	332	60	3.2	95	2554	0	57	57	0.08	0.01	0.01	1
10000	332	60	3.4	39	2021	0	16	16	0.03	0	0.01	1
10000	332	60	3.6	18	808	0	5	5	0	0	0	1
10000	332	60	3.8	8	143	0	2	2	0	0	0	1
10000	332	60	4	6	35	0	2	2	0	0	0	1
10000	333	60	3	238	0	0	0.0	0.0	0.0	0.0	0.0	0
10000	333	60	3.2	93	2838	0	60	60	0.07	0	0	1
10000	333	60	3.4	46	2036	0	21	21	0.03	0	0	1
10000	333	60	3.6	19	993	1	7.5	8	0.01	0	0.01	1
10000	333	60	3.8	11	179	0	5	5	0	0	0	1
10000	333	60	4	5	19	0	2	2	0	0	0	1
10000	334	60	3	222	0	0	0.0	0.0	0.0	0.0	0.0	0
10000	334	60	3.2	90	1635	0	61	61	0.05	0	0	1
10000	334	60	3.4	35	1250	0	17	17	0.01	0.01	0	1
10000	334	60	3.6	14	295	0	5	5	0	0	0	1
10000	334	60	3.8	6	30	0	3	3	0	0	0	1
10000	334	60	4	2	3	0	1	1	0	0	0	1
10000	335	60	3	222	0	0	0.0	0.0	0.0	0.0	0.0	0
10000	335	60	3.2	94	3780	1	54.6667	55	0.15	0.01	0.03	1
10000	335	60	3.4	45	3045	0	20	20	0.07	0	0.01	1
10000	335	60	3.6	21	1003	0	7	7	0.01	0	0	1
10000	335	60	3.8	10	155	0	4	4	0	0	0	1
10000	335	60	4	8	59	0	4	4	0	0	0	1
10000	336	60	3	206	0	0	0.0	0.0	0.0	0.0	0.0	0
10000	336	60	3.2	73	5100	0	44	44	0.17	0	0.04	1
10000	336	60	3.4	37	5226	0	12	12	0.09	0	0.02	1
10000	336	60	3.6	20	2399	0	6	6	0.01	0.01	0	1
10000	336	60	3.8	11	311	0	3	3	0	0	0	1
10000	336	60	4	6	63	0	1	1	0	0	0	1
10000	337	60	3	227	0	0	0.0	0.0	0.0	0.0	0.0	0
10000	337	60	3.2	92	2220	0	62	62	0.05	0	0.01	1
10000	337	60	3.4	40	2172	1	18	18	0.02	0	0.01	1
10000	337	60	3.6	16	448	0	6	6	0	0	0	1
10000	337	60	3.8	7	59	0	3	3	0	0	0	1
10000	337	60	4	3	7	0	1	1	0	0	0	1
10000	338	60	3	230	0	0	0.0	0.0	0.0	0.0	0.0	0
10000	338	60	3.2	101	4422	0	71	71	0.23	0	0	1
10000	338	60	3.4	42	4589	0	23	23	0.07	0	0	1
10000	338	60	3.6	18	1641	0	6	6	0.02	0	0.01	1
10000	338	60	3.8	13	425	0	4	4	0	0	0	1
10000	338	60	4	6	47	0	2	2	0	0	0	1
10000	339	60	3	226	0	0	0.0	0.0	0.0	0.0	0.0	0
10000	339	60	3.2	93	2121	1	59.5	60	0.08	0.01	0.01	1
10000	339	60	3.4	47	1790	0	27	27	0.03	0.01	0	1
10000	339	60	3.6	20	1088	0	7	7	0.01	0	0	1
10000	339	60	3.8	11	171	1	3.33333	4	0	0	0	1
10000	339	60	4	3	7	0	1	1	0	0	0	1
10000	340	60	3	227	0	0	0.0	0.0	0.0	0.0	0.0	0
10000	340	60	3.2	90	3270	0	62	62	0.15	0	0	1
10000	340	60	3.4	43	3433	0	21	21	0.07	0.01	0	1
10000	340	60	3.6	22	1825	0	7	7	0.01	0.01	0	1
10000	340	60	3.8	13	741	0	5	5	0	0	0	1
10000	340	60	4	5	19	0	2	2	0	0	0	1
10000	341	60	3	249	0	0	0.0	0.0	0.0	0.0	0.0	0
10000	341	60	3.2	107	3620	0	73	73	0.13	0	0	1
10000	341	60	3.4	44	4638	1	17.1429	18	0.07	0.01	0.04	1
10000	341	60	3.6	21	2287	0	7	7	0.01	0.01	0	1
10000	341	60	3.8	8	159	0	2	2	0	0	0	1
10000	341	60	4	5	23	0	2	2	0	0	0	1
10000	342	60	3	206	0	0	0.0	0.0	0.0	0.0	0.0	0
10000	342	60	3.2	92	6009	0	53	53	0.18	0.01	0	1
10000	342	60	3.4	40	4616	0	16	16	0.04	0.01	0	1
10000	342	60	3.6	21	2543	0	6	6	0.01	0	0.01	1
10000	342	60	3.8	10	285	0	3	3	0	0	0	1
10000	342	60	4	6	47	0	2	2	0	0	0	1
10000	343	60	3	275	0	0	0.0	0.0	0.0	0.0	0.0	0
10000	343	60	3.2	113	2858	0	89	89	0.15	0	0	1
10000	343	60	3.4	50	3368	0	30	30	0.07	0.01	0	1
10000	343	60	3.6	25	1366	0	13	13	0.01	0	0	1
10000	343	60	3.8	14	694	0	5	5	0	0	0	1
10000	343	60	4	7	35	0	3	3	0	0	0	1
10000	344	60	3	220	0	0	0.0	0.0	0.0	0.0	0.0	0
10000	344	60	3.2	94	3405	0	63	63	0.09	0	0	1
10000	344	60	3.4	41	3012	0	20	20	0.02	0.01	0	1
10000	344	60	3.6	16	666	0	6	6	0	0	0	1
10000	344	60	3.8	10	233	0	3	3	0	0	0	1
10000	344	60	4	6	63	0	1	1	0	0	0	1
10000	345	60	3	227	0	0	0.0	0.0	0.0	0.0	0.0	0
10000	345	60	3.2	83	1879	0	56	56	0.07	0	0.01	1
10000	345	60	3.4	33	1733	0	12	12	0.02	0	0	1
10000	345	60	3.6	18	1121	0	6	6	0	0	0.01	1
10000	345	60	3.8	13	745	0	4	4	0	0	0	1
10000	345	60	4	10	191	0	3	3	0	0	0	1
10000	346	60	3	242	0	0	0.0	0.0	0.0	0.0	0.0	0
10000	346	60	3.2	97	3596	0	60	60	0.1	0	0	1
10000	346	60	3.4	47	3449	0	20	20	0.04	0.01	0.02	1
10000	346	60	3.6	20	776	0	8	8	0	0	0	1
10000	346	60	3.8	11	120	0	6	6	0	0	0	1
10000	346	60	4	5	23	0	2	2	0	0	0	1
10000	347	60	3	216	0	0	0.0	0.0	0.0	0.0	0.0	0
10000	347	60	3.2	78	1505	0	51	51	0.04	0	0	1
10000	347	60	3.4	32	1315	1	12.15	13	0.01	0	0.01	1
10000	347	60	3.6	12	317	1	3.25	4	0	0	0	1
10000	347	60	3.8	5	31	0	1	1	0	0	0	1
10000	347	60	4	4	15	0	1	1	0	0	0	1
10000	348	60	3	228	0	0	0.0	0.0	0.0	0.0	0.0	0
10000	348	60	3.2	102	4881	0	63	63	0.13	0.01	0	1
10000	348	60	3.4	53	3627	0	23	23	0.04	0	0	1
10000	348	60	3.6	23	865	0	9	9	0	0	0	1
10000	348	60	3.8	12	130	0	5	5	0	0	0	1
10000	348	60	4	8	39	0	4	4	0	0	0	1
10000	349	60	3	243	0	0	0.0	0.0	0.0	0.0	0.0	0
10000	349	60	3.2	118	3541	0	84	84	0.18	0.01	0.02	1
10000	349	60	3.4	44	2528	0	24	24	0.04	0	0	1
10000	349	60	3.6	24	1457	0	10	10	0.01	0	0	1
10000	349	60	3.8	12	362	0	4	4	0	0	0	1
10000	349	60	4	9	127	0	3	3	0	0	0	1
10000	350	60	3	229	0	0	0.0	0.0	0.0	0.0	0.0	0
10000	350	60	3.2	97	2205	0	69	69	0.08	0	0.01	1
10000	350	60	3.4	39	2460	1	17.5	18	0.04	0	0.02	1
10000	350	60	3.6	20	841	0	10	10	0	0	0	1
10000	350	60	3.8	11	287	0	5	5	0	0	0	1
10000	350	60	4	4	15	0	1	1	0	0	0	1
10000	351	60	3	226	0	0	0.0	0.0	0.0	0.0	0.0	0
10000	351	60	3.2	95	6684	1	56.3333	57	0.19	0.01	0.06	1
10000	351	60	3.4	43	8477	0	14	14	0.13	0.01	0.33	1
10000	351	60	3.6	25	2484	0	7	7	0.03	0	0.01	1
10000	351	60	3.8	13	481	0	4	4	0	0	0	1
10000	351	60	4	7	71	0	2	2	0	0	0	1
10000	352	60	3	255	0	0	0.0	0.0	0.0	0.0	0.0	0
10000	352	60	3.2	103	1577	0	71	71	0.09	0	0	1
10000	352	60	3.4	52	1085	0	29	29	0.02	0.01	0	1
10000	352	60	3.6	19	156	0	11	11	0	0	0	1
10000	352	60	3.8	8	45	0	4	4	0	0	0	1
10000	352	60	4	5	23	0	2	2	0	0	0	1
10000	353	60	3	208	0	0	0.0	0.0	0.0	0.0	0.0	0
10000	353	60	3.2	95	5335	0	56	56	0.15	0.01	0.02	1
10000	353	60	3.4	42	5097	0	15	15	0.08	0.01	0.02	1
10000	353	60	3.6	19	784	0	6	6	0	0	0	1
10000	353	60	3.8	6	39	0	2	2	0	0	0	1
10000	353	60	4	2	3	0	1	1	0	0	0	1
10000	354	60	3	235	0	0	0.0	0.0	0.0	0.0	0.0	0
10000	354	60	3.2	92	1886	0	59	59	0.06	0	0.01	1
10000	354	60	3.4	35	1529	0	17	17	0.02	0	0	1
10000	354	60	3.6	22	1031	0	8	8	0	0.01	0	1
10000	354	60	3.8	12	160	0	5	5	0	0	0	1
10000	354	60	4	6	31	0	3	3	0	0	0	1
10000	355	60	3	221	0	0	0.0	0.0	0.0	0.0	0.0	0
10000	355	60	3.2	107	13976	0	59	59	0.6	0.02	0	1
10000	355	60	3.4	54	16097	0	22	22	0.36	0.02	0.09	1
10000	355	60	3.6	27	10478	0	9	9	0.16	0.01	0.05	1
10000	355	60	3.8	15	2069	0	4	4	0.01	0	0.01	1
10000	355	60	4	10	431	0	2	2	0	0	0	1
10000	356	60	3	229	0	0	0.0	0.0	0.0	0.0	0.0	0
10000	356	60	3.2	87	2809	0	58	58	0.06	0	0	1
10000	356	60	3.4	42	3000	0	20	20	0.04	0.01	0	1
10000	356	60	3.6	18	1408	0	6	6	0	0.01	0	1
10000	356	60	3.8	11	488	0	3	3	0	0	0	1
10000	356	60	4	5	31	0	1	1	0	0	0	1
10000	357	60	3	276	0	0	0.0	0.0	0.0	0.0	0.0	0
10000	357	60	3.2	113	2958	0	73	73	0.1	0	0	1
10000	357	60	3.4	52	2514	1	25.6667	26	0.05	0	0.03	1
10000	357	60	3.6	23	1831	0	10	10	0.01	0	0	1
10000	357	60	3.8	12	359	0	4	4	0	0	0	1
10000	357	60	4	9	107	0	4	4	0	0	0	1
10000	358	60	3	241	0	0	0.0	0.0	0.0	0.0	0.0	0
10000	358	60	3.2	113	12213	0	75	75	0.64	0.02	0.06	1
10000	358	60	3.4	53	14315	1	24	24	0.35	0.02	0.08	1
10000	358	60	3.6	27	9256	0	7	7	0.09	0.02	0	1
10000	358	60	3.8	16	2239	0	4	4	0.01	0	0	1
10000	358	60	4	7	127	0	1	1	0	0	0	1
10000	359	60	3	214	0	0	0.0	0.0	0.0	0.0	0.0	0
10000	359	60	3.2	91	11626	0	55	55	0.26	0.01	0.05	1
10000	359	60	3.4	40	13839	0	16	16	0.2	0.01	0.07	1
10000	359	60	3.6	22	15403	0	6	6	0.08	0.02	0	1
10000	359	60	3.8	16	5377	0	4	4	0.03	0	0.04	1
10000	359	60	4	11	671	0	3	3	0	0	0	1
10000	360	60	3	244	0	0	0.0	0.0	0.0	0.0	0.0	0
10000	360	60	3.2	99	1885	0	79	79	0.07	0	0	1
10000	360	60	3.4	44	2055	0	29	29	0.03	0	0	1
10000	360	60	3.6	19	847	0	9	9	0	0	0	1
10000	360	60	3.8	12	297	0	5	5	0	0	0	1
10000	360	60	4	7	55	0	3	3	0	0	0	1
10000	361	60	3	243	0	0	0.0	0.0	0.0	0.0	0.0	0
10000	361	60	3.2	98	2328	0	66	66	0.09	0	0	1
10000	361	60	3.4	41	2559	0	18	18	0.03	0	0.01	1
10000	361	60	3.6	23	968	0	9	9	0.01	0	0	1
10000	361	60	3.8	11	267	0	4	4	0	0	0	1
10000	361	60	4	7	29	0	4	4	0	0	0	1
10000	362	60	3	231	0	0	0.0	0.0	0.0	0.0	0.0	0
10000	362	60	3.2	93	2954	0	55	55	0.12	0	0.07	1
10000	362	60	3.4	38	1713	0	16	16	0.02	0	0	1
10000	362	60	3.6	16	594	0	6	6	0	0	0	1
10000	362	60	3.8	8	133	0	2	2	0	0	0	1
10000	362	60	4	4	15	0	1	1	0	0	0	1
10000	363	60	3	254	0	0	0.0	0.0	0.0	0.0	0.0	0
10000	363	60	3.2	103	2711	0	74	74	0.1	0	0	1
10000	363	60	3.4	41	2373	0	19	19	0.02	0	0	1
10000	363	60	3.6	24	1517	0	10	10	0.01	0	0.03	1
10000	363	60	3.8	12	376	0	3	3	0	0	0	1
10000	363	60	4	6	63	0	1	1	0	0	0	1
10000	364	60	3	241	0	0	0.0	0.0	0.0	0.0	0.0	0
10000	364	60	3.2	101	4150	0	60	60	0.26	0	0	1
10000	364	60	3.4	51	3781	1	20.75	21	0.07	0	0.03	1
10000	364	60	3.6	23	588	0	14	14	0	0	0	1
10000	364	60	3.8	12	143	0	7	7	0	0	0	1
10000	364	60	4	7	29	0	4	4	0	0	0	1
10000	365	60	3	215	0	0	0.0	0.0	0.0	0.0	0.0	0
10000	365	60	3.2	84	2636	1	47.6667	48	0.08	0	0.1	1
10000	365	60	3.4	41	2193	0	19	19	0.03	0	0	1
10000	365	60	3.6	16	357	0	5	5	0	0	0	1
10000	365	60	3.8	6	26	0	3	3	0	0	0	1
10000	365	60	4	2	3	0	1	1	0	0	0	1
10000	366	60	3	231	0	0	0.0	0.0	0.0	0.0	0.0	0
10000	366	60	3.2	93	1515	0	69	69	0.05	0	0.01	1
10000	366	60	3.4	38	1547	0	21	21	0.02	0	0	1
10000	366	60	3.6	18	615	0	6	6	0	0	0	1
10000	366	60	3.8	8	72	0	3	3	0	0	0	1
10000	366	60	4	4	15	0	1	1	0	0	0	1
10000	367	60	3	209	0	0	0.0	0.0	0.0	0.0	0.0	0
10000	367	60	3.2	86	1102	1	61.5	62	0.04	0	0.02	1
10000	367	60	3.4	28	949	0	15	15	0.01	0	0	1
10000	367	60	3.6	16	587	0	7	7	0	0	0	1
10000	367	60	3.8	7	39	0	3	3	0	0	0	1
10000	367	60	4	3	5	0	2	2	0	0	0	1
10000	368	60	3	247	0	0	0.0	0.0	0.0	0.0	0.0	0
10000	368	60	3.2	104	3069	0	74	74	0.14	0	0	1
10000	368	60	3.4	46	3244	0	20	20	0.06	0.01	0	1
10000	368	60	3.6	23	1858	0	9	9	0.02	0	0	1
10000	368	60	3.8	13	444	0	5	5	0	0	0	1
10000	368	60	4	2	3	0	1	1	0	0	0	1
10000	369	60	3	256	0	0	0.0	0.0	0.0	0.0	0.0	0
10000	369	60	3.2	110	4889	0	62	62	0.19	0.01	0.01	1
10000	369	60	3.4	57	3394	0	25	25	0.08	0	0	1
10000	369	60	3.6	20	1013	0	7	7	0	0	0	1
10000	369	60	3.8	10	423	0	2	2	0	0	0	1
10000	369	60	4	8	191	0	2	2	0	0	0	1
10000	370	60	3	215	0	0	0.0	0.0	0.0	0.0	0.0	0
10000	370	60	3.2	98	4113	1	63	63	0.12	0.01	0.02	1
10000	370	60	3.4	40	4010	0	16	16	0.04	0	0.07	1
10000	370	60	3.6	19	2340	0	5	5	0.01	0	0	1
10000	370	60	3.8	7	103	1	1.5	2	0	0	0	1
10000	370	60	4	5	31	0	1	1	0	0	0	1
10000	371	60	3	237	0	0	0.0	0.0	0.0	0.0	0.0	0
10000	371	60	3.2	101	798	0	79	79	0.02	0	0	1
10000	371	60	3.4	29	287	1	14.5	15	0	0	0	1
10000	371	60	3.6	12	87	0	7	7	0	0	0	1
10000	371	60	3.8	5	15	0	3	3	0	0	0	1
10000	371	60	4	3	7	0	1	1	0	0	0	1
10000	372	60	3	209	0	0	0.0	0.0	0.0	0.0	0.0	0
10000	372	60	3.2	89	7766	0	51	51	0.2	0.01	0	1
10000	372	60	3.4	48	7640	0	21	21	0.12	0.01	0	1
10000	372	60	3.6	21	1970	1	5.25	6	0.01	0	0.02	1
10000	372	60	3.8	8	191	0	2	2	0	0	0	1
10000	372	60	4	6	47	0	2	2	0	0	0	1
10000	373	60	3	230	0	0	0.0	0.0	0.0	0.0	0.0	0
10000	373	60	3.2	91	3951	0	61	61	0.1	0	0.01	1
10000	373	60	3.4	41	4143	0	20	20	0.04	0.01	0	1
10000	373	60	3.6	20	2081	0	7	7	0.01	0	0	1
10000	373	60	3.8	9	137	0	4	4	0	0	0	1
10000	373	60	4	6	47	0	2	2	0	0	0	1
10000	374	60	3	223	0	0	0.0	0.0	0.0	0.0	0.0	0
10000	374	60	3.2	95	9226	0	53	53	0.31	0.02	0.04	1
10000	374	60	3.4	57	11690	0	22	22	0.22	0.02	0	1
10000	374	60	3.6	28	4040	0	9	9	0.07	0.01	0.03	1
10000	374	60	3.8	15	589	0	4	4	0	0	0.02	1
10000	374	60	4	8	79	0	3	3	0	0	0	1
10000	375	60	3	245	0	0	0.0	0.0	0.0	0.0	0.0	0
10000	375	60	3.2	119	5769	1	81	81	0.18	0	0.03	1
10000	375	60	3.4	53	6298	1	25.25	26	0.11	0.01	0.05	1
10000	375	60	3.6	26	4146	0	8	8	0.04	0	0.01	1
10000	375	60	3.8	15	1278	0	5	5	0.01	0	0	1
10000	375	60	4	10	479	0	3	3	0	0	0	1
10000	376	60	3	249	0	0	0.0	0.0	0.0	0.0	0.0	0
10000	376	60	3.2	113	6567	0	71	71	0.39	0.01	0.04	1
10000	376	60	3.4	52	6643	1	20.5	21	0.16	0.01	0.06	1
10000	376	60	3.6	29	4199	0	10	10	0.08	0.01	0	1
10000	376	60	3.8	13	565	0	4	4	0	0	0	1
10000	376	60	4	6	47	0	2	2	0	0	0	1
10000	377	60	3	272	0	0	0.0	0.0	0.0	0.0	0.0	0
10000	377	60	3.2	113	8320	0	78	78	0.48	0.01	0	1
10000	377	60	3.4	59	11162	0	34	34	0.36	0.01	0	1
10000	377	60	3.6	27	6251	0	10	10	0.08	0	0	1
10000	377	60	3.8	17	2305	0	6	6	0.01	0	0.01	1
10000	377	60	4	10	186	0	3	3	0	0	0	1
10000	378	60	3	225	0	0	0.0	0.0	0.0	0.0	0.0	0
10000	378	60	3.2	79	619	0	57	57	0.02	0	0	1
10000	378	60	3.4	26	447	0	13	13	0	0	0	1
10000	378	60	3.6	14	195	0	6	6	0	0	0	1
10000	378	60	3.8	5	31	0	1	1	0	0	0	1
10000	378	60	4	3	7	0	1	1	0	0	0	1
10000	379	60	3	262	0	0	0.0	0.0	0.0	0.0	0.0	0
10000	379	60	3.2	113	5593	0	74	74	0.26	0	0	1
10000	379	60	3.4	50	5844	0	23	23	0.15	0	0	1
10000	379	60	3.6	25	2064	0	10	10	0.01	0	0	1
10000	379	60	3.8	11	253	0	4	4	0	0	0	1
10000	379	60	4	7	79	0	2	2	0	0	0	1
10000	380	60	3	220	0	0	0.0	0.0	0.0	0.0	0.0	0
10000	380	60	3.2	89	3814	0	56	56	0.12	0	0	1
10000	380	60	3.4	42	2664	0	21	21	0.06	0	0	1
10000	380	60	3.6	17	773	0	5	5	0	0	0.01	1
10000	380	60	3.8	7	71	0	2	2	0	0	0	1
10000	380	60	4	5	23	0	2	2	0	0	0	1
10000	381	60	3	248	0	0	0.0	0.0	0.0	0.0	0.0	0
10000	381	60	3.2	89	3544	0	57	57	0.13	0	0.02	1
10000	381	60	3.4	44	4799	0	17	17	0.08	0.01	0.02	1
10000	381	60	3.6	24	3042	0	10	10	0.03	0	0	1
10000	381	60	3.8	13	830	0	4	4	0	0	0.01	1
10000	381	60	4	7	68	0	2	2	0	0	0	1
10000	382	60	3	243	0	0	0.0	0.0	0.0	0.0	0.0	0
10000	382	60	3.2	92	2319	1	57.3333	58	0.07	0	0.02	1
10000	382	60	3.4	37	2743	0	16	16	0.03	0	0	1
10000	382	60	3.6	23	1387	0	7	7	0.01	0	0	1
10000	382	60	3.8	8	106	0	2	2	0	0	0	1
10000	382	60	4	6	27	0	3	3	0	0	0	1
10000	383	60	3	208	0	0	0.0	0.0	0.0	0.0	0.0	0
10000	383	60	3.2	89	13708	0	45	45	0.46	0.02	0.09	1
10000	383	60	3.4	50	14112	1	18.6	19	0.23	0.02	0.15	1
10000	383	60	3.6	24	5720	0	8	8	0.08	0.01	0.04	1
10000	383	60	3.8	11	575	0	3	3	0	0	0	1
10000	383	60	4	7	47	0	3	3	0	0	0	1
10000	384	60	3	268	0	0	0.0	0.0	0.0	0.0	0.0	0
10000	384	60	3.2	108	4857	0	72	72	0.18	0.01	0	1
10000	384	60	3.4	49	6184	1	21	21	0.13	0.01	0.08	1
10000	384	60	3.6	27	2612	0	10	10	0.02	0	0	1
10000	384	60	3.8	12	338	0	4	4	0	0	0	1
10000	384	60	4	5	31	0	1	1	0	0	0	1
10000	385	60	3	224	0	0	0.0	0.0	0.0	0.0	0.0	0
10000	385	60	3.2	92	2193	0	60	60	0.08	0.01	0	1
10000	385	60	3.4	45	2337	0	24	24	0.05	0	0	1
10000	385	60	3.6	22	1198	1	8.5	9	0	0.01	0.02	1
10000	385	60	3.8	15	562	0	5	5	0	0	0	1
10000	385	60	4	6	35	0	2	2	0	0	0	1
10000	386	60	3	254	0	0	0.0	0.0	0.0	0.0	0.0	0
10000	386	60	3.2	123	7947	0	85	85	0.49	0.01	0.03	1
10000	386	60	3.4	53	10359	0	28	28	0.2	0.01	0	1
10000	386	60	3.6	27	6093	0	11	11	0.07	0	0.04	1
10000	386	60	3.8	14	229	0	8	8	0	0	0	1
10000	386	60	4	6	31	0	3	3	0	0	0	1
10000	387	60	3	224	0	0	0.0	0.0	0.0	0.0	0.0	0
10000	387	60	3.2	97	13477	0	54	54	0.54	0.02	0.17	1
10000	387	60	3.4	52	14950	0	19	19	0.31	0.02	0	1
10000	387	60	3.6	24	6212	0	6	6	0.05	0.02	0	1
10000	387	60	3.8	13	1062	1	3	3	0	0	0.01	1
10000	387	60	4	7	71	0	2	2	0	0	0	1
10000	388	60	3	224	0	0	0.0	0.0	0.0	0.0	0.0	0
10000	388	60	3.2	100	3898	0	61	61	0.1	0	0.03	1
10000	388	60	3.4	46	2760	1	20.5455	21	0.03	0.01	0.02	1
10000	388	60	3.6	18	962	0	5	5	0	0	0	1
10000	388	60	3.8	5	31	0	1	1	0	0	0	1
10000	388	60	4	4	15	0	1	1	0	0	0	1
10000	389	60	3	219	0	0	0.0	0.0	0.0	0.0	0.0	0
10000	389	60	3.2	94	10178	0	59	59	0.4	0.01	0	1
10000	389	60	3.4	48	14643	0	24	24	0.29	0.02	0	1
10000	389	60	3.6	27	7073	0	9	9	0.11	0	0.17	1
10000	389	60	3.8	13	444	0	6	6	0	0	0	1
10000	389	60	4	6	31	0	3	3	0	0	0	1
10000	390	60	3	203	0	0	0.0	0.0	0.0	0.0	0.0	0
10000	390	60	3.2	78	9952	0	39	39	0.25	0.01	0.05	1
10000	390	60	3.4	43	13847	0	19	19	0.18	0.02	0	1
10000	390	60	3.6	22	8971	0	7	7	0.05	0.01	0	1
10000	390	60	3.8	16	5622	0	3	3	0.03	0	0	1
10000	390	60	4	13	1439	0	3	3	0	0	0	1
10000	391	60	3	232	0	0	0.0	0.0	0.0	0.0	0.0	0
10000	391	60	3.2	108	2129	0	66	66	0.07	0	0	1
10000	391	60	3.4	54	1570	1	27.5	28	0.02	0	0.02	1
10000	391	60	3.6	20	681	0	8	8	0	0	0	1
10000	391	60	3.8	7	51	0	3	3	0	0	0	1
10000	391	60	4	4	15	0	1	1	0	0	0	1
10000	392	60	3	216	0	0	0.0	0.0	0.0	0.0	0.0	0
10000	392	60	3.2	97	5458	0	58	58	0.17	0	0	1
10000	392	60	3.4	45	7213	0	20	20	0.14	0.01	0.04	1
10000	392	60	3.6	25	2645	0	9	9	0.03	0.01	0.02	1
10000	392	60	3.8	10	335	0	2	2	0	0	0.01	1
10000	392	60	4	7	95	0	2	2	0	0	0	1
10000	393	60	3	247	0	0	0.0	0.0	0.0	0.0	0.0	0
10000	393	60	3.2	94	2632	1	55.6667	56	0.11	0.01	0.02	1
10000	393	60	3.4	45	2001	0	20	20	0.02	0	0	1
10000	393	60	3.6	20	813	0	8	8	0	0	0	1
10000	393	60	3.8	9	230	0	3	3	0	0	0	1
10000	393	60	4	5	31	0	1	1	0	0	0	1
10000	394	60	3	269	0	0	0.0	0.0	0.0	0.0	0.0	0
10000	394	60	3.2	116	3249	0	90	90	0.07	0.01	0	1
10000	394	60	3.4	44	3503	0	22	22	0.03	0.01	0.01	1
10000	394	60	3.6	21	1593	1	7.33333	8	0	0	0.02	1
10000	394	60	3.8	12	637	0	3	3	0	0	0	1
10000	394	60	4	5	31	0	1	1	0	0	0	1
10000	395	60	3	245	0	0	0.0	0.0	0.0	0.0	0.0	0
10000	395	60	3.2	93	1538	0	63	63	0.06	0	0	1
10000	395	60	3.4	42	1343	0	22	22	0.02	0	0	1
10000	395	60	3.6	16	379	0	6	6	0	0	0	1
10000	395	60	3.8	6	32	0	2	2	0	0	0	1
10000	395	60	4	5	23	0	2	2	0	0	0	1
10000	396	60	3	252	0	0	0.0	0.0	0.0	0.0	0.0	0
10000	396	60	3.2	103	2575	0	71	71	0.13	0	0	1
10000	396	60	3.4	52	2052	0	31	31	0.05	0	0.01	1
10000	396	60	3.6	20	491	0	10	10	0	0	0	1
10000	396	60	3.8	10	259	0	3	3	0	0	0	1
10000	396	60	4	5	31	0	1	1	0	0	0	1
10000	397	60	3	223	0	0	0.0	0.0	0.0	0.0	0.0	0
10000	397	60	3.2	83	1621	1	58.5	59	0.05	0.01	0.01	1
10000	397	60	3.4	30	1622	1	13.6667	14	0.01	0.01	0.01	1
10000	397	60	3.6	17	898	1	4.5	5	0	0	0.02	1
10000	397	60	3.8	9	73	0	4	4	0	0	0	1
10000	397	60	4	6	35	0	2	2	0	0	0	1
10000	398	60	3	228	0	0	0.0	0.0	0.0	0.0	0.0	0
10000	398	60	3.2	89	2786	1	52.5	53	0.11	0	0.02	1
10000	398	60	3.4	39	1726	0	17	17	0.02	0	0	1
10000	398	60	3.6	15	903	0	5	5	0	0	0	1
10000	398	60	3.8	9	383	0	2	2	0	0	0	1
10000	398	60	4	7	47	0	3	3	0	0	0	1
10000	399	60	3	221	0	0	0.0	0.0	0.0	0.0	0.0	0
10000	399	60	3.2	101	4064	1	65.6667	66	0.13	0.01	0.04	1
10000	399	60	3.4	42	5223	0	22	22	0.07	0	0	1
10000	399	60	3.6	21	3635	0	7	7	0.04	0	0	1
10000	399	60	3.8	11	675	0	2	2	0	0	0	1
10000	399	60	4	6	63	0	1	1	0	0	0	1
10000	400	60	3	217	0	0	0.0	0.0	0.0	0.0	0.0	0
10000	400	60	3.2	99	5770	0	63	63	0.18	0	0	1
10000	400	60	3.4	53	5062	0	31	31	0.11	0	0	1
10000	400	60	3.6	24	1002	0	12	12	0.01	0	0	1
10000	400	60	3.8	11	111	0	6	6	0	0	0	1
10000	400	60	4	5	19	0	2	2	0	0	0	1
10000	401	60	3	247	0	0	0.0	0.0	0.0	0.0	0.0	0
10000	401	60	3.2	103	1484	0	73	73	0.05	0.01	0	1
10000	401	60	3.4	35	1355	0	17	17	0.01	0	0	1
10000	401	60	3.6	19	759	0	8	8	0	0	0	1
10000	401	60	3.8	11	299	0	4	4	0	0	0	1
10000	401	60	4	8	179	0	2	2	0	0	0	1
10000	402	60	3	247	0	0	0.0	0.0	0.0	0.0	0.0	0
10000	402	60	3.2	93	1056	0	69	69	0.06	0	0.01	1
10000	402	60	3.4	36	1206	0	18	18	0.01	0	0	1
10000	402	60	3.6	21	503	0	9	9	0	0	0	1
10000	402	60	3.8	7	63	0	3	3	0	0	0	1
10000	402	60	4	4	11	0	2	2	0	0	0	1
10000	403	60	3	209	0	0	0.0	0.0	0.0	0.0	0.0	0
10000	403	60	3.2	93	6703	0	59	59	0.19	0	0	1
10000	403	60	3.4	42	6843	0	22	22	0.08	0	0	1
10000	403	60	3.6	25	2756	0	10	10	0.01	0	0	1
10000	403	60	3.8	9	159	0	4	4	0	0	0	1
10000	403	60	4	4	7	0	3	3	0	0	0	1
10000	404	60	3	267	0	0	0.0	0.0	0.0	0.0	0.0	0
10000	404	60	3.2	117	7413	0	79	79	0.24	0.01	0	1
10000	404	60	3.4	57	9422	0	30	30	0.2	0.01	0	1
10000	404	60	3.6	31	8396	0	11	11	0.15	0	0	1
10000	404	60	3.8	19	3146	0	7	7	0.03	0	0	1
10000	404	60	4	10	543	0	2	2	0	0	0	1
10000	405	60	3	257	0	0	0.0	0.0	0.0	0.0	0.0	0
10000	405	60	3.2	105	1401	0	76	76	0.03	0.01	0	1
10000	405	60	3.4	45	1262	0	23	23	0.02	0	0.01	1
10000	405	60	3.6	20	988	1	7.5	8	0	0	0.01	1
10000	405	60	3.8	13	416	0	4	4	0	0	0	1
10000	405	60	4	11	349	0	3	3	0	0	0	1
10000	406	60	3	244	0	0	0.0	0.0	0.0	0.0	0.0	0
10000	406	60	3.2	103	799	1	74.5	75	0.02	0	0.01	1
10000	406	60	3.4	39	556	0	20	20	0	0	0	1
10000	406	60	3.6	19	224	0	10	10	0	0	0	1
10000	406	60	3.8	8	49	0	4	4	0	0	0	1
10000	406	60	4	2	3	0	1	1	0	0	0	1
10000	407	60	3	227	0	0	0.0	0.0	0.0	0.0	0.0	0
10000	407	60	3.2	85	2481	0	56	56	0.1	0	0	1
10000	407	60	3.4	39	3497	0	21	21	0.08	0.01	0	1
10000	407	60	3.6	18	1964	0	6	6	0.01	0	0	1
10000	407	60	3.8	10	207	0	3	3	0	0	0	1
10000	407	60	4	3	7	0	1	1	0	0	0	1
10000	408	60	3	232	0	0	0.0	0.0	0.0	0.0	0.0	0
10000	408	60	3.2	95	3043	0	71	71	0.12	0.01	0.01	1
10000	408	60	3.4	41	4302	0	23	23	0.06	0	0	1
10000	408	60	3.6	19	2170	0	7	7	0.01	0	0.01	1
10000	408	60	3.8	14	369	0	5	5	0	0	0	1
10000	408	60	4	6	47	0	2	2	0	0	0	1
10000	409	60	3	223	0	0	0.0	0.0	0.0	0.0	0.0	0
10000	409	60	3.2	86	2035	0	58	58	0.04	0	0.01	1
10000	409	60	3.4	38	2380	1	15.5	16	0.02	0.01	0.04	1
10000	409	60	3.6	22	1070	0	8	8	0	0	0	1
10000	409	60	3.8	11	184	0	4	4	0	0	0	1
10000	409	60	4	4	15	0	1	1	0	0	0	1
10000	410	60	3	226	0	0	0.0	0.0	0.0	0.0	0.0	0
10000	410	60	3.2	96	2435	1	66.25	67	0.08	0.01	0.02	1
10000	410	60	3.4	36	2129	0	15	15	0.02	0	0	1
10000	410	60	3.6	19	1296	1	5.5	6	0	0	0.02	1
10000	410	60	3.8	11	431	0	3	3	0	0	0	1
10000	410	60	4	5	19	0	2	2	0	0	0	1
10000	411	60	3	249	0	0	0.0	0.0	0.0	0.0	0.0	0
10000	411	60	3.2	118	12204	0	66	66	0.54	0.01	0.06	1
10000	411	60	3.4	62	9740	0	27	27	0.22	0.01	0	1
10000	411	60	3.6	30	4276	0	11	11	0.04	0.01	0	1
10000	411	60	3.8	12	280	0	4	4	0	0	0	1
10000	411	60	4	7	57	0	3	3	0	0	0	1
10000	412	60	3	230	0	0	0.0	0.0	0.0	0.0	0.0	0
10000	412	60	3.2	99	2378	0	67	67	0.11	0	0	1
10000	412	60	3.4	37	1788	0	18	18	0.03	0	0	1
10000	412	60	3.6	20	813	0	9	9	0	0	0.01	1
10000	412	60	3.8	8	62	0	3	3	0	0	0	1
10000	412	60	4	3	7	0	1	1	0	0	0	1
10000	413	60	3	250	0	0	0.0	0.0	0.0	0.0	0.0	0
10000	413	60	3.2	104	3887	0	73	73	0.14	0	0.01	1
10000	413	60	3.4	47	3445	0	23	23	0.05	0.01	0	1
10000	413	60	3.6	19	1427	0	5	5	0.01	0	0	1
10000	413	60	3.8	6	20	0	3	3	0	0	0	1
10000	413	60	4	2	3	0	1	1	0	0	0	1
10000	414	60	3	207	0	0	0.0	0.0	0.0	0.0	0.0	0
10000	414	60	3.2	92	7087	0	47	47	0.21	0.01	0	1
10000	414	60	3.4	56	5293	0	26	26	0.11	0	0	1
10000	414	60	3.6	20	1216	0	8	8	0	0	0	1
10000	414	60	3.8	12	449	0	4	4	0	0	0	1
10000	414	60	4	5	15	0	3	3	0	0	0	1
10000	415	60	3	213	0	0	0.0	0.0	0.0	0.0	0.0	0
10000	415	60	3.2	93	3984	1	53.5	54	0.17	0.01	0.03	1
10000	415	60	3.4	44	2501	0	19	19	0.04	0.01	0	1
10000	415	60	3.6	17	563	0	6	6	0	0	0	1
10000	415	60	3.8	7	47	0	3	3	0	0	0	1
10000	415	60	4	4	11	0	2	2	0	0	0	1
10000	416	60	3	232	0	0	0.0	0.0	0.0	0.0	0.0	0
10000	416	60	3.2	100	2081	0	64	64	0.07	0	0	1
10000	416	60	3.4	48	1922	0	25	25	0.04	0	0.01	1
10000	416	60	3.6	21	742	0	8	8	0.01	0	0	1
10000	416	60	3.8	12	271	0	4	4	0	0	0	1
10000	416	60	4	4	11	0	2	2	0	0	0	1
10000	417	60	3	233	0	0	0.0	0.0	0.0	0.0	0.0	0
10000	417	60	3.2	99	2464	0	61	61	0.11	0	0	1
10000	417	60	3.4	50	2435	0	25	25	0.04	0.01	0	1
10000	417	60	3.6	27	1454	0	11	11	0.01	0	0	1
10000	417	60	3.8	13	331	0	4	4	0	0	0	1
10000	417	60	4	6	31	0	2	2	0	0	0	1
10000	418	60	3	223	0	0	0.0	0.0	0.0	0.0	0.0	0
10000	418	60	3.2	76	2246	0	45	45	0.04	0	0	1
10000	418	60	3.4	36	1886	0	13	13	0.02	0	0	1
10000	418	60	3.6	20	448	0	6	6	0	0	0	1
10000	418	60	3.8	8	39	0	4	4	0	0	0	1
10000	418	60	4	4	11	0	2	2	0	0	0	1
10000	419	60	3	224	0	0	0.0	0.0	0.0	0.0	0.0	0
10000	419	60	3.2	74	9330	0	39	39	0.22	0.02	0	1
10000	419	60	3.4	43	11198	0	16	16	0.13	0.02	0	1
10000	419	60	3.6	27	6292	1	9	9	0.04	0	0.03	1
10000	419	60	3.8	16	2408	0	4	4	0.01	0	0	1
10000	419	60	4	12	639	0	3	3	0	0	0	1
10000	420	60	3	229	0	0	0.0	0.0	0.0	0.0	0.0	0
10000	420	60	3.2	107	6330	0	72	72	0.24	0.01	0.02	1
10000	420	60	3.4	47	6621	1	22	22	0.11	0	0.05	1
10000	420	60	3.6	25	3381	0	10	10	0.03	0	0	1
10000	420	60	3.8	15	1485	0	5	5	0.01	0	0	1
10000	420	60	4	8	127	0	3	3	0	0	0	1
10000	421	60	3	229	0	0	0.0	0.0	0.0	0.0	0.0	0
10000	421	60	3.2	93	3357	0	63	63	0.08	0.01	0.01	1
10000	421	60	3.4	42	4383	0	20	20	0.06	0.01	0	1
10000	421	60	3.6	23	2162	0	8	8	0.01	0.01	0	1
10000	421	60	3.8	10	188	0	3	3	0	0	0	1
10000	421	60	4	6	47	0	2	2	0	0	0	1
10000	422	60	3	234	0	0	0.0	0.0	0.0	0.0	0.0	0
10000	422	60	3.2	96	5482	0	55	55	0.2	0.01	0	1
10000	422	60	3.4	45	5272	0	21	21	0.13	0	0	1
10000	422	60	3.6	19	1044	0	6	6	0	0	0	1
10000	422	60	3.8	11	183	0	4	4	0	0	0	1
10000	422	60	4	4	15	0	1	1	0	0	0	1
10000	423	60	3	214	0	0	0.0	0.0	0.0	0.0	0.0	0
10000	423	60	3.2	80	3331	0	44	44	0.08	0	0	1
10000	423	60	3.4	40	2093	1	13.5	14	0.04	0	0.02	1
10000	423	60	3.6	16	477	1	5.55556	6	0	0	0.01	1
10000	423	60	3.8	7	127	0	1	1	0	0	0	1
10000	423	60	4	5	23	0	2	2	0	0	0	1
10000	424	60	3	212	0	0	0.0	0.0	0.0	0.0	0.0	0
10000	424	60	3.2	105	8689	0	62	62	0.43	0.01	0.04	1
10000	424	60	3.4	45	8107	1	15.1667	16	0.12	0.01	0.09	1
10000	424	60	3.6	24	3058	1	8.5	9	0.04	0.01	0.02	1
10000	424	60	3.8	14	1953	0	4	4	0.01	0	0	1
10000	424	60	4	10	575	0	2	2	0	0	0	1
10000	425	60	3	217	0	0	0.0	0.0	0.0	0.0	0.0	0
10000	425	60	3.2	94	5221	0	59	59	0.18	0.01	0	1
10000	425	60	3.4	41	5785	1	17	17	0.08	0.01	0.02	1
10000	425	60	3.6	21	1713	0	8	8	0.01	0	0	1
10000	425	60	3.8	13	366	0	4	4	0	0	0	1
10000	425	60	4	8	95	0	3	3	0	0	0	1
10000	426	60	3	232	0	0	0.0	0.0	0.0	0.0	0.0	0
10000	426	60	3.2	104	4427	1	63.5	64	0.22	0	0.03	1
10000	426	60	3.4	44	4877	0	20	20	0.09	0	0.03	1
10000	426	60	3.6	21	2925	0	7	7	0.03	0	0	1
10000	426	60	3.8	10	239	0	4	4	0	0	0	1
10000	426	60	4	2	3	0	1	1	0	0	0	1
10000	427	60	3	219	0	0	0.0	0.0	0.0	0.0	0.0	0
10000	427	60	3.2	86	2932	0	54	54	0.08	0.01	0	1
10000	427	60	3.4	42	2446	0	18	18	0.03	0	0.01	1
10000	427	60	3.6	13	361	0	4	4	0	0	0	1
10000	427	60	3.8	9	89	0	3	3	0	0	0	1
10000	427	60	4	4	15	0	1	1	0	0	0	1
10000	428	60	3	224	0	0	0.0	0.0	0.0	0.0	0.0	0
10000	428	60	3.2	102	6820	0	62	62	0.22	0.01	0	1
10000	428	60	3.4	45	9608	0	19	19	0.12	0.01	0.03	1
10000	428	60	3.6	25	3621	0	8	8	0.04	0	0	1
10000	428	60	3.8	11	223	0	6	6	0	0	0	1
10000	428	60	4	9	55	0	6	6	0	0	0	1
10000	429	60	3	228	0	0	0.0	0.0	0.0	0.0	0.0	0
10000	429	60	3.2	93	1213	1	66.25	67	0.04	0	0.02	1
10000	429	60	3.4	34	993	0	18	18	0.01	0	0	1
10000	429	60	3.6	15	398	0	8	8	0	0	0	1
10000	429	60	3.8	10	267	0	4	4	0	0	0	1
10000	429	60	4	9	127	0	4	4	0	0	0	1
10000	430	60	3	239	0	0	0.0	0.0	0.0	0.0	0.0	0
10000	430	60	3.2	92	1959	0	60	60	0.06	0	0	1
10000	430	60	3.4	43	1420	0	20	20	0.01	0.01	0	1
10000	430	60	3.6	18	754	0	6	6	0	0	0	1
10000	430	60	3.8	11	155	0	4	4	0	0	0	1
10000	430	60	4	5	31	0	1	1	0	0	0	1
10000	431	60	3	232	0	0	0.0	0.0	0.0	0.0	0.0	0
10000	431	60	3.2	102	11487	0	58	58	0.51	0.01	0.04	1
10000	431	60	3.4	50	11974	0	18	18	0.2	0.01	0	1
10000	431	60	3.6	28	7183	0	9	9	0.07	0.01	0.05	1
10000	431	60	3.8	15	611	0	5	5	0	0	0	1
10000	431	60	4	8	83	0	3	3	0	0	0	1
10000	432	60	3	220	0	0	0.0	0.0	0.0	0.0	0.0	0
10000	432	60	3.2	94	5500	0	63	63	0.19	0.01	0.02	1
10000	432	60	3.4	43	5251	0	21	21	0.07	0.01	0	1
10000	432	60	3.6	20	1191	0	8	8	0	0	0	1
10000	432	60	3.8	8	95	0	3	3	0	0	0	1
10000	432	60	4	6	63	0	1	1	0	0	0	1
10000	433	60	3	268	0	0	0.0	0.0	0.0	0.0	0.0	0
10000	433	60	3.2	133	0	0	0.0	0.0	0.0	0.0	0.0	0
10000	433	60	3.4	71	3325	1	43.5	44	0.09	0	0.02	1
10000	433	60	3.6	36	624	0	25	25	0	0.01	0	1
10000	433	60	3.8	19	332	0	12	12	0	0	0	1
10000	433	60	4	15	137	0	10	10	0	0	0	1
10000	434	60	3	249	0	0	0.0	0.0	0.0	0.0	0.0	0
10000	434	60	3.2	117	3776	0	76	76	0.1	0.01	0	1
10000	434	60	3.4	50	2933	0	23	23	0.04	0	0.01	1
10000	434	60	3.6	21	978	0	7	7	0	0	0.01	1
10000	434	60	3.8	10	197	0	3	3	0	0	0	1
10000	434	60	4	6	47	0	2	2	0	0	0	1
10000	435	60	3	214	0	0	0.0	0.0	0.0	0.0	0.0	0
10000	435	60	3.2	91	1883	0	58	58	0.06	0	0	1
10000	435	60	3.4	44	1091	0	19	19	0.02	0	0	1
10000	435	60	3.6	19	405	0	9	9	0	0	0	1
10000	435	60	3.8	11	182	0	4	4	0	0	0	1
10000	435	60	4	8	107	0	2	2	0	0	0	1
10000	436	60	3	264	0	0	0.0	0.0	0.0	0.0	0.0	0
10000	436	60	3.2	98	1081	0	75	75	0.04	0	0	1
10000	436	60	3.4	36	924	0	18	18	0.01	0	0	1
10000	436	60	3.6	19	434	0	9	9	0	0	0	1
10000	436	60	3.8	9	79	0	4	4	0	0	0	1
10000	436	60	4	5	31	0	1	1	0	0	0	1
10000	437	60	3	220	0	0	0.0	0.0	0.0	0.0	0.0	0
10000	437	60	3.2	91	4281	0	55	55	0.15	0	0	1
10000	437	60	3.4	43	3635	0	17	17	0.08	0	0	1
10000	437	60	3.6	19	940	0	6	6	0.01	0	0	1
10000	437	60	3.8	10	255	0	3	3	0	0	0	1
10000	437	60	4	7	95	0	2	2	0	0	0	1
10000	438	60	3	237	0	0	0.0	0.0	0.0	0.0	0.0	0
10000	438	60	3.2	119	3497	0	85	85	0.17	0	0	1
10000	438	60	3.4	60	2612	0	35	35	0.06	0.01	0	1
10000	438	60	3.6	24	819	0	16	16	0.01	0	0	1
10000	438	60	3.8	12	215	0	6	6	0	0	0	1
10000	438	60	4	7	22	0	5	5	0	0	0	1
10000	439	60	3	264	0	0	0.0	0.0	0.0	0.0	0.0	0
10000	439	60	3.2	107	2864	0	75	75	0.11	0	0.02	1
10000	439	60	3.4	48	2513	0	25	25	0.07	0	0.01	1
10000	439	60	3.6	24	971	0	10	10	0.02	0	0	1
10000	439	60	3.8	8	47	0	4	4	0	0	0	1
10000	439	60	4	1	1	0	1	1	0	0	0	1
10000	440	60	3	221	0	0	0.0	0.0	0.0	0.0	0.0	0
10000	440	60	3.2	91	4571	1	61.5	62	0.13	0	0.04	1
10000	440	60	3.4	39	4929	0	18	18	0.06	0.01	0.03	1
10000	440	60	3.6	20	4076	0	6	6	0.02	0.01	0	1
10000	440	60	3.8	12	1023	0	3	3	0.01	0	0	1
10000	440	60	4	11	327	0	5	5	0	0	0	1
10000	441	60	3	224	0	0	0.0	0.0	0.0	0.0	0.0	0
10000	441	60	3.2	91	4266	1	52.5	53	0.13	0.01	0.03	1
10000	441	60	3.4	48	4511	0	19	19	0.13	0.01	0	1
10000	441	60	3.6	26	1477	0	11	11	0.01	0	0	1
10000	441	60	3.8	10	351	0	3	3	0	0	0	1
10000	441	60	4	8	223	1	1.5	2	0	0	0	1
10000	442	60	3	237	0	0	0.0	0.0	0.0	0.0	0.0	0
10000	442	60	3.2	91	2665	0	60	60	0.13	0	0	1
10000	442	60	3.4	42	2904	0	21	21	0.04	0	0.01	1
10000	442	60	3.6	20	878	1	7.125	8	0	0	0.01	1
10000	442	60	3.8	9	118	0	3	3	0	0	0	1
10000	442	60	4	4	15	0	1	1	0	0	0	1
10000	443	60	3	209	0	0	0.0	0.0	0.0	0.0	0.0	0
10000	443	60	3.2	83	1120	0	54	54	0.04	0	0	1
10000	443	60	3.4	36	839	1	16.5	17	0	0	0.01	1
10000	443	60	3.6	15	171	1	5.66667	6	0	0	0	1
10000	443	60	3.8	3	7	0	1	1	0	0	0	1
10000	443	60	4	0	0	0	0.0	0.0	0.0	0.0	0.0	0
10000	444	60	3	225	0	0	0.0	0.0	0.0	0.0	0.0	0
10000	444	60	3.2	97	3230	0	68	68	0.13	0	0	1
10000	444	60	3.4	36	4286	0	15	15	0.07	0	0.02	1
10000	444	60	3.6	23	3813	0	8	8	0.03	0	0	1
10000	444	60	3.8	11	320	0	4	4	0	0	0	1
10000	444	60	4	7	63	0	3	3	0	0	0	1
10000	445	60	3	247	0	0	0.0	0.0	0.0	0.0	0.0	0
10000	445	60	3.2	100	2941	0	60	60	0.09	0	0	1
10000	445	60	3.4	44	2992	1	19	19	0.04	0	0.01	1
10000	445	60	3.6	21	1787	0	6	6	0.01	0	0	1
10000	445	60	3.8	7	79	0	2	2	0	0	0	1
10000	445	60	4	5	23	0	2	2	0	0	0	1
10000	446	60	3	218	0	0	0.0	0.0	0.0	0.0	0.0	0
10000	446	60	3.2	79	2397	0	53	53	0.07	0	0.01	1
10000	446	60	3.4	38	2736	0	17	17	0.04	0.01	0	1
10000	446	60	3.6	19	1594	1	4.55556	5	0.02	0	0.02	1
10000	446	60	3.8	11	163	0	5	5	0	0	0	1
10000	446	60	4	4	15	0	1	1	0	0	0	1
10000	447	60	3	243	0	0	0.0	0.0	0.0	0.0	0.0	0
10000	447	60	3.2	97	3357	0	61	61	0.08	0	0	1
10000	447	60	3.4	42	2975	0	18	18	0.03	0	0.01	1
10000	447	60	3.6	20	1477	0	6	6	0.01	0	0	1
10000	447	60	3.8	10	205	0	3	3	0	0	0	1
10000	447	60	4	6	47	0	2	2	0	0	0	1
10000	448	60	3	219	0	0	0.0	0.0	0.0	0.0	0.0	0
10000	448	60	3.2	98	4127	1	55.2	56	0.16	0.01	0.05	1
10000	448	60	3.4	43	3382	0	19	19	0.05	0	0	1
10000	448	60	3.6	19	834	0	6	6	0	0	0.01	1
10000	448	60	3.8	8	70	0	3	3	0	0	0	1
10000	448	60	4	3	7	0	1	1	0	0	0	1
10000	449	60	3	272	0	0	0.0	0.0	0.0	0.0	0.0	0
10000	449	60	3.2	107	996	1	80.25	81	0.04	0	0.01	1
10000	449	60	3.4	38	712	0	19	19	0	0.01	0	1
10000	449	60	3.6	18	333	0	7	7	0	0	0	1
10000	449	60	3.8	9	120	0	3	3	0	0	0	1
10000	449	60	4	6	39	0	2	2	0	0	0	1
10000	450	60	3	249	0	0	0.0	0.0	0.0	0.0	0.0	0
10000	450	60	3.2	101	2241	0	73	73	0.08	0	0	1
10000	450	60	3.4	49	2547	0	28	28	0.04	0	0	1
10000	450	60	3.6	25	1384	0	11	11	0.01	0	0.01	1
10000	450	60	3.8	10	87	0	3	3	0	0	0	1
10000	450	60	4	6	31	1	2.5	3	0	0	0	1
10000	451	60	3	234	0	0	0.0	0.0	0.0	0.0	0.0	0
10000	451	60	3.2	97	1563	0	73	73	0.05	0	0	1
10000	451	60	3.4	39	1691	1	18.3333	19	0.02	0	0.02	1
10000	451	60	3.6	20	880	0	8	8	0.01	0	0.01	1
10000	451	60	3.8	9	255	0	3	3	0	0	0	1
10000	451	60	4	6	31	0	3	3	0	0	0	1
10000	452	60	3	245	0	0	0.0	0.0	0.0	0.0	0.0	0
10000	452	60	3.2	106	3073	1	62.5	63	0.11	0.01	0.06	1
10000	452	60	3.4	47	2059	0	25	25	0.03	0	0	1
10000	452	60	3.6	18	1108	0	5	5	0	0	0	1
10000	452	60	3.8	10	373	0	2	2	0	0	0	1
10000	452	60	4	5	31	0	1	1	0	0	0	1
10000	453	60	3	218	0	0	0.0	0.0	0.0	0.0	0.0	0
10000	453	60	3.2	90	1790	1	67.5	68	0.07	0	0.01	1
10000	453	60	3.4	36	2023	0	16	16	0.02	0.01	0	1
10000	453	60	3.6	20	604	1	7.33333	8	0.01	0.01	0.01	1
10000	453	60	3.8	6	31	0	2	2	0	0	0	1
10000	453	60	4	2	3	0	1	1	0	0	0	1
10000	454	60	3	221	0	0	0.0	0.0	0.0	0.0	0.0	0
10000	454	60	3.2	97	5442	0	67	67	0.21	0	0	1
10000	454	60	3.4	51	7112	0	30	30	0.21	0.01	0	1
10000	454	60	3.6	30	3656	0	13	13	0.05	0	0	1
10000	454	60	3.8	11	115	0	5	5	0	0	0	1
10000	454	60	4	6	47	0	2	2	0	0	0	1
10000	455	60	3	215	0	0	0.0	0.0	0.0	0.0	0.0	0
10000	455	60	3.2	79	1554	1	46.5	47	0.03	0	0.02	1
10000	455	60	3.4	41	934	0	20	20	0.02	0	0	1
10000	455	60	3.6	16	216	0	7	7	0	0	0	1
10000	455	60	3.8	2	2	0	2	2	0	0	0	1
10000	455	60	4	1	1	0	1	1	0	0	0	1
10000	456	60	3	274	0	0	0.0	0.0	0.0	0.0	0.0	0
10000	456	60	3.2	98	1767	0	73	73	0.03	0	0.01	1
10000	456	60	3.4	45	1460	0	25	25	0.01	0	0	1
10000	456	60	3.6	24	704	0	12	12	0.01	0	0	1
10000	456	60	3.8	8	103	0	3	3	0	0	0	1
10000	456	60	4	7	71	0	2	2	0	0	0	1
10000	457	60	3	259	0	0	0.0	0.0	0.0	0.0	0.0	0
10000	457	60	3.2	115	5304	0	71	71	0.19	0.01	0	1
10000	457	60	3.4	57	6646	0	28	28	0.12	0.01	0	1
10000	457	60	3.6	27	2961	0	10	10	0.03	0	0	1
10000	457	60	3.8	15	288	0	6	6	0	0	0	1
10000	457	60	4	3	7	0	1	1	0	0	0	1
10000	458	60	3	212	0	0	0.0	0.0	0.0	0.0	0.0	0
10000	458	60	3.2	97	5905	0	60	60	0.14	0	0	1
10000	458	60	3.4	39	5039	0	16	16	0.05	0	0.02	1
10000	458	60	3.6	17	1245	0	6	6	0	0	0	1
10000	458	60	3.8	12	509	0	4	4	0	0	0	1
10000	458	60	4	5	31	0	1	1	0	0	0	1
10000	459	60	3	232	0	0	0.0	0.0	0.0	0.0	0.0	0
10000	459	60	3.2	95	2342	0	62	62	0.07	0	0	1
10000	459	60	3.4	41	2524	0	20	20	0.03	0.01	0	1
10000	459	60	3.6	17	1366	0	5	5	0.01	0	0	1
10000	459	60	3.8	12	777	1	2.5	3	0	0	0.01	1
10000	459	60	4	8	191	0	2	2	0	0	0	1
10000	460	60	3	244	0	0	0.0	0.0	0.0	0.0	0.0	0
10000	460	60	3.2	91	3226	0	59	59	0.11	0	0.01	1
10000	460	60	3.4	45	3547	0	21	21	0.06	0.01	0.01	1
10000	460	60	3.6	21	1469	0	7	7	0.01	0	0	1
10000	460	60	3.8	10	103	0	5	5	0	0	0	1
10000	460	60	4	5	23	0	2	2	0	0	0	1
10000	461	60	3	228	0	0	0.0	0.0	0.0	0.0	0.0	0
10000	461	60	3.2	84	670	0	62	62	0.02	0	0	1
10000	461	60	3.4	23	440	0	11	11	0	0	0	1
10000	461	60	3.6	14	150	0	5	5	0	0	0	1
10000	461	60	3.8	5	23	0	2	2	0	0	0	1
10000	461	60	4	3	7	0	1	1	0	0	0	1
10000	462	60	3	271	0	0	0.0	0.0	0.0	0.0	0.0	0
10000	462	60	3.2	114	2814	0	80	80	0.14	0	0	1
10000	462	60	3.4	52	2897	0	29	29	0.05	0	0	1
10000	462	60	3.6	24	1613	0	10	10	0.01	0	0	1
10000	462	60	3.8	13	223	0	5	5	0	0	0	1
10000	462	60	4	7	35	0	4	4	0	0	0	1
10000	463	60	3	219	0	0	0.0	0.0	0.0	0.0	0.0	0
10000	463	60	3.2	83	5358	0	50	50	0.11	0	0	1
10000	463	60	3.4	37	7125	0	14	14	0.12	0.01	0.04	1
10000	463	60	3.6	25	3351	0	8	8	0.05	0.01	0	1
10000	463	60	3.8	13	713	0	3	3	0	0	0	1
10000	463	60	4	5	31	0	1	1	0	0	0	1
10000	464	60	3	282	0	0	0.0	0.0	0.0	0.0	0.0	0
10000	464	60	3.2	101	2138	0	73	73	0.11	0	0	1
10000	464	60	3.4	46	2517	0	22	22	0.07	0	0	1
10000	464	60	3.6	24	1553	0	10	10	0.03	0	0	1
10000	464	60	3.8	13	350	0	5	5	0	0	0	1
10000	464	60	4	6	47	0	2	2	0	0	0	1
10000	465	60	3	238	0	0	0.0	0.0	0.0	0.0	0.0	0
10000	465	60	3.2	89	1091	0	64	64	0.02	0.01	0	1
10000	465	60	3.4	34	1092	1	16.25	17	0	0.01	0	1
10000	465	60	3.6	16	408	0	6	6	0	0	0	1
10000	465	60	3.8	9	187	0	3	3	0	0	0	1
10000	465	60	4	4	15	0	1	1	0	0	0	1
10000	466	60	3	227	0	0	0.0	0.0	0.0	0.0	0.0	0
10000	466	60	3.2	99	9945	0	61	61	0.3	0.01	0	1
10000	466	60	3.4	50	10503	0	25	25	0.12	0	0	1
10000	466	60	3.6	29	4543	0	10	10	0.03	0	0	1
10000	466	60	3.8	13	377	0	5	5	0	0	0	1
10000	466	60	4	7	39	0	4	4	0	0	0	1
10000	467	60	3	262	0	0	0.0	0.0	0.0	0.0	0.0	0
10000	467	60	3.2	119	3086	0	89	89	0.17	0	0	1
10000	467	60	3.4	53	3065	0	29	29	0.06	0	0	1
10000	467	60	3.6	23	833	0	12	12	0.01	0	0	1
10000	467	60	3.8	14	186	0	6	6	0	0	0	1
10000	467	60	4	5	11	0	3	3	0	0	0	1
10000	468	60	3	282	0	0	0.0	0.0	0.0	0.0	0.0	0
10000	468	60	3.2	113	3638	0	81	81	0.14	0	0.01	1
10000	468	60	3.4	46	3616	0	23	23	0.04	0	0	1
10000	468	60	3.6	21	1640	0	7	7	0.01	0	0	1
10000	468	60	3.8	12	431	0	4	4	0	0	0	1
10000	468	60	4	5	29	1	1.33333	2	0	0	0	1
10000	469	60	3	212	0	0	0.0	0.0	0.0	0.0	0.0	0
10000	469	60	3.2	93	2828	0	62	62	0.1	0	0	1
10000	469	60	3.4	44	2473	0	25	25	0.05	0	0	1
10000	469	60	3.6	23	986	0	12	12	0.01	0	0	1
10000	469	60	3.8	11	248	0	4	4	0	0	0	1
10000	469	60	4	6	47	0	2	2	0	0	0	1
10000	470	60	3	232	0	0	0.0	0.0	0.0	0.0	0.0	0
10000	470	60	3.2	88	1984	0	63	63	0.21	0	0.01	1
10000	470	60	3.4	43	1798	0	24	24	0.04	0	0	1
10000	470	60	3.6	18	785	0	7	7	0.01	0	0	1
10000	470	60	3.8	10	383	0	2	2	0	0	0	1
10000	470	60	4	5	23	0	2	2	0	0	0	1
10000	471	60	3	259	0	0	0.0	0.0	0.0	0.0	0.0	0
10000	471	60	3.2	107	1226	0	76	76	0.05	0	0	1
10000	471	60	3.4	46	920	0	24	24	0.01	0	0	1
10000	471	60	3.6	22	585	1	9.33333	10	0	0	0	1
10000	471	60	3.8	14	393	0	6	6	0	0	0	1
10000	471	60	4	9	165	0	2	2	0	0	0	1
10000	472	60	3	261	0	0	0.0	0.0	0.0	0.0	0.0	0
10000	472	60	3.2	102	1669	0	69	69	0.05	0.01	0	1
10000	472	60	3.4	46	1369	1	20.2	21	0.03	0	0.02	1
10000	472	60	3.6	15	263	0	7	7	0	0	0	1
10000	472	60	3.8	8	71	0	4	4	0	0	0	1
10000	472	60	4	4	15	0	1	1	0	0	0	1
10000	473	60	3	221	0	0	0.0	0.0	0.0	0.0	0.0	0
10000	473	60	3.2	104	4061	0	70	70	0.12	0	0	1
10000	473	60	3.4	42	2636	0	21	21	0.03	0.01	0	1
10000	473	60	3.6	20	706	0	9	9	0	0	0	1
10000	473	60	3.8	12	240	0	5	5	0	0	0	1
10000	473	60	4	6	35	0	2	2	0	0	0	1
10000	474	60	3	217	0	0	0.0	0.0	0.0	0.0	0.0	0
10000	474	60	3.2	87	1083	0	65	65	0.03	0	0	1
10000	474	60	3.4	35	1181	0	19	19	0.02	0	0	1
10000	474	60	3.6	18	312	0	7	7	0	0	0	1
10000	474	60	3.8	7	43	0	3	3	0	0	0	1
10000	474	60	4	2	3	0	1	1	0	0	0	1
10000	475	60	3	239	0	0	0.0	0.0	0.0	0.0	0.0	0
10000	475	60	3.2	87	3491	0	56	56	0.1	0.01	0.01	1
10000	475	60	3.4	45	3227	0	23	23	0.1	0	0	1
10000	475	60	3.6	22	1595	1	7.5	8	0.01	0	0.02	1
10000	475	60	3.8	11	146	0	5	5	0	0	0	1
10000	475	60	4	3	7	0	1	1	0	0	0	1
10000	476	60	3	225	0	0	0.0	0.0	0.0	0.0	0.0	0
10000	476	60	3.2	86	4982	0	56	56	0.17	0	0	1
10000	476	60	3.4	39	6063	0	15	15	0.09	0	0	1
10000	476	60	3.6	23	2242	0	7	7	0.02	0	0	1
10000	476	60	3.8	10	240	0	2	2	0	0	0	1
10000	476	60	4	5	23	0	2	2	0	0	0	1
10000	477	60	3	254	0	0	0.0	0.0	0.0	0.0	0.0	0
10000	477	60	3.2	106	3809	0	70	70	0.16	0.01	0.02	1
10000	477	60	3.4	39	3873	0	15	15	0.05	0	0	1
10000	477	60	3.6	19	1838	0	5	5	0.01	0	0	1
10000	477	60	3.8	15	631	0	4	4	0	0	0	1
10000	477	60	4	8	107	0	2	2	0	0	0	1
10000	478	60	3	219	0	0	0.0	0.0	0.0	0.0	0.0	0
10000	478	60	3.2	87	8763	0	48	48	0.25	0.01	0.07	1
10000	478	60	3.4	39	7195	0	14	14	0.08	0.01	0	1
10000	478	60	3.6	20	1642	0	7	7	0	0.01	0	1
10000	478	60	3.8	11	503	0	3	3	0	0	0	1
10000	478	60	4	7	74	0	2	2	0	0	0	1
10000	479	60	3	221	0	0	0.0	0.0	0.0	0.0	0.0	0
10000	479	60	3.2	100	2645	0	71	71	0.07	0	0	1
10000	479	60	3.4	45	3800	0	24	24	0.07	0.01	0	1
10000	479	60	3.6	23	1999	0	8	8	0.01	0.01	0	1
10000	479	60	3.8	9	225	0	2	2	0	0	0	1
10000	479	60	4	5	31	0	1	1	0	0	0	1
10000	480	60	3	226	0	0	0.0	0.0	0.0	0.0	0.0	0
10000	480	60	3.2	101	4110	0	64	64	0.11	0	0	1
10000	480	60	3.4	40	4710	1	16.5	17	0.03	0.01	0.05	1
10000	480	60	3.6	20	2085	0	7	7	0	0.01	0	1
10000	480	60	3.8	12	603	0	3	3	0	0	0	1
10000	480	60	4	7	95	0	2	2	0	0	0	1
10000	481	60	3	236	0	0	0.0	0.0	0.0	0.0	0.0	0
10000	481	60	3.2	96	810	0	71	71	0.02	0	0	1
10000	481	60	3.4	37	529	0	20	20	0	0	0	1
10000	481	60	3.6	14	217	0	7	7	0	0	0	1
10000	481	60	3.8	9	87	0	5	5	0	0	0	1
10000	481	60	4	4	15	0	1	1	0	0	0	1
10000	482	60	3	213	0	0	0.0	0.0	0.0	0.0	0.0	0
10000	482	60	3.2	92	2289	0	57	57	0.07	0	0.01	1
10000	482	60	3.4	42	1871	0	17	17	0.02	0.01	0	1
10000	482	60	3.6	16	378	0	5	5	0	0	0	1
10000	482	60	3.8	9	104	0	3	3	0	0	0	1
10000	482	60	4	4	6	0	2	2	0	0	0	1
10000	483	60	3	211	0	0	0.0	0.0	0.0	0.0	0.0	0
10000	483	60	3.2	84	3149	0	56	56	0.06	0	0	1
10000	483	60	3.4	37	2808	0	18	18	0.03	0	0.02	1
10000	483	60	3.6	17	627	0	7	7	0	0	0	1
10000	483	60	3.8	8	119	0	2	2	0	0	0	1
10000	483	60	4	5	31	0	1	1	0	0	0	1
10000	484	60	3	224	0	0	0.0	0.0	0.0	0.0	0.0	0
10000	484	60	3.2	83	1958	0	55	55	0.05	0	0	1
10000	484	60	3.4	39	1657	0	22	22	0.02	0	0	1
10000	484	60	3.6	15	791	0	4	4	0	0	0.02	1
10000	484	60	3.8	8	65	0	3	3	0	0	0	1
10000	484	60	4	3	7	0	1	1	0	0	0	1
10000	485	60	3	231	0	0	0.0	0.0	0.0	0.0	0.0	0
10000	485	60	3.2	102	3335	0	68	68	0.09	0.01	0	1
10000	485	60	3.4	40	2172	0	18	18	0.03	0	0	1
10000	485	60	3.6	18	692	0	6	6	0.01	0	0	1
10000	485	60	3.8	8	95	0	3	3	0	0	0	1
10000	485	60	4	4	15	0	1	1	0	0	0	1
10000	486	60	3	207	0	0	0.0	0.0	0.0	0.0	0.0	0
10000	486	60	3.2	85	970	0	61	61	0.02	0	0.01	1
10000	486	60	3.4	37	917	0	21	21	0.01	0	0	1
10000	486	60	3.6	15	522	0	6	6	0	0	0	1
10000	486	60	3.8	10	239	0	4	4	0	0	0	1
10000	486	60	4	4	11	0	2	2	0	0	0	1
10000	487	60	3	219	0	0	0.0	0.0	0.0	0.0	0.0	0
10000	487	60	3.2	92	2117	0	60	60	0.08	0	0	1
10000	487	60	3.4	38	1815	0	16	16	0.02	0.01	0	1
10000	487	60	3.6	15	217	0	8	8	0	0	0	1
10000	487	60	3.8	6	20	0	3	3	0	0	0	1
10000	487	60	4	3	7	0	1	1	0	0	0	1
10000	488	60	3	247	0	0	0.0	0.0	0.0	0.0	0.0	0
10000	488	60	3.2	108	4554	1	67.7143	68	0.11	0	0.16	1
10000	488	60	3.4	41	3977	0	16	16	0.04	0.01	0	1
10000	488	60	3.6	17	1221	0	6	6	0.01	0	0.01	1
10000	488	60	3.8	10	431	0	2	2	0	0	0	1
10000	488	60	4	8	255	0	1	1	0	0	0	1
10000	489	60	3	208	0	0	0.0	0.0	0.0	0.0	0.0	0
10000	489	60	3.2	86	3936	0	58	58	0.11	0	0	1
10000	489	60	3.4	33	4858	0	14	14	0.07	0	0	1
10000	489	60	3.6	17	1836	0	4	4	0	0	0	1
10000	489	60	3.8	12	959	0	3	3	0	0	0	1
10000	489	60	4	8	127	0	3	3	0	0	0	1
10000	490	60	3	271	0	0	0.0	0.0	0.0	0.0	0.0	0
10000	490	60	3.2	105	1846	0	73	73	0.06	0	0	1
10000	490	60	3.4	50	1689	0	26	26	0.03	0	0	1
10000	490	60	3.6	23	615	0	10	10	0.01	0	0	1
10000	490	60	3.8	12	171	0	4	4	0	0	0	1
10000	490	60	4	4	11	0	2	2	0	0	0	1
10000	491	60	3	255	0	0	0.0	0.0	0.0	0.0	0.0	0
10000	491	60	3.2	121	3714	0	77	77	0.16	0	0	1
10000	491	60	3.4	55	3234	0	29	29	0.05	0.01	0	1
10000	491	60	3.6	20	874	0	6	6	0	0	0	1
10000	491	60	3.8	10	251	0	3	3	0	0	0	1
10000	491	60	4	7	60	0	2	2	0	0	0	1
10000	492	60	3	235	0	0	0.0	0.0	0.0	0.0	0.0	0
10000	492	60	3.2	93	1718	0	65	65	0.06	0	0	1
10000	492	60	3.4	36	1452	0	15	15	0.01	0	0	1
10000	492	60	3.6	17	499	0	6	6	0	0	0.01	1
10000	492	60	3.8	8	78	0	3	3	0	0	0	1
10000	492	60	4	5	31	0	1	1	0	0	0	1
10000	493	60	3	206	0	0	0.0	0.0	0.0	0.0	0.0	0
10000	493	60	3.2	78	1382	0	50	50	0.05	0.01	0	1
10000	493	60	3.4	34	1396	1	14.3333	15	0.01	0.01	0.01	1
10000	493	60	3.6	16	371	0	5	5	0	0	0	1
10000	493	60	3.8	9	124	0	2	2	0	0	0	1
10000	493	60	4	4	15	0	1	1	0	0	0	1
10000	494	60	3	199	0	0	0.0	0.0	0.0	0.0	0.0	0
10000	494	60	3.2	89	4934	1	54	54	0.15	0.01	0.02	1
10000	494	60	3.4	41	3978	0	18	18	0.09	0	0	1
10000	494	60	3.6	20	875	0	7	7	0.01	0	0.01	1
10000	494	60	3.8	8	132	0	2	2	0	0	0	1
10000	494	60	4	4	15	0	1	1	0	0	0	1
10000	495	60	3	245	0	0	0.0	0.0	0.0	0.0	0.0	0
10000	495	60	3.2	100	2404	0	66	66	0.08	0.01	0	1
10000	495	60	3.4	40	2167	0	20	20	0.03	0	0	1
10000	495	60	3.6	20	1177	0	8	8	0.01	0	0	1
10000	495	60	3.8	10	251	0	3	3	0	0	0	1
10000	495	60	4	7	95	0	2	2	0	0	0	1
10000	496	60	3	258	0	0	0.0	0.0	0.0	0.0	0.0	0
10000	496	60	3.2	103	1810	0	72	72	0.07	0	0	1
10000	496	60	3.4	41	1799	0	21	21	0.03	0	0	1
10000	496	60	3.6	21	813	0	9	9	0.01	0	0	1
10000	496	60	3.8	10	149	0	3	3	0	0	0	1
10000	496	60	4	5	23	0	2	2	0	0	0	1
10000	497	60	3	244	0	0	0.0	0.0	0.0	0.0	0.0	0
10000	497	60	3.2	98	833	0	73	73	0.03	0	0	1
10000	497	60	3.4	31	565	0	17	17	0	0.01	0	1
10000	497	60	3.6	17	335	0	7	7	0	0	0	1
10000	497	60	3.8	11	166	0	5	5	0	0	0	1
10000	497	60	4	6	31	0	3	3	0	0	0	1
10000	498	60	3	224	0	0	0.0	0.0	0.0	0.0	0.0	0
10000	498	60	3.2	99	3359	0	63	63	0.16	0.01	0.01	1
10000	498	60	3.4	45	3039	0	18	18	0.05	0	0.03	1
10000	498	60	3.6	23	1484	0	10	10	0.01	0	0	1
10000	498	60	3.8	14	694	0	6	6	0	0	0	1
10000	498	60	4	9	95	0	3	3	0	0	0	1
10000	499	60	3	276	0	0	0.0	0.0	0.0	0.0	0.0	0
10000	499	60	3.2	100	1645	0	70	70	0.07	0	0	1
10000	499	60	3.4	41	1203	0	20	20	0.02	0	0	1
10000	499	60	3.6	18	665	0	7	7	0	0	0	1
10000	499	60	3.8	10	176	0	3	3	0	0	0	1
10000	499	60	4	6	35	0	2	2	0	0	0	1
10000	500	60	3	217	0	0	0.0	0.0	0.0	0.0	0.0	0
10000	500	60	3.2	86	2140	1	58	58	0.05	0	0.02	1
10000	500	60	3.4	44	2029	1	22.5	23	0.02	0	0.01	1
10000	500	60	3.6	18	708	0	8	8	0	0	0	1
10000	500	60	3.8	12	349	0	4	4	0	0	0	1
10000	500	60	4	8	95	0	3	3	0	0	0	1
10000	501	60	3	242	0	0	0.0	0.0	0.0	0.0	0.0	0
10000	501	60	3.2	94	2119	0	71	71	0.07	0	0	1
10000	501	60	3.4	40	2254	0	23	23	0.02	0	0.02	1
10000	501	60	3.6	21	645	0	8	8	0	0	0	1
10000	501	60	3.8	11	206	0	4	4	0	0	0	1
10000	501	60	4	7	71	0	2	2	0	0	0	1
10000	502	60	3	270	0	0	0.0	0.0	0.0	0.0	0.0	0
10000	502	60	3.2	108	4813	1	74.1667	75	0.19	0.01	0.03	1
10000	502	60	3.4	46	6794	0	20	20	0.1	0.01	0	1
10000	502	60	3.6	26	4751	0	7	7	0.04	0	0	1
10000	502	60	3.8	18	2293	0	4	4	0.01	0	0	1
10000	502	60	4	12	473	0	4	4	0	0	0	1
10000	503	60	3	255	0	0	0.0	0.0	0.0	0.0	0.0	0
10000	503	60	3.2	105	1659	0	78	78	0.09	0	0	1
10000	503	60	3.4	42	1616	0	20	20	0.02	0	0.01	1
10000	503	60	3.6	17	859	0	6	6	0.01	0	0	1
10000	503	60	3.8	11	261	0	3	3	0	0	0	1
10000	503	60	4	6	47	0	2	2	0	0	0	1
10000	504	60	3	254	0	0	0.0	0.0	0.0	0.0	0.0	0
10000	504	60	3.2	107	1945	0	81	81	0.06	0	0	1
10000	504	60	3.4	50	1833	0	30	30	0.02	0	0	1
10000	504	60	3.6	22	1099	0	10	10	0	0	0	1
10000	504	60	3.8	11	165	0	6	6	0	0	0	1
10000	504	60	4	5	23	0	2	2	0	0	0	1
10000	505	60	3	232	0	0	0.0	0.0	0.0	0.0	0.0	0
10000	505	60	3.2	95	2804	0	63	63	0.07	0	0	1
10000	505	60	3.4	41	2411	0	19	19	0.03	0	0	1
10000	505	60	3.6	18	874	0	7	7	0	0	0	1
10000	505	60	3.8	9	179	1	2.33333	3	0	0	0	1
10000	505	60	4	7	66	0	2	2	0	0	0	1
10000	506	60	3	218	0	0	0.0	0.0	0.0	0.0	0.0	0
10000	506	60	3.2	82	8424	0	50	50	0.33	0.01	0	1
10000	506	60	3.4	40	9344	1	14.5	15	0.11	0.01	0.15	1
10000	506	60	3.6	22	5474	0	6	6	0.05	0.01	0	1
10000	506	60	3.8	13	1039	0	3	3	0	0	0.01	1
10000	506	60	4	7	127	0	1	1	0	0	0	1
10000	507	60	3	213	0	0	0.0	0.0	0.0	0.0	0.0	0
10000	507	60	3.2	90	2358	0	63	63	0.05	0.01	0	1
10000	507	60	3.4	36	3124	0	15	15	0.02	0.01	0.02	1
10000	507	60	3.6	19	915	0	7	7	0	0	0.01	1
10000	507	60	3.8	12	383	0	4	4	0	0	0	1
10000	507	60	4	8	127	0	3	3	0	0	0	1
10000	508	60	3	233	0	0	0.0	0.0	0.0	0.0	0.0	0
10000	508	60	3.2	104	2662	0	75	75	0.08	0.01	0	1
10000	508	60	3.4	47	1810	0	25	25	0.03	0	0	1
10000	508	60	3.6	22	683	0	11	11	0	0	0	1
10000	508	60	3.8	10	239	0	3	3	0	0	0	1
10000	508	60	4	6	23	0	3	3	0	0	0	1
10000	509	60	3	227	0	0	0.0	0.0	0.0	0.0	0.0	0
10000	509	60	3.2	97	3657	1	62.5	63	0.13	0.01	0.02	1
10000	509	60	3.4	42	3157	0	23	23	0.06	0	0	1
10000	509	60	3.6	18	1544	0	6	6	0.01	0	0	1
10000	509	60	3.8	13	863	0	4	4	0	0	0	1
10000	509	60	4	10	287	0	3	3	0	0	0	1
10000	510	60	3	240	0	0	0.0	0.0	0.0	0.0	0.0	0
10000	510	60	3.2	97	2735	0	65	65	0.08	0	0	1
10000	510	60	3.4	43	1639	0	24	24	0.02	0	0	1
10000	510	60	3.6	21	547	1	10.5	11	0	0	0	1
10000	510	60	3.8	9	215	0	2	2	0	0	0	1
10000	510	60	4	6	47	0	2	2	0	0	0	1
10000	511	60	3	256	0	0	0.0	0.0	0.0	0.0	0.0	0
10000	511	60	3.2	113	1969	1	77.6667	78	0.11	0	0.01	1
10000	511	60	3.4	50	1555	1	24.5	25	0.04	0	0.01	1
10000	511	60	3.6	16	543	0	5	5	0	0	0	1
10000	511	60	3.8	11	272	0	3	3	0	0	0	1
10000	511	60	4	6	29	0	2	2	0	0	0	1
10000	512	60	3	240	0	0	0.0	0.0	0.0	0.0	0.0	0
10000	512	60	3.2	123	18123	1	73	73	0.81	0.03	0.09	1
10000	512	60	3.4	60	15067	0	26	26	0.38	0.02	0.08	1
10000	512	60	3.6	29	9437	0	9	9	0.15	0	0	1
10000	512	60	3.8	21	3832	0	6	6	0.06	0.01	0	1
10000	512	60	4	14	1007	0	4	4	0.01	0	0.02	1
10000	513	60	3	226	0	0	0.0	0.0	0.0	0.0	0.0	0
10000	513	60	3.2	96	2374	0	69	69	0.07	0	0	1
10000	513	60	3.4	44	1966	0	26	26	0.03	0	0	1
10000	513	60	3.6	21	638	0	12	12	0	0	0	1
10000	513	60	3.8	10	221	0	4	4	0	0	0	1
10000	513	60	4	4	11	0	2	2	0	0	0	1
10000	514	60	3	291	0	0	0.0	0.0	0.0	0.0	0.0	0
10000	514	60	3.2	105	2531	0	70	70	0.13	0	0	1
10000	514	60	3.4	54	2832	0	28	28	0.05	0	0	1
10000	514	60	3.6	22	1244	0	9	9	0	0	0	1
10000	514	60	3.8	11	335	0	3	3	0	0	0	1
10000	514	60	4	6	29	1	2.5	3	0	0	0	1
10000	515	60	3	252	0	0	0.0	0.0	0.0	0.0	0.0	0
10000	515	60	3.2	109	5217	0	70	70	0.18	0	0	1
10000	515	60	3.4	49	5217	0	24	24	0.09	0	0	1
10000	515	60	3.6	27	2174	0	11	11	0.02	0	0	1
10000	515	60	3.8	10	163	0	3	3	0	0	0	1
10000	515	60	4	4	7	0	3	3	0	0	0	1
10000	516	60	3	197	0	0	0.0	0.0	0.0	0.0	0.0	0
10000	516	60	3.2	84	6527	1	42.8571	43	0.23	0.01	0.08	1
10000	516	60	3.4	43	6237	0	17	17	0.14	0.01	0.04	1
10000	516	60	3.6	18	2591	0	4	4	0.01	0.01	0.01	1
10000	516	60	3.8	11	161	0	4	4	0	0	0	1
10000	516	60	4	5	27	1	1.5	2	0	0	0	1
10000	517	60	3	255	0	0	0.0	0.0	0.0	0.0	0.0	0
10000	517	60	3.2	113	2689	1	78.5	79	0.1	0	0.03	1
10000	517	60	3.4	51	3286	1	27.5	28	0.04	0.01	0.02	1
10000	517	60	3.6	25	1108	0	10	10	0	0.01	0	1
10000	517	60	3.8	9	133	1	2.5	3	0	0	0	1
10000	517	60	4	7	79	0	2	2	0	0	0	1
10000	518	60	3	239	0	0	0.0	0.0	0.0	0.0	0.0	0
10000	518	60	3.2	94	826	0	68	68	0.02	0	0.01	1
10000	518	60	3.4	34	381	0	17	17	0	0	0	1
10000	518	60	3.6	13	50	0	8	8	0	0	0	1
10000	518	60	3.8	2	2	0	2	2	0	0	0	1
10000	518	60	4	1	1	0	1	1	0	0	0	1
10000	519	60	3	273	0	0	0.0	0.0	0.0	0.0	0.0	0
10000	519	60	3.2	112	1371	0	82	82	0.06	0.01	0	1
10000	519	60	3.4	53	1369	0	29	29	0.02	0.01	0	1
10000	519	60	3.6	24	417	0	11	11	0	0	0.01	1
10000	519	60	3.8	11	65	0	5	5	0	0	0	1
10000	519	60	4	3	5	0	2	2	0	0	0	1
10000	520	60	3	229	0	0	0.0	0.0	0.0	0.0	0.0	0
10000	520	60	3.2	87	3119	0	56	56	0.12	0	0	1
10000	520	60	3.4	36	3778	0	14	14	0.07	0.01	0.02	1
10000	520	60	3.6	22	1904	0	7	7	0.02	0	0	1
10000	520	60	3.8	12	455	0	4	4	0	0	0	1
10000	520	60	4	8	159	0	2	2	0	0	0	1
10000	521	60	3	248	0	0	0.0	0.0	0.0	0.0	0.0	0
10000	521	60	3.2	138	0	0	0.0	0.0	0.0	0.0	0.0	0
10000	521	60	3.4	63	24128	0	28	28	0.57	0.02	0.16	1
10000	521	60	3.6	37	14849	0	16	16	0.25	0.02	0	1
10000	521	60	3.8	19	2501	0	6	6	0.02	0	0	1
10000	521	60	4	10	239	0	4	4	0	0	0	1
10000	522	60	3	232	0	0	0.0	0.0	0.0	0.0	0.0	0
10000	522	60	3.2	91	2951	1	54.5	55	0.09	0	0.03	1
10000	522	60	3.4	44	2532	0	20	20	0.03	0.01	0	1
10000	522	60	3.6	18	929	0	6	6	0	0	0	1
10000	522	60	3.8	11	323	0	3	3	0	0	0	1
10000	522	60	4	7	71	0	2	2	0	0	0	1
10000	523	60	3	208	0	0	0.0	0.0	0.0	0.0	0.0	0
10000	523	60	3.2	84	3130	0	55	55	0.08	0	0	1
10000	523	60	3.4	37	2932	1	16	16	0.04	0	0.01	1
10000	523	60	3.6	19	1009	0	6	6	0.01	0	0	1
10000	523	60	3.8	9	191	0	3	3	0	0	0	1
10000	523	60	4	6	63	0	1	1	0	0	0	1
10000	524	60	3	247	0	0	0.0	0.0	0.0	0.0	0.0	0
10000	524	60	3.2	105	4608	0	69	69	0.12	0.01	0.01	1
10000	524	60	3.4	52	5128	1	22.3333	23	0.06	0.01	0.05	1
10000	524	60	3.6	23	1957	0	8	8	0.01	0	0	1
10000	524	60	3.8	11	359	0	3	3	0	0	0	1
10000	524	60	4	9	143	0	3	3	0	0	0	1
10000	525	60	3	244	0	0	0.0	0.0	0.0	0.0	0.0	0
10000	525	60	3.2	104	3664	0	74	74	0.16	0.01	0	1
10000	525	60	3.4	49	4644	0	24	24	0.09	0.01	0	1
10000	525	60	3.6	26	2996	0	11	11	0.04	0	0	1
10000	525	60	3.8	18	410	0	11	11	0	0	0	1
10000	525	60	4	8	71	0	4	4	0	0	0	1
10000	526	60	3	220	0	0	0.0	0.0	0.0	0.0	0.0	0
10000	526	60	3.2	88	1110	0	65	65	0.04	0	0	1
10000	526	60	3.4	30	712	0	14	14	0	0	0	1
10000	526	60	3.6	13	257	0	6	6	0	0	0	1
10000	526	60	3.8	7	79	0	2	2	0	0	0	1
10000	526	60	4	4	15	0	1	1	0	0	0	1
10000	527	60	3	230	0	0	0.0	0.0	0.0	0.0	0.0	0
10000	527	60	3.2	85	2106	1	54.3333	55	0.07	0	0.01	1
10000	527	60	3.4	43	2252	1	19.4	20	0.05	0.01	0.02	1
10000	527	60	3.6	19	1559	0	7	7	0.01	0	0	1
10000	527	60	3.8	13	706	0	3	3	0	0	0	1
10000	527	60	4	6	47	0	2	2	0	0	0	1
10000	528	60	3	249	0	0	0.0	0.0	0.0	0.0	0.0	0
10000	528	60	3.2	103	2088	1	70.5	71	0.04	0.01	0.01	1
10000	528	60	3.4	42	1613	0	20	20	0.02	0	0	1
10000	528	60	3.6	20	665	0	10	10	0	0	0	1
10000	528	60	3.8	8	95	0	3	3	0	0	0	1
10000	528	60	4	4	15	0	1	1	0	0	0	1
10000	529	60	3	230	0	0	0.0	0.0	0.0	0.0	0.0	0
10000	529	60	3.2	87	2906	0	60	60	0.06	0	0	1
10000	529	60	3.4	37	2790	0	17	17	0.03	0	0	1
10000	529	60	3.6	23	1113	0	9	9	0	0.01	0	1
10000	529	60	3.8	7	56	0	2	2	0	0	0	1
10000	529	60	4	3	7	0	1	1	0	0	0	1
10000	530	60	3	196	0	0	0.0	0.0	0.0	0.0	0.0	0
10000	530	60	3.2	86	2747	0	55	55	0.07	0	0	1
10000	530	60	3.4	43	2043	0	20	20	0.03	0	0	1
10000	530	60	3.6	18	498	0	10	10	0	0	0	1
10000	530	60	3.8	12	115	0	8	8	0	0	0	1
10000	530	60	4	9	95	0	5	5	0	0	0	1
10000	531	60	3	224	0	0	0.0	0.0	0.0	0.0	0.0	0
10000	531	60	3.2	108	6023	0	67	67	0.18	0	0	1
10000	531	60	3.4	54	5284	0	29	29	0.06	0	0	1
10000	531	60	3.6	25	3538	0	10	10	0.02	0	0.03	1
10000	531	60	3.8	19	2047	0	7	7	0.01	0	0	1
10000	531	60	4	10	119	0	4	4	0	0	0	1
10000	532	60	3	244	0	0	0.0	0.0	0.0	0.0	0.0	0
10000	532	60	3.2	103	1339	0	85	85	0.02	0	0	1
10000	532	60	3.4	49	1455	0	36	36	0.01	0	0.01	1
10000	532	60	3.6	23	650	0	14	14	0	0	0	1
10000	532	60	3.8	10	139	0	5	5	0	0	0	1
10000	532	60	4	5	31	0	1	1	0	0	0	1
10000	533	60	3	265	0	0	0.0	0.0	0.0	0.0	0.0	0
10000	533	60	3.2	121	2915	0	84	84	0.09	0.01	0	1
10000	533	60	3.4	51	2601	0	24	24	0.04	0.01	0	1
10000	533	60	3.6	18	762	0	6	6	0	0	0	1
10000	533	60	3.8	8	78	0	3	3	0	0	0	1
10000	533	60	4	2	3	0	1	1	0	0	0	1
10000	534	60	3	247	0	0	0.0	0.0	0.0	0.0	0.0	0
10000	534	60	3.2	111	7231	0	77	77	0.27	0	0	1
10000	534	60	3.4	53	8424	0	23	23	0.19	0.01	0	1
10000	534	60	3.6	27	6246	0	11	11	0.08	0	0	1
10000	534	60	3.8	16	2013	0	6	6	0.01	0	0	1
10000	534	60	4	8	83	0	3	3	0	0	0	1
10000	535	60	3	216	0	0	0.0	0.0	0.0	0.0	0.0	0
10000	535	60	3.2	101	4085	0	62	62	0.14	0.01	0	1
10000	535	60	3.4	37	2081	0	16	16	0.02	0.01	0	1
10000	535	60	3.6	17	587	1	5.5	6	0	0	0.02	1
10000	535	60	3.8	8	99	0	3	3	0	0	0	1
10000	535	60	4	3	5	0	2	2	0	0	0	1
10000	536	60	3	247	0	0	0.0	0.0	0.0	0.0	0.0	0
10000	536	60	3.2	93	4097	0	65	65	0.09	0	0	1
10000	536	60	3.4	46	4969	0	28	28	0.04	0	0	1
10000	536	60	3.6	24	4493	0	11	11	0.03	0.01	0	1
10000	536	60	3.8	15	313	0	8	8	0	0	0	1
10000	536	60	4	6	47	0	2	2	0	0	0	1
10000	537	60	3	228	0	0	0.0	0.0	0.0	0.0	0.0	0
10000	537	60	3.2	96	3408	0	65	65	0.15	0	0.01	1
10000	537	60	3.4	41	3968	0	20	20	0.07	0	0	1
10000	537	60	3.6	22	1784	0	9	9	0.01	0.01	0	1
10000	537	60	3.8	10	287	0	4	4	0	0	0	1
10000	537	60	4	7	95	0	2	2	0	0	0	1
10000	538	60	3	257	0	0	0.0	0.0	0.0	0.0	0.0	0
10000	538	60	3.2	107	2895	1	73.5	74	0.1	0	0.03	1
10000	538	60	3.4	49	2860	0	27	27	0.05	0	0	1
10000	538	60	3.6	21	330	0	12	12	0	0	0	1
10000	538	60	3.8	10	52	0	7	7	0	0	0	1
10000	538	60	4	3	7	0	1	1	0	0	0	1
10000	539	60	3	235	0	0	0.0	0.0	0.0	0.0	0.0	0
10000	539	60	3.2	106	1148	0	78	78	0.04	0	0	1
10000	539	60	3.4	38	944	1	19.5	20	0.01	0	0.01	1
10000	539	60	3.6	19	288	0	8	8	0	0	0	1
10000	539	60	3.8	8	36	0	4	4	0	0	0	1
10000	539	60	4	6	31	0	3	3	0	0	0	1
10000	540	60	3	241	0	0	0.0	0.0	0.0	0.0	0.0	0
10000	540	60	3.2	107	2927	0	71	71	0.09	0	0	1
10000	540	60	3.4	39	1252	0	19	19	0.01	0	0	1
10000	540	60	3.6	16	379	0	6	6	0	0	0	1
10000	540	60	3.8	8	83	0	3	3	0	0	0	1
10000	540	60	4	3	7	0	1	1	0	0	0	1
10000	541	60	3	246	0	0	0.0	0.0	0.0	0.0	0.0	0
10000	541	60	3.2	112	1390	0	75	75	0.06	0.01	0	1
10000	541	60	3.4	47	761	0	25	25	0.02	0	0	1
10000	541	60	3.6	14	243	0	5	5	0	0	0	1
10000	541	60	3.8	7	47	0	3	3	0	0	0	1
10000	541	60	4	6	29	0	2	2	0	0	0	1
10000	542	60	3	231	0	0	0.0	0.0	0.0	0.0	0.0	0
10000	542	60	3.2	97	7037	0	61	61	0.32	0.01	0	1
10000	542	60	3.4	42	8743	0	16	16	0.12	0.02	0.04	1
10000	542	60	3.6	23	5197	0	7	7	0.04	0.01	0.03	1
10000	542	60	3.8	15	1430	0	4	4	0	0	0.01	1
10000	542	60	4	11	351	0	3	3	0	0	0	1
10000	543	60	3	210	0	0	0.0	0.0	0.0	0.0	0.0	0
10000	543	60	3.2	92	1171	0	61	61	0.04	0	0	1
10000	543	60	3.4	39	753	0	22	22	0.01	0	0	1
10000	543	60	3.6	16	417	1	6.33333	7	0	0	0	1
10000	543	60	3.8	8	101	0	3	3	0	0	0	1
10000	543	60	4	6	47	0	2	2	0	0	0	1
10000	544	60	3	267	0	0	0.0	0.0	0.0	0.0	0.0	0
10000	544	60	3.2	105	1778	1	73.5	74	0.05	0	0.01	1
10000	544	60	3.4	47	2009	1	26.5	27	0.03	0	0.02	1
10000	544	60	3.6	20	1041	1	6.33333	7	0.01	0	0.01	1
10000	544	60	3.8	11	195	0	3	3	0	0	0	1
10000	544	60	4	7	47	0	3	3	0	0	0	1
10000	545	60	3	219	0	0	0.0	0.0	0.0	0.0	0.0	0
10000	545	60	3.2	88	1458	0	65	65	0.04	0	0	1
10000	545	60	3.4	38	1140	0	23	23	0.01	0	0	1
10000	545	60	3.6	19	602	0	9	9	0	0	0	1
10000	545	60	3.8	10	230	0	4	4	0	0	0	1
10000	545	60	4	7	63	0	3	3	0	0	0	1
10000	546	60	3	252	0	0	0.0	0.0	0.0	0.0	0.0	0
10000	546	60	3.2	100	2334	0	64	64	0.06	0	0	1
10000	546	60	3.4	44	1893	0	22	22	0.02	0.01	0	1
10000	546	60	3.6	22	903	0	8	8	0	0	0	1
10000	546	60	3.8	11	166	0	3	3	0	0	0	1
10000	546	60	4	5	19	0	2	2	0	0	0	1
10000	547	60	3	253	0	0	0.0	0.0	0.0	0.0	0.0	0
10000	547	60	3.2	112	2375	0	72	72	0.06	0	0.01	1
10000	547	60	3.4	47	1642	0	25	25	0.01	0.01	0	1
10000	547	60	3.6	20	403	0	10	10	0	0	0	1
10000	547	60	3.8	7	25	0	4	4	0	0	0	1
10000	547	60	4	3	5	0	2	2	0	0	0	1
10000	548	60	3	224	0	0	0.0	0.0	0.0	0.0	0.0	0
10000	548	60	3.2	89	3879	1	53.3333	54	0.12	0	0.04	1
10000	548	60	3.4	41	3567	0	18	18	0.07	0.01	0.04	1
10000	548	60	3.6	18	1289	0	5	5	0.02	0	0	1
10000	548	60	3.8	8	95	0	2	2	0	0	0	1
10000	548	60	4	6	37	0	2	2	0	0	0	1
10000	549	60	3	237	0	0	0.0	0.0	0.0	0.0	0.0	0
10000	549	60	3.2	103	2408	0	67	67	0.1	0	0	1
10000	549	60	3.4	39	1734	0	21	21	0.02	0	0	1
10000	549	60	3.6	17	851	1	4.5	5	0	0	0.01	1
10000	549	60	3.8	10	287	0	2	2	0	0	0	1
10000	549	60	4	6	63	0	1	1	0	0	0	1
10000	550	60	3	252	0	0	0.0	0.0	0.0	0.0	0.0	0
10000	550	60	3.2	91	630	0	66	66	0.01	0	0	1
10000	550	60	3.4	38	462	0	20	20	0	0	0	1
10000	550	60	3.6	14	161	0	6	6	0	0	0	1
10000	550	60	3.8	7	95	0	2	2	0	0	0	1
10000	550	60	4	7	71	0	2	2	0	0	0	1
10000	551	60	3	211	0	0	0.0	0.0	0.0	0.0	0.0	0
10000	551	60	3.2	110	1756	0	84	84	0.08	0	0	1
10000	551	60	3.4	35	1996	0	19	19	0.03	0.01	0.01	1
10000	551	60	3.6	19	482	0	9	9	0	0	0	1
10000	551	60	3.8	9	71	0	5	5	0	0	0	1
10000	551	60	4	4	11	0	2	2	0	0	0	1
10000	552	60	3	217	0	0	0.0	0.0	0.0	0.0	0.0	0
10000	552	60	3.2	91	4826	0	51	51	0.19	0	0	1
10000	552	60	3.4	48	3912	0	25	25	0.1	0	0.02	1
10000	552	60	3.6	24	1881	0	11	11	0.01	0	0.01	1
10000	552	60	3.8	10	122	0	4	4	0	0	0	1
10000	552	60	4	2	3	0	1	1	0	0	0	1
10000	553	60	3	223	0	0	0.0	0.0	0.0	0.0	0.0	0
10000	553	60	3.2	92	1468	0	57	57	0.04	0.01	0	1
10000	553	60	3.4	37	680	0	18	18	0.01	0	0	1
10000	553	60	3.6	15	240	0	7	7	0	0	0	1
10000	553	60	3.8	6	47	0	2	2	0	0	0	1
10000	553	60	4	3	7	0	1	1	0	0	0	1
10000	554	60	3	240	0	0	0.0	0.0	0.0	0.0	0.0	0
10000	554	60	3.2	91	4266	0	61	61	0.17	0	0	1
10000	554	60	3.4	45	4049	0	22	22	0.06	0	0	1
10000	554	60	3.6	19	1056	0	6	6	0	0	0	1
10000	554	60	3.8	11	557	0	3	3	0	0	0	1
10000	554	60	4	4	15	0	1	1	0	0	0	1
10000	555	60	3	242	0	0	0.0	0.0	0.0	0.0	0.0	0
10000	555	60	3.2	94	3273	0	58	58	0.13	0	0	1
10000	555	60	3.4	40	2751	0	18	18	0.04	0	0.02	1
10000	555	60	3.6	19	1172	0	7	7	0.01	0	0	1
10000	555	60	3.8	11	144	0	3	3	0	0	0	1
10000	555	60	4	2	3	0	1	1	0	0	0	1
10000	556	60	3	218	0	0	0.0	0.0	0.0	0.0	0.0	0
10000	556	60	3.2	87	2264	0	60	60	0.07	0.01	0	1
10000	556	60	3.4	38	2109	0	16	16	0.05	0	0	1
10000	556	60	3.6	22	1038	0	9	9	0.01	0	0	1
10000	556	60	3.8	8	103	0	3	3	0	0	0	1
10000	556	60	4	4	15	0	1	1	0	0	0	1
10000	557	60	3	234	0	0	0.0	0.0	0.0	0.0	0.0	0
10000	557	60	3.2	101	6048	0	66	66	0.27	0.01	0.04	1
10000	557	60	3.4	43	6053	1	16.6667	17	0.14	0	0.07	1
10000	557	60	3.6	21	3581	1	6.5	7	0.02	0	0.02	1
10000	557	60	3.8	13	1238	0	3	3	0	0	0.01	1
10000	557	60	4	7	95	0	2	2	0	0	0	1
10000	558	60	3	226	0	0	0.0	0.0	0.0	0.0	0.0	0
10000	558	60	3.2	98	4891	0	66	66	0.14	0	0	1
10000	558	60	3.4	41	5975	0	18	18	0.05	0	0.03	1
10000	558	60	3.6	24	4184	0	8	8	0.02	0.01	0	1
10000	558	60	3.8	11	479	0	3	3	0	0	0	1
10000	558	60	4	6	31	0	3	3	0	0	0	1
10000	559	60	3	283	0	0	0.0	0.0	0.0	0.0	0.0	0
10000	559	60	3.2	122	3967	0	84	84	0.11	0	0	1
10000	559	60	3.4	55	4616	0	27	27	0.08	0	0	1
10000	559	60	3.6	23	3131	0	7	7	0.03	0	0.02	1
10000	559	60	3.8	16	936	0	4	4	0.01	0	0	1
10000	559	60	4	9	287	0	2	2	0	0	0	1
10000	560	60	3	252	0	0	0.0	0.0	0.0	0.0	0.0	0
10000	560	60	3.2	94	700	1	68.75	69	0.01	0.01	0	1
10000	560	60	3.4	32	619	0	16	16	0	0	0.01	1
10000	560	60	3.6	15	364	0	5	5	0	0	0	1
10000	560	60	3.8	10	150	0	3	3	0	0	0	1
10000	560	60	4	5	31	0	1	1	0	0	0	1
10000	561	60	3	217	0	0	0.0	0.0	0.0	0.0	0.0	0
10000	561	60	3.2	97	3146	0	64	64	0.1	0	0	1
10000	561	60	3.4	38	2194	0	16	16	0.05	0	0	1
10000	561	60	3.6	15	495	0	5	5	0	0	0	1
10000	561	60	3.8	10	139	0	4	4	0	0	0	1
10000	561	60	4	5	23	0	2	2	0	0	0	1
10000	562	60	3	250	0	0	0.0	0.0	0.0	0.0	0.0	0
10000	562	60	3.2	92	1247	0	67	67	0.03	0	0	1
10000	562	60	3.4	33	1153	0	17	17	0.01	0	0	1
10000	562	60	3.6	15	896	0	5	5	0	0	0	1
10000	562	60	3.8	11	265	0	4	4	0	0	0	1
10000	562	60	4	8	103	0	3	3	0	0	0	1
10000	563	60	3	230	0	0	0.0	0.0	0.0	0.0	0.0	0
10000	563	60	3.2	90	3580	1	54.25	55	0.1	0.01	0.02	1
10000	563	60	3.4	41	5120	1	16	16	0.06	0.01	0.02	1
10000	563	60	3.6	21	4331	0	5	5	0.03	0.01	0	1
10000	563	60	3.8	12	496	0	3	3	0	0	0.01	1
10000	563	60	4	6	47	0	2	2	0	0	0	1
10000	564	60	3	218	0	0	0.0	0.0	0.0	0.0	0.0	0
10000	564	60	3.2	100	7920	0	53	53	0.33	0.02	0	1
10000	564	60	3.4	50	8999	0	20	20	0.2	0.01	0	1
10000	564	60	3.6	24	4175	0	8	8	0.03	0.01	0	1
10000	564	60	3.8	14	1046	0	3	3	0	0.01	0	1
10000	564	60	4	7	95	0	2	2	0	0	0	1
10000	565	60	3	235	0	0	0.0	0.0	0.0	0.0	0.0	0
10000	565	60	3.2	99	7032	0	68	68	0.28	0	0	1
10000	565	60	3.4	55	7582	1	29.5	30	0.16	0.01	0.06	1
10000	565	60	3.6	27	4401	0	10	10	0.03	0	0	1
10000	565	60	3.8	16	887	0	6	6	0	0	0	1
10000	565	60	4	11	335	0	3	3	0	0	0	1
10000	566	60	3	251	0	0	0.0	0.0	0.0	0.0	0.0	0
10000	566	60	3.2	99	2657	0	63	63	0.07	0	0	1
10000	566	60	3.4	44	2250	1	20.5	21	0.03	0	0.02	1
10000	566	60	3.6	17	567	0	5	5	0	0	0	1
10000	566	60	3.8	8	44	0	4	4	0	0	0	1
10000	566	60	4	2	3	0	1	1	0	0	0	1
10000	567	60	3	214	0	0	0.0	0.0	0.0	0.0	0.0	0
10000	567	60	3.2	89	6083	0	47	47	0.22	0	0.03	1
10000	567	60	3.4	37	4731	0	13	13	0.06	0.01	0.03	1
10000	567	60	3.6	21	2746	0	7	7	0.04	0	0	1
10000	567	60	3.8	14	539	0	4	4	0	0	0	1
10000	567	60	4	7	47	0	3	3	0	0	0	1
10000	568	60	3	253	0	0	0.0	0.0	0.0	0.0	0.0	0
10000	568	60	3.2	114	4518	0	80	80	0.16	0.01	0.03	1
10000	568	60	3.4	53	5718	0	27	27	0.09	0.01	0.03	1
10000	568	60	3.6	22	2756	0	6	6	0.01	0.01	0	1
10000	568	60	3.8	11	352	0	3	3	0	0	0	1
10000	568	60	4	6	39	0	2	2	0	0	0	1
10000	569	60	3	213	0	0	0.0	0.0	0.0	0.0	0.0	0
10000	569	60	3.2	85	3704	0	51	51	0.09	0	0	1
10000	569	60	3.4	40	4536	0	17	17	0.06	0.01	0	1
10000	569	60	3.6	21	2430	0	6	6	0.01	0	0.01	1
10000	569	60	3.8	10	191	0	2	2	0	0	0	1
10000	569	60	4	6	63	0	1	1	0	0	0	1
10000	570	60	3	187	0	0	0.0	0.0	0.0	0.0	0.0	0
10000	570	60	3.2	71	4750	0	38	38	0.09	0	0	1
10000	570	60	3.4	33	4432	0	13	13	0.04	0	0.02	1
10000	570	60	3.6	17	1646	1	4.5	5	0.02	0	0.02	1
10000	570	60	3.8	9	159	0	3	3	0	0	0	1
10000	570	60	4	6	47	0	2	2	0	0	0	1
10000	571	60	3	218	0	0	0.0	0.0	0.0	0.0	0.0	0
10000	571	60	3.2	92	6149	0	59	59	0.22	0.01	0	1
10000	571	60	3.4	45	5371	0	17	17	0.12	0.01	0	1
10000	571	60	3.6	21	2006	0	5	5	0.01	0	0	1
10000	571	60	3.8	11	79	0	5	5	0	0	0	1
10000	571	60	4	3	7	0	1	1	0	0	0	1
10000	572	60	3	225	0	0	0.0	0.0	0.0	0.0	0.0	0
10000	572	60	3.2	92	3845	0	60	60	0.1	0	0	1
10000	572	60	3.4	40	4287	0	19	19	0.07	0	0.02	1
10000	572	60	3.6	23	1799	0	9	9	0.01	0	0	1
10000	572	60	3.8	11	479	0	4	4	0	0	0	1
10000	572	60	4	5	23	0	2	2	0	0	0	1
10000	573	60	3	227	0	0	0.0	0.0	0.0	0.0	0.0	0
10000	573	60	3.2	90	1204	0	63	63	0.05	0.01	0	1
10000	573	60	3.4	35	766	1	16.5	17	0	0	0.01	1
10000	573	60	3.6	14	188	0	6	6	0	0	0	1
10000	573	60	3.8	8	79	0	3	3	0	0	0	1
10000	573	60	4	4	11	0	2	2	0	0	0	1
10000	574	60	3	264	0	0	0.0	0.0	0.0	0.0	0.0	0
10000	574	60	3.2	107	2636	0	76	76	0.1	0	0	1
10000	574	60	3.4	43	2331	0	25	25	0.04	0	0	1
10000	574	60	3.6	24	781	0	14	14	0.01	0	0	1
10000	574	60	3.8	12	119	0	7	7	0	0	0	1
10000	574	60	4	4	11	0	2	2	0	0	0	1
10000	575	60	3	214	0	0	0.0	0.0	0.0	0.0	0.0	0
10000	575	60	3.2	90	4055	0	51	51	0.09	0.01	0.02	1
10000	575	60	3.4	43	3851	0	17	17	0.05	0.01	0	1
10000	575	60	3.6	17	1762	0	4	4	0	0.01	0	1
10000	575	60	3.8	9	112	0	3	3	0	0	0	1
10000	575	60	4	4	15	0	1	1	0	0	0	1
10000	576	60	3	242	0	0	0.0	0.0	0.0	0.0	0.0	0
10000	576	60	3.2	100	3950	1	60.5	61	0.15	0	0.05	1
10000	576	60	3.4	49	3765	0	22	22	0.06	0.01	0	1
10000	576	60	3.6	26	1553	0	9	9	0.01	0	0	1
10000	576	60	3.8	11	132	0	4	4	0	0	0	1
10000	576	60	4	7	47	0	3	3	0	0	0	1
10000	577	60	3	225	0	0	0.0	0.0	0.0	0.0	0.0	0
10000	577	60	3.2	93	4063	1	61.5	62	0.13	0.01	0.04	1
10000	577	60	3.4	38	5248	0	16	16	0.06	0.01	0	1
10000	577	60	3.6	21	2462	0	7	7	0.01	0	0	1
10000	577	60	3.8	10	323	0	3	3	0	0	0	1
10000	577	60	4	9	255	0	3	3	0	0	0	1
10000	578	60	3	219	0	0	0.0	0.0	0.0	0.0	0.0	0
10000	578	60	3.2	100	7218	0	59	59	0.29	0.01	0	1
10000	578	60	3.4	55	6215	0	21	21	0.13	0.01	0.05	1
10000	578	60	3.6	23	3045	0	7	7	0.02	0	0	1
10000	578	60	3.8	14	527	0	5	5	0	0	0	1
10000	578	60	4	7	41	0	3	3	0	0	0	1
10000	579	60	3	230	0	0	0.0	0.0	0.0	0.0	0.0	0
10000	579	60	3.2	101	6293	0	66	66	0.25	0	0	1
10000	579	60	3.4	43	7407	0	16	16	0.11	0.01	0.05	1
10000	579	60	3.6	26	6396	0	7	7	0.06	0	0.33	1
10000	579	60	3.8	13	1986	0	2	2	0.01	0	0.01	1
10000	579	60	4	9	239	0	2	2	0	0	0	1
10000	580	60	3	245	0	0	0.0	0.0	0.0	0.0	0.0	0
10000	580	60	3.2	99	2409	0	74	74	0.06	0	0.01	1
10000	580	60	3.4	41	2599	0	21	21	0.03	0	0	1
10000	580	60	3.6	19	1097	1	5.25	6	0	0	0.01	1
10000	580	60	3.8	11	215	0	4	4	0	0	0	1
10000	580	60	4	6	47	0	2	2	0	0	0	1
10000	581	60	3	211	0	0	0.0	0.0	0.0	0.0	0.0	0
10000	581	60	3.2	84	5462	0	51	51	0.26	0.01	0	1
10000	581	60	3.4	39	8452	0	13	13	0.16	0.01	0.06	1
10000	581	60	3.6	24	4974	0	6	6	0.07	0.01	0	1
10000	581	60	3.8	13	910	0	3	3	0	0	0.01	1
10000	581	60	4	8	191	0	2	2	0	0	0	1
10000	582	60	3	237	0	0	0.0	0.0	0.0	0.0	0.0	0
10000	582	60	3.2	111	3313	0	76	76	0.11	0	0.02	1
10000	582	60	3.4	48	3120	0	24	24	0.04	0	0.01	1
10000	582	60	3.6	20	491	0	11	11	0	0	0	1
10000	582	60	3.8	9	65	0	3	3	0	0	0	1
10000	582	60	4	5	31	0	1	1	0	0	0	1
10000	583	60	3	227	0	0	0.0	0.0	0.0	0.0	0.0	0
10000	583	60	3.2	91	1727	0	66	66	0.06	0	0	1
10000	583	60	3.4	35	995	0	17	17	0.01	0.01	0	1
10000	583	60	3.6	17	222	0	8	8	0	0	0	1
10000	583	60	3.8	6	15	0	4	4	0	0	0	1
10000	583	60	4	3	4	0	2	2	0	0	0	1
10000	584	60	3	194	0	0	0.0	0.0	0.0	0.0	0.0	0
10000	584	60	3.2	69	2293	0	35	35	0.06	0	0	1
10000	584	60	3.4	30	954	0	12	12	0.01	0	0	1
10000	584	60	3.6	6	35	0	2	2	0	0	0	1
10000	584	60	3.8	4	15	0	1	1	0	0	0	1
10000	584	60	4	1	1	0	1	1	0	0	0	1
10000	585	60	3	262	0	0	0.0	0.0	0.0	0.0	0.0	0
10000	585	60	3.2	108	3180	0	71	71	0.12	0	0	1
10000	585	60	3.4	51	1697	0	30	30	0.02	0.01	0	1
10000	585	60	3.6	17	398	0	6	6	0	0	0	1
10000	585	60	3.8	8	59	0	3	3	0	0	0	1
10000	585	60	4	5	23	0	2	2	0	0	0	1
10000	586	60	3	221	0	0	0.0	0.0	0.0	0.0	0.0	0
10000	586	60	3.2	100	8977	0	59	59	0.25	0.01	0	1
10000	586	60	3.4	48	8549	1	16.4	17	0.12	0.01	0.11	1
10000	586	60	3.6	22	4350	0	6	6	0.04	0.01	0.06	1
10000	586	60	3.8	14	646	0	6	6	0	0	0	1
10000	586	60	4	7	79	0	2	2	0	0	0	1
10000	587	60	3	233	0	0	0.0	0.0	0.0	0.0	0.0	0
10000	587	60	3.2	91	4723	0	59	59	0.22	0	0	1
10000	587	60	3.4	44	4980	0	20	20	0.11	0.01	0.05	1
10000	587	60	3.6	25	3306	1	10	10	0.03	0.01	0.01	1
10000	587	60	3.8	13	1012	0	3	3	0	0	0.01	1
10000	587	60	4	8	119	0	2	2	0	0	0	1
10000	588	60	3	228	0	0	0.0	0.0	0.0	0.0	0.0	0
10000	588	60	3.2	90	2062	0	67	67	0.06	0.01	0	1
10000	588	60	3.4	37	2272	1	19	19	0.04	0	0.01	1
10000	588	60	3.6	21	616	0	8	8	0	0	0	1
10000	588	60	3.8	8	67	0	3	3	0	0	0	1
10000	588	60	4	4	7	0	3	3	0	0	0	1
10000	589	60	3	242	0	0	0.0	0.0	0.0	0.0	0.0	0
10000	589	60	3.2	93	1867	0	66	66	0.06	0.01	0	1
10000	589	60	3.4	43	1688	0	27	27	0.02	0	0	1
10000	589	60	3.6	17	542	0	8	8	0	0	0	1
10000	589	60	3.8	8	127	0	3	3	0	0	0	1
10000	589	60	4	4	15	0	1	1	0	0	0	1
10000	590	60	3	201	0	0	0.0	0.0	0.0	0.0	0.0	0
10000	590	60	3.2	93	5582	1	55.5	56	0.2	0.01	0.04	1
10000	590	60	3.4	51	6037	1	23	23	0.08	0.01	0.04	1
10000	590	60	3.6	21	2658	0	6	6	0.01	0	0	1
10000	590	60	3.8	9	215	0	2	2	0	0	0	1
10000	590	60	4	6	63	0	1	1	0	0	0	1
10000	591	60	3	223	0	0	0.0	0.0	0.0	0.0	0.0	0
10000	591	60	3.2	82	4068	1	46.25	47	0.1	0.01	0.02	1
10000	591	60	3.4	41	3901	1	14.5	15	0.04	0.01	0.03	1
10000	591	60	3.6	18	725	0	8	8	0	0.01	0	1
10000	591	60	3.8	10	78	0	4	4	0	0	0	1
10000	591	60	4	3	7	0	1	1	0	0	0	1
10000	592	60	3	215	0	0	0.0	0.0	0.0	0.0	0.0	0
10000	592	60	3.2	77	2374	1	47.4	48	0.06	0.01	0.02	1
10000	592	60	3.4	38	2396	1	13.5	14	0.04	0.01	0.04	1
10000	592	60	3.6	19	1203	0	6	6	0	0	0	1
10000	592	60	3.8	13	704	0	4	4	0	0	0	1
10000	592	60	4	8	127	0	3	3	0	0	0	1
10000	593	60	3	244	0	0	0.0	0.0	0.0	0.0	0.0	0
10000	593	60	3.2	104	14401	0	65	65	0.65	0.01	0	1
10000	593	60	3.4	49	19658	0	20	20	0.46	0.03	0	1
10000	593	60	3.6	31	19183	0	9	9	0.35	0.03	0	1
10000	593	60	3.8	16	1362	0	6	6	0.01	0	0	1
10000	593	60	4	8	191	0	2	2	0	0	0	1
10000	594	60	3	247	0	0	0.0	0.0	0.0	0.0	0.0	0
10000	594	60	3.2	115	4926	0	72	72	0.17	0	0	1
10000	594	60	3.4	47	4573	1	17.3333	18	0.07	0.01	0.03	1
10000	594	60	3.6	25	1750	0	8	8	0.01	0	0	1
10000	594	60	3.8	10	319	0	3	3	0	0	0	1
10000	594	60	4	7	95	0	2	2	0	0	0	1
10000	595	60	3	257	0	0	0.0	0.0	0.0	0.0	0.0	0
10000	595	60	3.2	105	2459	0	77	77	0.14	0	0	1
10000	595	60	3.4	49	2339	1	25.5	26	0.06	0	0.04	1
10000	595	60	3.6	23	1234	0	10	10	0.01	0	0	1
10000	595	60	3.8	13	344	0	5	5	0	0	0	1
10000	595	60	4	6	35	0	2	2	0	0	0	1
10000	596	60	3	239	0	0	0.0	0.0	0.0	0.0	0.0	0
10000	596	60	3.2	110	2835	0	68	68	0.11	0	0.01	1
10000	596	60	3.4	55	2276	0	25	25	0.04	0	0	1
10000	596	60	3.6	24	578	0	11	11	0	0	0.01	1
10000	596	60	3.8	10	127	0	4	4	0	0	0	1
10000	596	60	4	8	83	0	3	3	0	0	0	1
10000	597	60	3	259	0	0	0.0	0.0	0.0	0.0	0.0	0
10000	597	60	3.2	104	2732	0	68	68	0.11	0	0.01	1
10000	597	60	3.4	45	2300	0	18	18	0.03	0.01	0.01	1
10000	597	60	3.6	18	572	0	7	7	0	0	0	1
10000	597	60	3.8	9	40	0	5	5	0	0	0	1
10000	597	60	4	3	7	0	1	1	0	0	0	1
10000	598	60	3	212	0	0	0.0	0.0	0.0	0.0	0.0	0
10000	598	60	3.2	103	9348	1	55.375	56	0.25	0.02	0.08	1
10000	598	60	3.4	50	8256	0	18	18	0.11	0.01	0	1
10000	598	60	3.6	20	2463	0	5	5	0.02	0.01	0.01	1
10000	598	60	3.8	11	295	0	4	4	0	0	0	1
10000	598	60	4	4	15	0	1	1	0	0	0	1
10000	599	60	3	250	0	0	0.0	0.0	0.0	0.0	0.0	0
10000	599	60	3.2	103	2592	0	78	78	0.08	0.01	0	1
10000	599	60	3.4	49	2372	0	29	29	0.04	0	0	1
10000	599	60	3.6	21	1205	0	8	8	0.01	0	0.02	1
10000	599	60	3.8	7	43	0	3	3	0	0	0	1
10000	599	60	4	4	8	0	2	2	0	0	0	1
10000	600	60	3	257	0	0	0.0	0.0	0.0	0.0	0.0	0
10000	600	60	3.2	97	4111	0	70	70	0.09	0	0.02	1
10000	600	60	3.4	43	5424	0	21	21	0.05	0	0	1
10000	600	60	3.6	30	2920	0	12	12	0.02	0.01	0	1
10000	600	60	3.8	13	219	0	6	6	0	0	0	1
10000	600	60	4	7	59	0	2	2	0	0	0	1
10000	601	60	3	253	0	0	0.0	0.0	0.0	0.0	0.0	0
10000	601	60	3.2	99	4967	1	58.8333	59	0.21	0	0.06	1
10000	601	60	3.4	54	5268	1	23.5	24	0.14	0.01	0.05	1
10000	601	60	3.6	26	1571	0	9	9	0.03	0	0	1
10000	601	60	3.8	12	220	0	5	5	0	0	0	1
10000	601	60	4	6	47	0	2	2	0	0	0	1
10000	602	60	3	238	0	0	0.0	0.0	0.0	0.0	0.0	0
10000	602	60	3.2	85	783	1	61.3333	62	0.03	0	0	1
10000	602	60	3.4	33	654	0	16	16	0	0	0.01	1
10000	602	60	3.6	16	295	1	6	6	0	0	0	1
10000	602	60	3.8	4	7	0	3	3	0	0	0	1
10000	602	60	4	1	1	0	1	1	0	0	0	1
10000	603	60	3	244	0	0	0.0	0.0	0.0	0.0	0.0	0
10000	603	60	3.2	97	1612	0	68	68	0.06	0.01	0	1
10000	603	60	3.4	44	1313	0	22	22	0.02	0	0	1
10000	603	60	3.6	21	436	0	9	9	0	0	0	1
10000	603	60	3.8	8	71	0	3	3	0	0	0	1
10000	603	60	4	4	15	0	1	1	0	0	0	1
10000	604	60	3	240	0	0	0.0	0.0	0.0	0.0	0.0	0
10000	604	60	3.2	94	1626	0	61	61	0.06	0	0	1
10000	604	60	3.4	36	881	1	18.5	19	0.01	0	0.01	1
10000	604	60	3.6	12	297	0	3	3	0	0	0	1
10000	604	60	3.8	6	36	0	2	2	0	0	0	1
10000	604	60	4	3	7	0	1	1	0	0	0	1
10000	605	60	3	252	0	0	0.0	0.0	0.0	0.0	0.0	0
10000	605	60	3.2	105	5229	0	68	68	0.23	0.01	0	1
10000	605	60	3.4	47	4346	0	21	21	0.09	0	0	1
10000	605	60	3.6	20	1496	0	6	6	0.02	0	0.01	1
10000	605	60	3.8	10	175	0	3	3	0	0	0	1
10000	605	60	4	8	127	0	3	3	0	0	0	1
10000	606	60	3	236	0	0	0.0	0.0	0.0	0.0	0.0	0
10000	606	60	3.2	111	7258	0	75	75	0.2	0	0	1
10000	606	60	3.4	55	10391	0	24	24	0.09	0.01	0.07	1
10000	606	60	3.6	29	4110	1	10.5	11	0.02	0	0.03	1
10000	606	60	3.8	17	1489	0	7	7	0	0	0	1
10000	606	60	4	9	191	0	3	3	0	0	0	1
10000	607	60	3	300	0	0	0.0	0.0	0.0	0.0	0.0	0
10000	607	60	3.2	109	806	0	86	86	0.02	0	0	1
10000	607	60	3.4	48	726	0	28	28	0.01	0	0	1
10000	607	60	3.6	22	413	0	12	12	0	0	0	1
10000	607	60	3.8	11	181	0	5	5	0	0	0	1
10000	607	60	4	10	152	0	5	5	0	0	0	1
10000	608	60	3	208	0	0	0.0	0.0	0.0	0.0	0.0	0
10000	608	60	3.2	83	1626	0	53	53	0.08	0	0.01	1
10000	608	60	3.4	41	1129	0	21	21	0.01	0	0	1
10000	608	60	3.6	14	256	0	5	5	0	0	0	1
10000	608	60	3.8	5	19	0	2	2	0	0	0	1
10000	608	60	4	3	7	0	1	1	0	0	0	1
10000	609	60	3	243	0	0	0.0	0.0	0.0	0.0	0.0	0
10000	609	60	3.2	103	2279	0	65	65	0.04	0	0	1
10000	609	60	3.4	43	2449	0	21	21	0.01	0.01	0.01	1
10000	609	60	3.6	22	1128	0	9	9	0	0	0	1
10000	609	60	3.8	8	143	0	2	2	0	0	0	1
10000	609	60	4	5	31	0	1	1	0	0	0	1
10000	610	60	3	245	0	0	0.0	0.0	0.0	0.0	0.0	0
10000	610	60	3.2	101	2009	1	75.5	76	0.08	0	0.01	1
10000	610	60	3.4	38	1960	0	18	18	0.03	0	0	1
10000	610	60	3.6	24	978	0	12	12	0.01	0	0	1
10000	610	60	3.8	11	199	0	4	4	0	0	0	1
10000	610	60	4	7	47	0	3	3	0	0	0	1
10000	611	60	3	223	0	0	0.0	0.0	0.0	0.0	0.0	0
10000	611	60	3.2	93	22709	0	48	48	0.59	0.02	0	1
10000	611	60	3.4	57	23120	0	25	25	0.41	0.02	0.12	1
10000	611	60	3.6	30	6042	0	12	12	0.07	0	0.04	1
10000	611	60	3.8	16	775	0	7	7	0	0	0	1
10000	611	60	4	11	383	0	5	5	0	0	0	1
10000	612	60	3	271	0	0	0.0	0.0	0.0	0.0	0.0	0
10000	612	60	3.2	114	1456	0	78	78	0.05	0	0	1
10000	612	60	3.4	40	968	1	20.5	21	0.02	0	0.02	1
10000	612	60	3.6	18	185	0	10	10	0	0	0	1
10000	612	60	3.8	6	35	0	2	2	0	0	0	1
10000	612	60	4	4	15	0	1	1	0	0	0	1
10000	613	60	3	238	0	0	0.0	0.0	0.0	0.0	0.0	0
10000	613	60	3.2	109	4527	0	83	83	0.21	0	0	1
10000	613	60	3.4	57	3093	0	39	39	0.06	0.01	0	1
10000	613	60	3.6	22	1296	0	12	12	0.01	0	0	1
10000	613	60	3.8	14	655	0	6	6	0	0	0	1
10000	613	60	4	10	167	0	5	5	0	0	0	1
10000	614	60	3	261	0	0	0.0	0.0	0.0	0.0	0.0	0
10000	614	60	3.2	90	2463	0	54	54	0.07	0	0	1
10000	614	60	3.4	44	2181	0	22	22	0.02	0	0	1
10000	614	60	3.6	23	552	0	10	10	0	0	0	1
10000	614	60	3.8	9	106	0	4	4	0	0	0	1
10000	614	60	4	5	31	0	1	1	0	0	0	1
10000	615	60	3	242	0	0	0.0	0.0	0.0	0.0	0.0	0
10000	615	60	3.2	100	2096	0	73	73	0.1	0	0	1
10000	615	60	3.4	47	1307	0	28	28	0.03	0	0	1
10000	615	60	3.6	19	233	0	10	10	0	0	0	1
10000	615	60	3.8	7	43	0	3	3	0	0	0	1
10000	615	60	4	5	23	0	2	2	0	0	0	1
10000	616	60	3	231	0	0	0.0	0.0	0.0	0.0	0.0	0
10000	616	60	3.2	105	3645	1	68.4286	69	0.13	0	0.03	1
10000	616	60	3.4	40	4255	0	18	18	0.06	0.01	0	1
10000	616	60	3.6	21	1340	0	7	7	0.01	0	0	1
10000	616	60	3.8	9	142	0	3	3	0	0	0	1
10000	616	60	4	4	15	0	1	1	0	0	0	1
10000	617	60	3	225	0	0	0.0	0.0	0.0	0.0	0.0	0
10000	617	60	3.2	96	2167	0	63	63	0.06	0	0	1
10000	617	60	3.4	42	1356	0	19	19	0.01	0	0	1
10000	617	60	3.6	13	210	0	6	6	0	0	0	1
10000	617	60	3.8	7	40	1	2.5	3	0	0	0	1
10000	617	60	4	4	11	0	2	2	0	0	0	1
10000	618	60	3	213	0	0	0.0	0.0	0.0	0.0	0.0	0
10000	618	60	3.2	96	6022	0	54	54	0.29	0.01	0	1
10000	618	60	3.4	47	5956	0	19	19	0.14	0.01	0.03	1
10000	618	60	3.6	20	2165	0	6	6	0.01	0	0	1
10000	618	60	3.8	10	186	1	2.5	3	0	0	0	1
10000	618	60	4	5	23	0	2	2	0	0	0	1
10000	619	60	3	255	0	0	0.0	0.0	0.0	0.0	0.0	0
10000	619	60	3.2	101	2270	0	62	62	0.07	0	0	1
10000	619	60	3.4	38	1968	0	18	18	0.02	0	0	1
10000	619	60	3.6	21	1091	0	9	9	0.01	0	0	1
10000	619	60	3.8	10	275	0	2	2	0	0	0	1
10000	619	60	4	7	95	0	2	2	0	0	0	1
10000	620	60	3	229	0	0	0.0	0.0	0.0	0.0	0.0	0
10000	620	60	3.2	96	2503	0	63	63	0.07	0.01	0	1
10000	620	60	3.4	38	2368	0	17	17	0.02	0	0	1
10000	620	60	3.6	19	626	0	7	7	0	0	0	1
10000	620	60	3.8	7	39	0	3	3	0	0	0	1
10000	620	60	4	2	3	0	1	1	0	0	0	1
10000	621	60	3	245	0	0	0.0	0.0	0.0	0.0	0.0	0
10000	621	60	3.2	90	2722	0	63	63	0.07	0	0.01	1
10000	621	60	3.4	39	3063	0	17	17	0.04	0	0	1
10000	621	60	3.6	24	1906	0	8	8	0.01	0	0.01	1
10000	621	60	3.8	10	155	0	4	4	0	0	0	1
10000	621	60	4	4	11	0	2	2	0	0	0	1
10000	622	60	3	221	0	0	0.0	0.0	0.0	0.0	0.0	0
10000	622	60	3.2	88	6338	0	48	48	0.17	0.01	0	1
10000	622	60	3.4	50	5581	0	21	21	0.09	0.01	0	1
10000	622	60	3.6	23	980	0	9	9	0	0	0.01	1
10000	622	60	3.8	7	39	0	3	3	0	0	0	1
10000	622	60	4	2	3	0	1	1	0	0	0	1
10000	623	60	3	226	0	0	0.0	0.0	0.0	0.0	0.0	0
10000	623	60	3.2	91	4318	0	58	58	0.16	0.01	0	1
10000	623	60	3.4	35	4316	0	16	16	0.05	0	0.08	1
10000	623	60	3.6	22	4114	1	6.33333	7	0.02	0.01	0.03	1
10000	623	60	3.8	16	1629	0	4	4	0.01	0	0	1
10000	623	60	4	10	191	0	3	3	0	0	0	1
10000	624	60	3	236	0	0	0.0	0.0	0.0	0.0	0.0	0
10000	624	60	3.2	96	4604	0	59	59	0.16	0	0	1
10000	624	60	3.4	48	4715	0	24	24	0.07	0	0	1
10000	624	60	3.6	25	1567	1	8.5	9	0.02	0	0.01	1
10000	624	60	3.8	13	265	0	4	4	0	0	0	1
10000	624	60	4	4	15	0	1	1	0	0	0	1
10000	625	60	3	233	0	0	0.0	0.0	0.0	0.0	0.0	0
10000	625	60	3.2	85	1811	0	59	59	0.08	0	0	1
10000	625	60	3.4	39	1739	0	20	20	0.03	0	0.01	1
10000	625	60	3.6	19	1066	0	9	9	0	0	0.01	1
10000	625	60	3.8	11	244	0	5	5	0	0	0	1
10000	625	60	4	6	37	0	2	2	0	0	0	1
10000	626	60	3	235	0	0	0.0	0.0	0.0	0.0	0.0	0
10000	626	60	3.2	96	1311	0	62	62	0.05	0	0	1
10000	626	60	3.4	45	759	0	26	26	0	0.01	0	1
10000	626	60	3.6	16	212	0	7	7	0	0	0	1
10000	626	60	3.8	6	26	0	2	2	0	0	0	1
10000	626	60	4	4	15	0	1	1	0	0	0	1
10000	627	60	3	233	0	0	0.0	0.0	0.0	0.0	0.0	0
10000	627	60	3.2	91	3577	1	57.5	58	0.08	0	0.03	1
10000	627	60	3.4	44	3869	0	19	19	0.05	0.01	0	1
10000	627	60	3.6	26	1553	0	9	9	0.01	0.01	0.01	1
10000	627	60	3.8	12	399	0	4	4	0	0	0	1
10000	627	60	4	9	116	1	2.5	3	0	0	0	1
10000	628	60	3	222	0	0	0.0	0.0	0.0	0.0	0.0	0
10000	628	60	3.2	92	2673	1	60.6667	61	0.06	0.01	0.02	1
10000	628	60	3.4	43	2654	0	20	20	0.03	0	0	1
10000	628	60	3.6	21	1013	1	8.5	9	0	0	0.01	1
10000	628	60	3.8	7	47	0	3	3	0	0	0	1
10000	628	60	4	4	15	0	1	1	0	0	0	1
10000	629	60	3	211	0	0	0.0	0.0	0.0	0.0	0.0	0
10000	629	60	3.2	89	1336	1	58.1667	59	0.04	0.01	0.01	1
10000	629	60	3.4	36	965	0	17	17	0.01	0	0	1
10000	629	60	3.6	17	398	0	7	7	0	0	0	1
10000	629	60	3.8	9	164	0	2	2	0	0	0	1
10000	629	60	4	6	63	0	1	1	0	0	0	1
10000	630	60	3	258	0	0	0.0	0.0	0.0	0.0	0.0	0
10000	630	60	3.2	103	584	0	82	82	0.02	0	0	1
10000	630	60	3.4	34	415	0	20	20	0	0	0	1
10000	630	60	3.6	14	186	0	6	6	0	0	0	1
10000	630	60	3.8	6	47	0	2	2	0	0	0	1
10000	630	60	4	3	5	0	2	2	0	0	0	1
10000	631	60	3	234	0	0	0.0	0.0	0.0	0.0	0.0	0
10000	631	60	3.2	91	3571	0	54	54	0.17	0.01	0	1
10000	631	60	3.4	41	3066	0	18	18	0.06	0	0	1
10000	631	60	3.6	18	678	0	6	6	0	0	0	1
10000	631	60	3.8	8	59	0	4	4	0	0	0	1
10000	631	60	4	4	11	0	2	2	0	0	0	1
10000	632	60	3	220	0	0	0.0	0.0	0.0	0.0	0.0	0
10000	632	60	3.2	94	2663	0	57	57	0.08	0	0	1
10000	632	60	3.4	44	2674	0	18	18	0.04	0.01	0	1
10000	632	60	3.6	19	1575	0	6	6	0.01	0	0	1
10000	632	60	3.8	10	339	0	3	3	0	0	0	1
10000	632	60	4	5	31	0	1	1	0	0	0	1
10000	633	60	3	183	0	0	0.0	0.0	0.0	0.0	0.0	0
10000	633	60	3.2	83	12823	0	47	47	0.38	0.01	0	1
10000	633	60	3.4	46	15984	0	18	18	0.28	0.01	0	1
10000	633	60	3.6	25	6836	0	8	8	0.05	0	0	1
10000	633	60	3.8	12	595	0	4	4	0	0	0	1
10000	633	60	4	8	191	0	2	2	0	0	0	1
10000	634	60	3	225	0	0	0.0	0.0	0.0	0.0	0.0	0
10000	634	60	3.2	120	5085	0	80	80	0.2	0.01	0	1
10000	634	60	3.4	51	5140	0	22	22	0.09	0	0	1
10000	634	60	3.6	30	2877	0	12	12	0.04	0	0	1
10000	634	60	3.8	15	196	0	6	6	0	0	0	1
10000	634	60	4	7	63	0	3	3	0	0	0	1
10000	635	60	3	268	0	0	0.0	0.0	0.0	0.0	0.0	0
10000	635	60	3.2	103	830	0	85	85	0.02	0	0	1
10000	635	60	3.4	45	610	0	30	30	0	0	0.01	1
10000	635	60	3.6	16	154	0	10	10	0	0	0	1
10000	635	60	3.8	6	27	0	3	3	0	0	0	1
10000	635	60	4	5	23	0	2	2	0	0	0	1
10000	636	60	3	213	0	0	0.0	0.0	0.0	0.0	0.0	0
10000	636	60	3.2	87	5033	1	54.3333	55	0.11	0.01	0.04	1
10000	636	60	3.4	48	4918	0	22	22	0.09	0	0.03	1
10000	636	60	3.6	21	1525	0	7	7	0.01	0	0	1
10000	636	60	3.8	10	240	0	3	3	0	0	0	1
10000	636	60	4	5	31	0	1	1	0	0	0	1
10000	637	60	3	232	0	0	0.0	0.0	0.0	0.0	0.0	0
10000	637	60	3.2	94	4024	0	59	59	0.2	0.01	0.02	1
10000	637	60	3.4	46	3658	0	19	19	0.07	0	0	1
10000	637	60	3.6	23	1381	1	6.5	7	0.01	0.01	0.01	1
10000	637	60	3.8	9	65	0	4	4	0	0	0	1
10000	637	60	4	3	7	0	1	1	0	0	0	1
10000	638	60	3	272	0	0	0.0	0.0	0.0	0.0	0.0	0
10000	638	60	3.2	109	1919	1	74.3333	75	0.05	0	0.02	1
10000	638	60	3.4	40	2167	0	18	18	0.02	0	0	1
10000	638	60	3.6	20	1340	1	6	6	0	0.01	0	1
10000	638	60	3.8	15	589	0	5	5	0	0	0	1
10000	638	60	4	9	191	0	3	3	0	0	0	1
10000	639	60	3	227	0	0	0.0	0.0	0.0	0.0	0.0	0
10000	639	60	3.2	93	1303	1	63.8333	64	0.04	0.01	0.01	1
10000	639	60	3.4	29	898	0	11	11	0.01	0	0	1
10000	639	60	3.6	14	217	0	6	6	0	0	0	1
10000	639	60	3.8	6	31	0	3	3	0	0	0	1
10000	639	60	4	5	23	0	2	2	0	0	0	1
10000	640	60	3	232	0	0	0.0	0.0	0.0	0.0	0.0	0
10000	640	60	3.2	101	3651	0	71	71	0.14	0	0	1
10000	640	60	3.4	39	3846	0	16	16	0.07	0	0	1
10000	640	60	3.6	20	1381	0	6	6	0.01	0	0	1
10000	640	60	3.8	10	153	0	4	4	0	0	0	1
10000	640	60	4	7	79	0	2	2	0	0	0	1
10000	641	60	3	249	0	0	0.0	0.0	0.0	0.0	0.0	0
10000	641	60	3.2	114	3388	0	77	77	0.17	0	0	1
10000	641	60	3.4	48	3194	0	24	24	0.04	0	0	1
10000	641	60	3.6	22	1175	0	10	10	0.01	0	0	1
10000	641	60	3.8	10	143	0	3	3	0	0	0	1
10000	641	60	4	5	17	0	2	2	0	0	0	1
10000	642	60	3	244	0	0	0.0	0.0	0.0	0.0	0.0	0
10000	642	60	3.2	108	5257	0	71	71	0.16	0	0	1
10000	642	60	3.4	50	4816	0	29	29	0.09	0	0	1
10000	642	60	3.6	26	3192	0	9	9	0.03	0	0	1
10000	642	60	3.8	16	599	0	7	7	0.01	0	0	1
10000	642	60	4	10	119	0	4	4	0	0	0	1
10000	643	60	3	210	0	0	0.0	0.0	0.0	0.0	0.0	0
10000	643	60	3.2	81	5647	0	50	50	0.16	0	0.04	1
10000	643	60	3.4	39	6275	0	18	18	0.09	0.01	0	1
10000	643	60	3.6	19	3489	0	5	5	0.02	0	0	1
10000	643	60	3.8	13	1641	0	2	2	0	0	0	1
10000	643	60	4	9	212	0	2	2	0	0	0	1
10000	644	60	3	218	0	0	0.0	0.0	0.0	0.0	0.0	0
10000	644	60	3.2	91	2060	0	63	63	0.08	0	0	1
10000	644	60	3.4	42	1565	0	23	23	0.02	0	0	1
10000	644	60	3.6	19	455	0	10	10	0	0	0	1
10000	644	60	3.8	8	113	0	2	2	0	0	0	1
10000	644	60	4	2	3	0	1	1	0	0	0	1
10000	645	60	3	232	0	0	0.0	0.0	0.0	0.0	0.0	0
10000	645	60	3.2	99	4340	1	63.5	64	0.24	0.01	0.04	1
10000	645	60	3.4	41	3829	0	18	18	0.07	0	0.01	1
10000	645	60	3.6	18	1425	0	4	4	0	0	0	1
10000	645	60	3.8	8	107	0	2	2	0	0	0	1
10000	645	60	4	4	11	0	2	2	0	0	0	1
10000	646	60	3	239	0	0	0.0	0.0	0.0	0.0	0.0	0
10000	646	60	3.2	87	1278	0	56	56	0.05	0	0	1
10000	646	60	3.4	36	935	0	18	18	0.04	0	0	1
10000	646	60	3.6	15	292	0	7	7	0	0	0	1
10000	646	60	3.8	8	127	0	3	3	0	0	0	1
10000	646	60	4	6	31	0	3	3	0	0	0	1
10000	647	60	3	237	0	0	0.0	0.0	0.0	0.0	0.0	0
10000	647	60	3.2	89	2567	0	55	55	0.11	0	0	1
10000	647	60	3.4	41	2851	1	15.8182	16	0.04	0.01	0.02	1
10000	647	60	3.6	23	1321	0	8	8	0.01	0	0	1
10000	647	60	3.8	12	101	0	4	4	0	0	0	1
10000	647	60	4	5	23	0	2	2	0	0	0	1
10000	648	60	3	242	0	0	0.0	0.0	0.0	0.0	0.0	0
10000	648	60	3.2	98	7626	0	60	60	0.22	0	0.04	1
10000	648	60	3.4	50	8819	0	23	23	0.18	0.01	0	1
10000	648	60	3.6	22	5262	0	7	7	0.02	0.01	0.03	1
10000	648	60	3.8	16	2678	0	3	3	0.02	0	0	1
10000	648	60	4	7	95	0	2	2	0	0	0	1
10000	649	60	3	229	0	0	0.0	0.0	0.0	0.0	0.0	0
10000	649	60	3.2	105	7955	1	54.125	55	0.31	0.02	0.08	1
10000	649	60	3.4	55	6748	1	17.8571	18	0.12	0.02	0.18	1
10000	649	60	3.6	23	2336	0	7	7	0.04	0	0.01	1
10000	649	60	3.8	12	302	0	4	4	0	0	0	1
10000	649	60	4	7	47	0	3	3	0	0	0	1
10000	650	60	3	225	0	0	0.0	0.0	0.0	0.0	0.0	0
10000	650	60	3.2	89	9394	0	59	59	0.14	0.01	0.06	1
10000	650	60	3.4	39	13061	0	17	17	0.1	0.01	0	1
10000	650	60	3.6	27	12521	0	8	8	0.1	0.01	0.07	1
10000	650	60	3.8	18	3639	0	5	5	0.01	0.01	0	1
10000	650	60	4	10	255	0	3	3	0	0	0	1
