6000	301	10	3	13	13	0	13	13	0	0	0	1
6000	301	10	3.2	7	7	0	7	7	0	0	0	1
6000	301	10	3.4	2	2	0	2	2	0	0	0	1
6000	301	10	3.6	0	0	0	0.0	0.0	0.0	0.0	0.0	0
6000	301	10	3.8	0	0	0	0.0	0.0	0.0	0.0	0.0	0
6000	301	10	4	0	0	0	0.0	0.0	0.0	0.0	0.0	0
6000	302	10	3	11	11	0	11	11	0	0	0	1
6000	302	10	3.2	6	6	0	6	6	0	0	0	1
6000	302	10	3.4	3	3	0	3	3	0	0	0	1
6000	302	10	3.6	1	1	0	1	1	0	0	0	1
6000	302	10	3.8	0	0	0	0.0	0.0	0.0	0.0	0.0	0
6000	302	10	4	0	0	0	0.0	0.0	0.0	0.0	0.0	0
6000	303	10	3	15	15	0	15	15	0	0	0	1
6000	303	10	3.2	6	6	0	6	6	0	0	0	1
6000	303	10	3.4	2	2	0	2	2	0	0	0	1
6000	303	10	3.6	1	1	0	1	1	0	0	0	1
6000	303	10	3.8	1	1	0	1	1	0	0	0	1
6000	303	10	4	1	1	0	1	1	0	0	0	1
6000	304	10	3	10	10	0	10	10	0	0	0	1
6000	304	10	3.2	7	7	0	7	7	0	0	0	1
6000	304	10	3.4	6	6	0	6	6	0	0	0	1
6000	304	10	3.6	1	1	0	1	1	0	0	0	1
6000	304	10	3.8	1	1	0	1	1	0	0	0	1
6000	304	10	4	1	1	0	1	1	0	0	0	1
6000	305	10	3	13	14	0	12	12	0	0	0	1
6000	305	10	3.2	4	5	0	3	3	0	0	0	1
6000	305	10	3.4	2	3	0	1	1	0	0	0	1
6000	305	10	3.6	2	3	0	1	1	0	0	0	1
6000	305	10	3.8	1	1	0	1	1	0	0	0	1
6000	305	10	4	1	1	0	1	1	0	0	0	1
6000	306	10	3	13	13	0	13	13	0	0	0	1
6000	306	10	3.2	4	4	0	4	4	0	0	0	1
6000	306	10	3.4	2	2	0	2	2	0	0	0	1
6000	306	10	3.6	1	1	0	1	1	0	0	0	1
6000	306	10	3.8	1	1	0	1	1	0	0	0	1
6000	306	10	4	0	0	0	0.0	0.0	0.0	0.0	0.0	0
6000	307	10	3	13	13	0	13	13	0	0	0	1
6000	307	10	3.2	6	6	0	6	6	0	0	0	1
6000	307	10	3.4	1	1	0	1	1	0	0	0	1
6000	307	10	3.6	0	0	0	0.0	0.0	0.0	0.0	0.0	0
6000	307	10	3.8	0	0	0	0.0	0.0	0.0	0.0	0.0	0
6000	307	10	4	0	0	0	0.0	0.0	0.0	0.0	0.0	0
6000	308	10	3	17	17	0	17	17	0	0	0	1
6000	308	10	3.2	4	4	0	4	4	0	0	0	1
6000	308	10	3.4	1	1	0	1	1	0	0	0	1
6000	308	10	3.6	0	0	0	0.0	0.0	0.0	0.0	0.0	0
6000	308	10	3.8	0	0	0	0.0	0.0	0.0	0.0	0.0	0
6000	308	10	4	0	0	0	0.0	0.0	0.0	0.0	0.0	0
6000	309	10	3	11	13	0	10	10	0	0	0	1
6000	309	10	3.2	5	7	0	4	4	0	0	0	1
6000	309	10	3.4	4	6	0	3	3	0	0	0	1
6000	309	10	3.6	3	5	0	2	2	0	0	0	1
6000	309	10	3.8	2	3	0	1	1	0	0	0	1
6000	309	10	4	1	1	0	1	1	0	0	0	1
6000	310	10	3	18	18	0	18	18	0	0	0	1
6000	310	10	3.2	4	4	0	4	4	0	0	0	1
6000	310	10	3.4	2	2	0	2	2	0	0	0	1
6000	310	10	3.6	1	1	0	1	1	0	0	0	1
6000	310	10	3.8	1	1	0	1	1	0	0	0	1
6000	310	10	4	1	1	0	1	1	0	0	0	1
6000	311	10	3	17	17	0	17	17	0	0	0	1
6000	311	10	3.2	5	5	0	5	5	0	0	0	1
6000	311	10	3.4	3	3	0	3	3	0	0	0	1
6000	311	10	3.6	1	1	0	1	1	0	0	0	1
6000	311	10	3.8	0	0	0	0.0	0.0	0.0	0.0	0.0	0
6000	311	10	4	0	0	0	0.0	0.0	0.0	0.0	0.0	0
6000	312	10	3	22	22	0	22	22	0	0	0	1
6000	312	10	3.2	11	11	0	11	11	0	0	0	1
6000	312	10	3.4	6	6	0	6	6	0	0	0	1
6000	312	10	3.6	2	2	0	2	2	0	0	0	1
6000	312	10	3.8	1	1	0	1	1	0	0	0	1
6000	312	10	4	1	1	0	1	1	0	0	0	1
6000	313	10	3	20	20	0	20	20	0.01	0	0	1
6000	313	10	3.2	8	8	0	8	8	0	0	0	1
6000	313	10	3.4	2	2	0	2	2	0	0	0	1
6000	313	10	3.6	0	0	0	0.0	0.0	0.0	0.0	0.0	0
6000	313	10	3.8	0	0	0	0.0	0.0	0.0	0.0	0.0	0
6000	313	10	4	0	0	0	0.0	0.0	0.0	0.0	0.0	0
6000	314	10	3	10	10	0	10	10	0	0	0	1
6000	314	10	3.2	3	3	0	3	3	0	0	0	1
6000	314	10	3.4	0	0	0	0.0	0.0	0.0	0.0	0.0	0
6000	314	10	3.6	0	0	0	0.0	0.0	0.0	0.0	0.0	0
6000	314	10	3.8	0	0	0	0.0	0.0	0.0	0.0	0.0	0
6000	314	10	4	0	0	0	0.0	0.0	0.0	0.0	0.0	0
6000	315	10	3	16	16	0	16	16	0	0	0	1
6000	315	10	3.2	9	9	0	9	9	0	0	0	1
6000	315	10	3.4	1	1	0	1	1	0	0	0	1
6000	315	10	3.6	0	0	0	0.0	0.0	0.0	0.0	0.0	0
6000	315	10	3.8	0	0	0	0.0	0.0	0.0	0.0	0.0	0
6000	315	10	4	0	0	0	0.0	0.0	0.0	0.0	0.0	0
6000	316	10	3	16	17	0	15	15	0	0	0	1
6000	316	10	3.2	8	9	0	7	7	0	0	0	1
6000	316	10	3.4	3	3	0	3	3	0	0	0	1
6000	316	10	3.6	0	0	0	0.0	0.0	0.0	0.0	0.0	0
6000	316	10	3.8	0	0	0	0.0	0.0	0.0	0.0	0.0	0
6000	316	10	4	0	0	0	0.0	0.0	0.0	0.0	0.0	0
6000	317	10	3	22	22	0	22	22	0	0	0	1
6000	317	10	3.2	10	10	0	10	10	0	0	0	1
6000	317	10	3.4	7	7	0	7	7	0	0	0	1
6000	317	10	3.6	2	2	0	2	2	0	0	0	1
6000	317	10	3.8	1	1	0	1	1	0	0	0	1
6000	317	10	4	1	1	0	1	1	0	0	0	1
6000	318	10	3	11	11	0	11	11	0	0	0	1
6000	318	10	3.2	6	6	0	6	6	0	0	0	1
6000	318	10	3.4	3	3	0	3	3	0	0	0	1
6000	318	10	3.6	1	1	0	1	1	0	0	0	1
6000	318	10	3.8	1	1	0	1	1	0	0	0	1
6000	318	10	4	0	0	0	0.0	0.0	0.0	0.0	0.0	0
6000	319	10	3	7	7	0	7	7	0	0	0	1
6000	319	10	3.2	5	5	0	5	5	0	0	0	1
6000	319	10	3.4	2	2	0	2	2	0	0	0	1
6000	319	10	3.6	2	2	0	2	2	0	0	0	1
6000	319	10	3.8	0	0	0	0.0	0.0	0.0	0.0	0.0	0
6000	319	10	4	0	0	0	0.0	0.0	0.0	0.0	0.0	0
6000	320	10	3	11	11	0	11	11	0	0	0	1
6000	320	10	3.2	6	6	0	6	6	0	0	0	1
6000	320	10	3.4	1	1	0	1	1	0	0	0	1
6000	320	10	3.6	1	1	0	1	1	0	0	0	1
6000	320	10	3.8	0	0	0	0.0	0.0	0.0	0.0	0.0	0
6000	320	10	4	0	0	0	0.0	0.0	0.0	0.0	0.0	0
6000	321	10	3	20	20	0	20	20	0	0	0	1
6000	321	10	3.2	8	8	0	8	8	0	0	0	1
6000	321	10	3.4	2	2	0	2	2	0	0	0	1
6000	321	10	3.6	1	1	0	1	1	0	0	0	1
6000	321	10	3.8	0	0	0	0.0	0.0	0.0	0.0	0.0	0
6000	321	10	4	0	0	0	0.0	0.0	0.0	0.0	0.0	0
6000	322	10	3	10	14	0	8	8	0	0	0	1
6000	322	10	3.2	7	12	0	5	5	0	0	0	1
6000	322	10	3.4	5	11	0	3	3	0	0	0	1
6000	322	10	3.6	4	5	0	3	3	0	0	0	1
6000	322	10	3.8	2	3	0	1	1	0	0	0	1
6000	322	10	4	2	3	0	1	1	0	0	0	1
6000	323	10	3	13	13	0	13	13	0	0	0	1
6000	323	10	3.2	11	11	0	11	11	0	0	0	1
6000	323	10	3.4	8	8	0	8	8	0	0	0	1
6000	323	10	3.6	6	6	0	6	6	0	0	0	1
6000	323	10	3.8	1	1	0	1	1	0	0	0	1
6000	323	10	4	1	1	0	1	1	0	0	0	1
6000	324	10	3	7	7	0	7	7	0	0	0	1
6000	324	10	3.2	3	3	0	3	3	0	0	0	1
6000	324	10	3.4	1	1	0	1	1	0	0	0	1
6000	324	10	3.6	0	0	0	0.0	0.0	0.0	0.0	0.0	0
6000	324	10	3.8	0	0	0	0.0	0.0	0.0	0.0	0.0	0
6000	324	10	4	0	0	0	0.0	0.0	0.0	0.0	0.0	0
6000	325	10	3	18	18	0	18	18	0	0	0	1
6000	325	10	3.2	6	6	0	6	6	0	0	0	1
6000	325	10	3.4	3	3	0	3	3	0	0	0	1
6000	325	10	3.6	1	1	0	1	1	0	0	0	1
6000	325	10	3.8	1	1	0	1	1	0	0	0	1
6000	325	10	4	0	0	0	0.0	0.0	0.0	0.0	0.0	0
6000	326	10	3	18	18	0	18	18	0	0	0	1
6000	326	10	3.2	5	5	0	5	5	0	0	0	1
6000	326	10	3.4	3	3	0	3	3	0	0	0	1
6000	326	10	3.6	1	1	0	1	1	0	0	0	1
6000	326	10	3.8	0	0	0	0.0	0.0	0.0	0.0	0.0	0
6000	326	10	4	0	0	0	0.0	0.0	0.0	0.0	0.0	0
6000	327	10	3	13	13	0	13	13	0	0	0	1
6000	327	10	3.2	6	6	0	6	6	0	0	0	1
6000	327	10	3.4	3	3	0	3	3	0	0	0	1
6000	327	10	3.6	1	1	0	1	1	0	0	0	1
6000	327	10	3.8	0	0	0	0.0	0.0	0.0	0.0	0.0	0
6000	327	10	4	0	0	0	0.0	0.0	0.0	0.0	0.0	0
6000	328	10	3	13	13	0	13	13	0	0	0	1
6000	328	10	3.2	5	5	0	5	5	0	0	0	1
6000	328	10	3.4	2	2	0	2	2	0	0	0	1
6000	328	10	3.6	1	1	0	1	1	0	0	0	1
6000	328	10	3.8	1	1	0	1	1	0	0	0	1
6000	328	10	4	0	0	0	0.0	0.0	0.0	0.0	0.0	0
6000	329	10	3	9	11	0	8	8	0	0	0	1
6000	329	10	3.2	6	8	0	5	5	0	0	0	1
6000	329	10	3.4	3	5	0	2	2	0	0	0	1
6000	329	10	3.6	3	5	0	2	2	0	0	0	1
6000	329	10	3.8	1	1	0	1	1	0	0	0	1
6000	329	10	4	0	0	0	0.0	0.0	0.0	0.0	0.0	0
6000	330	10	3	15	19	0	13	13	0	0	0	1
6000	330	10	3.2	6	10	0	4	4	0	0	0	1
6000	330	10	3.4	4	8	0	2	2	0	0	0	1
6000	330	10	3.6	4	8	0	2	2	0	0	0	1
6000	330	10	3.8	3	5	0	2	2	0	0	0	1
6000	330	10	4	0	0	0	0.0	0.0	0.0	0.0	0.0	0
6000	331	10	3	13	13	0	13	13	0	0	0	1
6000	331	10	3.2	7	7	0	7	7	0	0	0	1
6000	331	10	3.4	4	4	0	4	4	0	0	0	1
6000	331	10	3.6	1	1	0	1	1	0	0	0	1
6000	331	10	3.8	0	0	0	0.0	0.0	0.0	0.0	0.0	0
6000	331	10	4	0	0	0	0.0	0.0	0.0	0.0	0.0	0
6000	332	10	3	21	21	0	21	21	0	0	0	1
6000	332	10	3.2	9	9	0	9	9	0	0	0	1
6000	332	10	3.4	4	4	0	4	4	0	0	0	1
6000	332	10	3.6	3	3	0	3	3	0	0	0	1
6000	332	10	3.8	1	1	0	1	1	0	0	0	1
6000	332	10	4	1	1	0	1	1	0	0	0	1
6000	333	10	3	11	11	0	11	11	0	0	0	1
6000	333	10	3.2	3	3	0	3	3	0	0	0	1
6000	333	10	3.4	0	0	0	0.0	0.0	0.0	0.0	0.0	0
6000	333	10	3.6	0	0	0	0.0	0.0	0.0	0.0	0.0	0
6000	333	10	3.8	0	0	0	0.0	0.0	0.0	0.0	0.0	0
6000	333	10	4	0	0	0	0.0	0.0	0.0	0.0	0.0	0
6000	334	10	3	14	14	0	14	14	0	0	0	1
6000	334	10	3.2	5	5	0	5	5	0	0	0	1
6000	334	10	3.4	2	2	0	2	2	0	0	0	1
6000	334	10	3.6	0	0	0	0.0	0.0	0.0	0.0	0.0	0
6000	334	10	3.8	0	0	0	0.0	0.0	0.0	0.0	0.0	0
6000	334	10	4	0	0	0	0.0	0.0	0.0	0.0	0.0	0
6000	335	10	3	12	13	0	11	11	0	0	0	1
6000	335	10	3.2	6	7	0	5	5	0	0	0	1
6000	335	10	3.4	4	5	0	3	3	0	0	0	1
6000	335	10	3.6	2	2	0	2	2	0	0	0	1
6000	335	10	3.8	1	1	0	1	1	0	0	0	1
6000	335	10	4	0	0	0	0.0	0.0	0.0	0.0	0.0	0
6000	336	10	3	18	18	0	18	18	0	0	0	1
6000	336	10	3.2	7	7	0	7	7	0	0	0	1
6000	336	10	3.4	3	3	0	3	3	0	0	0	1
6000	336	10	3.6	1	1	0	1	1	0	0	0	1
6000	336	10	3.8	0	0	0	0.0	0.0	0.0	0.0	0.0	0
6000	336	10	4	0	0	0	0.0	0.0	0.0	0.0	0.0	0
6000	337	10	3	12	12	0	12	12	0	0	0	1
6000	337	10	3.2	8	8	0	8	8	0	0	0	1
6000	337	10	3.4	4	5	0	3	3	0	0	0	1
6000	337	10	3.6	2	2	0	2	2	0	0	0	1
6000	337	10	3.8	1	1	0	1	1	0	0	0	1
6000	337	10	4	1	1	0	1	1	0	0	0	1
6000	338	10	3	14	14	0	14	14	0	0	0	1
6000	338	10	3.2	9	9	0	9	9	0	0	0	1
6000	338	10	3.4	4	4	0	4	4	0	0	0	1
6000	338	10	3.6	1	1	0	1	1	0	0	0	1
6000	338	10	3.8	0	0	0	0.0	0.0	0.0	0.0	0.0	0
6000	338	10	4	0	0	0	0.0	0.0	0.0	0.0	0.0	0
6000	339	10	3	13	13	0	13	13	0	0	0	1
6000	339	10	3.2	6	6	0	6	6	0	0	0	1
6000	339	10	3.4	1	1	0	1	1	0	0	0	1
6000	339	10	3.6	1	1	0	1	1	0	0	0	1
6000	339	10	3.8	1	1	0	1	1	0	0	0	1
6000	339	10	4	0	0	0	0.0	0.0	0.0	0.0	0.0	0
6000	340	10	3	12	12	0	12	12	0	0	0	1
6000	340	10	3.2	5	5	0	5	5	0	0	0	1
6000	340	10	3.4	3	3	0	3	3	0	0	0	1
6000	340	10	3.6	0	0	0	0.0	0.0	0.0	0.0	0.0	0
6000	340	10	3.8	0	0	0	0.0	0.0	0.0	0.0	0.0	0
6000	340	10	4	0	0	0	0.0	0.0	0.0	0.0	0.0	0
6000	341	10	3	15	15	0	15	15	0	0	0	1
6000	341	10	3.2	5	5	0	5	5	0	0	0	1
6000	341	10	3.4	2	2	0	2	2	0	0	0	1
6000	341	10	3.6	1	1	0	1	1	0	0	0	1
6000	341	10	3.8	1	1	0	1	1	0	0	0	1
6000	341	10	4	1	1	0	1	1	0	0	0	1
6000	342	10	3	6	6	0	6	6	0	0	0	1
6000	342	10	3.2	3	3	0	3	3	0	0	0	1
6000	342	10	3.4	1	1	0	1	1	0	0	0	1
6000	342	10	3.6	1	1	0	1	1	0	0	0	1
6000	342	10	3.8	0	0	0	0.0	0.0	0.0	0.0	0.0	0
6000	342	10	4	0	0	0	0.0	0.0	0.0	0.0	0.0	0
6000	343	10	3	22	22	0	22	22	0	0	0	1
6000	343	10	3.2	15	15	0	15	15	0	0	0	1
6000	343	10	3.4	6	6	0	6	6	0	0	0	1
6000	343	10	3.6	4	4	0	4	4	0	0	0	1
6000	343	10	3.8	1	1	0	1	1	0	0	0	1
6000	343	10	4	1	1	0	1	1	0	0	0	1
6000	344	10	3	15	15	0	15	15	0	0	0	1
6000	344	10	3.2	6	6	0	6	6	0	0	0	1
6000	344	10	3.4	2	2	0	2	2	0	0	0	1
6000	344	10	3.6	1	1	0	1	1	0	0	0	1
6000	344	10	3.8	1	1	0	1	1	0	0	0	1
6000	344	10	4	1	1	0	1	1	0	0	0	1
6000	345	10	3	19	19	0	19	19	0	0	0	1
6000	345	10	3.2	10	11	0	9	9	0	0	0	1
6000	345	10	3.4	4	5	0	3	3	0	0	0	1
6000	345	10	3.6	1	1	0	1	1	0	0	0	1
6000	345	10	3.8	0	0	0	0.0	0.0	0.0	0.0	0.0	0
6000	345	10	4	0	0	0	0.0	0.0	0.0	0.0	0.0	0
6000	346	10	3	18	18	0	18	18	0	0	0	1
6000	346	10	3.2	8	8	0	8	8	0	0	0	1
6000	346	10	3.4	6	6	0	6	6	0	0	0	1
6000	346	10	3.6	3	3	0	3	3	0	0	0	1
6000	346	10	3.8	2	2	0	2	2	0	0	0	1
6000	346	10	4	1	1	0	1	1	0	0	0	1
6000	347	10	3	9	9	0	9	9	0	0	0	1
6000	347	10	3.2	2	2	0	2	2	0	0	0	1
6000	347	10	3.4	1	1	0	1	1	0	0	0	1
6000	347	10	3.6	0	0	0	0.0	0.0	0.0	0.0	0.0	0
6000	347	10	3.8	0	0	0	0.0	0.0	0.0	0.0	0.0	0
6000	347	10	4	0	0	0	0.0	0.0	0.0	0.0	0.0	0
6000	348	10	3	13	14	0	12	12	0	0	0	1
6000	348	10	3.2	4	5	0	3	3	0	0	0	1
6000	348	10	3.4	4	5	0	3	3	0	0	0	1
6000	348	10	3.6	3	3	0	3	3	0	0	0	1
6000	348	10	3.8	1	1	0	1	1	0	0	0	1
6000	348	10	4	0	0	0	0.0	0.0	0.0	0.0	0.0	0
6000	349	10	3	16	16	0	16	16	0	0	0	1
6000	349	10	3.2	6	6	0	6	6	0	0	0	1
6000	349	10	3.4	3	3	0	3	3	0	0	0	1
6000	349	10	3.6	1	1	0	1	1	0	0	0	1
6000	349	10	3.8	1	1	0	1	1	0	0	0	1
6000	349	10	4	0	0	0	0.0	0.0	0.0	0.0	0.0	0
6000	350	10	3	25	25	0	25	25	0	0	0	1
6000	350	10	3.2	13	13	0	13	13	0	0	0	1
6000	350	10	3.4	5	5	0	5	5	0	0	0	1
6000	350	10	3.6	3	3	0	3	3	0	0	0	1
6000	350	10	3.8	2	2	0	2	2	0	0	0	1
6000	350	10	4	1	1	0	1	1	0	0	0	1
6000	351	10	3	15	16	0	14	14	0	0	0	1
6000	351	10	3.2	8	10	0	7	7	0	0	0	1
6000	351	10	3.4	3	5	0	2	2	0	0	0	1
6000	351	10	3.6	3	4	0	2	2	0	0	0	1
6000	351	10	3.8	1	1	0	1	1	0	0	0	1
6000	351	10	4	1	1	0	1	1	0	0	0	1
6000	352	10	3	17	17	0	17	17	0	0	0	1
6000	352	10	3.2	5	5	0	5	5	0	0	0	1
6000	352	10	3.4	2	2	0	2	2	0	0	0	1
6000	352	10	3.6	0	0	0	0.0	0.0	0.0	0.0	0.0	0
6000	352	10	3.8	0	0	0	0.0	0.0	0.0	0.0	0.0	0
6000	352	10	4	0	0	0	0.0	0.0	0.0	0.0	0.0	0
6000	353	10	3	17	18	0	16	16	0	0	0	1
6000	353	10	3.2	5	5	0	5	5	0	0	0	1
6000	353	10	3.4	3	3	0	3	3	0	0	0	1
6000	353	10	3.6	1	1	0	1	1	0	0	0	1
6000	353	10	3.8	1	1	0	1	1	0	0	0	1
6000	353	10	4	0	0	0	0.0	0.0	0.0	0.0	0.0	0
6000	354	10	3	10	10	0	10	10	0	0	0	1
6000	354	10	3.2	5	5	0	5	5	0	0	0	1
6000	354	10	3.4	2	2	0	2	2	0	0	0	1
6000	354	10	3.6	0	0	0	0.0	0.0	0.0	0.0	0.0	0
6000	354	10	3.8	0	0	0	0.0	0.0	0.0	0.0	0.0	0
6000	354	10	4	0	0	0	0.0	0.0	0.0	0.0	0.0	0
6000	355	10	3	18	18	0	18	18	0	0	0	1
6000	355	10	3.2	7	8	0	6	6	0	0	0	1
6000	355	10	3.4	3	4	0	2	2	0	0	0	1
6000	355	10	3.6	2	2	0	2	2	0	0	0	1
6000	355	10	3.8	1	1	0	1	1	0	0	0	1
6000	355	10	4	0	0	0	0.0	0.0	0.0	0.0	0.0	0
6000	356	10	3	11	11	0	11	11	0	0	0	1
6000	356	10	3.2	6	6	0	6	6	0	0	0	1
6000	356	10	3.4	4	4	0	4	4	0	0	0	1
6000	356	10	3.6	1	1	0	1	1	0	0	0	1
6000	356	10	3.8	0	0	0	0.0	0.0	0.0	0.0	0.0	0
6000	356	10	4	0	0	0	0.0	0.0	0.0	0.0	0.0	0
6000	357	10	3	12	12	0	12	12	0	0	0	1
6000	357	10	3.2	6	6	0	6	6	0	0	0	1
6000	357	10	3.4	1	1	0	1	1	0	0	0	1
6000	357	10	3.6	1	1	0	1	1	0	0	0	1
6000	357	10	3.8	0	0	0	0.0	0.0	0.0	0.0	0.0	0
6000	357	10	4	0	0	0	0.0	0.0	0.0	0.0	0.0	0
6000	358	10	3	12	12	0	12	12	0	0	0	1
6000	358	10	3.2	5	5	0	5	5	0	0	0	1
6000	358	10	3.4	4	4	0	4	4	0	0	0	1
6000	358	10	3.6	2	2	0	2	2	0	0	0	1
6000	358	10	3.8	0	0	0	0.0	0.0	0.0	0.0	0.0	0
6000	358	10	4	0	0	0	0.0	0.0	0.0	0.0	0.0	0
6000	359	10	3	11	12	0	10	10	0	0	0	1
6000	359	10	3.2	2	3	0	1	1	0	0	0	1
6000	359	10	3.4	2	3	0	1	1	0	0	0	1
6000	359	10	3.6	2	3	0	1	1	0	0	0	1
6000	359	10	3.8	1	1	0	1	1	0	0	0	1
6000	359	10	4	0	0	0	0.0	0.0	0.0	0.0	0.0	0
6000	360	10	3	17	17	0	17	17	0	0	0	1
6000	360	10	3.2	12	12	0	12	12	0	0	0	1
6000	360	10	3.4	8	8	0	8	8	0	0	0	1
6000	360	10	3.6	6	6	0	6	6	0	0	0	1
6000	360	10	3.8	2	2	0	2	2	0	0	0	1
6000	360	10	4	1	1	0	1	1	0	0	0	1
6000	361	10	3	11	11	0	11	11	0	0	0	1
6000	361	10	3.2	5	5	0	5	5	0	0	0	1
6000	361	10	3.4	3	3	0	3	3	0	0	0	1
6000	361	10	3.6	2	2	0	2	2	0	0	0	1
6000	361	10	3.8	1	1	0	1	1	0	0	0	1
6000	361	10	4	0	0	0	0.0	0.0	0.0	0.0	0.0	0
6000	362	10	3	12	12	0	12	12	0	0	0	1
6000	362	10	3.2	4	4	0	4	4	0	0	0	1
6000	362	10	3.4	3	3	0	3	3	0	0	0	1
6000	362	10	3.6	2	2	0	2	2	0	0	0	1
6000	362	10	3.8	0	0	0	0.0	0.0	0.0	0.0	0.0	0
6000	362	10	4	0	0	0	0.0	0.0	0.0	0.0	0.0	0
6000	363	10	3	11	12	0	10	10	0	0	0	1
6000	363	10	3.2	4	5	0	3	3	0	0	0	1
6000	363	10	3.4	2	3	0	1	1	0	0	0	1
6000	363	10	3.6	2	3	0	1	1	0	0	0	1
6000	363	10	3.8	2	2	0	2	2	0	0	0	1
6000	363	10	4	1	1	0	1	1	0	0	0	1
6000	364	10	3	13	13	0	13	13	0	0	0	1
6000	364	10	3.2	6	6	0	6	6	0	0	0	1
6000	364	10	3.4	4	4	0	4	4	0	0	0	1
6000	364	10	3.6	2	2	0	2	2	0	0	0	1
6000	364	10	3.8	1	1	0	1	1	0	0	0	1
6000	364	10	4	1	1	0	1	1	0.01	0	0	1
6000	365	10	3	10	11	0	9	9	0	0	0	1
6000	365	10	3.2	6	7	0	5	5	0	0	0	1
6000	365	10	3.4	2	3	0	1	1	0	0	0	1
6000	365	10	3.6	1	1	0	1	1	0	0	0	1
6000	365	10	3.8	0	0	0	0.0	0.0	0.0	0.0	0.0	0
6000	365	10	4	0	0	0	0.0	0.0	0.0	0.0	0.0	0
6000	366	10	3	17	17	0	17	17	0	0	0	1
6000	366	10	3.2	4	4	0	4	4	0	0	0	1
6000	366	10	3.4	2	2	0	2	2	0	0	0	1
6000	366	10	3.6	1	1	0	1	1	0	0	0	1
6000	366	10	3.8	1	1	0	1	1	0	0	0	1
6000	366	10	4	1	1	0	1	1	0	0	0	1
6000	367	10	3	15	15	0	15	15	0	0	0	1
6000	367	10	3.2	3	3	0	3	3	0	0	0	1
6000	367	10	3.4	1	1	0	1	1	0	0	0	1
6000	367	10	3.6	1	1	0	1	1	0	0	0	1
6000	367	10	3.8	0	0	0	0.0	0.0	0.0	0.0	0.0	0
6000	367	10	4	0	0	0	0.0	0.0	0.0	0.0	0.0	0
6000	368	10	3	21	21	0	21	21	0	0	0	1
6000	368	10	3.2	11	11	0	11	11	0	0	0	1
6000	368	10	3.4	4	4	0	4	4	0	0	0	1
6000	368	10	3.6	1	1	0	1	1	0	0	0	1
6000	368	10	3.8	1	1	0	1	1	0	0	0	1
6000	368	10	4	1	1	0	1	1	0	0	0	1
6000	369	10	3	11	11	0	11	11	0	0	0	1
6000	369	10	3.2	3	3	0	3	3	0	0	0	1
6000	369	10	3.4	2	2	0	2	2	0	0	0	1
6000	369	10	3.6	0	0	0	0.0	0.0	0.0	0.0	0.0	0
6000	369	10	3.8	0	0	0	0.0	0.0	0.0	0.0	0.0	0
6000	369	10	4	0	0	0	0.0	0.0	0.0	0.0	0.0	0
6000	370	10	3	10	12	0	9	9	0	0	0	1
6000	370	10	3.2	5	7	0	4	4	0	0	0	1
6000	370	10	3.4	4	6	0	3	3	0	0	0	1
6000	370	10	3.6	3	5	0	2	2	0	0	0	1
6000	370	10	3.8	2	3	0	1	1	0	0	0	1
6000	370	10	4	2	3	0	1	1	0	0	0	1
6000	371	10	3	11	11	0	11	11	0	0	0	1
6000	371	10	3.2	3	3	0	3	3	0	0	0	1
6000	371	10	3.4	2	2	0	2	2	0	0	0	1
6000	371	10	3.6	1	1	0	1	1	0	0	0	1
6000	371	10	3.8	0	0	0	0.0	0.0	0.0	0.0	0.0	0
6000	371	10	4	0	0	0	0.0	0.0	0.0	0.0	0.0	0
6000	372	10	3	8	8	0	8	8	0	0	0	1
6000	372	10	3.2	4	4	0	4	4	0	0	0	1
6000	372	10	3.4	1	1	0	1	1	0	0	0	1
6000	372	10	3.6	1	1	0	1	1	0	0	0	1
6000	372	10	3.8	0	0	0	0.0	0.0	0.0	0.0	0.0	0
6000	372	10	4	0	0	0	0.0	0.0	0.0	0.0	0.0	0
6000	373	10	3	26	26	0	26	26	0	0	0	1
6000	373	10	3.2	10	10	0	10	10	0	0	0	1
6000	373	10	3.4	5	6	0	4	4	0	0	0	1
6000	373	10	3.6	3	5	0	2	2	0	0	0	1
6000	373	10	3.8	3	4	0	2	2	0	0	0	1
6000	373	10	4	2	3	0	1	1	0	0	0	1
6000	374	10	3	12	12	0	12	12	0	0	0	1
6000	374	10	3.2	3	3	0	3	3	0	0	0	1
6000	374	10	3.4	0	0	0	0.0	0.0	0.0	0.0	0.0	0
6000	374	10	3.6	0	0	0	0.0	0.0	0.0	0.0	0.0	0
6000	374	10	3.8	0	0	0	0.0	0.0	0.0	0.0	0.0	0
6000	374	10	4	0	0	0	0.0	0.0	0.0	0.0	0.0	0
6000	375	10	3	12	12	0	12	12	0	0	0	1
6000	375	10	3.2	3	3	0	3	3	0	0	0	1
6000	375	10	3.4	1	1	0	1	1	0	0	0	1
6000	375	10	3.6	1	1	0	1	1	0	0	0	1
6000	375	10	3.8	0	0	0	0.0	0.0	0.0	0.0	0.0	0
6000	375	10	4	0	0	0	0.0	0.0	0.0	0.0	0.0	0
6000	376	10	3	13	13	0	13	13	0	0	0	1
6000	376	10	3.2	7	7	0	7	7	0	0	0	1
6000	376	10	3.4	4	4	0	4	4	0	0	0	1
6000	376	10	3.6	1	1	0	1	1	0	0	0	1
6000	376	10	3.8	1	1	0	1	1	0	0	0	1
6000	376	10	4	0	0	0	0.0	0.0	0.0	0.0	0.0	0
6000	377	10	3	22	22	0	22	22	0	0	0	1
6000	377	10	3.2	10	11	0	9	9	0	0	0	1
6000	377	10	3.4	3	4	0	2	2	0	0	0	1
6000	377	10	3.6	2	3	0	1	1	0	0	0	1
6000	377	10	3.8	2	3	0	1	1	0	0	0	1
6000	377	10	4	2	2	0	2	2	0	0	0	1
6000	378	10	3	12	12	0	12	12	0	0	0	1
6000	378	10	3.2	4	4	0	4	4	0	0	0	1
6000	378	10	3.4	2	2	0	2	2	0	0	0	1
6000	378	10	3.6	1	1	0	1	1	0	0	0	1
6000	378	10	3.8	1	1	0	1	1	0	0	0	1
6000	378	10	4	0	0	0	0.0	0.0	0.0	0.0	0.0	0
6000	379	10	3	16	16	0	16	16	0	0	0	1
6000	379	10	3.2	7	7	0	7	7	0	0	0	1
6000	379	10	3.4	3	3	0	3	3	0	0	0	1
6000	379	10	3.6	1	1	0	1	1	0	0	0	1
6000	379	10	3.8	1	1	0	1	1	0	0	0	1
6000	379	10	4	1	1	0	1	1	0	0	0	1
6000	380	10	3	13	15	0	12	12	0	0	0	1
6000	380	10	3.2	5	7	0	4	4	0	0	0	1
6000	380	10	3.4	4	6	0	3	3	0	0	0	1
6000	380	10	3.6	1	1	0	1	1	0	0	0	1
6000	380	10	3.8	1	1	0	1	1	0	0	0	1
6000	380	10	4	1	1	0	1	1	0	0	0	1
6000	381	10	3	17	17	0	17	17	0	0	0	1
6000	381	10	3.2	9	9	0	9	9	0	0	0	1
6000	381	10	3.4	2	2	0	2	2	0	0	0	1
6000	381	10	3.6	1	1	0	1	1	0	0	0	1
6000	381	10	3.8	1	1	0	1	1	0	0	0	1
6000	381	10	4	1	1	0	1	1	0	0	0	1
6000	382	10	3	13	13	0	13	13	0	0	0	1
6000	382	10	3.2	9	9	0	9	9	0	0	0	1
6000	382	10	3.4	5	5	0	5	5	0	0	0	1
6000	382	10	3.6	2	2	0	2	2	0	0	0	1
6000	382	10	3.8	1	1	0	1	1	0	0	0	1
6000	382	10	4	1	1	0	1	1	0	0	0	1
6000	383	10	3	13	14	0	12	12	0	0	0	1
6000	383	10	3.2	7	8	0	6	6	0	0	0	1
6000	383	10	3.4	3	4	0	2	2	0	0	0	1
6000	383	10	3.6	2	3	0	1	1	0	0	0	1
6000	383	10	3.8	2	3	0	1	1	0	0	0	1
6000	383	10	4	1	1	0	1	1	0	0	0	1
6000	384	10	3	16	16	0	16	16	0	0	0	1
6000	384	10	3.2	10	10	0	10	10	0	0	0	1
6000	384	10	3.4	3	3	0	3	3	0	0	0	1
6000	384	10	3.6	2	2	0	2	2	0	0	0	1
6000	384	10	3.8	2	3	0	1	1	0	0	0	1
6000	384	10	4	2	3	0	1	1	0	0	0	1
6000	385	10	3	11	11	0	11	11	0	0	0	1
6000	385	10	3.2	5	5	0	5	5	0	0	0	1
6000	385	10	3.4	1	1	0	1	1	0	0	0	1
6000	385	10	3.6	0	0	0	0.0	0.0	0.0	0.0	0.0	0
6000	385	10	3.8	0	0	0	0.0	0.0	0.0	0.0	0.0	0
6000	385	10	4	0	0	0	0.0	0.0	0.0	0.0	0.0	0
6000	386	10	3	16	19	0	15	15	0	0	0	1
6000	386	10	3.2	8	16	0	5	5	0	0	0	1
6000	386	10	3.4	6	12	0	4	4	0	0	0	1
6000	386	10	3.6	5	8	0	4	4	0	0	0	1
6000	386	10	3.8	3	5	0	2	2	0	0	0	1
6000	386	10	4	1	1	0	1	1	0	0	0	1
6000	387	10	3	12	12	0	12	12	0	0	0	1
6000	387	10	3.2	6	6	0	6	6	0	0	0	1
6000	387	10	3.4	3	3	0	3	3	0	0	0	1
6000	387	10	3.6	2	2	0	2	2	0	0	0	1
6000	387	10	3.8	0	0	0	0.0	0.0	0.0	0.0	0.0	0
6000	387	10	4	0	0	0	0.0	0.0	0.0	0.0	0.0	0
6000	388	10	3	11	13	0	10	10	0	0	0	1
6000	388	10	3.2	4	6	0	3	3	0	0	0	1
6000	388	10	3.4	3	5	0	2	2	0	0	0	1
6000	388	10	3.6	3	5	0	2	2	0	0	0	1
6000	388	10	3.8	1	1	0	1	1	0	0	0	1
6000	388	10	4	0	0	0	0.0	0.0	0.0	0.0	0.0	0
6000	389	10	3	27	27	0	27	27	0	0	0	1
6000	389	10	3.2	11	12	0	10	10	0	0	0	1
6000	389	10	3.4	5	6	0	4	4	0	0	0	1
6000	389	10	3.6	5	6	0	4	4	0	0	0	1
6000	389	10	3.8	2	2	0	2	2	0	0	0	1
6000	389	10	4	1	1	0	1	1	0	0	0	1
6000	390	10	3	16	16	0	16	16	0	0	0	1
6000	390	10	3.2	7	7	0	7	7	0	0	0	1
6000	390	10	3.4	3	3	0	3	3	0	0	0	1
6000	390	10	3.6	3	3	0	3	3	0	0	0	1
6000	390	10	3.8	2	2	0	2	2	0	0	0	1
6000	390	10	4	1	1	0	1	1	0	0	0	1
6000	391	10	3	18	18	0	18	18	0	0	0	1
6000	391	10	3.2	9	10	0	8	8	0	0	0	1
6000	391	10	3.4	3	4	0	2	2	0	0	0	1
6000	391	10	3.6	2	3	0	1	1	0	0	0	1
6000	391	10	3.8	1	1	0	1	1	0	0	0	1
6000	391	10	4	1	1	0	1	1	0	0	0	1
6000	392	10	3	14	14	0	14	14	0	0	0	1
6000	392	10	3.2	3	3	0	3	3	0	0	0	1
6000	392	10	3.4	1	1	0	1	1	0	0	0	1
6000	392	10	3.6	1	1	0	1	1	0	0	0	1
6000	392	10	3.8	1	1	0	1	1	0	0	0	1
6000	392	10	4	0	0	0	0.0	0.0	0.0	0.0	0.0	0
6000	393	10	3	19	19	0	19	19	0	0	0	1
6000	393	10	3.2	8	8	0	8	8	0	0	0	1
6000	393	10	3.4	4	4	0	4	4	0	0	0	1
6000	393	10	3.6	3	3	0	3	3	0	0	0	1
6000	393	10	3.8	1	1	0	1	1	0	0	0	1
6000	393	10	4	1	1	0	1	1	0	0	0	1
6000	394	10	3	9	9	0	9	9	0	0	0	1
6000	394	10	3.2	6	6	0	6	6	0	0	0	1
6000	394	10	3.4	1	1	0	1	1	0	0	0	1
6000	394	10	3.6	1	1	0	1	1	0	0	0	1
6000	394	10	3.8	0	0	0	0.0	0.0	0.0	0.0	0.0	0
6000	394	10	4	0	0	0	0.0	0.0	0.0	0.0	0.0	0
6000	395	10	3	23	23	0	23	23	0	0	0	1
6000	395	10	3.2	10	10	0	10	10	0	0	0	1
6000	395	10	3.4	4	4	0	4	4	0	0	0	1
6000	395	10	3.6	2	2	0	2	2	0	0	0	1
6000	395	10	3.8	1	1	0	1	1	0	0	0	1
6000	395	10	4	0	0	0	0.0	0.0	0.0	0.0	0.0	0
6000	396	10	3	28	28	0	28	28	0	0	0	1
6000	396	10	3.2	15	15	0	15	15	0	0	0	1
6000	396	10	3.4	9	9	0	9	9	0	0	0	1
6000	396	10	3.6	4	4	0	4	4	0	0	0	1
6000	396	10	3.8	3	3	0	3	3	0	0	0	1
6000	396	10	4	0	0	0	0.0	0.0	0.0	0.0	0.0	0
6000	397	10	3	12	16	0	10	10	0	0	0	1
6000	397	10	3.2	7	11	0	5	5	0	0	0	1
6000	397	10	3.4	4	7	0	2	2	0	0	0	1
6000	397	10	3.6	1	1	0	1	1	0	0	0	1
6000	397	10	3.8	0	0	0	0.0	0.0	0.0	0.0	0.0	0
6000	397	10	4	0	0	0	0.0	0.0	0.0	0.0	0.0	0
6000	398	10	3	18	18	0	18	18	0	0	0	1
6000	398	10	3.2	6	6	0	6	6	0	0	0	1
6000	398	10	3.4	2	2	0	2	2	0	0	0	1
6000	398	10	3.6	1	1	0	1	1	0	0	0	1
6000	398	10	3.8	1	1	0	1	1	0	0	0	1
6000	398	10	4	1	1	0	1	1	0	0	0	1
6000	399	10	3	15	15	0	15	15	0	0	0	1
6000	399	10	3.2	7	7	0	7	7	0	0	0	1
6000	399	10	3.4	3	3	0	3	3	0	0	0	1
6000	399	10	3.6	0	0	0	0.0	0.0	0.0	0.0	0.0	0
6000	399	10	3.8	0	0	0	0.0	0.0	0.0	0.0	0.0	0
6000	399	10	4	0	0	0	0.0	0.0	0.0	0.0	0.0	0
6000	400	10	3	12	13	0	11	11	0	0	0	1
6000	400	10	3.2	5	6	0	4	4	0	0	0	1
6000	400	10	3.4	2	3	0	1	1	0	0	0	1
6000	400	10	3.6	2	3	0	1	1	0	0	0	1
6000	400	10	3.8	1	1	0	1	1	0	0	0	1
6000	400	10	4	0	0	0	0.0	0.0	0.0	0.0	0.0	0
6000	401	10	3	11	11	0	11	11	0	0	0	1
6000	401	10	3.2	6	6	0	6	6	0	0	0	1
6000	401	10	3.4	2	2	0	2	2	0	0	0	1
6000	401	10	3.6	1	1	0	1	1	0	0	0	1
6000	401	10	3.8	0	0	0	0.0	0.0	0.0	0.0	0.0	0
6000	401	10	4	0	0	0	0.0	0.0	0.0	0.0	0.0	0
6000	402	10	3	19	19	0	19	19	0	0	0	1
6000	402	10	3.2	8	8	0	8	8	0	0	0	1
6000	402	10	3.4	4	4	0	4	4	0	0	0	1
6000	402	10	3.6	2	2	0	2	2	0	0	0	1
6000	402	10	3.8	1	1	0	1	1	0	0	0	1
6000	402	10	4	0	0	0	0.0	0.0	0.0	0.0	0.0	0
6000	403	10	3	13	13	0	13	13	0	0	0	1
6000	403	10	3.2	6	6	0	6	6	0	0	0	1
6000	403	10	3.4	2	2	0	2	2	0	0	0	1
6000	403	10	3.6	0	0	0	0.0	0.0	0.0	0.0	0.0	0
6000	403	10	3.8	0	0	0	0.0	0.0	0.0	0.0	0.0	0
6000	403	10	4	0	0	0	0.0	0.0	0.0	0.0	0.0	0
6000	404	10	3	10	13	1	8.5	9	0	0	0	1
6000	404	10	3.2	8	12	0	6	6	0	0	0	1
6000	404	10	3.4	3	7	0	1	1	0	0	0	1
6000	404	10	3.6	3	7	0	1	1	0	0	0	1
6000	404	10	3.8	3	7	0	1	1	0	0	0	1
6000	404	10	4	1	1	0	1	1	0	0	0	1
6000	405	10	3	19	20	0	18	18	0	0	0	1
6000	405	10	3.2	9	10	0	8	8	0	0	0	1
6000	405	10	3.4	3	4	0	2	2	0	0	0	1
6000	405	10	3.6	3	4	0	2	2	0	0	0	1
6000	405	10	3.8	2	3	0	1	1	0	0	0	1
6000	405	10	4	1	1	0	1	1	0	0	0	1
6000	406	10	3	17	17	0	17	17	0	0	0	1
6000	406	10	3.2	4	4	0	4	4	0	0	0	1
6000	406	10	3.4	2	2	0	2	2	0	0	0	1
6000	406	10	3.6	1	1	0	1	1	0	0	0	1
6000	406	10	3.8	0	0	0	0.0	0.0	0.0	0.0	0.0	0
6000	406	10	4	0	0	0	0.0	0.0	0.0	0.0	0.0	0
6000	407	10	3	9	9	0	9	9	0	0	0	1
6000	407	10	3.2	4	4	0	4	4	0	0	0	1
6000	407	10	3.4	1	1	0	1	1	0	0	0	1
6000	407	10	3.6	0	0	0	0.0	0.0	0.0	0.0	0.0	0
6000	407	10	3.8	0	0	0	0.0	0.0	0.0	0.0	0.0	0
6000	407	10	4	0	0	0	0.0	0.0	0.0	0.0	0.0	0
6000	408	10	3	9	9	0	9	9	0	0	0	1
6000	408	10	3.2	5	5	0	5	5	0	0	0	1
6000	408	10	3.4	4	4	0	4	4	0	0	0	1
6000	408	10	3.6	2	2	0	2	2	0	0	0	1
6000	408	10	3.8	0	0	0	0.0	0.0	0.0	0.0	0.0	0
6000	408	10	4	0	0	0	0.0	0.0	0.0	0.0	0.0	0
6000	409	10	3	16	16	0	16	16	0	0	0	1
6000	409	10	3.2	8	8	0	8	8	0	0	0	1
6000	409	10	3.4	2	2	0	2	2	0	0	0	1
6000	409	10	3.6	1	1	0	1	1	0	0	0	1
6000	409	10	3.8	1	1	0	1	1	0	0	0	1
6000	409	10	4	1	1	0	1	1	0	0	0	1
6000	410	10	3	10	10	0	10	10	0	0	0	1
6000	410	10	3.2	7	7	0	7	7	0	0	0	1
6000	410	10	3.4	3	3	0	3	3	0	0	0	1
6000	410	10	3.6	3	3	0	3	3	0	0	0	1
6000	410	10	3.8	2	2	0	2	2	0	0	0	1
6000	410	10	4	1	1	0	1	1	0	0	0	1
6000	411	10	3	18	18	0	18	18	0	0	0	1
6000	411	10	3.2	7	7	0	7	7	0	0	0	1
6000	411	10	3.4	1	1	0	1	1	0	0	0	1
6000	411	10	3.6	1	1	0	1	1	0	0	0	1
6000	411	10	3.8	1	1	0	1	1	0	0	0	1
6000	411	10	4	1	1	0	1	1	0	0	0	1
6000	412	10	3	17	17	0	17	17	0	0	0	1
6000	412	10	3.2	8	8	0	8	8	0	0	0	1
6000	412	10	3.4	2	2	0	2	2	0	0	0	1
6000	412	10	3.6	1	1	0	1	1	0	0	0	1
6000	412	10	3.8	1	1	0	1	1	0	0	0	1
6000	412	10	4	1	1	0	1	1	0	0	0	1
6000	413	10	3	14	14	0	14	14	0	0	0	1
6000	413	10	3.2	6	6	0	6	6	0	0	0	1
6000	413	10	3.4	3	3	0	3	3	0	0	0	1
6000	413	10	3.6	2	2	0	2	2	0	0	0	1
6000	413	10	3.8	1	1	0	1	1	0	0	0	1
6000	413	10	4	0	0	0	0.0	0.0	0.0	0.0	0.0	0
6000	414	10	3	15	15	0	15	15	0	0	0	1
6000	414	10	3.2	7	7	0	7	7	0	0	0	1
6000	414	10	3.4	3	3	0	3	3	0	0	0	1
6000	414	10	3.6	2	2	0	2	2	0	0	0	1
6000	414	10	3.8	1	1	0	1	1	0	0	0	1
6000	414	10	4	1	1	0	1	1	0	0	0	1
6000	415	10	3	13	13	0	13	13	0	0	0	1
6000	415	10	3.2	6	6	0	6	6	0	0	0	1
6000	415	10	3.4	3	3	0	3	3	0	0	0	1
6000	415	10	3.6	1	1	0	1	1	0	0	0	1
6000	415	10	3.8	1	1	0	1	1	0	0	0	1
6000	415	10	4	0	0	0	0.0	0.0	0.0	0.0	0.0	0
6000	416	10	3	17	17	0	17	17	0	0	0	1
6000	416	10	3.2	6	6	0	6	6	0	0	0	1
6000	416	10	3.4	3	3	0	3	3	0	0	0	1
6000	416	10	3.6	0	0	0	0.0	0.0	0.0	0.0	0.0	0
6000	416	10	3.8	0	0	0	0.0	0.0	0.0	0.0	0.0	0
6000	416	10	4	0	0	0	0.0	0.0	0.0	0.0	0.0	0
6000	417	10	3	12	12	0	12	12	0	0	0	1
6000	417	10	3.2	3	3	0	3	3	0	0	0	1
6000	417	10	3.4	0	0	0	0.0	0.0	0.0	0.0	0.0	0
6000	417	10	3.6	0	0	0	0.0	0.0	0.0	0.0	0.0	0
6000	417	10	3.8	0	0	0	0.0	0.0	0.0	0.0	0.0	0
6000	417	10	4	0	0	0	0.0	0.0	0.0	0.0	0.0	0
6000	418	10	3	12	12	0	12	12	0	0	0	1
6000	418	10	3.2	7	7	0	7	7	0	0	0	1
6000	418	10	3.4	1	1	0	1	1	0	0	0	1
6000	418	10	3.6	1	1	0	1	1	0	0	0	1
6000	418	10	3.8	1	1	0	1	1	0	0	0	1
6000	418	10	4	0	0	0	0.0	0.0	0.0	0.0	0.0	0
6000	419	10	3	14	14	0	14	14	0	0	0	1
6000	419	10	3.2	6	6	0	6	6	0	0	0	1
6000	419	10	3.4	1	1	0	1	1	0	0	0	1
6000	419	10	3.6	0	0	0	0.0	0.0	0.0	0.0	0.0	0
6000	419	10	3.8	0	0	0	0.0	0.0	0.0	0.0	0.0	0
6000	419	10	4	0	0	0	0.0	0.0	0.0	0.0	0.0	0
6000	420	10	3	13	13	0	13	13	0	0	0	1
6000	420	10	3.2	8	9	0	7	7	0	0	0	1
6000	420	10	3.4	4	4	0	4	4	0	0	0	1
6000	420	10	3.6	1	1	0	1	1	0	0	0	1
6000	420	10	3.8	1	1	0	1	1	0	0	0	1
6000	420	10	4	1	1	0	1	1	0	0	0	1
6000	421	10	3	20	21	0	19	19	0	0	0	1
6000	421	10	3.2	11	12	0	10	10	0	0	0	1
6000	421	10	3.4	5	6	0	4	4	0	0	0	1
6000	421	10	3.6	2	3	0	1	1	0	0	0	1
6000	421	10	3.8	2	3	0	1	1	0	0	0	1
6000	421	10	4	1	1	0	1	1	0	0	0	1
6000	422	10	3	13	15	0	12	12	0	0	0	1
6000	422	10	3.2	7	10	0	5	5	0	0	0	1
6000	422	10	3.4	4	5	0	3	3	0	0	0	1
6000	422	10	3.6	0	0	0	0.0	0.0	0.0	0.0	0.0	0
6000	422	10	3.8	0	0	0	0.0	0.0	0.0	0.0	0.0	0
6000	422	10	4	0	0	0	0.0	0.0	0.0	0.0	0.0	0
6000	423	10	3	22	22	0	22	22	0	0	0	1
6000	423	10	3.2	11	11	0	11	11	0	0	0	1
6000	423	10	3.4	5	5	0	5	5	0	0	0	1
6000	423	10	3.6	2	2	0	2	2	0	0	0	1
6000	423	10	3.8	1	1	0	1	1	0	0	0	1
6000	423	10	4	1	1	0	1	1	0	0	0	1
6000	424	10	3	13	14	0	12	12	0	0	0	1
6000	424	10	3.2	5	6	0	4	4	0	0	0	1
6000	424	10	3.4	4	5	0	3	3	0	0	0	1
6000	424	10	3.6	3	4	0	2	2	0	0	0	1
6000	424	10	3.8	1	1	0	1	1	0	0	0	1
6000	424	10	4	0	0	0	0.0	0.0	0.0	0.0	0.0	0
6000	425	10	3	20	20	0	20	20	0	0	0	1
6000	425	10	3.2	5	5	0	5	5	0	0	0	1
6000	425	10	3.4	4	4	0	4	4	0	0	0	1
6000	425	10	3.6	2	2	0	2	2	0	0	0	1
6000	425	10	3.8	1	1	0	1	1	0	0	0	1
6000	425	10	4	1	1	0	1	1	0	0	0	1
6000	426	10	3	18	20	0	17	17	0	0	0	1
6000	426	10	3.2	11	14	0	9	9	0	0	0	1
6000	426	10	3.4	8	10	0	7	7	0	0	0	1
6000	426	10	3.6	3	5	0	2	2	0	0	0	1
6000	426	10	3.8	1	1	0	1	1	0	0	0	1
6000	426	10	4	0	0	0	0.0	0.0	0.0	0.0	0.0	0
6000	427	10	3	10	10	0	10	10	0	0	0	1
6000	427	10	3.2	4	4	0	4	4	0	0	0	1
6000	427	10	3.4	2	2	0	2	2	0	0	0	1
6000	427	10	3.6	0	0	0	0.0	0.0	0.0	0.0	0.0	0
6000	427	10	3.8	0	0	0	0.0	0.0	0.0	0.0	0.0	0
6000	427	10	4	0	0	0	0.0	0.0	0.0	0.0	0.0	0
6000	428	10	3	17	17	0	17	17	0	0	0	1
6000	428	10	3.2	7	7	0	7	7	0	0	0	1
6000	428	10	3.4	4	4	0	4	4	0	0	0	1
6000	428	10	3.6	2	2	0	2	2	0	0	0	1
6000	428	10	3.8	1	1	0	1	1	0	0	0	1
6000	428	10	4	0	0	0	0.0	0.0	0.0	0.0	0.0	0
6000	429	10	3	12	12	0	12	12	0	0	0	1
6000	429	10	3.2	4	4	0	4	4	0	0	0	1
6000	429	10	3.4	0	0	0	0.0	0.0	0.0	0.0	0.0	0
6000	429	10	3.6	0	0	0	0.0	0.0	0.0	0.0	0.0	0
6000	429	10	3.8	0	0	0	0.0	0.0	0.0	0.0	0.0	0
6000	429	10	4	0	0	0	0.0	0.0	0.0	0.0	0.0	0
6000	430	10	3	12	12	0	12	12	0	0	0	1
6000	430	10	3.2	5	5	0	5	5	0	0	0	1
6000	430	10	3.4	4	4	0	4	4	0	0	0	1
6000	430	10	3.6	2	2	0	2	2	0	0	0	1
6000	430	10	3.8	1	1	0	1	1	0	0	0	1
6000	430	10	4	1	1	0	1	1	0	0	0	1
6000	431	10	3	10	10	0	10	10	0	0	0	1
6000	431	10	3.2	5	5	0	5	5	0	0	0	1
6000	431	10	3.4	0	0	0	0.0	0.0	0.0	0.0	0.0	0
6000	431	10	3.6	0	0	0	0.0	0.0	0.0	0.0	0.0	0
6000	431	10	3.8	0	0	0	0.0	0.0	0.0	0.0	0.0	0
6000	431	10	4	0	0	0	0.0	0.0	0.0	0.0	0.0	0
6000	432	10	3	19	19	0	19	19	0	0	0	1
6000	432	10	3.2	5	5	0	5	5	0	0	0	1
6000	432	10	3.4	4	4	0	4	4	0	0	0	1
6000	432	10	3.6	2	2	0	2	2	0	0	0	1
6000	432	10	3.8	1	1	0	1	1	0	0	0	1
6000	432	10	4	1	1	0	1	1	0	0	0	1
6000	433	10	3	8	8	0	8	8	0	0	0	1
6000	433	10	3.2	4	4	0	4	4	0	0	0	1
6000	433	10	3.4	2	2	0	2	2	0	0	0	1
6000	433	10	3.6	1	1	0	1	1	0	0	0	1
6000	433	10	3.8	0	0	0	0.0	0.0	0.0	0.0	0.0	0
6000	433	10	4	0	0	0	0.0	0.0	0.0	0.0	0.0	0
6000	434	10	3	14	14	0	14	14	0	0	0	1
6000	434	10	3.2	7	7	0	7	7	0	0	0	1
6000	434	10	3.4	3	3	0	3	3	0	0	0	1
6000	434	10	3.6	2	2	0	2	2	0	0	0	1
6000	434	10	3.8	1	1	0	1	1	0	0	0	1
6000	434	10	4	1	1	0	1	1	0	0	0	1
6000	435	10	3	10	10	0	10	10	0	0	0	1
6000	435	10	3.2	5	5	0	5	5	0	0	0	1
6000	435	10	3.4	2	2	0	2	2	0	0	0	1
6000	435	10	3.6	1	1	0	1	1	0	0	0	1
6000	435	10	3.8	1	1	0	1	1	0	0	0	1
6000	435	10	4	0	0	0	0.0	0.0	0.0	0.0	0.0	0
6000	436	10	3	18	19	0	17	17	0	0	0	1
6000	436	10	3.2	12	13	0	11	11	0	0	0	1
6000	436	10	3.4	8	9	0	7	7	0	0	0	1
6000	436	10	3.6	2	3	0	1	1	0	0	0	1
6000	436	10	3.8	1	1	0	1	1	0	0	0	1
6000	436	10	4	0	0	0	0.0	0.0	0.0	0.0	0.0	0
6000	437	10	3	17	17	0	17	17	0	0	0	1
6000	437	10	3.2	3	3	0	3	3	0	0	0	1
6000	437	10	3.4	2	2	0	2	2	0	0	0	1
6000	437	10	3.6	1	1	0	1	1	0	0	0	1
6000	437	10	3.8	0	0	0	0.0	0.0	0.0	0.0	0.0	0
6000	437	10	4	0	0	0	0.0	0.0	0.0	0.0	0.0	0
6000	438	10	3	17	17	0	17	17	0	0	0	1
6000	438	10	3.2	9	9	0	9	9	0	0	0	1
6000	438	10	3.4	5	5	0	5	5	0	0	0	1
6000	438	10	3.6	3	3	0	3	3	0	0	0	1
6000	438	10	3.8	1	1	0	1	1	0	0	0	1
6000	438	10	4	1	1	0	1	1	0	0	0	1
6000	439	10	3	12	12	0	12	12	0	0	0	1
6000	439	10	3.2	5	5	0	5	5	0	0	0	1
6000	439	10	3.4	3	4	0	2	2	0	0	0	1
6000	439	10	3.6	2	2	0	2	2	0	0	0	1
6000	439	10	3.8	1	1	0	1	1	0	0	0	1
6000	439	10	4	1	1	0	1	1	0	0	0	1
6000	440	10	3	14	15	0	13	13	0	0	0	1
6000	440	10	3.2	9	12	0	8	8	0	0	0	1
6000	440	10	3.4	5	7	0	4	4	0	0	0	1
6000	440	10	3.6	3	4	0	2	2	0	0	0	1
6000	440	10	3.8	2	3	0	1	1	0	0	0	1
6000	440	10	4	2	3	0	1	1	0.01	0	0	1
6000	441	10	3	10	11	0	9	9	0	0	0	1
6000	441	10	3.2	6	7	0	5	5	0	0	0	1
6000	441	10	3.4	2	3	0	1	1	0	0	0	1
6000	441	10	3.6	2	3	0	1	1	0	0	0	1
6000	441	10	3.8	1	1	0	1	1	0	0	0	1
6000	441	10	4	1	1	0	1	1	0	0	0	1
6000	442	10	3	18	18	0	18	18	0	0	0	1
6000	442	10	3.2	8	8	0	8	8	0	0	0	1
6000	442	10	3.4	4	4	0	4	4	0	0	0	1
6000	442	10	3.6	1	1	0	1	1	0	0	0	1
6000	442	10	3.8	0	0	0	0.0	0.0	0.0	0.0	0.0	0
6000	442	10	4	0	0	0	0.0	0.0	0.0	0.0	0.0	0
6000	443	10	3	16	16	0	16	16	0	0	0	1
6000	443	10	3.2	7	7	0	7	7	0	0	0	1
6000	443	10	3.4	1	1	0	1	1	0	0	0	1
6000	443	10	3.6	1	1	0	1	1	0	0	0	1
6000	443	10	3.8	0	0	0	0.0	0.0	0.0	0.0	0.0	0
6000	443	10	4	0	0	0	0.0	0.0	0.0	0.0	0.0	0
6000	444	10	3	19	19	0	19	19	0	0	0	1
6000	444	10	3.2	8	8	0	8	8	0	0	0	1
6000	444	10	3.4	3	3	0	3	3	0	0	0	1
6000	444	10	3.6	2	2	0	2	2	0	0	0	1
6000	444	10	3.8	0	0	0	0.0	0.0	0.0	0.0	0.0	0
6000	444	10	4	0	0	0	0.0	0.0	0.0	0.0	0.0	0
6000	445	10	3	12	12	0	12	12	0	0	0	1
6000	445	10	3.2	3	3	0	3	3	0	0	0	1
6000	445	10	3.4	2	2	0	2	2	0	0	0	1
6000	445	10	3.6	1	1	0	1	1	0	0	0	1
6000	445	10	3.8	0	0	0	0.0	0.0	0.0	0.0	0.0	0
6000	445	10	4	0	0	0	0.0	0.0	0.0	0.0	0.0	0
6000	446	10	3	14	14	0	14	14	0	0	0	1
6000	446	10	3.2	7	7	0	7	7	0	0	0	1
6000	446	10	3.4	2	2	0	2	2	0	0	0	1
6000	446	10	3.6	1	1	0	1	1	0	0	0	1
6000	446	10	3.8	0	0	0	0.0	0.0	0.0	0.0	0.0	0
6000	446	10	4	0	0	0	0.0	0.0	0.0	0.0	0.0	0
6000	447	10	3	12	12	0	12	12	0	0	0	1
6000	447	10	3.2	3	3	0	3	3	0	0	0	1
6000	447	10	3.4	1	1	0	1	1	0	0	0	1
6000	447	10	3.6	1	1	0	1	1	0	0	0	1
6000	447	10	3.8	0	0	0	0.0	0.0	0.0	0.0	0.0	0
6000	447	10	4	0	0	0	0.0	0.0	0.0	0.0	0.0	0
6000	448	10	3	13	14	0	12	12	0	0.01	0	1
6000	448	10	3.2	4	5	0	3	3	0	0	0	1
6000	448	10	3.4	2	3	0	1	1	0	0	0	1
6000	448	10	3.6	2	3	0	1	1	0	0	0	1
6000	448	10	3.8	1	1	0	1	1	0	0	0	1
6000	448	10	4	1	1	0	1	1	0	0	0	1
6000	449	10	3	14	14	0	14	14	0	0	0	1
6000	449	10	3.2	3	3	0	3	3	0	0	0	1
6000	449	10	3.4	2	2	0	2	2	0	0	0	1
6000	449	10	3.6	0	0	0	0.0	0.0	0.0	0.0	0.0	0
6000	449	10	3.8	0	0	0	0.0	0.0	0.0	0.0	0.0	0
6000	449	10	4	0	0	0	0.0	0.0	0.0	0.0	0.0	0
6000	450	10	3	17	17	0	17	17	0	0	0	1
6000	450	10	3.2	9	9	0	9	9	0	0	0	1
6000	450	10	3.4	4	4	0	4	4	0	0	0	1
6000	450	10	3.6	1	1	0	1	1	0	0	0	1
6000	450	10	3.8	0	0	0	0.0	0.0	0.0	0.0	0.0	0
6000	450	10	4	0	0	0	0.0	0.0	0.0	0.0	0.0	0
6000	451	10	3	18	18	0	18	18	0	0	0	1
6000	451	10	3.2	6	6	0	6	6	0	0	0	1
6000	451	10	3.4	3	4	0	2	2	0	0	0	1
6000	451	10	3.6	2	2	0	2	2	0	0	0	1
6000	451	10	3.8	1	1	0	1	1	0	0	0	1
6000	451	10	4	0	0	0	0.0	0.0	0.0	0.0	0.0	0
6000	452	10	3	23	23	0	23	23	0	0	0	1
6000	452	10	3.2	13	13	0	13	13	0	0	0	1
6000	452	10	3.4	4	4	0	4	4	0	0	0	1
6000	452	10	3.6	2	2	0	2	2	0	0	0	1
6000	452	10	3.8	1	1	0	1	1	0	0	0	1
6000	452	10	4	1	1	0	1	1	0	0	0	1
6000	453	10	3	18	18	0	18	18	0	0	0	1
6000	453	10	3.2	3	3	0	3	3	0	0	0	1
6000	453	10	3.4	1	1	0	1	1	0	0	0	1
6000	453	10	3.6	0	0	0	0.0	0.0	0.0	0.0	0.0	0
6000	453	10	3.8	0	0	0	0.0	0.0	0.0	0.0	0.0	0
6000	453	10	4	0	0	0	0.0	0.0	0.0	0.0	0.0	0
6000	454	10	3	11	11	0	11	11	0	0	0	1
6000	454	10	3.2	5	5	0	5	5	0	0	0	1
6000	454	10	3.4	4	4	0	4	4	0	0	0	1
6000	454	10	3.6	1	1	0	1	1	0	0	0	1
6000	454	10	3.8	1	1	0	1	1	0	0	0	1
6000	454	10	4	1	1	0	1	1	0	0	0	1
6000	455	10	3	11	13	0	10	10	0	0	0	1
6000	455	10	3.2	5	7	0	4	4	0	0	0	1
6000	455	10	3.4	4	6	0	3	3	0	0	0	1
6000	455	10	3.6	3	5	0	2	2	0	0	0	1
6000	455	10	3.8	1	1	0	1	1	0	0	0	1
6000	455	10	4	1	1	0	1	1	0	0	0	1
6000	456	10	3	11	12	0	10	10	0	0	0	1
6000	456	10	3.2	8	9	0	7	7	0	0	0	1
6000	456	10	3.4	3	4	0	2	2	0	0	0	1
6000	456	10	3.6	1	1	0	1	1	0	0	0	1
6000	456	10	3.8	1	1	0	1	1	0	0	0	1
6000	456	10	4	0	0	0	0.0	0.0	0.0	0.0	0.0	0
6000	457	10	3	20	23	0	19	19	0	0	0	1
6000	457	10	3.2	12	15	0	11	11	0	0	0	1
6000	457	10	3.4	4	7	0	3	3	0	0	0	1
6000	457	10	3.6	4	7	0	3	3	0	0	0	1
6000	457	10	3.8	4	6	0	3	3	0	0	0	1
6000	457	10	4	2	3	0	1	1	0	0	0	1
6000	458	10	3	10	10	0	10	10	0	0	0	1
6000	458	10	3.2	4	4	0	4	4	0	0	0	1
6000	458	10	3.4	1	1	0	1	1	0	0	0	1
6000	458	10	3.6	1	1	0	1	1	0	0	0	1
6000	458	10	3.8	1	1	0	1	1	0	0	0	1
6000	458	10	4	0	0	0	0.0	0.0	0.0	0.0	0.0	0
6000	459	10	3	15	15	0	15	15	0	0	0	1
6000	459	10	3.2	6	6	0	6	6	0	0	0	1
6000	459	10	3.4	3	3	0	3	3	0	0	0	1
6000	459	10	3.6	2	2	0	2	2	0	0	0	1
6000	459	10	3.8	1	1	0	1	1	0	0	0	1
6000	459	10	4	0	0	0	0.0	0.0	0.0	0.0	0.0	0
6000	460	10	3	12	12	0	12	12	0.01	0	0	1
6000	460	10	3.2	6	6	0	6	6	0	0	0	1
6000	460	10	3.4	3	3	0	3	3	0	0	0	1
6000	460	10	3.6	3	3	0	3	3	0	0	0	1
6000	460	10	3.8	2	2	0	2	2	0	0	0	1
6000	460	10	4	1	1	0	1	1	0	0	0	1
6000	461	10	3	9	9	0	9	9	0	0	0	1
6000	461	10	3.2	3	3	0	3	3	0	0	0	1
6000	461	10	3.4	2	2	0	2	2	0	0	0	1
6000	461	10	3.6	1	1	0	1	1	0	0	0	1
6000	461	10	3.8	0	0	0	0.0	0.0	0.0	0.0	0.0	0
6000	461	10	4	0	0	0	0.0	0.0	0.0	0.0	0.0	0
6000	462	10	3	25	25	0	25	25	0	0	0	1
6000	462	10	3.2	8	8	0	8	8	0	0	0	1
6000	462	10	3.4	3	3	0	3	3	0	0	0	1
6000	462	10	3.6	2	2	0	2	2	0	0	0	1
6000	462	10	3.8	1	1	0	1	1	0	0	0	1
6000	462	10	4	1	1	0	1	1	0	0	0	1
6000	463	10	3	10	10	0	10	10	0	0	0	1
6000	463	10	3.2	4	4	0	4	4	0	0	0	1
6000	463	10	3.4	2	2	0	2	2	0	0	0	1
6000	463	10	3.6	1	1	0	1	1	0	0	0	1
6000	463	10	3.8	1	1	0	1	1	0	0	0	1
6000	463	10	4	1	1	0	1	1	0.01	0	0	1
6000	464	10	3	13	13	0	13	13	0	0	0	1
6000	464	10	3.2	6	6	0	6	6	0	0	0	1
6000	464	10	3.4	1	1	0	1	1	0	0	0	1
6000	464	10	3.6	0	0	0	0.0	0.0	0.0	0.0	0.0	0
6000	464	10	3.8	0	0	0	0.0	0.0	0.0	0.0	0.0	0
6000	464	10	4	0	0	0	0.0	0.0	0.0	0.0	0.0	0
6000	465	10	3	16	16	0	16	16	0	0	0	1
6000	465	10	3.2	6	6	0	6	6	0	0	0	1
6000	465	10	3.4	2	2	0	2	2	0	0	0	1
6000	465	10	3.6	1	1	0	1	1	0	0	0	1
6000	465	10	3.8	0	0	0	0.0	0.0	0.0	0.0	0.0	0
6000	465	10	4	0	0	0	0.0	0.0	0.0	0.0	0.0	0
6000	466	10	3	11	14	0	10	10	0	0	0	1
6000	466	10	3.2	5	8	0	4	4	0	0	0	1
6000	466	10	3.4	4	6	0	3	3	0	0	0	1
6000	466	10	3.6	2	3	0	1	1	0	0	0	1
6000	466	10	3.8	2	3	0	1	1	0	0	0	1
6000	466	10	4	1	1	0	1	1	0	0	0	1
6000	467	10	3	14	15	0	13	13	0	0	0	1
6000	467	10	3.2	7	9	0	6	6	0	0	0	1
6000	467	10	3.4	5	6	0	4	4	0	0	0	1
6000	467	10	3.6	2	3	0	1	1	0	0	0	1
6000	467	10	3.8	1	1	0	1	1	0	0	0	1
6000	467	10	4	0	0	0	0.0	0.0	0.0	0.0	0.0	0
6000	468	10	3	16	26	0	13	13	0	0	0	1
6000	468	10	3.2	13	25	0	10	10	0	0	0	1
6000	468	10	3.4	9	19	0	6	6	0	0	0	1
6000	468	10	3.6	6	11	0	4	4	0	0	0	1
6000	468	10	3.8	2	3	0	1	1	0	0	0	1
6000	468	10	4	2	3	0	1	1	0	0	0	1
6000	469	10	3	12	13	0	11	11	0	0	0	1
6000	469	10	3.2	5	6	0	4	4	0	0	0	1
6000	469	10	3.4	2	3	0	1	1	0	0	0	1
6000	469	10	3.6	2	3	0	1	1	0	0	0	1
6000	469	10	3.8	1	1	0	1	1	0	0	0	1
6000	469	10	4	1	1	0	1	1	0	0	0	1
6000	470	10	3	17	17	0	17	17	0	0	0	1
6000	470	10	3.2	7	7	0	7	7	0	0	0	1
6000	470	10	3.4	3	3	0	3	3	0	0	0	1
6000	470	10	3.6	2	2	0	2	2	0	0	0	1
6000	470	10	3.8	1	1	0	1	1	0	0	0	1
6000	470	10	4	0	0	0	0.0	0.0	0.0	0.0	0.0	0
6000	471	10	3	15	15	0	15	15	0	0	0	1
6000	471	10	3.2	8	8	0	8	8	0	0	0	1
6000	471	10	3.4	7	7	0	7	7	0	0	0	1
6000	471	10	3.6	1	1	0	1	1	0	0	0	1
6000	471	10	3.8	0	0	0	0.0	0.0	0.0	0.0	0.0	0
6000	471	10	4	0	0	0	0.0	0.0	0.0	0.0	0.0	0
6000	472	10	3	19	19	0	19	19	0	0	0	1
6000	472	10	3.2	8	8	0	8	8	0	0	0	1
6000	472	10	3.4	0	0	0	0.0	0.0	0.0	0.0	0.0	0
6000	472	10	3.6	0	0	0	0.0	0.0	0.0	0.0	0.0	0
6000	472	10	3.8	0	0	0	0.0	0.0	0.0	0.0	0.0	0
6000	472	10	4	0	0	0	0.0	0.0	0.0	0.0	0.0	0
6000	473	10	3	10	10	0	10	10	0	0	0	1
6000	473	10	3.2	4	4	0	4	4	0	0	0	1
6000	473	10	3.4	2	2	0	2	2	0	0	0	1
6000	473	10	3.6	2	2	0	2	2	0	0	0	1
6000	473	10	3.8	1	1	0	1	1	0	0	0	1
6000	473	10	4	1	1	0	1	1	0	0	0	1
6000	474	10	3	12	12	0	12	12	0	0	0	1
6000	474	10	3.2	7	9	0	6	6	0	0	0	1
6000	474	10	3.4	6	7	0	5	5	0	0	0	1
6000	474	10	3.6	2	2	0	2	2	0	0	0	1
6000	474	10	3.8	0	0	0	0.0	0.0	0.0	0.0	0.0	0
6000	474	10	4	0	0	0	0.0	0.0	0.0	0.0	0.0	0
6000	475	10	3	15	15	0	15	15	0	0	0	1
6000	475	10	3.2	5	5	0	5	5	0	0	0	1
6000	475	10	3.4	2	2	0	2	2	0	0	0	1
6000	475	10	3.6	1	1	0	1	1	0	0	0	1
6000	475	10	3.8	0	0	0	0.0	0.0	0.0	0.0	0.0	0
6000	475	10	4	0	0	0	0.0	0.0	0.0	0.0	0.0	0
6000	476	10	3	16	16	0	16	16	0	0	0	1
6000	476	10	3.2	10	10	0	10	10	0	0	0	1
6000	476	10	3.4	4	4	0	4	4	0	0	0	1
6000	476	10	3.6	2	2	0	2	2	0	0	0	1
6000	476	10	3.8	1	1	0	1	1	0	0	0	1
6000	476	10	4	0	0	0	0.0	0.0	0.0	0.0	0.0	0
6000	477	10	3	15	15	0	15	15	0	0	0	1
6000	477	10	3.2	6	6	0	6	6	0	0	0	1
6000	477	10	3.4	5	5	0	5	5	0	0	0	1
6000	477	10	3.6	1	1	0	1	1	0	0	0	1
6000	477	10	3.8	1	1	0	1	1	0	0	0	1
6000	477	10	4	1	1	0	1	1	0	0	0	1
6000	478	10	3	9	9	0	9	9	0	0	0	1
6000	478	10	3.2	4	4	0	4	4	0	0	0	1
6000	478	10	3.4	1	1	0	1	1	0	0	0	1
6000	478	10	3.6	0	0	0	0.0	0.0	0.0	0.0	0.0	0
6000	478	10	3.8	0	0	0	0.0	0.0	0.0	0.0	0.0	0
6000	478	10	4	0	0	0	0.0	0.0	0.0	0.0	0.0	0
6000	479	10	3	12	13	0	11	11	0	0	0	1
6000	479	10	3.2	5	6	0	4	4	0	0	0	1
6000	479	10	3.4	3	4	0	2	2	0	0	0	1
6000	479	10	3.6	2	3	0	1	1	0	0	0	1
6000	479	10	3.8	2	3	0	1	1	0	0	0	1
6000	479	10	4	2	3	0	1	1	0	0	0	1
6000	480	10	3	16	16	0	16	16	0	0	0	1
6000	480	10	3.2	6	6	0	6	6	0	0	0	1
6000	480	10	3.4	4	4	0	4	4	0	0	0	1
6000	480	10	3.6	1	1	0	1	1	0	0	0	1
6000	480	10	3.8	1	1	0	1	1	0	0	0	1
6000	480	10	4	1	1	0	1	1	0	0	0	1
6000	481	10	3	24	24	0	24	24	0	0	0	1
6000	481	10	3.2	9	9	0	9	9	0	0	0	1
6000	481	10	3.4	6	6	0	6	6	0	0	0	1
6000	481	10	3.6	3	3	0	3	3	0	0	0	1
6000	481	10	3.8	2	2	0	2	2	0	0	0	1
6000	481	10	4	1	1	0	1	1	0	0	0	1
6000	482	10	3	17	17	0	17	17	0	0	0	1
6000	482	10	3.2	6	6	0	6	6	0	0	0	1
6000	482	10	3.4	1	1	0	1	1	0	0	0	1
6000	482	10	3.6	0	0	0	0.0	0.0	0.0	0.0	0.0	0
6000	482	10	3.8	0	0	0	0.0	0.0	0.0	0.0	0.0	0
6000	482	10	4	0	0	0	0.0	0.0	0.0	0.0	0.0	0
6000	483	10	3	8	8	0	8	8	0	0	0	1
6000	483	10	3.2	4	4	0	4	4	0	0	0	1
6000	483	10	3.4	3	3	0	3	3	0	0	0	1
6000	483	10	3.6	1	1	0	1	1	0	0	0	1
6000	483	10	3.8	1	1	0	1	1	0	0	0	1
6000	483	10	4	0	0	0	0.0	0.0	0.0	0.0	0.0	0
6000	484	10	3	15	15	0	15	15	0	0	0	1
6000	484	10	3.2	9	9	0	9	9	0	0	0	1
6000	484	10	3.4	6	6	0	6	6	0	0	0	1
6000	484	10	3.6	3	3	0	3	3	0	0	0	1
6000	484	10	3.8	1	1	0	1	1	0	0	0	1
6000	484	10	4	1	1	0	1	1	0	0	0	1
6000	485	10	3	16	16	0	16	16	0	0	0	1
6000	485	10	3.2	6	6	0	6	6	0	0	0	1
6000	485	10	3.4	4	4	0	4	4	0	0	0	1
6000	485	10	3.6	3	3	0	3	3	0	0	0	1
6000	485	10	3.8	1	1	0	1	1	0	0	0	1
6000	485	10	4	0	0	0	0.0	0.0	0.0	0.0	0.0	0
6000	486	10	3	19	19	0	19	19	0	0	0	1
6000	486	10	3.2	8	8	0	8	8	0	0	0	1
6000	486	10	3.4	3	3	0	3	3	0	0	0	1
6000	486	10	3.6	2	2	0	2	2	0	0	0	1
6000	486	10	3.8	1	1	0	1	1	0	0	0	1
6000	486	10	4	1	1	0	1	1	0	0	0	1
6000	487	10	3	18	19	0	17	17	0	0	0	1
6000	487	10	3.2	8	9	0	7	7	0	0	0	1
6000	487	10	3.4	5	6	0	4	4	0	0	0	1
6000	487	10	3.6	2	3	0	1	1	0	0	0	1
6000	487	10	3.8	2	3	0	1	1	0	0	0	1
6000	487	10	4	0	0	0	0.0	0.0	0.0	0.0	0.0	0
6000	488	10	3	11	11	0	11	11	0	0	0	1
6000	488	10	3.2	3	3	0	3	3	0	0	0	1
6000	488	10	3.4	1	1	0	1	1	0	0	0	1
6000	488	10	3.6	1	1	0	1	1	0	0	0	1
6000	488	10	3.8	1	1	0	1	1	0	0	0	1
6000	488	10	4	1	1	0	1	1	0	0	0	1
6000	489	10	3	15	16	0	14	14	0	0	0	1
6000	489	10	3.2	5	6	0	4	4	0	0	0	1
6000	489	10	3.4	3	3	0	3	3	0	0	0	1
6000	489	10	3.6	1	1	0	1	1	0	0	0	1
6000	489	10	3.8	0	0	0	0.0	0.0	0.0	0.0	0.0	0
6000	489	10	4	0	0	0	0.0	0.0	0.0	0.0	0.0	0
6000	490	10	3	18	18	0	18	18	0	0	0	1
6000	490	10	3.2	8	8	0	8	8	0	0	0	1
6000	490	10	3.4	2	2	0	2	2	0	0	0	1
6000	490	10	3.6	1	1	0	1	1	0	0	0	1
6000	490	10	3.8	0	0	0	0.0	0.0	0.0	0.0	0.0	0
6000	490	10	4	0	0	0	0.0	0.0	0.0	0.0	0.0	0
6000	491	10	3	13	13	0	13	13	0	0	0	1
6000	491	10	3.2	5	5	0	5	5	0	0	0	1
6000	491	10	3.4	1	1	0	1	1	0	0	0	1
6000	491	10	3.6	1	1	0	1	1	0	0	0	1
6000	491	10	3.8	1	1	0	1	1	0	0	0	1
6000	491	10	4	0	0	0	0.0	0.0	0.0	0.0	0.0	0
6000	492	10	3	19	19	0	19	19	0	0	0	1
6000	492	10	3.2	9	9	0	9	9	0	0	0	1
6000	492	10	3.4	5	5	0	5	5	0	0	0	1
6000	492	10	3.6	3	3	0	3	3	0	0	0	1
6000	492	10	3.8	2	2	0	2	2	0	0	0	1
6000	492	10	4	2	2	0	2	2	0	0	0	1
6000	493	10	3	13	13	0	13	13	0	0	0	1
6000	493	10	3.2	4	4	0	4	4	0	0	0	1
6000	493	10	3.4	1	1	0	1	1	0	0	0	1
6000	493	10	3.6	1	1	0	1	1	0	0	0	1
6000	493	10	3.8	0	0	0	0.0	0.0	0.0	0.0	0.0	0
6000	493	10	4	0	0	0	0.0	0.0	0.0	0.0	0.0	0
6000	494	10	3	15	15	0	15	15	0.01	0	0	1
6000	494	10	3.2	6	6	0	6	6	0	0	0	1
6000	494	10	3.4	0	0	0	0.0	0.0	0.0	0.0	0.0	0
6000	494	10	3.6	0	0	0	0.0	0.0	0.0	0.0	0.0	0
6000	494	10	3.8	0	0	0	0.0	0.0	0.0	0.0	0.0	0
6000	494	10	4	0	0	0	0.0	0.0	0.0	0.0	0.0	0
6000	495	10	3	10	10	0	10	10	0	0	0	1
6000	495	10	3.2	5	5	0	5	5	0	0	0	1
6000	495	10	3.4	1	1	0	1	1	0	0	0	1
6000	495	10	3.6	1	1	0	1	1	0	0	0	1
6000	495	10	3.8	1	1	0	1	1	0	0	0	1
6000	495	10	4	1	1	0	1	1	0	0	0	1
6000	496	10	3	22	22	0	22	22	0	0	0	1
6000	496	10	3.2	8	8	0	8	8	0	0	0	1
6000	496	10	3.4	4	4	0	4	4	0	0	0	1
6000	496	10	3.6	2	2	0	2	2	0	0	0	1
6000	496	10	3.8	0	0	0	0.0	0.0	0.0	0.0	0.0	0
6000	496	10	4	0	0	0	0.0	0.0	0.0	0.0	0.0	0
6000	497	10	3	14	15	0	13	13	0	0	0	1
6000	497	10	3.2	6	7	0	5	5	0	0	0	1
6000	497	10	3.4	2	3	0	1	1	0	0	0	1
6000	497	10	3.6	0	0	0	0.0	0.0	0.0	0.0	0.0	0
6000	497	10	3.8	0	0	0	0.0	0.0	0.0	0.0	0.0	0
6000	497	10	4	0	0	0	0.0	0.0	0.0	0.0	0.0	0
6000	498	10	3	14	15	0	13	13	0	0	0	1
6000	498	10	3.2	8	9	0	7	7	0	0	0	1
6000	498	10	3.4	4	6	0	3	3	0	0	0	1
6000	498	10	3.6	3	4	0	2	2	0	0	0	1
6000	498	10	3.8	1	1	0	1	1	0	0	0	1
6000	498	10	4	0	0	0	0.0	0.0	0.0	0.0	0.0	0
6000	499	10	3	21	21	0	21	21	0	0	0	1
6000	499	10	3.2	14	14	0	14	14	0	0	0	1
6000	499	10	3.4	5	5	0	5	5	0	0	0	1
6000	499	10	3.6	2	2	0	2	2	0	0	0	1
6000	499	10	3.8	1	1	0	1	1	0	0	0	1
6000	499	10	4	0	0	0	0.0	0.0	0.0	0.0	0.0	0
6000	500	10	3	11	11	0	11	11	0	0	0	1
6000	500	10	3.2	5	5	0	5	5	0	0	0	1
6000	500	10	3.4	0	0	0	0.0	0.0	0.0	0.0	0.0	0
6000	500	10	3.6	0	0	0	0.0	0.0	0.0	0.0	0.0	0
6000	500	10	3.8	0	0	0	0.0	0.0	0.0	0.0	0.0	0
6000	500	10	4	0	0	0	0.0	0.0	0.0	0.0	0.0	0
6000	501	10	3	16	16	0	16	16	0	0	0	1
6000	501	10	3.2	6	6	0	6	6	0	0	0	1
6000	501	10	3.4	2	2	0	2	2	0	0	0	1
6000	501	10	3.6	1	1	0	1	1	0	0	0	1
6000	501	10	3.8	1	1	0	1	1	0	0	0	1
6000	501	10	4	1	1	0	1	1	0	0	0	1
6000	502	10	3	15	15	0	15	15	0	0	0	1
6000	502	10	3.2	9	10	0	8	8	0	0	0	1
6000	502	10	3.4	3	4	0	2	2	0	0	0	1
6000	502	10	3.6	2	2	0	2	2	0	0	0	1
6000	502	10	3.8	1	1	0	1	1	0	0	0	1
6000	502	10	4	1	1	0	1	1	0	0	0	1
6000	503	10	3	14	15	0	13	13	0	0	0	1
6000	503	10	3.2	6	7	0	5	5	0	0	0	1
6000	503	10	3.4	3	4	0	2	2	0	0	0	1
6000	503	10	3.6	3	4	0	2	2	0	0	0	1
6000	503	10	3.8	2	2	0	2	2	0	0	0	1
6000	503	10	4	1	1	0	1	1	0	0	0	1
6000	504	10	3	22	25	0	21	21	0	0	0	1
6000	504	10	3.2	14	17	0	13	13	0	0	0	1
6000	504	10	3.4	7	10	0	6	6	0	0	0	1
6000	504	10	3.6	4	7	0	3	3	0	0	0	1
6000	504	10	3.8	4	7	0	3	3	0	0	0	1
6000	504	10	4	2	2	0	2	2	0	0	0	1
6000	505	10	3	18	18	0	18	18	0	0	0	1
6000	505	10	3.2	10	10	0	10	10	0	0	0	1
6000	505	10	3.4	6	6	0	6	6	0	0	0	1
6000	505	10	3.6	2	2	0	2	2	0	0	0	1
6000	505	10	3.8	0	0	0	0.0	0.0	0.0	0.0	0.0	0
6000	505	10	4	0	0	0	0.0	0.0	0.0	0.0	0.0	0
6000	506	10	3	13	13	0	13	13	0	0	0	1
6000	506	10	3.2	5	5	0	5	5	0	0	0	1
6000	506	10	3.4	3	3	0	3	3	0	0	0	1
6000	506	10	3.6	1	1	0	1	1	0	0	0	1
6000	506	10	3.8	1	1	0	1	1	0	0	0	1
6000	506	10	4	0	0	0	0.0	0.0	0.0	0.0	0.0	0
6000	507	10	3	9	9	0	9	9	0	0	0	1
6000	507	10	3.2	2	2	0	2	2	0	0	0	1
6000	507	10	3.4	1	1	0	1	1	0	0	0	1
6000	507	10	3.6	0	0	0	0.0	0.0	0.0	0.0	0.0	0
6000	507	10	3.8	0	0	0	0.0	0.0	0.0	0.0	0.0	0
6000	507	10	4	0	0	0	0.0	0.0	0.0	0.0	0.0	0
6000	508	10	3	18	21	0	17	17	0	0	0	1
6000	508	10	3.2	9	12	0	8	8	0	0	0	1
6000	508	10	3.4	5	8	0	4	4	0	0	0	1
6000	508	10	3.6	4	7	0	3	3	0	0	0	1
6000	508	10	3.8	2	2	0	2	2	0	0	0	1
6000	508	10	4	1	1	0	1	1	0	0	0	1
6000	509	10	3	14	14	0	14	14	0	0	0	1
6000	509	10	3.2	8	8	0	8	8	0	0	0	1
6000	509	10	3.4	5	5	0	5	5	0	0	0	1
6000	509	10	3.6	3	3	0	3	3	0	0	0	1
6000	509	10	3.8	1	1	0	1	1	0	0	0	1
6000	509	10	4	1	1	0	1	1	0	0	0	1
6000	510	10	3	20	20	0	20	20	0	0	0	1
6000	510	10	3.2	7	7	0	7	7	0	0	0	1
6000	510	10	3.4	4	4	0	4	4	0	0	0	1
6000	510	10	3.6	2	2	0	2	2	0	0	0	1
6000	510	10	3.8	1	1	0	1	1	0	0	0	1
6000	510	10	4	0	0	0	0.0	0.0	0.0	0.0	0.0	0
6000	511	10	3	9	9	0	9	9	0	0	0	1
6000	511	10	3.2	5	5	0	5	5	0	0	0	1
6000	511	10	3.4	0	0	0	0.0	0.0	0.0	0.0	0.0	0
6000	511	10	3.6	0	0	0	0.0	0.0	0.0	0.0	0.0	0
6000	511	10	3.8	0	0	0	0.0	0.0	0.0	0.0	0.0	0
6000	511	10	4	0	0	0	0.0	0.0	0.0	0.0	0.0	0
6000	512	10	3	12	12	0	12	12	0	0	0	1
6000	512	10	3.2	4	4	0	4	4	0	0	0	1
6000	512	10	3.4	2	2	0	2	2	0	0	0	1
6000	512	10	3.6	1	1	0	1	1	0	0	0	1
6000	512	10	3.8	1	1	0	1	1	0	0	0	1
6000	512	10	4	0	0	0	0.0	0.0	0.0	0.0	0.0	0
6000	513	10	3	11	11	0	11	11	0	0	0	1
6000	513	10	3.2	3	3	0	3	3	0	0	0	1
6000	513	10	3.4	1	1	0	1	1	0	0	0	1
6000	513	10	3.6	0	0	0	0.0	0.0	0.0	0.0	0.0	0
6000	513	10	3.8	0	0	0	0.0	0.0	0.0	0.0	0.0	0
6000	513	10	4	0	0	0	0.0	0.0	0.0	0.0	0.0	0
6000	514	10	3	11	11	0	11	11	0	0	0	1
6000	514	10	3.2	6	6	0	6	6	0	0	0	1
6000	514	10	3.4	2	2	0	2	2	0	0	0	1
6000	514	10	3.6	0	0	0	0.0	0.0	0.0	0.0	0.0	0
6000	514	10	3.8	0	0	0	0.0	0.0	0.0	0.0	0.0	0
6000	514	10	4	0	0	0	0.0	0.0	0.0	0.0	0.0	0
6000	515	10	3	17	18	0	16	16	0	0	0	1
6000	515	10	3.2	5	5	0	5	5	0	0	0	1
6000	515	10	3.4	3	3	0	3	3	0	0	0	1
6000	515	10	3.6	2	2	0	2	2	0	0	0	1
6000	515	10	3.8	1	1	0	1	1	0	0	0	1
6000	515	10	4	1	1	0	1	1	0	0	0	1
6000	516	10	3	22	22	0	22	22	0	0	0	1
6000	516	10	3.2	9	9	0	9	9	0	0	0	1
6000	516	10	3.4	5	5	0	5	5	0	0	0	1
6000	516	10	3.6	2	2	0	2	2	0	0	0	1
6000	516	10	3.8	1	1	0	1	1	0	0	0	1
6000	516	10	4	1	1	0	1	1	0	0	0	1
6000	517	10	3	17	17	0	17	17	0	0	0	1
6000	517	10	3.2	7	7	0	7	7	0	0	0	1
6000	517	10	3.4	5	5	0	5	5	0	0	0	1
6000	517	10	3.6	2	2	0	2	2	0	0	0	1
6000	517	10	3.8	1	1	0	1	1	0	0	0	1
6000	517	10	4	1	1	0	1	1	0	0	0	1
6000	518	10	3	10	10	0	10	10	0	0	0	1
6000	518	10	3.2	5	5	0	5	5	0	0	0	1
6000	518	10	3.4	4	4	0	4	4	0	0	0	1
6000	518	10	3.6	1	1	0	1	1	0	0	0	1
6000	518	10	3.8	1	1	0	1	1	0	0	0	1
6000	518	10	4	0	0	0	0.0	0.0	0.0	0.0	0.0	0
6000	519	10	3	16	16	0	16	16	0	0	0	1
6000	519	10	3.2	6	6	0	6	6	0	0	0	1
6000	519	10	3.4	4	4	0	4	4	0	0	0	1
6000	519	10	3.6	0	0	0	0.0	0.0	0.0	0.0	0.0	0
6000	519	10	3.8	0	0	0	0.0	0.0	0.0	0.0	0.0	0
6000	519	10	4	0	0	0	0.0	0.0	0.0	0.0	0.0	0
6000	520	10	3	15	15	0	15	15	0	0	0	1
6000	520	10	3.2	8	8	0	8	8	0	0	0	1
6000	520	10	3.4	2	2	0	2	2	0	0	0	1
6000	520	10	3.6	1	1	0	1	1	0	0	0	1
6000	520	10	3.8	1	1	0	1	1	0	0	0	1
6000	520	10	4	0	0	0	0.0	0.0	0.0	0.0	0.0	0
6000	521	10	3	7	8	0	6	6	0	0	0	1
6000	521	10	3.2	3	4	0	2	2	0	0	0	1
6000	521	10	3.4	2	3	0	1	1	0	0	0	1
6000	521	10	3.6	2	3	0	1	1	0	0	0	1
6000	521	10	3.8	1	1	0	1	1	0	0	0	1
6000	521	10	4	0	0	0	0.0	0.0	0.0	0.0	0.0	0
6000	522	10	3	9	9	0	9	9	0	0	0	1
6000	522	10	3.2	5	5	0	5	5	0	0	0	1
6000	522	10	3.4	1	1	0	1	1	0	0	0	1
6000	522	10	3.6	1	1	0	1	1	0	0	0	1
6000	522	10	3.8	1	1	0	1	1	0	0	0	1
6000	522	10	4	1	1	0	1	1	0	0	0	1
6000	523	10	3	12	13	0	11	11	0	0	0	1
6000	523	10	3.2	7	8	0	6	6	0	0	0	1
6000	523	10	3.4	2	3	0	1	1	0	0	0	1
6000	523	10	3.6	2	3	0	1	1	0	0	0	1
6000	523	10	3.8	2	3	0	1	1	0	0	0	1
6000	523	10	4	1	1	0	1	1	0	0	0	1
6000	524	10	3	19	19	0	19	19	0	0	0	1
6000	524	10	3.2	7	7	0	7	7	0	0	0	1
6000	524	10	3.4	2	2	0	2	2	0	0	0	1
6000	524	10	3.6	1	1	0	1	1	0	0	0	1
6000	524	10	3.8	0	0	0	0.0	0.0	0.0	0.0	0.0	0
6000	524	10	4	0	0	0	0.0	0.0	0.0	0.0	0.0	0
6000	525	10	3	22	22	0	22	22	0	0	0	1
6000	525	10	3.2	13	13	0	13	13	0	0	0	1
6000	525	10	3.4	7	7	0	7	7	0	0	0	1
6000	525	10	3.6	3	3	0	3	3	0	0	0	1
6000	525	10	3.8	1	1	0	1	1	0	0	0	1
6000	525	10	4	1	1	0	1	1	0	0	0	1
6000	526	10	3	10	10	0	10	10	0	0	0	1
6000	526	10	3.2	4	4	0	4	4	0	0	0	1
6000	526	10	3.4	2	2	0	2	2	0	0	0	1
6000	526	10	3.6	2	2	0	2	2	0	0	0	1
6000	526	10	3.8	1	1	0	1	1	0	0	0	1
6000	526	10	4	1	1	0	1	1	0	0	0	1
6000	527	10	3	15	17	0	14	14	0	0	0	1
6000	527	10	3.2	8	10	0	7	7	0	0	0	1
6000	527	10	3.4	4	6	0	3	3	0	0	0	1
6000	527	10	3.6	3	4	0	2	2	0	0	0	1
6000	527	10	3.8	0	0	0	0.0	0.0	0.0	0.0	0.0	0
6000	527	10	4	0	0	0	0.0	0.0	0.0	0.0	0.0	0
6000	528	10	3	11	11	0	11	11	0	0	0	1
6000	528	10	3.2	6	6	0	6	6	0	0	0	1
6000	528	10	3.4	1	1	0	1	1	0	0	0	1
6000	528	10	3.6	1	1	0	1	1	0	0	0	1
6000	528	10	3.8	1	1	0	1	1	0	0	0	1
6000	528	10	4	0	0	0	0.0	0.0	0.0	0.0	0.0	0
6000	529	10	3	18	21	0	17	17	0	0	0	1
6000	529	10	3.2	6	9	0	5	5	0	0	0	1
6000	529	10	3.4	4	7	0	3	3	0	0	0	1
6000	529	10	3.6	4	7	0	3	3	0	0	0	1
6000	529	10	3.8	3	5	0	2	2	0	0	0	1
6000	529	10	4	2	3	0	1	1	0	0	0	1
6000	530	10	3	13	13	0	13	13	0	0	0	1
6000	530	10	3.2	6	6	0	6	6	0	0	0	1
6000	530	10	3.4	2	2	0	2	2	0	0	0	1
6000	530	10	3.6	0	0	0	0.0	0.0	0.0	0.0	0.0	0
6000	530	10	3.8	0	0	0	0.0	0.0	0.0	0.0	0.0	0
6000	530	10	4	0	0	0	0.0	0.0	0.0	0.0	0.0	0
6000	531	10	3	13	13	0	13	13	0	0	0	1
6000	531	10	3.2	3	3	0	3	3	0	0	0	1
6000	531	10	3.4	2	2	0	2	2	0	0	0	1
6000	531	10	3.6	1	1	0	1	1	0	0	0	1
6000	531	10	3.8	1	1	0	1	1	0	0	0	1
6000	531	10	4	0	0	0	0.0	0.0	0.0	0.0	0.0	0
6000	532	10	3	7	7	0	7	7	0	0	0	1
6000	532	10	3.2	4	4	0	4	4	0	0	0	1
6000	532	10	3.4	2	2	0	2	2	0	0	0	1
6000	532	10	3.6	1	1	0	1	1	0	0	0	1
6000	532	10	3.8	0	0	0	0.0	0.0	0.0	0.0	0.0	0
6000	532	10	4	0	0	0	0.0	0.0	0.0	0.0	0.0	0
6000	533	10	3	12	12	0	12	12	0	0	0	1
6000	533	10	3.2	5	5	0	5	5	0	0	0	1
6000	533	10	3.4	1	1	0	1	1	0	0	0	1
6000	533	10	3.6	0	0	0	0.0	0.0	0.0	0.0	0.0	0
6000	533	10	3.8	0	0	0	0.0	0.0	0.0	0.0	0.0	0
6000	533	10	4	0	0	0	0.0	0.0	0.0	0.0	0.0	0
6000	534	10	3	14	14	0	14	14	0	0	0	1
6000	534	10	3.2	4	4	0	4	4	0	0	0	1
6000	534	10	3.4	2	2	0	2	2	0	0	0	1
6000	534	10	3.6	1	1	0	1	1	0	0	0	1
6000	534	10	3.8	0	0	0	0.0	0.0	0.0	0.0	0.0	0
6000	534	10	4	0	0	0	0.0	0.0	0.0	0.0	0.0	0
6000	535	10	3	18	18	0	18	18	0	0	0	1
6000	535	10	3.2	9	9	0	9	9	0	0	0	1
6000	535	10	3.4	4	4	0	4	4	0	0	0	1
6000	535	10	3.6	1	1	0	1	1	0	0	0	1
6000	535	10	3.8	1	1	0	1	1	0	0	0	1
6000	535	10	4	1	1	0	1	1	0	0	0	1
6000	536	10	3	16	16	0	16	16	0	0	0	1
6000	536	10	3.2	6	6	0	6	6	0	0	0	1
6000	536	10	3.4	4	4	0	4	4	0	0	0	1
6000	536	10	3.6	1	1	0	1	1	0	0	0	1
6000	536	10	3.8	1	1	0	1	1	0	0	0	1
6000	536	10	4	1	1	0	1	1	0	0	0	1
6000	537	10	3	13	13	0	13	13	0	0	0	1
6000	537	10	3.2	4	4	0	4	4	0	0	0	1
6000	537	10	3.4	2	2	0	2	2	0	0	0	1
6000	537	10	3.6	1	1	0	1	1	0	0	0	1
6000	537	10	3.8	0	0	0	0.0	0.0	0.0	0.0	0.0	0
6000	537	10	4	0	0	0	0.0	0.0	0.0	0.0	0.0	0
6000	538	10	3	10	10	0	10	10	0	0	0	1
6000	538	10	3.2	6	6	0	6	6	0	0	0	1
6000	538	10	3.4	4	4	0	4	4	0	0	0	1
6000	538	10	3.6	2	2	0	2	2	0	0	0	1
6000	538	10	3.8	1	1	0	1	1	0	0	0	1
6000	538	10	4	0	0	0	0.0	0.0	0.0	0.0	0.0	0
6000	539	10	3	16	16	0	16	16	0	0	0	1
6000	539	10	3.2	4	4	0	4	4	0	0	0	1
6000	539	10	3.4	2	2	0	2	2	0	0	0	1
6000	539	10	3.6	1	1	0	1	1	0	0	0	1
6000	539	10	3.8	0	0	0	0.0	0.0	0.0	0.0	0.0	0
6000	539	10	4	0	0	0	0.0	0.0	0.0	0.0	0.0	0
6000	540	10	3	9	9	0	9	9	0	0	0	1
6000	540	10	3.2	5	6	0	4	4	0	0	0	1
6000	540	10	3.4	3	4	0	2	2	0	0	0	1
6000	540	10	3.6	2	2	0	2	2	0	0	0	1
6000	540	10	3.8	1	1	0	1	1	0	0	0	1
6000	540	10	4	1	1	0	1	1	0	0	0	1
6000	541	10	3	12	14	0	11	11	0	0	0	1
6000	541	10	3.2	7	10	0	6	6	0	0	0	1
6000	541	10	3.4	5	8	0	4	4	0	0	0	1
6000	541	10	3.6	4	4	0	4	4	0	0	0	1
6000	541	10	3.8	0	0	0	0.0	0.0	0.0	0.0	0.0	0
6000	541	10	4	0	0	0	0.0	0.0	0.0	0.0	0.0	0
6000	542	10	3	21	21	0	21	21	0	0	0	1
6000	542	10	3.2	8	8	0	8	8	0	0	0	1
6000	542	10	3.4	4	4	0	4	4	0	0	0	1
6000	542	10	3.6	1	1	0	1	1	0	0	0	1
6000	542	10	3.8	1	1	0	1	1	0	0	0	1
6000	542	10	4	1	1	0	1	1	0	0	0	1
6000	543	10	3	13	14	0	12	12	0	0	0	1
6000	543	10	3.2	4	5	0	3	3	0	0	0	1
6000	543	10	3.4	3	4	0	2	2	0	0	0	1
6000	543	10	3.6	1	1	0	1	1	0	0	0	1
6000	543	10	3.8	0	0	0	0.0	0.0	0.0	0.0	0.0	0
6000	543	10	4	0	0	0	0.0	0.0	0.0	0.0	0.0	0
6000	544	10	3	11	11	0	11	11	0	0	0	1
6000	544	10	3.2	4	5	0	3	3	0	0	0	1
6000	544	10	3.4	2	3	0	1	1	0	0	0	1
6000	544	10	3.6	1	1	0	1	1	0	0	0	1
6000	544	10	3.8	1	1	0	1	1	0	0	0	1
6000	544	10	4	0	0	0	0.0	0.0	0.0	0.0	0.0	0
6000	545	10	3	19	20	0	18	18	0	0	0	1
6000	545	10	3.2	9	10	0	8	8	0	0	0	1
6000	545	10	3.4	2	3	0	1	1	0	0	0	1
6000	545	10	3.6	2	3	0	1	1	0	0	0	1
6000	545	10	3.8	2	3	0	1	1	0	0	0	1
6000	545	10	4	1	1	0	1	1	0	0	0	1
6000	546	10	3	9	10	0	8	8	0	0	0	1
6000	546	10	3.2	4	5	0	3	3	0	0	0	1
6000	546	10	3.4	2	3	0	1	1	0	0	0	1
6000	546	10	3.6	2	3	0	1	1	0	0	0	1
6000	546	10	3.8	2	2	0	2	2	0	0	0	1
6000	546	10	4	1	1	0	1	1	0	0	0	1
6000	547	10	3	5	6	0	4	4	0	0	0	1
6000	547	10	3.2	3	4	0	2	2	0	0	0	1
6000	547	10	3.4	1	1	0	1	1	0	0	0	1
6000	547	10	3.6	1	1	0	1	1	0	0	0	1
6000	547	10	3.8	0	0	0	0.0	0.0	0.0	0.0	0.0	0
6000	547	10	4	0	0	0	0.0	0.0	0.0	0.0	0.0	0
6000	548	10	3	14	14	0	14	14	0	0	0	1
6000	548	10	3.2	8	8	0	8	8	0	0	0	1
6000	548	10	3.4	4	4	0	4	4	0	0	0	1
6000	548	10	3.6	1	1	0	1	1	0	0	0	1
6000	548	10	3.8	1	1	0	1	1	0	0	0	1
6000	548	10	4	1	1	0	1	1	0	0	0	1
6000	549	10	3	11	13	0	10	10	0	0	0	1
6000	549	10	3.2	8	11	0	7	7	0	0	0	1
6000	549	10	3.4	5	8	0	3	3	0	0	0	1
6000	549	10	3.6	1	1	0	1	1	0	0	0	1
6000	549	10	3.8	1	1	0	1	1	0	0	0	1
6000	549	10	4	1	1	0	1	1	0	0	0	1
6000	550	10	3	14	14	0	14	14	0	0	0	1
6000	550	10	3.2	7	7	0	7	7	0	0	0	1
6000	550	10	3.4	6	6	0	6	6	0	0	0	1
6000	550	10	3.6	6	6	0	6	6	0	0	0	1
6000	550	10	3.8	2	2	0	2	2	0	0	0	1
6000	550	10	4	1	1	0	1	1	0	0	0	1
6000	551	10	3	18	18	0	18	18	0	0	0	1
6000	551	10	3.2	4	4	0	4	4	0	0	0	1
6000	551	10	3.4	3	3	0	3	3	0	0	0	1
6000	551	10	3.6	2	2	0	2	2	0	0	0	1
6000	551	10	3.8	1	1	0	1	1	0	0	0	1
6000	551	10	4	0	0	0	0.0	0.0	0.0	0.0	0.0	0
6000	552	10	3	15	15	0	15	15	0	0	0	1
6000	552	10	3.2	8	8	0	8	8	0	0	0	1
6000	552	10	3.4	5	6	0	4	4	0	0	0	1
6000	552	10	3.6	3	5	0	2	2	0	0	0	1
6000	552	10	3.8	3	3	0	3	3	0	0	0	1
6000	552	10	4	0	0	0	0.0	0.0	0.0	0.0	0.0	0
6000	553	10	3	18	18	0	18	18	0	0	0	1
6000	553	10	3.2	12	12	0	12	12	0	0	0	1
6000	553	10	3.4	5	5	0	5	5	0	0	0	1
6000	553	10	3.6	2	2	0	2	2	0	0	0	1
6000	553	10	3.8	0	0	0	0.0	0.0	0.0	0.0	0.0	0
6000	553	10	4	0	0	0	0.0	0.0	0.0	0.0	0.0	0
6000	554	10	3	14	14	0	14	14	0	0	0	1
6000	554	10	3.2	6	6	0	6	6	0	0	0	1
6000	554	10	3.4	2	2	0	2	2	0	0	0	1
6000	554	10	3.6	2	2	0	2	2	0	0	0	1
6000	554	10	3.8	0	0	0	0.0	0.0	0.0	0.0	0.0	0
6000	554	10	4	0	0	0	0.0	0.0	0.0	0.0	0.0	0
6000	555	10	3	15	17	0	14	14	0	0	0	1
6000	555	10	3.2	8	10	0	7	7	0	0	0	1
6000	555	10	3.4	3	5	0	2	2	0	0	0	1
6000	555	10	3.6	2	3	0	1	1	0	0	0	1
6000	555	10	3.8	1	1	0	1	1	0	0	0	1
6000	555	10	4	1	1	0	1	1	0	0	0	1
6000	556	10	3	15	15	0	15	15	0	0	0	1
6000	556	10	3.2	6	6	0	6	6	0	0	0	1
6000	556	10	3.4	2	2	0	2	2	0	0	0	1
6000	556	10	3.6	1	1	0	1	1	0	0	0	1
6000	556	10	3.8	1	1	0	1	1	0	0	0	1
6000	556	10	4	0	0	0	0.0	0.0	0.0	0.0	0.0	0
6000	557	10	3	18	18	0	18	18	0	0	0	1
6000	557	10	3.2	10	10	0	10	10	0	0	0	1
6000	557	10	3.4	3	3	0	3	3	0	0	0	1
6000	557	10	3.6	2	2	0	2	2	0	0	0	1
6000	557	10	3.8	1	1	0	1	1	0	0	0	1
6000	557	10	4	1	1	0	1	1	0	0	0	1
6000	558	10	3	24	24	0	24	24	0	0	0	1
6000	558	10	3.2	11	11	0	11	11	0	0	0	1
6000	558	10	3.4	5	5	0	5	5	0	0	0	1
6000	558	10	3.6	1	1	0	1	1	0	0	0	1
6000	558	10	3.8	1	1	0	1	1	0	0	0	1
6000	558	10	4	1	1	0	1	1	0	0	0	1
6000	559	10	3	15	16	0	14	14	0	0	0	1
6000	559	10	3.2	6	7	0	5	5	0	0	0	1
6000	559	10	3.4	3	4	0	2	2	0	0	0	1
6000	559	10	3.6	2	3	0	1	1	0	0	0	1
6000	559	10	3.8	2	3	0	1	1	0	0	0	1
6000	559	10	4	1	1	0	1	1	0	0	0	1
6000	560	10	3	13	13	0	13	13	0	0	0	1
6000	560	10	3.2	3	3	0	3	3	0	0	0	1
6000	560	10	3.4	2	2	0	2	2	0	0	0	1
6000	560	10	3.6	1	1	0	1	1	0	0	0	1
6000	560	10	3.8	0	0	0	0.0	0.0	0.0	0.0	0.0	0
6000	560	10	4	0	0	0	0.0	0.0	0.0	0.0	0.0	0
6000	561	10	3	12	12	0	12	12	0	0	0	1
6000	561	10	3.2	6	6	0	6	6	0	0	0	1
6000	561	10	3.4	2	2	0	2	2	0	0	0	1
6000	561	10	3.6	1	1	0	1	1	0	0	0	1
6000	561	10	3.8	0	0	0	0.0	0.0	0.0	0.0	0.0	0
6000	561	10	4	0	0	0	0.0	0.0	0.0	0.0	0.0	0
6000	562	10	3	11	11	0	11	11	0	0	0	1
6000	562	10	3.2	5	5	0	5	5	0	0	0	1
6000	562	10	3.4	2	2	0	2	2	0	0	0	1
6000	562	10	3.6	1	1	0	1	1	0	0	0	1
6000	562	10	3.8	1	1	0	1	1	0	0	0	1
6000	562	10	4	1	1	0	1	1	0	0	0	1
6000	563	10	3	12	12	0	12	12	0	0	0	1
6000	563	10	3.2	8	8	0	8	8	0	0	0	1
6000	563	10	3.4	4	4	0	4	4	0	0	0	1
6000	563	10	3.6	1	1	0	1	1	0	0	0	1
6000	563	10	3.8	1	1	0	1	1	0	0	0	1
6000	563	10	4	1	1	0	1	1	0	0	0	1
6000	564	10	3	10	11	0	9	9	0	0	0	1
6000	564	10	3.2	5	7	0	4	4	0	0	0	1
6000	564	10	3.4	4	7	0	3	3	0	0	0	1
6000	564	10	3.6	3	4	0	2	2	0	0	0	1
6000	564	10	3.8	2	2	0	2	2	0	0	0	1
6000	565	10	3	13	13	0	13	13	0	0.01	0	1
6000	565	10	3.2	5	5	0	5	5	0	0	0	1
6000	565	10	3.4	3	3	0	3	3	0	0	0	1
6000	565	10	3.6	2	2	0	2	2	0	0	0	1
6000	565	10	3.8	1	1	0	1	1	0	0	0	1
Academic license - for non-commercial use only
6000	565	10	4	1	1	0	1	1	0	0	0	1
Academic license - for non-commercial use only
6000	566	10	3	10	10	0	10	10	0	0	0	1
Academic license - for non-commercial use only
6000	566	10	3.2	4	4	0	4	4	0	0	0	1
Academic license - for non-commercial use only
6000	566	10	3.4	2	2	0	2	2	0	0	0	1
Academic license - for non-commercial use only
6000	566	10	3.6	1	1	0	1	1	0	0	0	1
6000	566	10	3.8	0	0	0	0.0	0.0	0.0	0.0	0.0	0
6000	566	10	4	0	0	0	0.0	0.0	0.0	0.0	0.0	0
Academic license - for non-commercial use only
6000	567	10	3	19	22	0	18	18	0	0	0	1
Academic license - for non-commercial use only
6000	567	10	3.2	11	14	0	10	10	0	0	0	1
Academic license - for non-commercial use only
6000	567	10	3.4	6	9	0	5	5	0	0	0	1
Academic license - for non-commercial use only
6000	567	10	3.6	3	5	0	2	2	0	0	0	1
Academic license - for non-commercial use only
6000	567	10	3.8	1	1	0	1	1	0	0	0	1
6000	567	10	4	0	0	0	0.0	0.0	0.0	0.0	0.0	0
Academic license - for non-commercial use only
6000	568	10	3	11	11	0	11	11	0	0	0	1
Academic license - for non-commercial use only
6000	568	10	3.2	4	4	0	4	4	0	0	0	1
Academic license - for non-commercial use only
6000	568	10	3.4	2	2	0	2	2	0	0	0	1
Academic license - for non-commercial use only
6000	568	10	3.6	1	1	0	1	1	0	0	0	1
6000	568	10	3.8	0	0	0	0.0	0.0	0.0	0.0	0.0	0
6000	568	10	4	0	0	0	0.0	0.0	0.0	0.0	0.0	0
Academic license - for non-commercial use only
6000	569	10	3	12	12	0	12	12	0	0	0	1
Academic license - for non-commercial use only
6000	569	10	3.2	7	7	0	7	7	0	0	0	1
Academic license - for non-commercial use only
6000	569	10	3.4	5	5	0	5	5	0	0	0	1
Academic license - for non-commercial use only
6000	569	10	3.6	4	4	0	4	4	0	0	0	1
6000	569	10	3.8	0	0	0	0.0	0.0	0.0	0.0	0.0	0
6000	569	10	4	0	0	0	0.0	0.0	0.0	0.0	0.0	0
Academic license - for non-commercial use only
6000	570	10	3	12	13	0	11	11	0	0	0	1
Academic license - for non-commercial use only
6000	570	10	3.2	7	8	0	6	6	0	0	0	1
Academic license - for non-commercial use only
6000	570	10	3.4	4	5	0	3	3	0	0	0	1
Academic license - for non-commercial use only
6000	570	10	3.6	2	3	0	1	1	0	0	0	1
Academic license - for non-commercial use only
6000	570	10	3.8	2	3	0	1	1	0	0	0	1
Academic license - for non-commercial use only
6000	570	10	4	1	1	0	1	1	0	0	0	1
Academic license - for non-commercial use only
6000	571	10	3	16	16	0	16	16	0	0	0	1
Academic license - for non-commercial use only
6000	571	10	3.2	7	7	0	7	7	0	0	0	1
Academic license - for non-commercial use only
6000	571	10	3.4	4	4	0	4	4	0	0	0	1
Academic license - for non-commercial use only
6000	571	10	3.6	1	1	0	1	1	0	0	0	1
6000	571	10	3.8	0	0	0	0.0	0.0	0.0	0.0	0.0	0
6000	571	10	4	0	0	0	0.0	0.0	0.0	0.0	0.0	0
Academic license - for non-commercial use only
6000	572	10	3	24	25	0	23	23	0	0	0	1
Academic license - for non-commercial use only
6000	572	10	3.2	10	11	0	9	9	0	0	0	1
Academic license - for non-commercial use only
6000	572	10	3.4	4	6	0	3	3	0	0	0	1
Academic license - for non-commercial use only
6000	572	10	3.6	3	5	0	2	2	0	0	0	1
Academic license - for non-commercial use only
6000	572	10	3.8	3	5	0	2	2	0	0	0	1
Academic license - for non-commercial use only
6000	572	10	4	2	3	0	1	1	0	0	0	1
Academic license - for non-commercial use only
6000	573	10	3	18	18	0	18	18	0	0	0	1
Academic license - for non-commercial use only
6000	573	10	3.2	5	5	0	5	5	0	0	0	1
Academic license - for non-commercial use only
6000	573	10	3.4	2	2	0	2	2	0	0	0	1
Academic license - for non-commercial use only
6000	573	10	3.6	2	2	0	2	2	0	0	0	1
6000	573	10	3.8	0	0	0	0.0	0.0	0.0	0.0	0.0	0
6000	573	10	4	0	0	0	0.0	0.0	0.0	0.0	0.0	0
Academic license - for non-commercial use only
6000	574	10	3	17	17	0	17	17	0	0	0	1
Academic license - for non-commercial use only
6000	574	10	3.2	9	9	0	9	9	0	0	0	1
Academic license - for non-commercial use only
6000	574	10	3.4	4	4	0	4	4	0	0	0	1
Academic license - for non-commercial use only
6000	574	10	3.6	2	2	0	2	2	0	0	0	1
Academic license - for non-commercial use only
6000	574	10	3.8	1	1	0	1	1	0	0	0	1
6000	574	10	4	0	0	0	0.0	0.0	0.0	0.0	0.0	0
Academic license - for non-commercial use only
6000	575	10	3	14	14	0	14	14	0	0	0	1
Academic license - for non-commercial use only
6000	575	10	3.2	4	4	0	4	4	0	0	0	1
Academic license - for non-commercial use only
6000	575	10	3.4	2	2	0	2	2	0	0	0	1
Academic license - for non-commercial use only
6000	575	10	3.6	2	2	0	2	2	0	0	0	1
6000	575	10	3.8	0	0	0	0.0	0.0	0.0	0.0	0.0	0
6000	575	10	4	0	0	0	0.0	0.0	0.0	0.0	0.0	0
Academic license - for non-commercial use only
6000	576	10	3	12	12	0	12	12	0	0	0	1
Academic license - for non-commercial use only
6000	576	10	3.2	4	4	0	4	4	0	0	0	1
6000	576	10	3.4	0	0	0	0.0	0.0	0.0	0.0	0.0	0
6000	576	10	3.6	0	0	0	0.0	0.0	0.0	0.0	0.0	0
6000	576	10	3.8	0	0	0	0.0	0.0	0.0	0.0	0.0	0
6000	576	10	4	0	0	0	0.0	0.0	0.0	0.0	0.0	0
Academic license - for non-commercial use only
6000	577	10	3	14	14	0	14	14	0	0	0	1
Academic license - for non-commercial use only
6000	577	10	3.2	7	7	0	7	7	0	0	0	1
Academic license - for non-commercial use only
6000	577	10	3.4	2	2	0	2	2	0	0	0	1
Academic license - for non-commercial use only
6000	577	10	3.6	1	1	0	1	1	0	0	0	1
Academic license - for non-commercial use only
6000	577	10	3.8	1	1	0	1	1	0	0	0	1
Academic license - for non-commercial use only
6000	577	10	4	1	1	0	1	1	0	0	0	1
Academic license - for non-commercial use only
6000	578	10	3	18	18	0	18	18	0	0	0	1
Academic license - for non-commercial use only
6000	578	10	3.2	9	9	0	9	9	0	0	0	1
Academic license - for non-commercial use only
6000	578	10	3.4	4	4	0	4	4	0	0	0	1
6000	578	10	3.6	0	0	0	0.0	0.0	0.0	0.0	0.0	0
6000	578	10	3.8	0	0	0	0.0	0.0	0.0	0.0	0.0	0
6000	578	10	4	0	0	0	0.0	0.0	0.0	0.0	0.0	0
Academic license - for non-commercial use only
6000	579	10	3	15	15	0	15	15	0	0	0	1
Academic license - for non-commercial use only
6000	579	10	3.2	3	3	0	3	3	0	0	0	1
Academic license - for non-commercial use only
6000	579	10	3.4	1	1	0	1	1	0	0	0	1
6000	579	10	3.6	0	0	0	0.0	0.0	0.0	0.0	0.0	0
6000	579	10	3.8	0	0	0	0.0	0.0	0.0	0.0	0.0	0
6000	579	10	4	0	0	0	0.0	0.0	0.0	0.0	0.0	0
Academic license - for non-commercial use only
6000	580	10	3	15	15	0	15	15	0	0	0	1
Academic license - for non-commercial use only
6000	580	10	3.2	7	7	0	7	7	0	0	0	1
Academic license - for non-commercial use only
6000	580	10	3.4	1	1	0	1	1	0	0	0	1
Academic license - for non-commercial use only
6000	580	10	3.6	1	1	0	1	1	0	0	0	1
Academic license - for non-commercial use only
6000	580	10	3.8	1	1	0	1	1	0	0	0	1
6000	580	10	4	0	0	0	0.0	0.0	0.0	0.0	0.0	0
Academic license - for non-commercial use only
6000	581	10	3	12	12	0	12	12	0	0	0	1
Academic license - for non-commercial use only
6000	581	10	3.2	7	7	0	7	7	0	0	0	1
Academic license - for non-commercial use only
6000	581	10	3.4	3	3	0	3	3	0	0	0	1
Academic license - for non-commercial use only
6000	581	10	3.6	1	1	0	1	1	0	0	0	1
Academic license - for non-commercial use only
6000	581	10	3.8	1	1	0	1	1	0	0	0	1
Academic license - for non-commercial use only
6000	581	10	4	1	1	0	1	1	0	0	0	1
Academic license - for non-commercial use only
6000	582	10	3	13	13	0	13	13	0	0	0	1
Academic license - for non-commercial use only
6000	582	10	3.2	9	9	0	9	9	0	0	0	1
Academic license - for non-commercial use only
6000	582	10	3.4	3	3	0	3	3	0	0	0	1
Academic license - for non-commercial use only
6000	582	10	3.6	2	2	0	2	2	0	0	0	1
6000	582	10	3.8	0	0	0	0.0	0.0	0.0	0.0	0.0	0
6000	582	10	4	0	0	0	0.0	0.0	0.0	0.0	0.0	0
Academic license - for non-commercial use only
6000	583	10	3	7	7	0	7	7	0	0	0	1
Academic license - for non-commercial use only
6000	583	10	3.2	4	4	0	4	4	0	0	0	1
Academic license - for non-commercial use only
6000	583	10	3.4	2	2	0	2	2	0	0	0	1
6000	583	10	3.6	0	0	0	0.0	0.0	0.0	0.0	0.0	0
6000	583	10	3.8	0	0	0	0.0	0.0	0.0	0.0	0.0	0
6000	583	10	4	0	0	0	0.0	0.0	0.0	0.0	0.0	0
Academic license - for non-commercial use only
6000	584	10	3	20	20	0	20	20	0	0	0	1
Academic license - for non-commercial use only
6000	584	10	3.2	7	7	0	7	7	0	0	0	1
Academic license - for non-commercial use only
6000	584	10	3.4	3	3	0	3	3	0	0	0	1
Academic license - for non-commercial use only
6000	584	10	3.6	3	3	0	3	3	0	0	0	1
Academic license - for non-commercial use only
6000	584	10	3.8	1	1	0	1	1	0	0	0	1
6000	584	10	4	0	0	0	0.0	0.0	0.0	0.0	0.0	0
Academic license - for non-commercial use only
6000	585	10	3	14	14	0	14	14	0	0	0	1
Academic license - for non-commercial use only
6000	585	10	3.2	6	6	0	6	6	0	0	0	1
Academic license - for non-commercial use only
6000	585	10	3.4	1	1	0	1	1	0	0	0	1
Academic license - for non-commercial use only
6000	585	10	3.6	1	1	0	1	1	0	0	0	1
Academic license - for non-commercial use only
6000	585	10	3.8	1	1	0	1	1	0	0	0	1
6000	585	10	4	0	0	0	0.0	0.0	0.0	0.0	0.0	0
Academic license - for non-commercial use only
6000	586	10	3	15	16	0	14	14	0	0	0	1
Academic license - for non-commercial use only
6000	586	10	3.2	6	7	0	5	5	0	0	0	1
Academic license - for non-commercial use only
6000	586	10	3.4	2	3	0	1	1	0	0	0	1
Academic license - for non-commercial use only
6000	586	10	3.6	1	1	0	1	1	0	0	0	1
Academic license - for non-commercial use only
6000	586	10	3.8	1	1	0	1	1	0	0	0	1
Academic license - for non-commercial use only
6000	586	10	4	1	1	0	1	1	0	0	0	1
Academic license - for non-commercial use only
6000	587	10	3	15	15	0	15	15	0	0	0	1
Academic license - for non-commercial use only
6000	587	10	3.2	6	6	0	6	6	0	0	0	1
Academic license - for non-commercial use only
6000	587	10	3.4	5	6	0	4	4	0	0	0	1
Academic license - for non-commercial use only
6000	587	10	3.6	3	3	0	3	3	0	0	0	1
Academic license - for non-commercial use only
6000	587	10	3.8	1	1	0	1	1	0	0	0	1
Academic license - for non-commercial use only
6000	587	10	4	1	1	0	1	1	0	0	0	1
Academic license - for non-commercial use only
6000	588	10	3	12	15	0	11	11	0	0	0	1
Academic license - for non-commercial use only
6000	588	10	3.2	5	8	0	4	4	0	0	0	1
Academic license - for non-commercial use only
6000	588	10	3.4	4	7	0	3	3	0	0	0	1
Academic license - for non-commercial use only
6000	588	10	3.6	4	6	0	3	3	0	0	0	1
Academic license - for non-commercial use only
6000	588	10	3.8	1	1	0	1	1	0	0	0	1
6000	588	10	4	0	0	0	0.0	0.0	0.0	0.0	0.0	0
Academic license - for non-commercial use only
6000	589	10	3	15	15	0	15	15	0	0	0	1
Academic license - for non-commercial use only
6000	589	10	3.2	6	6	0	6	6	0	0	0	1
Academic license - for non-commercial use only
6000	589	10	3.4	2	2	0	2	2	0	0	0	1
6000	589	10	3.6	0	0	0	0.0	0.0	0.0	0.0	0.0	0
6000	589	10	3.8	0	0	0	0.0	0.0	0.0	0.0	0.0	0
6000	589	10	4	0	0	0	0.0	0.0	0.0	0.0	0.0	0
Academic license - for non-commercial use only
6000	590	10	3	12	12	0	12	12	0	0	0	1
Academic license - for non-commercial use only
6000	590	10	3.2	5	5	0	5	5	0	0	0	1
Academic license - for non-commercial use only
6000	590	10	3.4	1	1	0	1	1	0	0	0	1
6000	590	10	3.6	0	0	0	0.0	0.0	0.0	0.0	0.0	0
6000	590	10	3.8	0	0	0	0.0	0.0	0.0	0.0	0.0	0
6000	590	10	4	0	0	0	0.0	0.0	0.0	0.0	0.0	0
Academic license - for non-commercial use only
6000	591	10	3	10	10	0	10	10	0	0	0	1
Academic license - for non-commercial use only
6000	591	10	3.2	5	5	0	5	5	0	0	0	1
Academic license - for non-commercial use only
6000	591	10	3.4	1	1	0	1	1	0	0	0	1
6000	591	10	3.6	0	0	0	0.0	0.0	0.0	0.0	0.0	0
6000	591	10	3.8	0	0	0	0.0	0.0	0.0	0.0	0.0	0
6000	591	10	4	0	0	0	0.0	0.0	0.0	0.0	0.0	0
Academic license - for non-commercial use only
6000	592	10	3	12	12	0	12	12	0	0	0	1
Academic license - for non-commercial use only
6000	592	10	3.2	6	6	0	6	6	0	0	0	1
Academic license - for non-commercial use only
6000	592	10	3.4	4	4	0	4	4	0	0	0	1
Academic license - for non-commercial use only
6000	592	10	3.6	1	1	0	1	1	0	0	0	1
Academic license - for non-commercial use only
6000	592	10	3.8	1	1	0	1	1	0	0	0	1
Academic license - for non-commercial use only
6000	592	10	4	1	1	0	1	1	0	0	0	1
Academic license - for non-commercial use only
6000	593	10	3	18	18	0	18	18	0	0	0	1
Academic license - for non-commercial use only
6000	593	10	3.2	5	5	0	5	5	0	0	0	1
Academic license - for non-commercial use only
6000	593	10	3.4	4	4	0	4	4	0	0	0	1
Academic license - for non-commercial use only
6000	593	10	3.6	1	1	0	1	1	0	0	0	1
Academic license - for non-commercial use only
6000	593	10	3.8	1	1	0	1	1	0	0	0	1
Academic license - for non-commercial use only
6000	593	10	4	1	1	0	1	1	0	0	0	1
Academic license - for non-commercial use only
6000	594	10	3	20	20	0	20	20	0	0	0	1
Academic license - for non-commercial use only
6000	594	10	3.2	7	7	0	7	7	0	0	0	1
Academic license - for non-commercial use only
6000	594	10	3.4	4	4	0	4	4	0	0	0	1
Academic license - for non-commercial use only
6000	594	10	3.6	2	2	0	2	2	0	0	0	1
6000	594	10	3.8	0	0	0	0.0	0.0	0.0	0.0	0.0	0
6000	594	10	4	0	0	0	0.0	0.0	0.0	0.0	0.0	0
Academic license - for non-commercial use only
6000	595	10	3	8	8	0	8	8	0	0	0	1
Academic license - for non-commercial use only
6000	595	10	3.2	3	3	0	3	3	0	0	0	1
Academic license - for non-commercial use only
6000	595	10	3.4	2	2	0	2	2	0	0	0	1
6000	595	10	3.6	0	0	0	0.0	0.0	0.0	0.0	0.0	0
6000	595	10	3.8	0	0	0	0.0	0.0	0.0	0.0	0.0	0
6000	595	10	4	0	0	0	0.0	0.0	0.0	0.0	0.0	0
Academic license - for non-commercial use only
6000	596	10	3	17	18	0	16	16	0	0	0	1
Academic license - for non-commercial use only
6000	596	10	3.2	6	7	0	5	5	0	0	0	1
Academic license - for non-commercial use only
6000	596	10	3.4	3	4	0	2	2	0	0	0	1
Academic license - for non-commercial use only
6000	596	10	3.6	2	3	0	1	1	0	0	0	1
6000	596	10	3.8	0	0	0	0.0	0.0	0.0	0.0	0.0	0
6000	596	10	4	0	0	0	0.0	0.0	0.0	0.0	0.0	0
Academic license - for non-commercial use only
6000	597	10	3	15	15	0	15	15	0	0	0	1
Academic license - for non-commercial use only
6000	597	10	3.2	5	5	0	5	5	0	0	0	1
Academic license - for non-commercial use only
6000	597	10	3.4	2	2	0	2	2	0	0	0	1
Academic license - for non-commercial use only
6000	597	10	3.6	2	2	0	2	2	0	0	0	1
6000	597	10	3.8	0	0	0	0.0	0.0	0.0	0.0	0.0	0
6000	597	10	4	0	0	0	0.0	0.0	0.0	0.0	0.0	0
Academic license - for non-commercial use only
6000	598	10	3	6	6	0	6	6	0	0	0	1
Academic license - for non-commercial use only
6000	598	10	3.2	4	4	0	4	4	0	0	0	1
Academic license - for non-commercial use only
6000	598	10	3.4	1	1	0	1	1	0	0	0	1
Academic license - for non-commercial use only
6000	598	10	3.6	1	1	0	1	1	0	0	0	1
Academic license - for non-commercial use only
6000	598	10	3.8	1	1	0	1	1	0	0	0	1
Academic license - for non-commercial use only
6000	598	10	4	1	1	0	1	1	0	0	0	1
Academic license - for non-commercial use only
6000	599	10	3	19	21	0	18	18	0	0	0	1
Academic license - for non-commercial use only
6000	599	10	3.2	7	9	0	6	6	0	0	0	1
Academic license - for non-commercial use only
6000	599	10	3.4	4	6	0	3	3	0	0	0	1
Academic license - for non-commercial use only
6000	599	10	3.6	3	5	0	2	2	0	0	0	1
Academic license - for non-commercial use only
6000	599	10	3.8	3	4	0	2	2	0	0	0	1
Academic license - for non-commercial use only
6000	599	10	4	1	1	0	1	1	0	0	0	1
Academic license - for non-commercial use only
6000	600	10	3	10	10	0	10	10	0	0	0	1
Academic license - for non-commercial use only
6000	600	10	3.2	3	3	0	3	3	0	0	0	1
6000	600	10	3.4	0	0	0	0.0	0.0	0.0	0.0	0.0	0
6000	600	10	3.6	0	0	0	0.0	0.0	0.0	0.0	0.0	0
6000	600	10	3.8	0	0	0	0.0	0.0	0.0	0.0	0.0	0
6000	600	10	4	0	0	0	0.0	0.0	0.0	0.0	0.0	0
Academic license - for non-commercial use only
6000	601	10	3	12	13	0	11	11	0	0	0	1
Academic license - for non-commercial use only
6000	601	10	3.2	6	7	0	5	5	0	0	0	1
Academic license - for non-commercial use only
6000	601	10	3.4	2	3	0	1	1	0	0	0	1
Academic license - for non-commercial use only
6000	601	10	3.6	2	2	0	2	2	0	0	0	1
Academic license - for non-commercial use only
6000	601	10	3.8	1	1	0	1	1	0	0	0	1
6000	601	10	4	0	0	0	0.0	0.0	0.0	0.0	0.0	0
Academic license - for non-commercial use only
6000	602	10	3	11	11	0	11	11	0	0	0	1
Academic license - for non-commercial use only
6000	602	10	3.2	4	4	0	4	4	0	0	0	1
Academic license - for non-commercial use only
6000	602	10	3.4	1	1	0	1	1	0	0	0	1
6000	602	10	3.6	0	0	0	0.0	0.0	0.0	0.0	0.0	0
6000	602	10	3.8	0	0	0	0.0	0.0	0.0	0.0	0.0	0
6000	602	10	4	0	0	0	0.0	0.0	0.0	0.0	0.0	0
Academic license - for non-commercial use only
6000	603	10	3	17	17	0	17	17	0	0	0	1
Academic license - for non-commercial use only
6000	603	10	3.2	8	8	0	8	8	0	0	0	1
Academic license - for non-commercial use only
6000	603	10	3.4	3	3	0	3	3	0	0	0	1
Academic license - for non-commercial use only
6000	603	10	3.6	1	1	0	1	1	0	0	0	1
6000	603	10	3.8	0	0	0	0.0	0.0	0.0	0.0	0.0	0
6000	603	10	4	0	0	0	0.0	0.0	0.0	0.0	0.0	0
Academic license - for non-commercial use only
6000	604	10	3	18	18	0	18	18	0	0	0	1
Academic license - for non-commercial use only
6000	604	10	3.2	6	6	0	6	6	0	0	0	1
Academic license - for non-commercial use only
6000	604	10	3.4	2	2	0	2	2	0	0	0	1
Academic license - for non-commercial use only
6000	604	10	3.6	1	1	0	1	1	0	0	0	1
6000	604	10	3.8	0	0	0	0.0	0.0	0.0	0.0	0.0	0
6000	604	10	4	0	0	0	0.0	0.0	0.0	0.0	0.0	0
Academic license - for non-commercial use only
6000	605	10	3	18	18	0	18	18	0	0	0	1
Academic license - for non-commercial use only
6000	605	10	3.2	11	11	0	11	11	0	0	0	1
Academic license - for non-commercial use only
6000	605	10	3.4	7	7	0	7	7	0	0	0	1
Academic license - for non-commercial use only
6000	605	10	3.6	3	3	0	3	3	0	0	0	1
Academic license - for non-commercial use only
6000	605	10	3.8	1	1	0	1	1	0	0	0	1
6000	605	10	4	0	0	0	0.0	0.0	0.0	0.0	0.0	0
Academic license - for non-commercial use only
6000	606	10	3	13	14	0	12	12	0	0	0	1
Academic license - for non-commercial use only
6000	606	10	3.2	5	6	0	4	4	0	0	0	1
Academic license - for non-commercial use only
6000	606	10	3.4	2	3	0	1	1	0	0	0	1
Academic license - for non-commercial use only
6000	606	10	3.6	2	3	0	1	1	0	0	0	1
Academic license - for non-commercial use only
6000	606	10	3.8	1	1	0	1	1	0	0	0	1
Academic license - for non-commercial use only
6000	606	10	4	1	1	0	1	1	0	0	0	1
Academic license - for non-commercial use only
6000	607	10	3	16	16	0	16	16	0	0	0	1
Academic license - for non-commercial use only
6000	607	10	3.2	6	6	0	6	6	0	0	0	1
Academic license - for non-commercial use only
6000	607	10	3.4	2	2	0	2	2	0	0	0	1
6000	607	10	3.6	0	0	0	0.0	0.0	0.0	0.0	0.0	0
6000	607	10	3.8	0	0	0	0.0	0.0	0.0	0.0	0.0	0
6000	607	10	4	0	0	0	0.0	0.0	0.0	0.0	0.0	0
Academic license - for non-commercial use only
6000	608	10	3	19	19	0	19	19	0	0	0	1
Academic license - for non-commercial use only
6000	608	10	3.2	5	5	0	5	5	0	0	0	1
Academic license - for non-commercial use only
6000	608	10	3.4	3	3	0	3	3	0	0	0	1
Academic license - for non-commercial use only
6000	608	10	3.6	2	2	0	2	2	0	0	0	1
Academic license - for non-commercial use only
6000	608	10	3.8	1	1	0	1	1	0	0	0	1
Academic license - for non-commercial use only
6000	608	10	4	1	1	0	1	1	0	0	0	1
Academic license - for non-commercial use only
6000	609	10	3	9	9	0	9	9	0	0	0	1
Academic license - for non-commercial use only
6000	609	10	3.2	6	7	0	5	5	0	0	0	1
Academic license - for non-commercial use only
6000	609	10	3.4	3	3	0	3	3	0	0	0	1
Academic license - for non-commercial use only
6000	609	10	3.6	1	1	0	1	1	0	0	0	1
6000	609	10	3.8	0	0	0	0.0	0.0	0.0	0.0	0.0	0
6000	609	10	4	0	0	0	0.0	0.0	0.0	0.0	0.0	0
Academic license - for non-commercial use only
6000	610	10	3	12	12	0	12	12	0	0	0	1
Academic license - for non-commercial use only
6000	610	10	3.2	8	8	0	8	8	0	0	0	1
Academic license - for non-commercial use only
6000	610	10	3.4	6	6	0	6	6	0	0	0	1
Academic license - for non-commercial use only
6000	610	10	3.6	3	3	0	3	3	0	0	0	1
Academic license - for non-commercial use only
6000	610	10	3.8	1	1	0	1	1	0	0	0	1
6000	610	10	4	0	0	0	0.0	0.0	0.0	0.0	0.0	0
Academic license - for non-commercial use only
6000	611	10	3	13	13	0	13	13	0	0	0	1
Academic license - for non-commercial use only
6000	611	10	3.2	5	5	0	5	5	0	0	0	1
Academic license - for non-commercial use only
6000	611	10	3.4	2	2	0	2	2	0	0	0	1
Academic license - for non-commercial use only
6000	611	10	3.6	1	1	0	1	1	0	0	0	1
Academic license - for non-commercial use only
6000	611	10	3.8	1	1	0	1	1	0	0	0	1
6000	611	10	4	0	0	0	0.0	0.0	0.0	0.0	0.0	0
Academic license - for non-commercial use only
6000	612	10	3	15	15	0	15	15	0	0	0	1
Academic license - for non-commercial use only
6000	612	10	3.2	6	6	0	6	6	0	0	0	1
Academic license - for non-commercial use only
6000	612	10	3.4	1	1	0	1	1	0	0	0	1
6000	612	10	3.6	0	0	0	0.0	0.0	0.0	0.0	0.0	0
6000	612	10	3.8	0	0	0	0.0	0.0	0.0	0.0	0.0	0
6000	612	10	4	0	0	0	0.0	0.0	0.0	0.0	0.0	0
Academic license - for non-commercial use only
6000	613	10	3	17	18	0	16	16	0	0	0	1
Academic license - for non-commercial use only
6000	613	10	3.2	11	15	0	10	10	0	0	0	1
Academic license - for non-commercial use only
6000	613	10	3.4	6	6	0	6	6	0	0	0	1
Academic license - for non-commercial use only
6000	613	10	3.6	3	3	0	3	3	0	0	0	1
Academic license - for non-commercial use only
6000	613	10	3.8	2	2	0	2	2	0	0	0	1
Academic license - for non-commercial use only
6000	613	10	4	1	1	0	1	1	0	0	0	1
Academic license - for non-commercial use only
6000	614	10	3	12	12	0	12	12	0	0	0	1
Academic license - for non-commercial use only
6000	614	10	3.2	4	4	0	4	4	0	0	0	1
Academic license - for non-commercial use only
6000	614	10	3.4	1	1	0	1	1	0	0	0	1
6000	614	10	3.6	0	0	0	0.0	0.0	0.0	0.0	0.0	0
6000	614	10	3.8	0	0	0	0.0	0.0	0.0	0.0	0.0	0
6000	614	10	4	0	0	0	0.0	0.0	0.0	0.0	0.0	0
Academic license - for non-commercial use only
6000	615	10	3	18	18	0	18	18	0	0	0	1
Academic license - for non-commercial use only
6000	615	10	3.2	6	6	0	6	6	0	0	0	1
Academic license - for non-commercial use only
6000	615	10	3.4	4	4	0	4	4	0	0	0	1
Academic license - for non-commercial use only
6000	615	10	3.6	2	2	0	2	2	0	0	0	1
Academic license - for non-commercial use only
6000	615	10	3.8	1	1	0	1	1	0	0	0	1
6000	615	10	4	0	0	0	0.0	0.0	0.0	0.0	0.0	0
Academic license - for non-commercial use only
6000	616	10	3	13	13	0	13	13	0	0	0	1
Academic license - for non-commercial use only
6000	616	10	3.2	6	6	0	6	6	0	0	0	1
Academic license - for non-commercial use only
6000	616	10	3.4	1	1	0	1	1	0	0	0	1
Academic license - for non-commercial use only
6000	616	10	3.6	1	1	0	1	1	0	0	0	1
6000	616	10	3.8	0	0	0	0.0	0.0	0.0	0.0	0.0	0
6000	616	10	4	0	0	0	0.0	0.0	0.0	0.0	0.0	0
Academic license - for non-commercial use only
6000	617	10	3	13	13	0	13	13	0	0	0	1
Academic license - for non-commercial use only
6000	617	10	3.2	6	6	0	6	6	0	0	0	1
Academic license - for non-commercial use only
6000	617	10	3.4	2	2	0	2	2	0	0	0	1
Academic license - for non-commercial use only
6000	617	10	3.6	2	2	0	2	2	0	0	0	1
Academic license - for non-commercial use only
6000	617	10	3.8	1	1	0	1	1	0	0	0	1
6000	617	10	4	0	0	0	0.0	0.0	0.0	0.0	0.0	0
Academic license - for non-commercial use only
6000	618	10	3	17	19	0	16	16	0	0	0	1
Academic license - for non-commercial use only
6000	618	10	3.2	5	7	0	4	4	0	0	0	1
Academic license - for non-commercial use only
6000	618	10	3.4	4	6	0	3	3	0	0	0	1
Academic license - for non-commercial use only
6000	618	10	3.6	3	5	0	2	2	0	0	0	1
Academic license - for non-commercial use only
6000	618	10	3.8	2	3	0	1	1	0	0	0	1
6000	618	10	4	0	0	0	0.0	0.0	0.0	0.0	0.0	0
Academic license - for non-commercial use only
6000	619	10	3	17	17	0	17	17	0	0	0	1
Academic license - for non-commercial use only
6000	619	10	3.2	7	7	0	7	7	0	0	0	1
Academic license - for non-commercial use only
6000	619	10	3.4	3	3	0	3	3	0	0	0	1
Academic license - for non-commercial use only
6000	619	10	3.6	1	1	0	1	1	0	0	0	1
Academic license - for non-commercial use only
6000	619	10	3.8	1	1	0	1	1	0	0	0	1
Academic license - for non-commercial use only
6000	619	10	4	1	1	0	1	1	0	0	0	1
Academic license - for non-commercial use only
6000	620	10	3	13	13	0	13	13	0	0	0	1
Academic license - for non-commercial use only
6000	620	10	3.2	5	5	0	5	5	0	0	0	1
Academic license - for non-commercial use only
6000	620	10	3.4	2	2	0	2	2	0	0	0	1
Academic license - for non-commercial use only
6000	620	10	3.6	1	1	0	1	1	0	0	0	1
6000	620	10	3.8	0	0	0	0.0	0.0	0.0	0.0	0.0	0
6000	620	10	4	0	0	0	0.0	0.0	0.0	0.0	0.0	0
Academic license - for non-commercial use only
6000	621	10	3	13	13	0	13	13	0	0	0	1
Academic license - for non-commercial use only
6000	621	10	3.2	5	6	0	4	4	0	0	0	1
Academic license - for non-commercial use only
6000	621	10	3.4	2	3	0	1	1	0	0	0	1
Academic license - for non-commercial use only
6000	621	10	3.6	1	1	0	1	1	0	0	0	1
Academic license - for non-commercial use only
6000	621	10	3.8	1	1	0	1	1	0	0	0	1
6000	621	10	4	0	0	0	0.0	0.0	0.0	0.0	0.0	0
Academic license - for non-commercial use only
6000	622	10	3	12	13	0	11	11	0	0	0	1
Academic license - for non-commercial use only
6000	622	10	3.2	6	7	0	5	5	0	0	0	1
Academic license - for non-commercial use only
6000	622	10	3.4	2	3	0	1	1	0	0	0	1
Academic license - for non-commercial use only
6000	622	10	3.6	2	3	0	1	1	0	0	0	1
6000	622	10	3.8	0	0	0	0.0	0.0	0.0	0.0	0.0	0
6000	622	10	4	0	0	0	0.0	0.0	0.0	0.0	0.0	0
Academic license - for non-commercial use only
6000	623	10	3	17	17	0	17	17	0	0	0	1
Academic license - for non-commercial use only
6000	623	10	3.2	9	9	0	9	9	0	0	0	1
Academic license - for non-commercial use only
6000	623	10	3.4	8	8	0	8	8	0	0	0	1
Academic license - for non-commercial use only
6000	623	10	3.6	1	1	0	1	1	0	0	0	1
Academic license - for non-commercial use only
6000	623	10	3.8	1	1	0	1	1	0	0	0	1
Academic license - for non-commercial use only
6000	623	10	4	1	1	0	1	1	0	0	0	1
Academic license - for non-commercial use only
6000	624	10	3	14	14	0	14	14	0	0	0	1
Academic license - for non-commercial use only
6000	624	10	3.2	5	5	0	5	5	0	0	0	1
Academic license - for non-commercial use only
6000	624	10	3.4	2	2	0	2	2	0	0	0	1
Academic license - for non-commercial use only
6000	624	10	3.6	1	1	0	1	1	0	0	0	1
6000	624	10	3.8	0	0	0	0.0	0.0	0.0	0.0	0.0	0
6000	624	10	4	0	0	0	0.0	0.0	0.0	0.0	0.0	0
Academic license - for non-commercial use only
6000	625	10	3	21	21	0	21	21	0	0	0	1
Academic license - for non-commercial use only
6000	625	10	3.2	9	9	0	9	9	0	0	0	1
Academic license - for non-commercial use only
6000	625	10	3.4	5	5	0	5	5	0	0	0	1
Academic license - for non-commercial use only
6000	625	10	3.6	3	3	0	3	3	0	0	0	1
Academic license - for non-commercial use only
6000	625	10	3.8	1	1	0	1	1	0	0	0	1
Academic license - for non-commercial use only
6000	625	10	4	1	1	0	1	1	0	0	0	1
Academic license - for non-commercial use only
6000	626	10	3	15	15	0	15	15	0	0	0	1
Academic license - for non-commercial use only
6000	626	10	3.2	3	3	0	3	3	0	0	0	1
6000	626	10	3.4	0	0	0	0.0	0.0	0.0	0.0	0.0	0
6000	626	10	3.6	0	0	0	0.0	0.0	0.0	0.0	0.0	0
6000	626	10	3.8	0	0	0	0.0	0.0	0.0	0.0	0.0	0
6000	626	10	4	0	0	0	0.0	0.0	0.0	0.0	0.0	0
Academic license - for non-commercial use only
6000	627	10	3	12	12	0	12	12	0	0	0	1
Academic license - for non-commercial use only
6000	627	10	3.2	7	7	0	7	7	0	0	0	1
Academic license - for non-commercial use only
6000	627	10	3.4	3	3	0	3	3	0	0	0	1
Academic license - for non-commercial use only
6000	627	10	3.6	3	3	0	3	3	0	0	0	1
Academic license - for non-commercial use only
6000	627	10	3.8	3	3	0	3	3	0	0	0	1
Academic license - for non-commercial use only
6000	627	10	4	3	3	0	3	3	0	0	0	1
Academic license - for non-commercial use only
6000	628	10	3	13	13	0	13	13	0	0	0	1
Academic license - for non-commercial use only
6000	628	10	3.2	6	6	0	6	6	0	0	0	1
Academic license - for non-commercial use only
6000	628	10	3.4	3	3	0	3	3	0	0	0	1
Academic license - for non-commercial use only
6000	628	10	3.6	1	1	0	1	1	0	0	0	1
6000	628	10	3.8	0	0	0	0.0	0.0	0.0	0.0	0.0	0
6000	628	10	4	0	0	0	0.0	0.0	0.0	0.0	0.0	0
Academic license - for non-commercial use only
6000	629	10	3	9	9	0	9	9	0	0	0	1
Academic license - for non-commercial use only
6000	629	10	3.2	4	4	0	4	4	0	0	0	1
6000	629	10	3.4	0	0	0	0.0	0.0	0.0	0.0	0.0	0
6000	629	10	3.6	0	0	0	0.0	0.0	0.0	0.0	0.0	0
6000	629	10	3.8	0	0	0	0.0	0.0	0.0	0.0	0.0	0
6000	629	10	4	0	0	0	0.0	0.0	0.0	0.0	0.0	0
Academic license - for non-commercial use only
6000	630	10	3	16	16	0	16	16	0	0	0	1
Academic license - for non-commercial use only
6000	630	10	3.2	10	10	0	10	10	0	0	0	1
Academic license - for non-commercial use only
6000	630	10	3.4	2	2	0	2	2	0	0	0	1
Academic license - for non-commercial use only
6000	630	10	3.6	1	1	0	1	1	0	0	0	1
Academic license - for non-commercial use only
6000	630	10	3.8	1	1	0	1	1	0	0	0	1
6000	630	10	4	0	0	0	0.0	0.0	0.0	0.0	0.0	0
Academic license - for non-commercial use only
6000	631	10	3	12	12	0	12	12	0	0	0	1
Academic license - for non-commercial use only
6000	631	10	3.2	5	5	0	5	5	0	0	0	1
Academic license - for non-commercial use only
6000	631	10	3.4	2	2	0	2	2	0	0	0	1
6000	631	10	3.6	0	0	0	0.0	0.0	0.0	0.0	0.0	0
6000	631	10	3.8	0	0	0	0.0	0.0	0.0	0.0	0.0	0
6000	631	10	4	0	0	0	0.0	0.0	0.0	0.0	0.0	0
Academic license - for non-commercial use only
6000	632	10	3	13	13	0	13	13	0	0	0	1
Academic license - for non-commercial use only
6000	632	10	3.2	4	4	0	4	4	0	0	0	1
Academic license - for non-commercial use only
6000	632	10	3.4	1	1	0	1	1	0	0	0	1
Academic license - for non-commercial use only
6000	632	10	3.6	1	1	0	1	1	0	0	0	1
Academic license - for non-commercial use only
6000	632	10	3.8	1	1	0	1	1	0	0	0	1
Academic license - for non-commercial use only
6000	632	10	4	1	1	0	1	1	0	0	0	1
Academic license - for non-commercial use only
6000	633	10	3	13	13	0	13	13	0	0	0	1
Academic license - for non-commercial use only
6000	633	10	3.2	6	6	0	6	6	0	0	0	1
Academic license - for non-commercial use only
6000	633	10	3.4	1	1	0	1	1	0	0	0	1
Academic license - for non-commercial use only
6000	633	10	3.6	1	1	0	1	1	0	0	0	1
Academic license - for non-commercial use only
6000	633	10	3.8	1	1	0	1	1	0	0	0	1
Academic license - for non-commercial use only
6000	633	10	4	1	1	0	1	1	0	0	0	1
Academic license - for non-commercial use only
6000	634	10	3	8	8	0	8	8	0	0	0	1
Academic license - for non-commercial use only
6000	634	10	3.2	2	2	0	2	2	0	0	0	1
Academic license - for non-commercial use only
6000	634	10	3.4	1	1	0	1	1	0	0	0	1
6000	634	10	3.6	0	0	0	0.0	0.0	0.0	0.0	0.0	0
6000	634	10	3.8	0	0	0	0.0	0.0	0.0	0.0	0.0	0
6000	634	10	4	0	0	0	0.0	0.0	0.0	0.0	0.0	0
Academic license - for non-commercial use only
6000	635	10	3	15	15	0	15	15	0	0	0	1
Academic license - for non-commercial use only
6000	635	10	3.2	11	11	0	11	11	0	0	0	1
Academic license - for non-commercial use only
6000	635	10	3.4	4	4	0	4	4	0	0	0	1
Academic license - for non-commercial use only
6000	635	10	3.6	3	3	0	3	3	0	0	0	1
Academic license - for non-commercial use only
6000	635	10	3	15	15	0	15	15	0	0	0	1
Academic license - for non-commercial use only
6000	635	10	3.2	11	11	0	11	11	0	0	0	1
Academic license - for non-commercial use only
6000	635	10	3.4	4	4	0	4	4	0	0	0	1
Academic license - for non-commercial use only
6000	635	10	3.6	3	3	0	3	3	0	0	0	1
Academic license - for non-commercial use only
6000	635	10	3.8	1	1	0	1	1	0	0	0	1
6000	635	10	4	0	0	0	0.0	0.0	0.0	0.0	0.0	0
Academic license - for non-commercial use only
6000	636	10	3	14	14	0	14	14	0	0	0	1
Academic license - for non-commercial use only
6000	636	10	3.2	3	3	0	3	3	0	0	0	1
Academic license - for non-commercial use only
6000	636	10	3.4	2	2	0	2	2	0	0	0	1
6000	636	10	3.6	0	0	0	0.0	0.0	0.0	0.0	0.0	0
6000	636	10	3.8	0	0	0	0.0	0.0	0.0	0.0	0.0	0
6000	636	10	4	0	0	0	0.0	0.0	0.0	0.0	0.0	0
Academic license - for non-commercial use only
6000	637	10	3	16	16	0	16	16	0	0	0	1
Academic license - for non-commercial use only
6000	637	10	3.2	8	8	0	8	8	0	0	0	1
Academic license - for non-commercial use only
6000	637	10	3.4	3	3	0	3	3	0	0	0	1
Academic license - for non-commercial use only
6000	637	10	3.6	1	1	0	1	1	0	0	0	1
6000	637	10	3.8	0	0	0	0.0	0.0	0.0	0.0	0.0	0
6000	637	10	4	0	0	0	0.0	0.0	0.0	0.0	0.0	0
Academic license - for non-commercial use only
6000	638	10	3	16	16	0	16	16	0	0	0	1
Academic license - for non-commercial use only
6000	638	10	3.2	6	6	0	6	6	0	0	0	1
Academic license - for non-commercial use only
6000	638	10	3.4	3	3	0	3	3	0	0	0	1
6000	638	10	3.6	0	0	0	0.0	0.0	0.0	0.0	0.0	0
6000	638	10	3.8	0	0	0	0.0	0.0	0.0	0.0	0.0	0
6000	638	10	4	0	0	0	0.0	0.0	0.0	0.0	0.0	0
Academic license - for non-commercial use only
6000	639	10	3	11	11	0	11	11	0	0	0	1
Academic license - for non-commercial use only
6000	639	10	3.2	2	2	0	2	2	0	0	0	1
Academic license - for non-commercial use only
6000	639	10	3.4	1	1	0	1	1	0	0	0	1
Academic license - for non-commercial use only
6000	639	10	3.6	1	1	0	1	1	0	0	0	1
6000	639	10	3.8	0	0	0	0.0	0.0	0.0	0.0	0.0	0
6000	639	10	4	0	0	0	0.0	0.0	0.0	0.0	0.0	0
Academic license - for non-commercial use only
6000	640	10	3	15	15	0	15	15	0	0	0	1
Academic license - for non-commercial use only
6000	640	10	3.2	6	6	0	6	6	0	0	0	1
Academic license - for non-commercial use only
6000	640	10	3.4	1	1	0	1	1	0	0	0	1
6000	640	10	3.6	0	0	0	0.0	0.0	0.0	0.0	0.0	0
6000	640	10	3.8	0	0	0	0.0	0.0	0.0	0.0	0.0	0
6000	640	10	4	0	0	0	0.0	0.0	0.0	0.0	0.0	0
Academic license - for non-commercial use only
6000	641	10	3	18	18	0	18	18	0	0	0	1
Academic license - for non-commercial use only
6000	641	10	3.2	9	9	0	9	9	0	0	0	1
Academic license - for non-commercial use only
6000	641	10	3.4	3	3	0	3	3	0	0	0	1
6000	641	10	3.6	0	0	0	0.0	0.0	0.0	0.0	0.0	0
6000	641	10	3.8	0	0	0	0.0	0.0	0.0	0.0	0.0	0
6000	641	10	4	0	0	0	0.0	0.0	0.0	0.0	0.0	0
Academic license - for non-commercial use only
6000	642	10	3	11	11	0	11	11	0	0	0	1
Academic license - for non-commercial use only
6000	642	10	3.2	5	5	0	5	5	0	0	0	1
Academic license - for non-commercial use only
6000	642	10	3.4	1	1	0	1	1	0	0	0	1
Academic license - for non-commercial use only
6000	642	10	3.6	1	1	0	1	1	0	0	0	1
Academic license - for non-commercial use only
6000	642	10	3.8	1	1	0	1	1	0	0	0	1
Academic license - for non-commercial use only
6000	642	10	4	1	1	0	1	1	0	0	0	1
Academic license - for non-commercial use only
6000	643	10	3	13	14	0	12	12	0	0	0	1
Academic license - for non-commercial use only
6000	643	10	3.2	9	9	0	9	9	0	0	0	1
Academic license - for non-commercial use only
6000	643	10	3.4	3	3	0	3	3	0	0	0	1
Academic license - for non-commercial use only
6000	643	10	3.6	1	1	0	1	1	0	0	0	1
Academic license - for non-commercial use only
6000	643	10	3.8	1	1	0	1	1	0	0	0	1
6000	643	10	4	0	0	0	0.0	0.0	0.0	0.0	0.0	0
Academic license - for non-commercial use only
6000	644	10	3	21	21	0	21	21	0	0	0	1
Academic license - for non-commercial use only
6000	644	10	3.2	8	8	0	8	8	0	0	0	1
Academic license - for non-commercial use only
6000	644	10	3.4	4	4	0	4	4	0	0	0	1
Academic license - for non-commercial use only
6000	644	10	3.6	2	2	0	2	2	0	0	0	1
Academic license - for non-commercial use only
6000	644	10	3.8	1	1	0	1	1	0	0	0	1
Academic license - for non-commercial use only
6000	644	10	4	1	1	0	1	1	0	0	0	1
Academic license - for non-commercial use only
6000	645	10	3	17	18	0	16	16	0	0	0	1
Academic license - for non-commercial use only
6000	645	10	3.2	5	6	0	4	4	0	0	0	1
Academic license - for non-commercial use only
6000	645	10	3.4	4	5	0	3	3	0	0	0	1
Academic license - for non-commercial use only
6000	645	10	3.6	2	3	0	1	1	0	0	0	1
Academic license - for non-commercial use only
6000	645	10	3.8	1	1	0	1	1	0	0	0	1
6000	645	10	4	0	0	0	0.0	0.0	0.0	0.0	0.0	0
Academic license - for non-commercial use only
6000	646	10	3	20	20	0	20	20	0	0	0	1
Academic license - for non-commercial use only
6000	646	10	3.2	6	6	0	6	6	0	0	0	1
Academic license - for non-commercial use only
6000	646	10	3.4	3	3	0	3	3	0	0	0	1
6000	646	10	3.6	0	0	0	0.0	0.0	0.0	0.0	0.0	0
6000	646	10	3.8	0	0	0	0.0	0.0	0.0	0.0	0.0	0
6000	646	10	4	0	0	0	0.0	0.0	0.0	0.0	0.0	0
Academic license - for non-commercial use only
6000	647	10	3	20	21	0	19	19	0	0	0	1
Academic license - for non-commercial use only
6000	647	10	3.2	9	10	0	8	8	0	0	0	1
Academic license - for non-commercial use only
6000	647	10	3.4	4	5	0	3	3	0	0	0	1
Academic license - for non-commercial use only
6000	647	10	3.6	2	3	0	1	1	0	0	0	1
Academic license - for non-commercial use only
6000	647	10	3.8	2	3	0	1	1	0	0	0	1
Academic license - for non-commercial use only
6000	647	10	4	2	3	0	1	1	0	0	0	1
Academic license - for non-commercial use only
6000	648	10	3	10	11	0	9	9	0	0	0	1
Academic license - for non-commercial use only
6000	648	10	3.2	4	5	0	3	3	0	0	0	1
Academic license - for non-commercial use only
6000	648	10	3.4	2	3	0	1	1	0	0	0	1
Academic license - for non-commercial use only
6000	648	10	3.6	2	3	0	1	1	0	0	0	1
6000	648	10	3.8	0	0	0	0.0	0.0	0.0	0.0	0.0	0
6000	648	10	4	0	0	0	0.0	0.0	0.0	0.0	0.0	0
Academic license - for non-commercial use only
6000	649	10	3	18	18	0	18	18	0	0	0	1
Academic license - for non-commercial use only
6000	649	10	3.2	8	8	0	8	8	0	0	0	1
Academic license - for non-commercial use only
6000	649	10	3.4	4	4	0	4	4	0	0	0	1
Academic license - for non-commercial use only
6000	649	10	3.6	2	2	0	2	2	0	0	0	1
Academic license - for non-commercial use only
6000	649	10	3.8	1	1	0	1	1	0	0	0	1
Academic license - for non-commercial use only
6000	649	10	4	1	1	0	1	1	0.01	0	0	1
Academic license - for non-commercial use only
6000	650	10	3	9	9	0	9	9	0	0	0	1
Academic license - for non-commercial use only
6000	650	10	3.2	3	3	0	3	3	0	0	0	1
Academic license - for non-commercial use only
6000	650	10	3.4	1	1	0	1	1	0	0	0	1
Academic license - for non-commercial use only
6000	650	10	3.6	1	1	0	1	1	0	0	0	1
Academic license - for non-commercial use only
6000	650	10	3.8	1	1	0	1	1	0	0	0	1
Academic license - for non-commercial use only
6000	650	10	4	1	1	0	1	1	0	0	0	1
