7000	301	80	3	763	0	0	0.0	0.0	0.0	0.0	0.0	0
7000	301	80	3.2	349	0	0	0.0	0.0	0.0	0.0	0.0	0
7000	301	80	3.4	174	0	0	0.0	0.0	0.0	0.0	0.0	0
7000	301	80	3.6	93	559615	0	39	39	20.53	1.76	7.31	1
7000	301	80	3.8	52	309762	0	20	20	5.29	0.73	0	1
7000	301	80	4	31	78304	0	12	12	0.57	0.12	0	1
7000	302	80	3	785	0	0	0.0	0.0	0.0	0.0	0.0	0
7000	302	80	3.2	340	0	0	0.0	0.0	0.0	0.0	0.0	0
7000	302	80	3.4	133	0	0	0.0	0.0	0.0	0.0	0.0	0
7000	302	80	3.6	54	13456	1	24	24	0.3	0.03	0.1	1
7000	302	80	3.8	26	5992	0	8	8	0.04	0.01	0	1
7000	302	80	4	14	933	0	5	5	0	0	0	1
7000	303	80	3	813	0	0	0.0	0.0	0.0	0.0	0.0	0
7000	303	80	3.2	314	0	0	0.0	0.0	0.0	0.0	0.0	0
7000	303	80	3.4	139	0	0	0.0	0.0	0.0	0.0	0.0	0
7000	303	80	3.6	58	37945	0	29	29	0.9	0.05	0	1
7000	303	80	3.8	29	35710	0	11	11	0.31	0.04	0	1
7000	303	80	4	19	22734	0	3	3	0.14	0.03	0	1
7000	304	80	3	730	0	0	0.0	0.0	0.0	0.0	0.0	0
7000	304	80	3.2	305	0	0	0.0	0.0	0.0	0.0	0.0	0
7000	304	80	3.4	133	0	0	0.0	0.0	0.0	0.0	0.0	0
7000	304	80	3.6	65	57379	0	24	24	1.55	0.12	0.7	1
7000	304	80	3.8	33	42411	1	8	8	0.54	0.07	0.3	1
7000	304	80	4	18	3595	0	5	5	0.03	0.01	0	1
7000	305	80	3	764	0	0	0.0	0.0	0.0	0.0	0.0	0
7000	305	80	3.2	341	0	0	0.0	0.0	0.0	0.0	0.0	0
7000	305	80	3.4	139	0	0	0.0	0.0	0.0	0.0	0.0	0
7000	305	80	3.6	63	51927	1	24	24	1.12	0.08	0.29	1
7000	305	80	3.8	29	29412	1	7.14286	8	0.28	0.04	0.28	1
7000	305	80	4	18	12819	0	3	3	0.1	0.02	0	1
7000	306	80	3	858	0	0	0.0	0.0	0.0	0.0	0.0	0
7000	306	80	3.2	351	0	0	0.0	0.0	0.0	0.0	0.0	0
7000	306	80	3.4	155	0	0	0.0	0.0	0.0	0.0	0.0	0
7000	306	80	3.6	85	107850	0	35	35	3.47	0.26	1.47	1
7000	306	80	3.8	47	23699	1	15.75	16	0.76	0.1	0.51	1
7000	306	80	4	23	1461	0	8	8	0.03	0	0	1
7000	307	80	3	788	0	0	0.0	0.0	0.0	0.0	0.0	0
7000	307	80	3.2	334	0	0	0.0	0.0	0.0	0.0	0.0	0
7000	307	80	3.4	153	0	0	0.0	0.0	0.0	0.0	0.0	0
7000	307	80	3.6	77	119690	0	34	34	7.97	0.53	5.24	1
7000	307	80	3.8	35	74623	0	9	9	1.74	0.13	0.62	1
7000	307	80	4	20	16261	0	4	4	0.23	0.02	0	1
7000	308	80	3	806	0	0	0.0	0.0	0.0	0.0	0.0	0
7000	308	80	3.2	342	0	0	0.0	0.0	0.0	0.0	0.0	0
7000	308	80	3.4	146	0	0	0.0	0.0	0.0	0.0	0.0	0
7000	308	80	3.6	64	60311	1	29	29	2.91	0.13	0.48	1
7000	308	80	3.8	30	54281	1	8	8	0.73	0.06	1.45	1
7000	308	80	4	21	10220	1	4.02564	5	0.08	0.02	0.08	1
7000	309	80	3	743	0	0	0.0	0.0	0.0	0.0	0.0	0
7000	309	80	3.2	321	0	0	0.0	0.0	0.0	0.0	0.0	0
7000	309	80	3.4	143	0	0	0.0	0.0	0.0	0.0	0.0	0
7000	309	80	3.6	60	194067	0	25	25	3.38	0.48	0	1
7000	309	80	3.8	35	112962	0	11	11	1.47	0.18	0.59	1
7000	309	80	4	25	44528	0	6	6	0.45	0.05	0	1
7000	310	80	3	793	0	0	0.0	0.0	0.0	0.0	0.0	0
7000	310	80	3.2	334	0	0	0.0	0.0	0.0	0.0	0.0	0
7000	310	80	3.4	133	0	0	0.0	0.0	0.0	0.0	0.0	0
7000	310	80	3.6	64	87514	0	23	23	1.42	0.16	2.17	1
7000	310	80	3.8	37	26176	0	10	10	0.26	0.04	0	1
7000	310	80	4	17	1257	0	7	7	0.01	0	0.01	1
7000	311	80	3	745	0	0	0.0	0.0	0.0	0.0	0.0	0
7000	311	80	3.2	306	0	0	0.0	0.0	0.0	0.0	0.0	0
7000	311	80	3.4	137	0	0	0.0	0.0	0.0	0.0	0.0	0
7000	311	80	3.6	66	121071	1	24.2727	25	1.55	0.25	2.15	1
7000	311	80	3.8	38	42241	0	12	12	0.38	0.07	2.03	1
7000	311	80	4	19	8023	0	4	4	0.05	0.01	0	1
7000	312	80	3	869	0	0	0.0	0.0	0.0	0.0	0.0	0
7000	312	80	3.2	335	0	0	0.0	0.0	0.0	0.0	0.0	0
7000	312	80	3.4	153	0	0	0.0	0.0	0.0	0.0	0.0	0
7000	312	80	3.6	95	751193	0	36	36	25.28	1.57	12.78	1
7000	312	80	3.8	49	855446	0	12	12	15.07	0.94	32.51	1
7000	312	80	4	31	328492	1	7	7	4.12	0.51	31.82	1
7000	313	80	3	793	0	0	0.0	0.0	0.0	0.0	0.0	0
7000	313	80	3.2	323	0	0	0.0	0.0	0.0	0.0	0.0	0
7000	313	80	3.4	150	0	0	0.0	0.0	0.0	0.0	0.0	0
7000	313	80	3.6	64	15865	0	29	29	0.27	0.02	0.1	1
7000	313	80	3.8	24	5473	0	7	7	0.06	0.01	0.05	1
7000	313	80	4	13	468	0	4	4	0	0	0	1
7000	314	80	3	699	0	0	0.0	0.0	0.0	0.0	0.0	0
7000	314	80	3.2	322	0	0	0.0	0.0	0.0	0.0	0.0	0
7000	314	80	3.4	151	0	0	0.0	0.0	0.0	0.0	0.0	0
7000	314	80	3.6	79	243311	1	26.5	27	8.47	0.47	2.82	1
7000	314	80	3.8	44	101574	0	12	12	1.89	0.17	1.01	1
7000	314	80	4	23	10003	0	6	6	0.1	0.01	0	1
7000	315	80	3	690	0	0	0.0	0.0	0.0	0.0	0.0	0
7000	315	80	3.2	305	0	0	0.0	0.0	0.0	0.0	0.0	0
7000	315	80	3.4	134	0	0	0.0	0.0	0.0	0.0	0.0	0
7000	315	80	3.6	72	515182	1	19	19	17.88	3.6	8.88	1
7000	315	80	3.8	40	197492	0	9	9	3.5	0.38	1.83	1
7000	315	80	4	24	43565	0	4	4	0.45	0.05	0	1
7000	316	80	3	792	0	0	0.0	0.0	0.0	0.0	0.0	0
7000	316	80	3.2	349	0	0	0.0	0.0	0.0	0.0	0.0	0
7000	316	80	3.4	161	0	0	0.0	0.0	0.0	0.0	0.0	0
7000	316	80	3.6	76	101051	0	33	33	2.7	0.17	0.71	1
7000	316	80	3.8	42	36417	0	13	13	0.52	0.07	0	1
7000	316	80	4	16	2303	0	6	6	0.02	0	0	1
7000	317	80	3	995	0	0	0.0	0.0	0.0	0.0	0.0	0
7000	317	80	3.2	423	0	0	0.0	0.0	0.0	0.0	0.0	0
7000	317	80	3.4	169	0	0	0.0	0.0	0.0	0.0	0.0	0
7000	317	80	3.6	68	284223	1	26.5294	27	9.7	0.49	4.35	1
7000	317	80	3.8	40	420288	0	10	10	7.25	0.55	1.83	1
7000	317	80	4	26	248082	0	4	4	2.72	0.48	1.4	1
7000	318	80	3	774	0	0	0.0	0.0	0.0	0.0	0.0	0
7000	318	80	3.2	333	0	0	0.0	0.0	0.0	0.0	0.0	0
7000	318	80	3.4	146	0	0	0.0	0.0	0.0	0.0	0.0	0
7000	318	80	3.6	77	36317	0	32	32	1.74	0.14	0.79	1
7000	318	80	3.8	36	11413	0	16	16	0.25	0.03	0	1
7000	318	80	4	19	4415	0	6	6	0.05	0	0.03	1
7000	319	80	3	706	0	0	0.0	0.0	0.0	0.0	0.0	0
7000	319	80	3.2	296	0	0	0.0	0.0	0.0	0.0	0.0	0
7000	319	80	3.4	127	38798	0	61	61	3.68	0.19	0	1
7000	319	80	3.6	59	40484	0	21	21	1.35	0.06	0.24	1
7000	319	80	3.8	34	11244	0	9	9	0.22	0.02	0	1
7000	319	80	4	18	1828	0	5	5	0.01	0	0.05	1
7000	320	80	3	828	0	0	0.0	0.0	0.0	0.0	0.0	0
7000	320	80	3.2	337	0	0	0.0	0.0	0.0	0.0	0.0	0
7000	320	80	3.4	155	0	0	0.0	0.0	0.0	0.0	0.0	0
7000	320	80	3.6	89	134355	0	41	41	3.54	0.25	0.84	1
7000	320	80	3.8	47	88520	0	15	15	1.59	0.2	0.67	1
7000	320	80	4	23	13103	0	8	8	0.16	0.02	0	1
7000	321	80	3	790	0	0	0.0	0.0	0.0	0.0	0.0	0
7000	321	80	3.2	327	0	0	0.0	0.0	0.0	0.0	0.0	0
7000	321	80	3.4	158	0	0	0.0	0.0	0.0	0.0	0.0	0
7000	321	80	3.6	77	167414	1	29.5	30	10.38	0.5	3.26	1
7000	321	80	3.8	41	135353	1	12.5	13	3.3	0.31	5.42	1
7000	321	80	4	23	33929	0	5	5	0.45	0.06	0	1
7000	322	80	3	787	0	0	0.0	0.0	0.0	0.0	0.0	0
7000	322	80	3.2	353	0	0	0.0	0.0	0.0	0.0	0.0	0
7000	322	80	3.4	165	0	0	0.0	0.0	0.0	0.0	0.0	0
7000	322	80	3.6	72	24147	1	28.3333	29	0.68	0.06	0.53	1
7000	322	80	3.8	37	10950	0	13	13	0.15	0.02	0.08	1
7000	322	80	4	17	1687	0	6	6	0.01	0	0	1
7000	323	80	3	898	0	0	0.0	0.0	0.0	0.0	0.0	0
7000	323	80	3.2	392	0	0	0.0	0.0	0.0	0.0	0.0	0
7000	323	80	3.4	168	0	0	0.0	0.0	0.0	0.0	0.0	0
7000	323	80	3.6	71	68152	0	27	27	2.4	0.21	0.53	1
7000	323	80	3.8	42	22818	0	14	14	0.48	0.08	0	1
7000	323	80	4	18	5384	0	4	4	0.06	0	0	1
7000	324	80	3	821	0	0	0.0	0.0	0.0	0.0	0.0	0
7000	324	80	3.2	340	0	0	0.0	0.0	0.0	0.0	0.0	0
7000	324	80	3.4	145	0	0	0.0	0.0	0.0	0.0	0.0	0
7000	324	80	3.6	70	103508	0	27	27	2.84	0.27	0.79	1
7000	324	80	3.8	35	86225	0	9	9	1.25	0.26	0.8	1
7000	324	80	4	25	36578	0	5	5	0.35	0.07	0	1
7000	325	80	3	790	0	0	0.0	0.0	0.0	0.0	0.0	0
7000	325	80	3.2	344	0	0	0.0	0.0	0.0	0.0	0.0	0
7000	325	80	3.4	146	0	0	0.0	0.0	0.0	0.0	0.0	0
7000	325	80	3.6	76	40621	1	31	31	1.13	0.08	0.27	1
7000	325	80	3.8	37	22623	1	12	12	0.3	0.03	0.61	1
7000	325	80	4	19	5104	0	4	4	0.05	0.01	0	1
7000	326	80	3	766	0	0	0.0	0.0	0.0	0.0	0.0	0
7000	326	80	3.2	312	0	0	0.0	0.0	0.0	0.0	0.0	0
7000	326	80	3.4	141	0	0	0.0	0.0	0.0	0.0	0.0	0
7000	326	80	3.6	67	227788	0	27	27	6.77	0.33	1.99	1
7000	326	80	3.8	39	180245	0	10	10	3.07	0.27	0.96	1
7000	326	80	4	24	41343	1	5	5	0.46	0.08	0.38	1
7000	327	80	3	760	0	0	0.0	0.0	0.0	0.0	0.0	0
7000	327	80	3.2	330	0	0	0.0	0.0	0.0	0.0	0.0	0
7000	327	80	3.4	145	0	0	0.0	0.0	0.0	0.0	0.0	0
7000	327	80	3.6	70	123428	1	25	25	2.62	0.22	2.77	1
7000	327	80	3.8	41	67455	0	14	14	0.97	0.09	0.36	1
7000	327	80	4	22	12104	0	5	5	0.08	0.02	0.07	1
7000	328	80	3	814	0	0	0.0	0.0	0.0	0.0	0.0	0
7000	328	80	3.2	331	0	0	0.0	0.0	0.0	0.0	0.0	0
7000	328	80	3.4	160	0	0	0.0	0.0	0.0	0.0	0.0	0
7000	328	80	3.6	81	249011	0	34	34	6.73	0.48	2.22	1
7000	328	80	3.8	36	195759	0	8	8	2.34	0.4	47.27	1
7000	328	80	4	25	65921	0	5	5	0.61	0.1	0.41	1
7000	329	80	3	843	0	0	0.0	0.0	0.0	0.0	0.0	0
7000	329	80	3.2	375	0	0	0.0	0.0	0.0	0.0	0.0	0
7000	329	80	3.4	179	0	0	0.0	0.0	0.0	0.0	0.0	0
7000	329	80	3.6	85	108077	0	39	39	4.48	0.15	1.08	1
7000	329	80	3.8	44	79064	0	17	17	1.81	0.12	1.64	1
7000	329	80	4	27	32525	0	10	10	0.19	0.04	0	1
7000	330	80	3	735	0	0	0.0	0.0	0.0	0.0	0.0	0
7000	330	80	3.2	325	0	0	0.0	0.0	0.0	0.0	0.0	0
7000	330	80	3.4	152	0	0	0.0	0.0	0.0	0.0	0.0	0
7000	330	80	3.6	75	192497	1	23	23	6.73	0.34	4.35	1
7000	330	80	3.8	39	57698	0	13	13	0.9	0.09	0.59	1
7000	330	80	4	18	11359	0	4	4	0.06	0.01	0.06	1
7000	331	80	3	762	0	0	0.0	0.0	0.0	0.0	0.0	0
7000	331	80	3.2	285	0	0	0.0	0.0	0.0	0.0	0.0	0
7000	331	80	3.4	143	0	0	0.0	0.0	0.0	0.0	0.0	0
7000	331	80	3.6	68	348700	1	22.3061	23	9.39	0.83	4.26	1
7000	331	80	3.8	34	197500	1	6	6	2.91	0.39	0.73	1
7000	331	80	4	22	65651	0	4	4	0.65	0.08	0.45	1
7000	332	80	3	837	0	0	0.0	0.0	0.0	0.0	0.0	0
7000	332	80	3.2	361	0	0	0.0	0.0	0.0	0.0	0.0	0
7000	332	80	3.4	161	0	0	0.0	0.0	0.0	0.0	0.0	0
7000	332	80	3.6	80	93583	0	36	36	2.65	0.14	0.77	1
7000	332	80	3.8	39	39090	0	16	16	0.47	0.06	0	1
7000	332	80	4	21	9878	0	5	5	0.09	0.01	0	1
7000	333	80	3	716	0	0	0.0	0.0	0.0	0.0	0.0	0
7000	333	80	3.2	301	0	0	0.0	0.0	0.0	0.0	0.0	0
7000	333	80	3.4	127	68037	0	62	62	2.65	0.16	0.54	1
7000	333	80	3.6	70	70343	1	24	24	1.6	0.13	1.42	1
7000	333	80	3.8	31	30672	0	8	8	0.39	0.05	0.32	1
7000	333	80	4	19	3936	0	5	5	0.03	0	0	1
7000	334	80	3	785	0	0	0.0	0.0	0.0	0.0	0.0	0
7000	334	80	3.2	331	0	0	0.0	0.0	0.0	0.0	0.0	0
7000	334	80	3.4	138	0	0	0.0	0.0	0.0	0.0	0.0	0
7000	334	80	3.6	61	48877	0	24	24	1.98	0.13	0	1
7000	334	80	3.8	33	17012	0	11	11	0.37	0.03	0	1
7000	334	80	4	14	2295	0	3	3	0.01	0.01	0	1
7000	335	80	3	716	0	0	0.0	0.0	0.0	0.0	0.0	0
7000	335	80	3.2	323	0	0	0.0	0.0	0.0	0.0	0.0	0
7000	335	80	3.4	158	0	0	0.0	0.0	0.0	0.0	0.0	0
7000	335	80	3.6	79	57992	0	26	26	3.02	0.21	0.48	1
7000	335	80	3.8	39	20870	1	13	13	0.37	0.04	0.18	1
7000	335	80	4	19	3338	0	5	5	0.03	0	0	1
7000	336	80	3	743	0	0	0.0	0.0	0.0	0.0	0.0	0
7000	336	80	3.2	304	0	0	0.0	0.0	0.0	0.0	0.0	0
7000	336	80	3.4	121	113481	0	61	61	9.21	0.35	0.79	1
7000	336	80	3.6	67	164186	0	22	22	8	0.44	4.87	1
7000	336	80	3.8	36	107370	0	9	9	1.53	0.15	0.94	1
7000	336	80	4	22	27522	0	4	4	0.24	0.03	0	1
7000	337	80	3	774	0	0	0.0	0.0	0.0	0.0	0.0	0
7000	337	80	3.2	320	0	0	0.0	0.0	0.0	0.0	0.0	0
7000	337	80	3.4	144	0	0	0.0	0.0	0.0	0.0	0.0	0
7000	337	80	3.6	70	95824	1	28.5	29	3.07	0.2	1.74	1
7000	337	80	3.8	34	30135	0	8	8	0.4	0.05	0	1
7000	337	80	4	20	6933	0	5	5	0.07	0.01	0	1
7000	338	80	3	763	0	0	0.0	0.0	0.0	0.0	0.0	0
7000	338	80	3.2	333	0	0	0.0	0.0	0.0	0.0	0.0	0
7000	338	80	3.4	152	0	0	0.0	0.0	0.0	0.0	0.0	0
7000	338	80	3.6	75	131153	0	25	25	3.13	0.21	7.6	1
7000	338	80	3.8	38	120382	1	11	11	1.53	0.14	6.96	1
7000	338	80	4	25	31661	0	5	5	0.22	0.05	0	1
7000	339	80	3	786	0	0	0.0	0.0	0.0	0.0	0.0	0
7000	339	80	3.2	344	0	0	0.0	0.0	0.0	0.0	0.0	0
7000	339	80	3.4	156	0	0	0.0	0.0	0.0	0.0	0.0	0
7000	339	80	3.6	77	98283	0	37	37	2.21	0.19	0.57	1
7000	339	80	3.8	36	44326	0	12	12	0.49	0.07	1.14	1
7000	339	80	4	20	11271	0	4	4	0.09	0.01	0	1
7000	340	80	3	736	0	0	0.0	0.0	0.0	0.0	0.0	0
7000	340	80	3.2	309	0	0	0.0	0.0	0.0	0.0	0.0	0
7000	340	80	3.4	128	160988	1	66.5	67	10.95	0.38	3.41	1
7000	340	80	3.6	75	220145	0	29	29	8.34	0.52	0	1
7000	340	80	3.8	40	121507	1	11	11	1.99	0.18	2.66	1
7000	340	80	4	23	43420	0	7	7	0.51	0.05	0.23	1
7000	341	80	3	769	0	0	0.0	0.0	0.0	0.0	0.0	0
7000	341	80	3.2	332	0	0	0.0	0.0	0.0	0.0	0.0	0
7000	341	80	3.4	139	0	0	0.0	0.0	0.0	0.0	0.0	0
7000	341	80	3.6	67	66659	0	24	24	3.03	0.1	1.24	1
7000	341	80	3.8	33	30603	1	9.8	10	0.41	0.04	1.47	1
7000	341	80	4	18	3406	0	5	5	0.05	0.01	0	1
7000	342	80	3	688	0	0	0.0	0.0	0.0	0.0	0.0	0
7000	342	80	3.2	314	0	0	0.0	0.0	0.0	0.0	0.0	0
7000	342	80	3.4	155	0	0	0.0	0.0	0.0	0.0	0.0	0
7000	342	80	3.6	65	170472	0	22	22	2.91	0.3	3.47	1
7000	342	80	3.8	37	112124	0	9	9	1.03	0.15	6.3	1
7000	342	80	4	21	17835	1	4	4	0.13	0.01	0.15	1
7000	343	80	3	911	0	0	0.0	0.0	0.0	0.0	0.0	0
7000	343	80	3.2	429	0	0	0.0	0.0	0.0	0.0	0.0	0
7000	343	80	3.4	195	0	0	0.0	0.0	0.0	0.0	0.0	0
7000	343	80	3.6	99	209405	0	55	55	8.82	0.35	0	1
7000	343	80	3.8	52	62819	0	19	19	1.12	0.09	0	1
7000	343	80	4	31	38192	0	11	11	0.33	0.05	0.3	1
7000	344	80	3	727	0	0	0.0	0.0	0.0	0.0	0.0	0
7000	344	80	3.2	298	0	0	0.0	0.0	0.0	0.0	0.0	0
7000	344	80	3.4	146	0	0	0.0	0.0	0.0	0.0	0.0	0
7000	344	80	3.6	66	38351	0	25	25	0.45	0.09	0.31	1
7000	344	80	3.8	32	16327	1	8.5	9	0.09	0.02	0.6	1
7000	344	80	4	16	2170	0	4	4	0.01	0	0.01	1
7000	345	80	3	762	0	0	0.0	0.0	0.0	0.0	0.0	0
7000	345	80	3.2	323	0	0	0.0	0.0	0.0	0.0	0.0	0
7000	345	80	3.4	136	0	0	0.0	0.0	0.0	0.0	0.0	0
7000	345	80	3.6	61	47078	0	20	20	1.01	0.09	0.31	1
7000	345	80	3.8	31	25191	0	8	8	0.28	0.02	0	1
7000	345	80	4	22	15061	0	5	5	0.14	0.01	0.1	1
7000	346	80	3	732	0	0	0.0	0.0	0.0	0.0	0.0	0
7000	346	80	3.2	321	0	0	0.0	0.0	0.0	0.0	0.0	0
7000	346	80	3.4	149	0	0	0.0	0.0	0.0	0.0	0.0	0
7000	346	80	3.6	80	151281	1	28.4286	29	4.21	0.32	3.72	1
7000	346	80	3.8	40	45845	1	11.5	12	0.62	0.06	0.44	1
7000	346	80	4	21	8842	0	7	7	0.06	0.01	0	1
7000	347	80	3	780	0	0	0.0	0.0	0.0	0.0	0.0	0
7000	347	80	3.2	326	0	0	0.0	0.0	0.0	0.0	0.0	0
7000	347	80	3.4	143	0	0	0.0	0.0	0.0	0.0	0.0	0
7000	347	80	3.6	63	51208	0	22	22	1.06	0.1	0.35	1
7000	347	80	3.8	29	19482	0	8	8	0.15	0.02	4.06	1
7000	347	80	4	13	932	0	5	5	0	0	0.01	1
7000	348	80	3	732	0	0	0.0	0.0	0.0	0.0	0.0	0
7000	348	80	3.2	317	0	0	0.0	0.0	0.0	0.0	0.0	0
7000	348	80	3.4	154	0	0	0.0	0.0	0.0	0.0	0.0	0
7000	348	80	3.6	83	110148	0	31	31	3.35	0.21	0.72	1
7000	348	80	3.8	40	58743	0	13	13	0.61	0.08	0.6	1
7000	348	80	4	23	5552	0	8	8	0.02	0	0	1
7000	349	80	3	745	0	0	0.0	0.0	0.0	0.0	0.0	0
7000	349	80	3.2	322	0	0	0.0	0.0	0.0	0.0	0.0	0
7000	349	80	3.4	162	0	0	0.0	0.0	0.0	0.0	0.0	0
7000	349	80	3.6	71	174468	1	30	30	4.07	0.27	1.04	1
7000	349	80	3.8	43	113984	1	13	13	1.81	0.22	0.94	1
7000	349	80	4	18	4978	0	4	4	0.04	0.01	0	1
7000	350	80	3	796	0	0	0.0	0.0	0.0	0.0	0.0	0
7000	350	80	3.2	319	0	0	0.0	0.0	0.0	0.0	0.0	0
7000	350	80	3.4	137	0	0	0.0	0.0	0.0	0.0	0.0	0
7000	350	80	3.6	61	46853	0	23	23	1.43	0.1	0.35	1
7000	350	80	3.8	32	33162	0	8	8	0.5	0.04	0	1
7000	350	80	4	18	4964	0	4	4	0.04	0	0	1
7000	351	80	3	777	0	0	0.0	0.0	0.0	0.0	0.0	0
7000	351	80	3.2	329	0	0	0.0	0.0	0.0	0.0	0.0	0
7000	351	80	3.4	151	0	0	0.0	0.0	0.0	0.0	0.0	0
7000	351	80	3.6	77	201084	0	24	24	4.95	0.73	0.77	1
7000	351	80	3.8	45	55357	0	12	12	1.02	0.11	0.34	1
7000	351	80	4	19	15766	0	5	5	0.13	0.01	0.09	1
7000	352	80	3	830	0	0	0.0	0.0	0.0	0.0	0.0	0
7000	352	80	3.2	330	0	0	0.0	0.0	0.0	0.0	0.0	0
7000	352	80	3.4	156	0	0	0.0	0.0	0.0	0.0	0.0	0
7000	352	80	3.6	80	26135	1	34	34	1.66	0.03	0.15	1
7000	352	80	3.8	33	10868	0	10	10	0.19	0.02	0	1
7000	352	80	4	19	3023	0	5	5	0.02	0	0	1
7000	353	80	3	759	0	0	0.0	0.0	0.0	0.0	0.0	0
7000	353	80	3.2	323	0	0	0.0	0.0	0.0	0.0	0.0	0
7000	353	80	3.4	166	0	0	0.0	0.0	0.0	0.0	0.0	0
7000	353	80	3.6	91	168292	1	33	33	5.49	0.42	1.2	1
7000	353	80	3.8	43	29526	0	12	12	0.62	0.05	0.2	1
7000	353	80	4	19	1355	0	7	7	0.01	0	0	1
7000	354	80	3	846	0	0	0.0	0.0	0.0	0.0	0.0	0
7000	354	80	3.2	350	0	0	0.0	0.0	0.0	0.0	0.0	0
7000	354	80	3.4	155	0	0	0.0	0.0	0.0	0.0	0.0	0
7000	354	80	3.6	65	50980	0	31	31	1.03	0.07	0.99	1
7000	354	80	3.8	41	30598	0	11	11	0.37	0.07	0.68	1
7000	354	80	4	26	10178	0	7	7	0.08	0.02	0	1
7000	355	80	3	814	0	0	0.0	0.0	0.0	0.0	0.0	0
7000	355	80	3.2	346	0	0	0.0	0.0	0.0	0.0	0.0	0
7000	355	80	3.4	165	0	0	0.0	0.0	0.0	0.0	0.0	0
7000	355	80	3.6	86	278184	1	30.6667	31	7.23	0.74	3.33	1
7000	355	80	3.8	43	163494	0	12	12	1.98	0.29	4.43	1
7000	355	80	4	25	26950	0	6	6	0.18	0.02	0.2	1
7000	356	80	3	781	0	0	0.0	0.0	0.0	0.0	0.0	0
7000	356	80	3.2	329	0	0	0.0	0.0	0.0	0.0	0.0	0
7000	356	80	3.4	146	0	0	0.0	0.0	0.0	0.0	0.0	0
7000	356	80	3.6	70	57511	1	27.5	28	0.97	0.1	1.13	1
7000	356	80	3.8	34	28642	0	12	12	0.27	0.03	0	1
7000	356	80	4	23	25149	1	7	7	0.26	0.03	0.17	1
7000	357	80	3	789	0	0	0.0	0.0	0.0	0.0	0.0	0
7000	357	80	3.2	357	0	0	0.0	0.0	0.0	0.0	0.0	0
7000	357	80	3.4	161	0	0	0.0	0.0	0.0	0.0	0.0	0
7000	357	80	3.6	85	135991	0	30	30	3.6	0.3	0.95	1
7000	357	80	3.8	43	109669	0	13	13	1.77	0.18	3.1	1
7000	357	80	4	23	16721	0	5	5	0.11	0.01	0.82	1
7000	358	80	3	786	0	0	0.0	0.0	0.0	0.0	0.0	0
7000	358	80	3.2	362	0	0	0.0	0.0	0.0	0.0	0.0	0
7000	358	80	3.4	167	0	0	0.0	0.0	0.0	0.0	0.0	0
7000	358	80	3.6	81	219522	0	35	35	6.14	0.47	0.91	1
7000	358	80	3.8	44	160437	0	11	11	2.05	0.21	1.21	1
7000	358	80	4	24	28770	1	4.5	5	0.28	0.03	1.05	1
7000	359	80	3	717	0	0	0.0	0.0	0.0	0.0	0.0	0
7000	359	80	3.2	324	0	0	0.0	0.0	0.0	0.0	0.0	0
7000	359	80	3.4	140	0	0	0.0	0.0	0.0	0.0	0.0	0
7000	359	80	3.6	67	205363	1	27	27	3.12	0.36	0.54	1
7000	359	80	3.8	34	192531	0	10	10	1.44	0.25	9.29	1
7000	359	80	4	24	62401	0	5	5	0.34	0.08	0	1
7000	360	80	3	838	0	0	0.0	0.0	0.0	0.0	0.0	0
7000	360	80	3.2	358	0	0	0.0	0.0	0.0	0.0	0.0	0
7000	360	80	3.4	163	0	0	0.0	0.0	0.0	0.0	0.0	0
7000	360	80	3.6	69	27291	0	36	36	0.85	0.06	0	1
7000	360	80	3.8	32	14404	0	12	12	0.17	0.01	0	1
7000	360	80	4	18	4177	0	6	6	0.05	0	0	1
7000	361	80	3	792	0	0	0.0	0.0	0.0	0.0	0.0	0
7000	361	80	3.2	359	0	0	0.0	0.0	0.0	0.0	0.0	0
7000	361	80	3.4	156	0	0	0.0	0.0	0.0	0.0	0.0	0
7000	361	80	3.6	72	113821	0	23	23	2.26	0.25	2.81	1
7000	361	80	3.8	41	52920	0	12	12	0.69	0.1	0.47	1
7000	361	80	4	20	8009	0	5	5	0.04	0.01	0	1
7000	362	80	3	744	0	0	0.0	0.0	0.0	0.0	0.0	0
7000	362	80	3.2	350	0	0	0.0	0.0	0.0	0.0	0.0	0
7000	362	80	3.4	142	0	0	0.0	0.0	0.0	0.0	0.0	0
7000	362	80	3.6	66	30421	0	27	27	0.37	0.04	0.21	1
7000	362	80	3.8	28	14955	0	9	9	0.09	0.01	0.1	1
7000	362	80	4	17	2907	0	4	4	0.01	0.01	0.01	1
7000	363	80	3	760	0	0	0.0	0.0	0.0	0.0	0.0	0
7000	363	80	3.2	321	0	0	0.0	0.0	0.0	0.0	0.0	0
7000	363	80	3.4	150	0	0	0.0	0.0	0.0	0.0	0.0	0
7000	363	80	3.6	69	226186	0	24	24	5.16	0.52	3.13	1
7000	363	80	3.8	44	162892	1	14.5	15	3.1	0.29	4.24	1
7000	363	80	4	24	34579	1	5	5	0.25	0.05	0.24	1
7000	364	80	3	806	0	0	0.0	0.0	0.0	0.0	0.0	0
7000	364	80	3.2	345	0	0	0.0	0.0	0.0	0.0	0.0	0
7000	364	80	3.4	174	0	0	0.0	0.0	0.0	0.0	0.0	0
7000	364	80	3.6	91	122342	0	32	32	4.42	0.31	1.02	1
7000	364	80	3.8	46	53450	0	18	18	0.89	0.07	0	1
7000	364	80	4	26	13496	0	9	9	0.13	0.01	0	1
7000	365	80	3	694	0	0	0.0	0.0	0.0	0.0	0.0	0
7000	365	80	3.2	299	0	0	0.0	0.0	0.0	0.0	0.0	0
7000	365	80	3.4	151	0	0	0.0	0.0	0.0	0.0	0.0	0
7000	365	80	3.6	76	276592	1	31	31	7.31	0.43	1.92	1
7000	365	80	3.8	37	94911	0	8	8	1.51	0.19	6.14	1
7000	365	80	4	20	13838	0	4	4	0.17	0.01	0.44	1
7000	366	80	3	798	0	0	0.0	0.0	0.0	0.0	0.0	0
7000	366	80	3.2	332	0	0	0.0	0.0	0.0	0.0	0.0	0
7000	366	80	3.4	138	0	0	0.0	0.0	0.0	0.0	0.0	0
7000	366	80	3.6	57	45161	1	23	23	0.82	0.06	0.24	1
7000	366	80	3.8	30	15955	0	7	7	0.16	0.02	0.1	1
7000	366	80	4	16	1613	0	4	4	0	0.01	0	1
7000	367	80	3	774	0	0	0.0	0.0	0.0	0.0	0.0	0
7000	367	80	3.2	316	0	0	0.0	0.0	0.0	0.0	0.0	0
7000	367	80	3.4	149	0	0	0.0	0.0	0.0	0.0	0.0	0
7000	367	80	3.6	68	21998	0	35	35	0.4	0.03	0	1
7000	367	80	3.8	31	9928	0	15	15	0.1	0	0	1
7000	367	80	4	21	1627	0	9	9	0.01	0	0	1
7000	368	80	3	780	0	0	0.0	0.0	0.0	0.0	0.0	0
7000	368	80	3.2	312	0	0	0.0	0.0	0.0	0.0	0.0	0
7000	368	80	3.4	146	0	0	0.0	0.0	0.0	0.0	0.0	0
7000	368	80	3.6	68	125014	0	25	25	4.55	0.26	2.69	1
7000	368	80	3.8	38	100159	1	10.5	11	2.02	0.19	48.86	1
7000	368	80	4	22	14653	0	5	5	0.13	0.01	0	1
7000	369	80	3	764	0	0	0.0	0.0	0.0	0.0	0.0	0
7000	369	80	3.2	371	0	0	0.0	0.0	0.0	0.0	0.0	0
7000	369	80	3.4	164	0	0	0.0	0.0	0.0	0.0	0.0	0
7000	369	80	3.6	87	211793	1	29.8	30	11.22	0.41	1.79	1
7000	369	80	3.8	33	128868	1	8	8	2.24	0.21	6.53	1
7000	369	80	4	23	36659	0	5	5	0.26	0.03	0.29	1
7000	370	80	3	743	0	0	0.0	0.0	0.0	0.0	0.0	0
7000	370	80	3.2	332	0	0	0.0	0.0	0.0	0.0	0.0	0
7000	370	80	3.4	152	0	0	0.0	0.0	0.0	0.0	0.0	0
7000	370	80	3.6	77	155249	0	29	29	2.36	0.32	1.01	1
7000	370	80	3.8	37	78894	0	9	9	0.63	0.09	0	1
7000	370	80	4	17	2591	0	6	6	0.01	0	0	1
7000	371	80	3	791	0	0	0.0	0.0	0.0	0.0	0.0	0
7000	371	80	3.2	323	0	0	0.0	0.0	0.0	0.0	0.0	0
7000	371	80	3.4	143	0	0	0.0	0.0	0.0	0.0	0.0	0
7000	371	80	3.6	49	5279	1	19.2	20	0.09	0	0.06	1
7000	371	80	3.8	22	2440	0	7	7	0.02	0	0.01	1
7000	371	80	4	15	1334	0	4	4	0	0.01	0	1
7000	372	80	3	696	0	0	0.0	0.0	0.0	0.0	0.0	0
7000	372	80	3.2	308	0	0	0.0	0.0	0.0	0.0	0.0	0
7000	372	80	3.4	152	0	0	0.0	0.0	0.0	0.0	0.0	0
7000	372	80	3.6	80	271190	0	29	29	7.49	0.52	2.37	1
7000	372	80	3.8	37	137073	0	9	9	1.8	0.16	3.12	1
7000	372	80	4	20	21247	0	7	7	0.18	0.01	0	1
7000	373	80	3	830	0	0	0.0	0.0	0.0	0.0	0.0	0
7000	373	80	3.2	343	0	0	0.0	0.0	0.0	0.0	0.0	0
7000	373	80	3.4	148	0	0	0.0	0.0	0.0	0.0	0.0	0
7000	373	80	3.6	81	201607	1	31.5	32	3.96	0.41	1.45	1
7000	373	80	3.8	43	127650	1	14	14	1.44	0.19	3.43	1
7000	373	80	4	22	22791	0	7	7	0.16	0.02	0.14	1
7000	374	80	3	772	0	0	0.0	0.0	0.0	0.0	0.0	0
7000	374	80	3.2	327	0	0	0.0	0.0	0.0	0.0	0.0	0
7000	374	80	3.4	158	0	0	0.0	0.0	0.0	0.0	0.0	0
7000	374	80	3.6	92	177277	1	32.5	33	5.25	0.53	4.37	1
7000	374	80	3.8	45	52398	0	12	12	0.71	0.07	0.64	1
7000	374	80	4	25	10162	0	6	6	0.09	0.02	0.46	1
7000	375	80	3	832	0	0	0.0	0.0	0.0	0.0	0.0	0
7000	375	80	3.2	356	0	0	0.0	0.0	0.0	0.0	0.0	0
7000	375	80	3.4	183	0	0	0.0	0.0	0.0	0.0	0.0	0
7000	375	80	3.6	82	114934	0	40	40	2.67	0.2	0	1
7000	375	80	3.8	42	108072	0	15	15	1.57	0.12	0.56	1
7000	375	80	4	27	15899	0	10	10	0.23	0.01	0	1
7000	376	80	3	831	0	0	0.0	0.0	0.0	0.0	0.0	0
7000	376	80	3.2	358	0	0	0.0	0.0	0.0	0.0	0.0	0
7000	376	80	3.4	171	0	0	0.0	0.0	0.0	0.0	0.0	0
7000	376	80	3.6	90	290498	1	32	32	9.67	0.56	2.59	1
7000	376	80	3.8	52	223385	0	11	11	5.14	0.4	0	1
7000	376	80	4	26	20584	1	5.2	6	0.21	0.02	0.18	1
7000	377	80	3	837	0	0	0.0	0.0	0.0	0.0	0.0	0
7000	377	80	3.2	390	0	0	0.0	0.0	0.0	0.0	0.0	0
7000	377	80	3.4	180	0	0	0.0	0.0	0.0	0.0	0.0	0
7000	377	80	3.6	97	561520	1	47	47	31.87	2.11	6.7	1
7000	377	80	3.8	53	408539	1	17	17	10.12	1.65	6.28	1
7000	377	80	4	34	104312	0	10	10	1.84	0.11	0.92	1
7000	378	80	3	771	0	0	0.0	0.0	0.0	0.0	0.0	0
7000	378	80	3.2	320	0	0	0.0	0.0	0.0	0.0	0.0	0
7000	378	80	3.4	132	0	0	0.0	0.0	0.0	0.0	0.0	0
7000	378	80	3.6	55	20794	0	22	22	0.39	0.04	0	1
7000	378	80	3.8	30	13088	0	11	11	0.22	0.02	0	1
7000	378	80	4	14	1438	0	3	3	0	0	0	1
7000	379	80	3	805	0	0	0.0	0.0	0.0	0.0	0.0	0
7000	379	80	3.2	356	0	0	0.0	0.0	0.0	0.0	0.0	0
7000	379	80	3.4	161	0	0	0.0	0.0	0.0	0.0	0.0	0
7000	379	80	3.6	76	74586	0	29	29	1.85	0.14	0.54	1
7000	379	80	3.8	41	20988	0	14	14	0.3	0.03	0	1
7000	379	80	4	20	2144	0	6	6	0.01	0	0	1
7000	380	80	3	714	0	0	0.0	0.0	0.0	0.0	0.0	0
7000	380	80	3.2	314	0	0	0.0	0.0	0.0	0.0	0.0	0
7000	380	80	3.4	150	0	0	0.0	0.0	0.0	0.0	0.0	0
7000	380	80	3.6	71	67263	0	25	25	1.66	0.15	0.48	1
7000	380	80	3.8	33	23656	0	9	9	0.33	0.02	0.13	1
7000	380	80	4	14	1954	0	4	4	0.02	0	0	1
7000	381	80	3	819	0	0	0.0	0.0	0.0	0.0	0.0	0
7000	381	80	3.2	335	0	0	0.0	0.0	0.0	0.0	0.0	0
7000	381	80	3.4	154	0	0	0.0	0.0	0.0	0.0	0.0	0
7000	381	80	3.6	78	124060	0	29	29	4.13	0.24	0	1
7000	381	80	3.8	48	61646	0	15	15	1.28	0.11	1.32	1
7000	381	80	4	20	7263	0	5	5	0.06	0.01	0	1
7000	382	80	3	777	0	0	0.0	0.0	0.0	0.0	0.0	0
7000	382	80	3.2	326	0	0	0.0	0.0	0.0	0.0	0.0	0
7000	382	80	3.4	152	0	0	0.0	0.0	0.0	0.0	0.0	0
7000	382	80	3.6	76	121165	1	26	26	2.82	0.26	0.7	1
7000	382	80	3.8	41	68834	0	9	9	0.95	0.1	0	1
7000	382	80	4	21	7087	0	6	6	0.05	0.01	0.05	1
7000	383	80	3	693	0	0	0.0	0.0	0.0	0.0	0.0	0
7000	383	80	3.2	314	0	0	0.0	0.0	0.0	0.0	0.0	0
7000	383	80	3.4	165	0	0	0.0	0.0	0.0	0.0	0.0	0
7000	383	80	3.6	95	1116032	1	27.5	28	40.12	2.77	17.93	1
7000	383	80	3.8	54	570623	1	15	15	11.65	0.7	5.81	1
7000	383	80	4	29	42647	0	6	6	0.3	0.06	1.69	1
7000	384	80	3	776	0	0	0.0	0.0	0.0	0.0	0.0	0
7000	384	80	3.2	358	0	0	0.0	0.0	0.0	0.0	0.0	0
7000	384	80	3.4	163	0	0	0.0	0.0	0.0	0.0	0.0	0
7000	384	80	3.6	81	185085	0	27	27	4.17	0.36	6.94	1
7000	384	80	3.8	41	119525	0	12	12	1.74	0.19	1.77	1
7000	384	80	4	22	15719	0	5	5	0.13	0.01	0	1
7000	385	80	3	776	0	0	0.0	0.0	0.0	0.0	0.0	0
7000	385	80	3.2	330	0	0	0.0	0.0	0.0	0.0	0.0	0
7000	385	80	3.4	147	0	0	0.0	0.0	0.0	0.0	0.0	0
7000	385	80	3.6	74	59504	0	32	32	1.35	0.09	0.4	1
7000	385	80	3.8	38	46884	0	14	14	0.77	0.08	0	1
7000	385	80	4	23	20181	0	6	6	0.2	0.02	0.15	1
7000	386	80	3	826	0	0	0.0	0.0	0.0	0.0	0.0	0
7000	386	80	3.2	351	0	0	0.0	0.0	0.0	0.0	0.0	0
7000	386	80	3.4	176	0	0	0.0	0.0	0.0	0.0	0.0	0
7000	386	80	3.6	80	350285	0	31	31	9.69	0.61	3.99	1
7000	386	80	3.8	44	325358	1	11	11	6.39	0.65	3.5	1
7000	386	80	4	27	36601	0	8	8	0.33	0.07	0.2	1
7000	387	80	3	735	0	0	0.0	0.0	0.0	0.0	0.0	0
7000	387	80	3.2	316	0	0	0.0	0.0	0.0	0.0	0.0	0
7000	387	80	3.4	144	0	0	0.0	0.0	0.0	0.0	0.0	0
7000	387	80	3.6	76	351976	0	23	23	9.25	0.68	3.28	1
7000	387	80	3.8	40	225919	0	8	8	2.49	0.5	2.49	1
7000	387	80	4	21	35427	0	3	3	0.3	0.06	0	1
7000	388	80	3	781	0	0	0.0	0.0	0.0	0.0	0.0	0
7000	388	80	3.2	324	0	0	0.0	0.0	0.0	0.0	0.0	0
7000	388	80	3.4	158	0	0	0.0	0.0	0.0	0.0	0.0	0
7000	388	80	3.6	80	75425	0	33	33	1.63	0.19	0	1
7000	388	80	3.8	39	23086	0	12	12	0.22	0.03	0	1
7000	388	80	4	16	1001	0	4	4	0	0	0	1
7000	389	80	3	728	0	0	0.0	0.0	0.0	0.0	0.0	0
7000	389	80	3.2	319	0	0	0.0	0.0	0.0	0.0	0.0	0
7000	389	80	3.4	149	0	0	0.0	0.0	0.0	0.0	0.0	0
7000	389	80	3.6	71	457026	0	23	23	14.33	2.44	6.84	1
7000	389	80	3.8	45	378796	1	13	13	7.9	0.43	4.46	1
7000	389	80	4	21	21918	0	6	6	0.19	0.02	0	1
7000	390	80	3	727	0	0	0.0	0.0	0.0	0.0	0.0	0
7000	390	80	3.2	295	0	0	0.0	0.0	0.0	0.0	0.0	0
7000	390	80	3.4	136	0	0	0.0	0.0	0.0	0.0	0.0	0
7000	390	80	3.6	70	291725	1	25	25	7.61	0.52	3.71	1
7000	390	80	3.8	37	248739	0	8	8	3.27	0.73	1.25	1
7000	390	80	4	27	134814	0	5	5	1.72	0.2	0	1
7000	391	80	3	788	0	0	0.0	0.0	0.0	0.0	0.0	0
7000	391	80	3.2	339	0	0	0.0	0.0	0.0	0.0	0.0	0
7000	391	80	3.4	169	0	0	0.0	0.0	0.0	0.0	0.0	0
7000	391	80	3.6	90	49171	0	43	43	1.68	0.08	1.03	1
7000	391	80	3.8	40	27351	0	17	17	0.34	0.01	0.16	1
7000	391	80	4	21	5411	0	10	10	0.03	0.01	0	1
7000	392	80	3	730	0	0	0.0	0.0	0.0	0.0	0.0	0
7000	392	80	3.2	301	0	0	0.0	0.0	0.0	0.0	0.0	0
7000	392	80	3.4	144	0	0	0.0	0.0	0.0	0.0	0.0	0
7000	392	80	3.6	71	654251	1	26	26	11.47	1.2	7.58	1
7000	392	80	3.8	44	639451	0	12	12	8.41	0.8	8.35	1
7000	392	80	4	24	148872	0	4	4	1.14	0.37	0	1
7000	393	80	3	810	0	0	0.0	0.0	0.0	0.0	0.0	0
7000	393	80	3.2	321	0	0	0.0	0.0	0.0	0.0	0.0	0
7000	393	80	3.4	152	0	0	0.0	0.0	0.0	0.0	0.0	0
7000	393	80	3.6	69	28868	0	26	26	0.78	0.07	0	1
7000	393	80	3.8	34	13904	0	9	9	0.15	0.02	0	1
7000	393	80	4	16	3067	0	3	3	0.01	0	0	1
7000	394	80	3	840	0	0	0.0	0.0	0.0	0.0	0.0	0
7000	394	80	3.2	350	0	0	0.0	0.0	0.0	0.0	0.0	0
7000	394	80	3.4	168	0	0	0.0	0.0	0.0	0.0	0.0	0
7000	394	80	3.6	85	130581	0	34	34	3.9	0.34	3.95	1
7000	394	80	3.8	40	33041	1	12.5	13	0.52	0.05	0.74	1
7000	394	80	4	22	11433	0	6	6	0.07	0.01	0	1
7000	395	80	3	791	0	0	0.0	0.0	0.0	0.0	0.0	0
7000	395	80	3.2	332	0	0	0.0	0.0	0.0	0.0	0.0	0
7000	395	80	3.4	149	0	0	0.0	0.0	0.0	0.0	0.0	0
7000	395	80	3.6	78	111828	0	36	36	4.71	0.19	0.63	1
7000	395	80	3.8	33	67779	0	9	9	0.97	0.12	0	1
7000	395	80	4	19	5699	1	4	4	0.05	0	0.03	1
7000	396	80	3	818	0	0	0.0	0.0	0.0	0.0	0.0	0
7000	396	80	3.2	351	0	0	0.0	0.0	0.0	0.0	0.0	0
7000	396	80	3.4	160	0	0	0.0	0.0	0.0	0.0	0.0	0
7000	396	80	3.6	74	37693	0	31	31	1.68	0.06	0.25	1
7000	396	80	3.8	38	13543	0	13	13	0.24	0.01	0	1
7000	396	80	4	18	4643	0	4	4	0.04	0	0	1
7000	397	80	3	747	0	0	0.0	0.0	0.0	0.0	0.0	0
7000	397	80	3.2	328	0	0	0.0	0.0	0.0	0.0	0.0	0
7000	397	80	3.4	136	0	0	0.0	0.0	0.0	0.0	0.0	0
7000	397	80	3.6	70	66987	1	26.4	27	1.49	0.14	1.41	1
7000	397	80	3.8	33	57538	0	10	10	0.59	0.11	0.68	1
7000	397	80	4	16	2963	0	3	3	0.02	0	0	1
7000	398	80	3	724	0	0	0.0	0.0	0.0	0.0	0.0	0
7000	398	80	3.2	338	0	0	0.0	0.0	0.0	0.0	0.0	0
7000	398	80	3.4	151	0	0	0.0	0.0	0.0	0.0	0.0	0
7000	398	80	3.6	72	95210	0	26	26	2.89	0.21	0	1
7000	398	80	3.8	33	62928	0	8	8	0.89	0.12	2.75	1
7000	398	80	4	18	31732	0	3	3	0.21	0.02	1.29	1
7000	399	80	3	767	0	0	0.0	0.0	0.0	0.0	0.0	0
7000	399	80	3.2	330	0	0	0.0	0.0	0.0	0.0	0.0	0
7000	399	80	3.4	148	0	0	0.0	0.0	0.0	0.0	0.0	0
7000	399	80	3.6	72	236639	1	27.6667	28	6.21	0.57	2.99	1
7000	399	80	3.8	42	182869	0	9	9	2.14	0.3	0.78	1
7000	399	80	4	23	30255	0	5	5	0.21	0.04	0	1
7000	400	80	3	710	0	0	0.0	0.0	0.0	0.0	0.0	0
7000	400	80	3.2	332	0	0	0.0	0.0	0.0	0.0	0.0	0
7000	400	80	3.4	156	0	0	0.0	0.0	0.0	0.0	0.0	0
7000	400	80	3.6	82	69785	0	42	42	3.06	0.09	0.46	1
7000	400	80	3.8	44	29016	0	22	22	0.74	0.02	0	1
7000	400	80	4	22	5520	0	9	9	0.06	0	0	1
7000	401	80	3	817	0	0	0.0	0.0	0.0	0.0	0.0	0
7000	401	80	3.2	347	0	0	0.0	0.0	0.0	0.0	0.0	0
7000	401	80	3.4	154	0	0	0.0	0.0	0.0	0.0	0.0	0
7000	401	80	3.6	62	39366	1	23.5	24	0.96	0.07	0.8	1
7000	401	80	3.8	33	27455	0	9	9	0.33	0.03	0.16	1
7000	401	80	4	17	5795	0	4	4	0.03	0	0	1
7000	402	80	3	810	0	0	0.0	0.0	0.0	0.0	0.0	0
7000	402	80	3.2	346	0	0	0.0	0.0	0.0	0.0	0.0	0
7000	402	80	3.4	152	0	0	0.0	0.0	0.0	0.0	0.0	0
7000	402	80	3.6	67	47332	0	28	28	2.11	0.09	0	1
7000	402	80	3.8	41	25013	0	14	14	0.51	0.03	0.16	1
7000	402	80	4	19	2102	0	6	6	0.02	0	0	1
7000	403	80	3	720	0	0	0.0	0.0	0.0	0.0	0.0	0
7000	403	80	3.2	308	0	0	0.0	0.0	0.0	0.0	0.0	0
7000	403	80	3.4	130	0	0	0.0	0.0	0.0	0.0	0.0	0
7000	403	80	3.6	64	118323	1	22	22	2.87	0.19	1.97	1
7000	403	80	3.8	39	47158	0	11	11	0.56	0.06	0.25	1
7000	403	80	4	17	1192	0	5	5	0.01	0	0	1
7000	404	80	3	815	0	0	0.0	0.0	0.0	0.0	0.0	0
7000	404	80	3.2	343	0	0	0.0	0.0	0.0	0.0	0.0	0
7000	404	80	3.4	166	0	0	0.0	0.0	0.0	0.0	0.0	0
7000	404	80	3.6	84	201860	0	33	33	8.39	0.55	0	1
7000	404	80	3.8	50	179207	1	17	17	4.35	0.37	1.79	1
7000	404	80	4	29	47791	1	8	8	0.99	0.06	3.13	1
7000	405	80	3	843	0	0	0.0	0.0	0.0	0.0	0.0	0
7000	405	80	3.2	343	0	0	0.0	0.0	0.0	0.0	0.0	0
7000	405	80	3.4	160	0	0	0.0	0.0	0.0	0.0	0.0	0
7000	405	80	3.6	79	92685	1	37.5	38	2.61	0.15	1.34	1
7000	405	80	3.8	38	37127	0	13	13	0.47	0.07	0	1
7000	405	80	4	22	5586	0	7	7	0.04	0.01	0.03	1
7000	406	80	3	807	0	0	0.0	0.0	0.0	0.0	0.0	0
7000	406	80	3.2	347	0	0	0.0	0.0	0.0	0.0	0.0	0
7000	406	80	3.4	159	0	0	0.0	0.0	0.0	0.0	0.0	0
7000	406	80	3.6	77	28379	0	31	31	0.81	0.05	0.17	1
7000	406	80	3.8	40	13339	0	17	17	0.26	0.01	0.06	1
7000	406	80	4	19	1577	1	6.5	7	0.01	0	0.01	1
7000	407	80	3	741	0	0	0.0	0.0	0.0	0.0	0.0	0
7000	407	80	3.2	306	0	0	0.0	0.0	0.0	0.0	0.0	0
7000	407	80	3.4	134	0	0	0.0	0.0	0.0	0.0	0.0	0
7000	407	80	3.6	62	146858	1	22.5	23	6.2	0.36	4.12	1
7000	407	80	3.8	35	74651	0	8	8	0.98	0.1	0	1
7000	407	80	4	19	6074	0	4	4	0.03	0.01	0	1
7000	408	80	3	758	0	0	0.0	0.0	0.0	0.0	0.0	0
7000	408	80	3.2	322	0	0	0.0	0.0	0.0	0.0	0.0	0
7000	408	80	3.4	141	0	0	0.0	0.0	0.0	0.0	0.0	0
7000	408	80	3.6	68	95308	0	29	29	2.55	0.16	0	1
7000	408	80	3.8	32	47088	0	10	10	0.91	0.11	0.4	1
7000	408	80	4	21	7938	0	6	6	0.05	0	0	1
7000	409	80	3	791	0	0	0.0	0.0	0.0	0.0	0.0	0
7000	409	80	3.2	313	0	0	0.0	0.0	0.0	0.0	0.0	0
7000	409	80	3.4	141	0	0	0.0	0.0	0.0	0.0	0.0	0
7000	409	80	3.6	68	94000	0	25	25	2.01	0.14	0.57	1
7000	409	80	3.8	34	39951	0	7	7	0.4	0.09	6.8	1
7000	409	80	4	20	5092	0	6	6	0.06	0	0	1
7000	410	80	3	768	0	0	0.0	0.0	0.0	0.0	0.0	0
7000	410	80	3.2	324	0	0	0.0	0.0	0.0	0.0	0.0	0
7000	410	80	3.4	150	0	0	0.0	0.0	0.0	0.0	0.0	0
7000	410	80	3.6	64	60103	1	21.25	22	1.45	0.13	0.99	1
7000	410	80	3.8	32	53329	1	7	7	0.51	0.09	4.41	1
7000	410	80	4	20	8546	0	6	6	0.07	0.01	0.04	1
7000	411	80	3	795	0	0	0.0	0.0	0.0	0.0	0.0	0
7000	411	80	3.2	356	0	0	0.0	0.0	0.0	0.0	0.0	0
7000	411	80	3.4	168	0	0	0.0	0.0	0.0	0.0	0.0	0
7000	411	80	3.6	93	359886	0	35	35	17.67	0.63	2.33	1
7000	411	80	3.8	51	217023	1	19	19	5.11	0.28	2.47	1
7000	411	80	4	24	32382	0	7	7	0.42	0.04	0.25	1
7000	412	80	3	802	0	0	0.0	0.0	0.0	0.0	0.0	0
7000	412	80	3.2	348	0	0	0.0	0.0	0.0	0.0	0.0	0
7000	412	80	3.4	161	0	0	0.0	0.0	0.0	0.0	0.0	0
7000	412	80	3.6	71	77426	0	26	26	2.46	0.14	0	1
7000	412	80	3.8	42	52782	1	14	14	1.1	0.07	0.33	1
7000	412	80	4	23	8366	1	7	7	0.09	0	0.19	1
7000	413	80	3	775	0	0	0.0	0.0	0.0	0.0	0.0	0
7000	413	80	3.2	314	0	0	0.0	0.0	0.0	0.0	0.0	0
7000	413	80	3.4	142	0	0	0.0	0.0	0.0	0.0	0.0	0
7000	413	80	3.6	71	49943	0	27	27	1.06	0.09	0.31	1
7000	413	80	3.8	32	17714	0	7	7	0.17	0.03	0	1
7000	413	80	4	10	189	0	3	3	0	0	0	1
7000	414	80	3	730	0	0	0.0	0.0	0.0	0.0	0.0	0
7000	414	80	3.2	327	0	0	0.0	0.0	0.0	0.0	0.0	0
7000	414	80	3.4	163	0	0	0.0	0.0	0.0	0.0	0.0	0
7000	414	80	3.6	91	491400	0	30	30	20.47	2.02	9.64	1
7000	414	80	3.8	46	249124	0	13	13	4.39	0.61	3.34	1
7000	414	80	4	26	47269	0	6	6	0.49	0.08	0	1
7000	415	80	3	767	0	0	0.0	0.0	0.0	0.0	0.0	0
7000	415	80	3.2	331	0	0	0.0	0.0	0.0	0.0	0.0	0
7000	415	80	3.4	151	0	0	0.0	0.0	0.0	0.0	0.0	0
7000	415	80	3.6	70	88940	0	23	23	1.89	0.23	1.94	1
7000	415	80	3.8	38	24876	0	13	13	0.35	0.03	0.14	1
7000	415	80	4	19	4009	0	6	6	0.02	0	0	1
7000	416	80	3	765	0	0	0.0	0.0	0.0	0.0	0.0	0
7000	416	80	3.2	328	0	0	0.0	0.0	0.0	0.0	0.0	0
7000	416	80	3.4	145	0	0	0.0	0.0	0.0	0.0	0.0	0
7000	416	80	3.6	75	40868	0	34	34	1.56	0.07	0	1
7000	416	80	3.8	37	19847	0	11	11	0.31	0.03	0	1
7000	416	80	4	23	7281	0	5	5	0.07	0	0.22	1
7000	417	80	3	819	0	0	0.0	0.0	0.0	0.0	0.0	0
7000	417	80	3.2	356	0	0	0.0	0.0	0.0	0.0	0.0	0
7000	417	80	3.4	157	0	0	0.0	0.0	0.0	0.0	0.0	0
7000	417	80	3.6	76	68716	0	34	34	2.18	0.11	0.45	1
7000	417	80	3.8	40	64403	0	11	11	1.12	0.1	0.74	1
7000	417	80	4	22	19236	0	5	5	0.17	0.01	0.1	1
7000	418	80	3	693	0	0	0.0	0.0	0.0	0.0	0.0	0
7000	418	80	3.2	298	0	0	0.0	0.0	0.0	0.0	0.0	0
7000	418	80	3.4	131	0	0	0.0	0.0	0.0	0.0	0.0	0
7000	418	80	3.6	65	89341	1	21	21	2.35	0.18	0.56	1
7000	418	80	3.8	36	37505	0	9	9	0.48	0.06	0.22	1
7000	418	80	4	14	911	0	4	4	0	0	0.01	1
7000	419	80	3	743	0	0	0.0	0.0	0.0	0.0	0.0	0
7000	419	80	3.2	311	0	0	0.0	0.0	0.0	0.0	0.0	0
7000	419	80	3.4	128	438692	1	61.6667	62	16.84	1.51	6.04	1
7000	419	80	3.6	70	558448	1	18.6667	19	13.36	0.96	5.34	1
7000	419	80	3.8	48	545875	1	10.5	11	7.83	0.71	6.27	1
7000	419	80	4	29	293536	1	5	5	3.51	0.67	98.93	1
7000	420	80	3	821	0	0	0.0	0.0	0.0	0.0	0.0	0
7000	420	80	3.2	342	0	0	0.0	0.0	0.0	0.0	0.0	0
7000	420	80	3.4	156	0	0	0.0	0.0	0.0	0.0	0.0	0
7000	420	80	3.6	79	96967	0	27	27	2.93	0.27	2.78	1
7000	420	80	3.8	42	72195	0	14	14	1.05	0.09	0.39	1
7000	420	80	4	24	19444	0	5	5	0.17	0.02	0	1
7000	421	80	3	736	0	0	0.0	0.0	0.0	0.0	0.0	0
7000	421	80	3.2	319	0	0	0.0	0.0	0.0	0.0	0.0	0
7000	421	80	3.4	145	0	0	0.0	0.0	0.0	0.0	0.0	0
7000	421	80	3.6	79	169569	1	28.1	29	5.31	0.45	4.33	1
7000	421	80	3.8	42	78104	1	9.58824	10	1.36	0.14	2.15	1
7000	421	80	4	19	5310	0	4	4	0.03	0	0	1
7000	422	80	3	774	0	0	0.0	0.0	0.0	0.0	0.0	0
7000	422	80	3.2	343	0	0	0.0	0.0	0.0	0.0	0.0	0
7000	422	80	3.4	155	0	0	0.0	0.0	0.0	0.0	0.0	0
7000	422	80	3.6	73	152931	1	26	26	6.86	0.23	0.93	1
7000	422	80	3.8	40	76892	0	10	10	1.45	0.11	0.42	1
7000	422	80	4	24	14650	0	5	5	0.09	0.02	0	1
7000	423	80	3	664	0	0	0.0	0.0	0.0	0.0	0.0	0
7000	423	80	3.2	325	0	0	0.0	0.0	0.0	0.0	0.0	0
7000	423	80	3.4	131	0	0	0.0	0.0	0.0	0.0	0.0	0
7000	423	80	3.6	70	130934	0	21	21	3.21	0.38	0.79	1
7000	423	80	3.8	33	63559	1	8	8	0.62	0.11	3.57	1
7000	423	80	4	16	8630	0	2	2	0.05	0.01	0	1
7000	424	80	3	734	0	0	0.0	0.0	0.0	0.0	0.0	0
7000	424	80	3.2	315	0	0	0.0	0.0	0.0	0.0	0.0	0
7000	424	80	3.4	163	0	0	0.0	0.0	0.0	0.0	0.0	0
7000	424	80	3.6	73	140848	0	25	25	2.87	0.24	3.24	1
7000	424	80	3.8	36	59858	0	9	9	0.79	0.17	0.6	1
7000	424	80	4	21	31486	0	3	3	0.2	0.06	0	1
7000	425	80	3	757	0	0	0.0	0.0	0.0	0.0	0.0	0
7000	425	80	3.2	321	0	0	0.0	0.0	0.0	0.0	0.0	0
7000	425	80	3.4	155	0	0	0.0	0.0	0.0	0.0	0.0	0
7000	425	80	3.6	70	83361	0	27	27	2.08	0.19	0.52	1
7000	425	80	3.8	35	21846	0	12	12	0.27	0.02	0	1
7000	425	80	4	19	3988	0	4	4	0.03	0	0	1
7000	426	80	3	740	0	0	0.0	0.0	0.0	0.0	0.0	0
7000	426	80	3.2	316	0	0	0.0	0.0	0.0	0.0	0.0	0
7000	426	80	3.4	141	0	0	0.0	0.0	0.0	0.0	0.0	0
7000	426	80	3.6	71	177685	1	25	25	6.52	0.41	6.26	1
7000	426	80	3.8	40	109241	0	12	12	1.82	0.12	1.79	1
7000	426	80	4	23	14783	0	6	6	0.13	0.01	0	1
7000	427	80	3	709	0	0	0.0	0.0	0.0	0.0	0.0	0
7000	427	80	3.2	327	0	0	0.0	0.0	0.0	0.0	0.0	0
7000	427	80	3.4	154	0	0	0.0	0.0	0.0	0.0	0.0	0
7000	427	80	3.6	78	78675	0	28	28	2.99	0.23	0	1
7000	427	80	3.8	31	17846	0	10	10	0.29	0.02	0.12	1
7000	427	80	4	17	3454	0	4	4	0.02	0	0	1
7000	428	80	3	718	0	0	0.0	0.0	0.0	0.0	0.0	0
7000	428	80	3.2	309	0	0	0.0	0.0	0.0	0.0	0.0	0
7000	428	80	3.4	149	0	0	0.0	0.0	0.0	0.0	0.0	0
7000	428	80	3.6	73	388850	1	24.5	25	8.49	0.96	4.38	1
7000	428	80	3.8	42	211605	0	9	9	2.48	0.41	2.37	1
7000	428	80	4	20	13380	0	6	6	0.07	0.01	0.06	1
7000	429	80	3	798	0	0	0.0	0.0	0.0	0.0	0.0	0
7000	429	80	3.2	328	0	0	0.0	0.0	0.0	0.0	0.0	0
7000	429	80	3.4	140	0	0	0.0	0.0	0.0	0.0	0.0	0
7000	429	80	3.6	63	24777	0	27	27	0.96	0.05	0.16	1
7000	429	80	3.8	29	8378	1	8.5	9	0.06	0.01	0.36	1
7000	429	80	4	14	1427	0	4	4	0	0	0	1
7000	430	80	3	806	0	0	0.0	0.0	0.0	0.0	0.0	0
7000	430	80	3.2	335	0	0	0.0	0.0	0.0	0.0	0.0	0
7000	430	80	3.4	137	0	0	0.0	0.0	0.0	0.0	0.0	0
7000	430	80	3.6	75	69648	0	26	26	2.55	0.13	0	1
7000	430	80	3.8	37	52554	1	11	11	0.83	0.04	0.33	1
7000	430	80	4	23	11309	0	6	6	0.09	0.01	0	1
7000	431	80	3	729	0	0	0.0	0.0	0.0	0.0	0.0	0
7000	431	80	3.2	308	0	0	0.0	0.0	0.0	0.0	0.0	0
7000	431	80	3.4	166	0	0	0.0	0.0	0.0	0.0	0.0	0
7000	431	80	3.6	92	462448	1	31	31	10.49	2.92	7.33	1
7000	431	80	3.8	50	312188	0	12	12	3.03	0.61	1.33	1
7000	431	80	4	24	28168	0	8	8	0.29	0.04	0	1
7000	432	80	3	723	0	0	0.0	0.0	0.0	0.0	0.0	0
7000	432	80	3.2	300	0	0	0.0	0.0	0.0	0.0	0.0	0
7000	432	80	3.4	144	0	0	0.0	0.0	0.0	0.0	0.0	0
7000	432	80	3.6	72	129426	0	23	23	3.17	0.29	0.9	1
7000	432	80	3.8	38	42858	0	9	9	0.47	0.07	0.3	1
7000	432	80	4	15	4542	0	3	3	0.02	0	0	1
7000	433	80	3	780	0	0	0.0	0.0	0.0	0.0	0.0	0
7000	433	80	3.2	357	0	0	0.0	0.0	0.0	0.0	0.0	0
7000	433	80	3.4	185	0	0	0.0	0.0	0.0	0.0	0.0	0
7000	433	80	3.6	110	121048	0	54	54	5.11	0.25	0	1
7000	433	80	3.8	56	95203	1	28	28	2.4	0.11	0.6	1
7000	433	80	4	32	57327	0	14	14	0.82	0.08	0.39	1
7000	434	80	3	789	0	0	0.0	0.0	0.0	0.0	0.0	0
7000	434	80	3.2	359	0	0	0.0	0.0	0.0	0.0	0.0	0
7000	434	80	3.4	163	0	0	0.0	0.0	0.0	0.0	0.0	0
7000	434	80	3.6	75	65693	1	26.2143	27	1.31	0.18	0.92	1
7000	434	80	3.8	37	27545	0	11	11	0.39	0.04	0.15	1
7000	434	80	4	19	7775	0	5	5	0.06	0.01	0.06	1
7000	435	80	3	750	0	0	0.0	0.0	0.0	0.0	0.0	0
7000	435	80	3.2	318	0	0	0.0	0.0	0.0	0.0	0.0	0
7000	435	80	3.4	137	0	0	0.0	0.0	0.0	0.0	0.0	0
7000	435	80	3.6	65	31649	1	22.2	23	0.72	0.12	0.34	1
7000	435	80	3.8	33	9407	1	10.5	11	0.07	0.01	0.09	1
7000	435	80	4	16	1924	0	4	4	0.01	0	0.01	1
7000	436	80	3	853	0	0	0.0	0.0	0.0	0.0	0.0	0
7000	436	80	3.2	350	0	0	0.0	0.0	0.0	0.0	0.0	0
7000	436	80	3.4	148	0	0	0.0	0.0	0.0	0.0	0.0	0
7000	436	80	3.6	60	21192	1	28.5	29	0.49	0.03	0.31	1
7000	436	80	3.8	32	15019	0	9	9	0.19	0.03	0	1
7000	436	80	4	15	2506	0	4	4	0.02	0	0	1
7000	437	80	3	736	0	0	0.0	0.0	0.0	0.0	0.0	0
7000	437	80	3.2	303	0	0	0.0	0.0	0.0	0.0	0.0	0
7000	437	80	3.4	141	0	0	0.0	0.0	0.0	0.0	0.0	0
7000	437	80	3.6	76	96463	1	23.1724	24	3.92	0.3	2.09	1
7000	437	80	3.8	37	26097	0	9	9	0.57	0.04	0.16	1
7000	437	80	4	19	5931	0	5	5	0.05	0	0	1
7000	438	80	3	758	0	0	0.0	0.0	0.0	0.0	0.0	0
7000	438	80	3.2	354	0	0	0.0	0.0	0.0	0.0	0.0	0
7000	438	80	3.4	175	0	0	0.0	0.0	0.0	0.0	0.0	0
7000	438	80	3.6	92	78376	0	47	47	3.4	0.12	0	1
7000	438	80	3.8	44	27154	0	23	23	0.71	0.01	0	1
7000	438	80	4	24	3122	0	12	12	0.04	0	0.02	1
7000	439	80	3	857	0	0	0.0	0.0	0.0	0.0	0.0	0
7000	439	80	3.2	363	0	0	0.0	0.0	0.0	0.0	0.0	0
7000	439	80	3.4	167	0	0	0.0	0.0	0.0	0.0	0.0	0
7000	439	80	3.6	77	29158	1	35	35	0.84	0.05	0.19	1
7000	439	80	3.8	38	12156	1	11.5	12	0.15	0.02	0.1	1
7000	439	80	4	16	976	0	6	6	0	0	0	1
7000	440	80	3	792	0	0	0.0	0.0	0.0	0.0	0.0	0
7000	440	80	3.2	313	0	0	0.0	0.0	0.0	0.0	0.0	0
7000	440	80	3.4	138	0	0	0.0	0.0	0.0	0.0	0.0	0
7000	440	80	3.6	70	435695	1	22.625	23	9.8	3.43	8.82	1
7000	440	80	3.8	34	571263	0	7	7	6.53	0.69	2.41	1
7000	440	80	4	22	180962	1	3.5	4	1.47	0.25	9.12	1
7000	441	80	3	788	0	0	0.0	0.0	0.0	0.0	0.0	0
7000	441	80	3.2	356	0	0	0.0	0.0	0.0	0.0	0.0	0
7000	441	80	3.4	169	0	0	0.0	0.0	0.0	0.0	0.0	0
7000	441	80	3.6	82	143137	1	32	32	4.62	0.48	0.99	1
7000	441	80	3.8	48	78647	1	14	14	1.59	0.12	0.5	1
7000	441	80	4	23	37012	0	7	7	0.43	0.08	0	1
7000	442	80	3	771	0	0	0.0	0.0	0.0	0.0	0.0	0
7000	442	80	3.2	327	0	0	0.0	0.0	0.0	0.0	0.0	0
7000	442	80	3.4	146	0	0	0.0	0.0	0.0	0.0	0.0	0
7000	442	80	3.6	84	300394	0	26	26	8.83	0.99	0	1
7000	442	80	3.8	46	145368	0	12	12	2.25	0.38	1.2	1
7000	442	80	4	25	21155	0	6	6	0.25	0.04	0	1
7000	443	80	3	742	0	0	0.0	0.0	0.0	0.0	0.0	0
7000	443	80	3.2	322	0	0	0.0	0.0	0.0	0.0	0.0	0
7000	443	80	3.4	149	0	0	0.0	0.0	0.0	0.0	0.0	0
7000	443	80	3.6	79	57710	0	36	36	1.81	0.12	0.34	1
7000	443	80	3.8	39	27786	0	13	13	0.39	0.03	0.17	1
7000	443	80	4	17	1398	0	5	5	0.01	0	0	1
7000	444	80	3	798	0	0	0.0	0.0	0.0	0.0	0.0	0
7000	444	80	3.2	341	0	0	0.0	0.0	0.0	0.0	0.0	0
7000	444	80	3.4	150	0	0	0.0	0.0	0.0	0.0	0.0	0
7000	444	80	3.6	61	37943	1	25.5	26	0.95	0.06	0.89	1
7000	444	80	3.8	32	31454	0	8	8	0.39	0.04	0.48	1
7000	444	80	4	18	3189	0	5	5	0.02	0	0.03	1
7000	445	80	3	744	0	0	0.0	0.0	0.0	0.0	0.0	0
7000	445	80	3.2	341	0	0	0.0	0.0	0.0	0.0	0.0	0
7000	445	80	3.4	153	0	0	0.0	0.0	0.0	0.0	0.0	0
7000	445	80	3.6	65	159005	0	24	24	4.37	0.34	4.21	1
7000	445	80	3.8	37	107479	0	8	8	2.11	0.25	0	1
7000	445	80	4	17	7149	0	3	3	0.04	0.01	0	1
7000	446	80	3	726	0	0	0.0	0.0	0.0	0.0	0.0	0
7000	446	80	3.2	319	0	0	0.0	0.0	0.0	0.0	0.0	0
7000	446	80	3.4	144	0	0	0.0	0.0	0.0	0.0	0.0	0
7000	446	80	3.6	70	203908	1	25	25	6.74	0.35	1.98	1
7000	446	80	3.8	38	134491	0	7	7	1.92	0.26	1.2	1
7000	446	80	4	23	23845	0	6	6	0.32	0.02	0	1
7000	447	80	3	799	0	0	0.0	0.0	0.0	0.0	0.0	0
7000	447	80	3.2	358	0	0	0.0	0.0	0.0	0.0	0.0	0
7000	447	80	3.4	144	0	0	0.0	0.0	0.0	0.0	0.0	0
7000	447	80	3.6	71	43673	1	29	29	1.05	0.07	0.25	1
7000	447	80	3.8	38	25478	1	12	12	0.36	0.03	1.26	1
7000	447	80	4	18	3276	0	4	4	0.02	0	0	1
7000	448	80	3	689	0	0	0.0	0.0	0.0	0.0	0.0	0
7000	448	80	3.2	320	0	0	0.0	0.0	0.0	0.0	0.0	0
7000	448	80	3.4	151	0	0	0.0	0.0	0.0	0.0	0.0	0
7000	448	80	3.6	72	131106	1	27	27	4.05	0.36	1	1
7000	448	80	3.8	41	41315	0	17	17	0.75	0.06	0	1
7000	448	80	4	20	3947	0	6	6	0.03	0	0	1
7000	449	80	3	936	0	0	0.0	0.0	0.0	0.0	0.0	0
7000	449	80	3.2	396	0	0	0.0	0.0	0.0	0.0	0.0	0
7000	449	80	3.4	187	0	0	0.0	0.0	0.0	0.0	0.0	0
7000	449	80	3.6	88	19770	0	50	50	0.57	0.03	0.1	1
7000	449	80	3.8	46	6288	0	26	26	0.1	0	0.04	1
7000	449	80	4	24	2466	0	12	12	0.02	0	0	1
7000	450	80	3	843	0	0	0.0	0.0	0.0	0.0	0.0	0
7000	450	80	3.2	342	0	0	0.0	0.0	0.0	0.0	0.0	0
7000	450	80	3.4	159	0	0	0.0	0.0	0.0	0.0	0.0	0
7000	450	80	3.6	85	77875	0	39	39	2.56	0.12	2.27	1
7000	450	80	3.8	46	35974	0	14	14	0.6	0.05	0.28	1
7000	450	80	4	21	6082	0	7	7	0.05	0.01	0	1
7000	451	80	3	823	0	0	0.0	0.0	0.0	0.0	0.0	0
7000	451	80	3.2	349	0	0	0.0	0.0	0.0	0.0	0.0	0
7000	451	80	3.4	150	0	0	0.0	0.0	0.0	0.0	0.0	0
7000	451	80	3.6	65	42562	0	22	22	1	0.1	0.26	1
7000	451	80	3.8	36	23524	1	11	11	0.31	0.03	0.16	1
7000	451	80	4	17	2003	0	5	5	0	0	0	1
7000	452	80	3	806	0	0	0.0	0.0	0.0	0.0	0.0	0
7000	452	80	3.2	342	0	0	0.0	0.0	0.0	0.0	0.0	0
7000	452	80	3.4	152	0	0	0.0	0.0	0.0	0.0	0.0	0
7000	452	80	3.6	67	17109	1	26.05	27	0.37	0.04	0.23	1
7000	452	80	3.8	28	7518	0	8	8	0.09	0	0	1
7000	452	80	4	16	2837	0	4	4	0.01	0.01	0	1
7000	453	80	3	786	0	0	0.0	0.0	0.0	0.0	0.0	0
7000	453	80	3.2	298	0	0	0.0	0.0	0.0	0.0	0.0	0
7000	453	80	3.4	135	0	0	0.0	0.0	0.0	0.0	0.0	0
7000	453	80	3.6	67	119771	1	24	24	3.23	0.22	0.85	1
7000	453	80	3.8	38	58967	0	10	10	1.42	0.16	0.47	1
7000	453	80	4	18	2882	0	5	5	0.02	0.01	0.01	1
7000	454	80	3	733	0	0	0.0	0.0	0.0	0.0	0.0	0
7000	454	80	3.2	324	0	0	0.0	0.0	0.0	0.0	0.0	0
7000	454	80	3.4	152	0	0	0.0	0.0	0.0	0.0	0.0	0
7000	454	80	3.6	80	229680	0	33	33	9.21	0.5	0	1
7000	454	80	3.8	47	126865	0	14	14	2.56	0.24	3.84	1
7000	454	80	4	23	5516	0	6	6	0.07	0.01	0	1
7000	455	80	3	721	0	0	0.0	0.0	0.0	0.0	0.0	0
7000	455	80	3.2	313	0	0	0.0	0.0	0.0	0.0	0.0	0
7000	455	80	3.4	137	0	0	0.0	0.0	0.0	0.0	0.0	0
7000	455	80	3.6	63	69206	1	18.5	19	3.05	0.3	1.13	1
7000	455	80	3.8	33	27177	0	7	7	0.68	0.06	0.97	1
7000	455	80	4	15	2351	0	4	4	0.01	0.01	0	1
7000	456	80	3	768	0	0	0.0	0.0	0.0	0.0	0.0	0
7000	456	80	3.2	342	0	0	0.0	0.0	0.0	0.0	0.0	0
7000	456	80	3.4	139	0	0	0.0	0.0	0.0	0.0	0.0	0
7000	456	80	3.6	64	69517	0	25	25	2	0.15	2.1	1
7000	456	80	3.8	37	42329	0	11	11	0.75	0.09	0	1
7000	456	80	4	16	4823	0	3	3	0.04	0.01	0	1
7000	457	80	3	817	0	0	0.0	0.0	0.0	0.0	0.0	0
7000	457	80	3.2	349	0	0	0.0	0.0	0.0	0.0	0.0	0
7000	457	80	3.4	172	0	0	0.0	0.0	0.0	0.0	0.0	0
7000	457	80	3.6	89	50255	1	38.7273	39	2.08	0.15	3.78	1
7000	457	80	3.8	40	23648	0	12	12	0.47	0.05	0	1
7000	457	80	4	23	4991	0	5	5	0.04	0	0.03	1
7000	458	80	3	716	0	0	0.0	0.0	0.0	0.0	0.0	0
7000	458	80	3.2	320	0	0	0.0	0.0	0.0	0.0	0.0	0
7000	458	80	3.4	143	0	0	0.0	0.0	0.0	0.0	0.0	0
7000	458	80	3.6	73	164336	0	28	28	3.99	0.37	4.24	1
7000	458	80	3.8	36	67245	1	11	11	0.76	0.12	0.54	1
7000	458	80	4	20	15839	0	5	5	0.12	0.02	0.14	1
7000	459	80	3	787	0	0	0.0	0.0	0.0	0.0	0.0	0
7000	459	80	3.2	330	0	0	0.0	0.0	0.0	0.0	0.0	0
7000	459	80	3.4	157	0	0	0.0	0.0	0.0	0.0	0.0	0
7000	459	80	3.6	67	97747	0	27	27	2.86	0.22	0.69	1
7000	459	80	3.8	35	67333	0	13	13	1.48	0.14	1	1
7000	459	80	4	22	22781	0	5	5	0.14	0.03	0	1
7000	460	80	3	806	0	0	0.0	0.0	0.0	0.0	0.0	0
7000	460	80	3.2	341	0	0	0.0	0.0	0.0	0.0	0.0	0
7000	460	80	3.4	153	0	0	0.0	0.0	0.0	0.0	0.0	0
7000	460	80	3.6	77	174352	0	28	28	9.6	0.57	6.87	1
7000	460	80	3.8	38	112699	0	9	9	2.67	0.51	0	1
7000	460	80	4	21	16360	1	4.5	5	0.17	0.02	0.17	1
7000	461	80	3	750	0	0	0.0	0.0	0.0	0.0	0.0	0
7000	461	80	3.2	309	0	0	0.0	0.0	0.0	0.0	0.0	0
7000	461	80	3.4	131	0	0	0.0	0.0	0.0	0.0	0.0	0
7000	461	80	3.6	53	24593	0	16	16	0.86	0.07	0	1
7000	461	80	3.8	32	10005	0	9	9	0.17	0.02	0.1	1
7000	461	80	4	15	673	1	4	4	0	0	0	1
7000	462	80	3	801	0	0	0.0	0.0	0.0	0.0	0.0	0
7000	462	80	3.2	351	0	0	0.0	0.0	0.0	0.0	0.0	0
7000	462	80	3.4	149	0	0	0.0	0.0	0.0	0.0	0.0	0
7000	462	80	3.6	71	56103	0	26	26	3.36	0.16	0.4	1
7000	462	80	3.8	36	29963	1	13	13	0.64	0.03	1.31	1
7000	462	80	4	18	3548	0	5	5	0.03	0.01	0	1
7000	463	80	3	735	0	0	0.0	0.0	0.0	0.0	0.0	0
7000	463	80	3.2	306	0	0	0.0	0.0	0.0	0.0	0.0	0
7000	463	80	3.4	138	0	0	0.0	0.0	0.0	0.0	0.0	0
7000	463	80	3.6	66	253119	0	21	21	8.48	0.83	3.61	1
7000	463	80	3.8	44	150504	0	11	11	2.99	0.25	1.4	1
7000	463	80	4	23	39706	0	4	4	0.24	0.05	1.49	1
7000	464	80	3	897	0	0	0.0	0.0	0.0	0.0	0.0	0
7000	464	80	3.2	380	0	0	0.0	0.0	0.0	0.0	0.0	0
7000	464	80	3.4	163	0	0	0.0	0.0	0.0	0.0	0.0	0
7000	464	80	3.6	81	122851	0	32	32	2.81	0.31	0.84	1
7000	464	80	3.8	45	74102	0	17	17	1.1	0.14	0	1
7000	464	80	4	24	32079	0	7	7	0.18	0.04	0	1
7000	465	80	3	801	0	0	0.0	0.0	0.0	0.0	0.0	0
7000	465	80	3.2	339	0	0	0.0	0.0	0.0	0.0	0.0	0
7000	465	80	3.4	141	0	0	0.0	0.0	0.0	0.0	0.0	0
7000	465	80	3.6	57	22430	1	24	24	0.23	0.04	0.11	1
7000	465	80	3.8	33	17112	1	10.5	11	0.11	0.03	0.16	1
7000	465	80	4	17	6152	0	4	4	0.03	0	0.03	1
7000	466	80	3	779	0	0	0.0	0.0	0.0	0.0	0.0	0
7000	466	80	3.2	332	0	0	0.0	0.0	0.0	0.0	0.0	0
7000	466	80	3.4	163	0	0	0.0	0.0	0.0	0.0	0.0	0
7000	466	80	3.6	86	274487	0	38	38	7.17	0.5	0.66	1
7000	466	80	3.8	55	130072	0	18	18	2.16	0.2	0.73	1
7000	466	80	4	32	14693	0	12	12	0.12	0.01	0.07	1
7000	467	80	3	849	0	0	0.0	0.0	0.0	0.0	0.0	0
7000	467	80	3.2	383	0	0	0.0	0.0	0.0	0.0	0.0	0
7000	467	80	3.4	174	0	0	0.0	0.0	0.0	0.0	0.0	0
7000	467	80	3.6	94	161026	0	41	41	6.41	0.33	0.86	1
7000	467	80	3.8	47	91009	1	19	19	2.12	0.16	0.6	1
7000	467	80	4	26	16148	0	7	7	0.3	0.02	0.1	1
7000	468	80	3	826	0	0	0.0	0.0	0.0	0.0	0.0	0
7000	468	80	3.2	388	0	0	0.0	0.0	0.0	0.0	0.0	0
7000	468	80	3.4	179	0	0	0.0	0.0	0.0	0.0	0.0	0
7000	468	80	3.6	85	97992	0	39	39	3.67	0.16	1.11	1
7000	468	80	3.8	44	37839	1	13	13	1.02	0.09	0.6	1
7000	468	80	4	22	5168	0	7	7	0.03	0	0.04	1
7000	469	80	3	737	0	0	0.0	0.0	0.0	0.0	0.0	0
7000	469	80	3.2	309	0	0	0.0	0.0	0.0	0.0	0.0	0
7000	469	80	3.4	137	0	0	0.0	0.0	0.0	0.0	0.0	0
7000	469	80	3.6	72	263824	0	22	22	12.19	0.67	0	1
7000	469	80	3.8	39	105615	0	11	11	2.92	0.2	0	1
7000	469	80	4	23	56722	0	5	5	0.62	0.1	1.25	1
7000	470	80	3	801	0	0	0.0	0.0	0.0	0.0	0.0	0
7000	470	80	3.2	339	0	0	0.0	0.0	0.0	0.0	0.0	0
7000	470	80	3.4	153	0	0	0.0	0.0	0.0	0.0	0.0	0
7000	470	80	3.6	82	273540	0	34	34	14.88	0.59	0	1
7000	470	80	3.8	41	320734	1	10.0588	11	26.83	1.3	3.58	1
7000	470	80	4	25	96982	0	4	4	0.96	0.14	0.8	1
7000	471	80	3	840	0	0	0.0	0.0	0.0	0.0	0.0	0
7000	471	80	3.2	381	0	0	0.0	0.0	0.0	0.0	0.0	0
7000	471	80	3.4	171	0	0	0.0	0.0	0.0	0.0	0.0	0
7000	471	80	3.6	81	17881	0	42	42	0.62	0.02	0	1
7000	471	80	3.8	40	8365	0	18	18	0.14	0	0	1
7000	471	80	4	24	3957	0	10	10	0.04	0	0	1
7000	472	80	3	766	0	0	0.0	0.0	0.0	0.0	0.0	0
7000	472	80	3.2	345	0	0	0.0	0.0	0.0	0.0	0.0	0
7000	472	80	3.4	148	0	0	0.0	0.0	0.0	0.0	0.0	0
7000	472	80	3.6	74	38106	1	24.5	25	0.93	0.1	0.87	1
7000	472	80	3.8	35	10133	0	10	10	0.1	0.02	0.36	1
7000	472	80	4	13	863	0	4	4	0	0	0	1
7000	473	80	3	654	0	0	0.0	0.0	0.0	0.0	0.0	0
7000	473	80	3.2	294	0	0	0.0	0.0	0.0	0.0	0.0	0
7000	473	80	3.4	142	0	0	0.0	0.0	0.0	0.0	0.0	0
7000	473	80	3.6	64	168838	1	24.5	25	3.62	0.25	1.88	1
7000	473	80	3.8	37	69829	1	11	11	1.12	0.18	0.47	1
7000	473	80	4	25	18336	0	7	7	0.17	0.02	0.12	1
7000	474	80	3	769	0	0	0.0	0.0	0.0	0.0	0.0	0
7000	474	80	3.2	325	0	0	0.0	0.0	0.0	0.0	0.0	0
7000	474	80	3.4	145	0	0	0.0	0.0	0.0	0.0	0.0	0
7000	474	80	3.6	73	78500	0	27	27	2.26	0.2	0.55	1
7000	474	80	3.8	41	31858	1	11.1667	12	0.48	0.06	0.83	1
7000	474	80	4	20	10515	0	5	5	0.12	0.01	0	1
7000	475	80	3	762	0	0	0.0	0.0	0.0	0.0	0.0	0
7000	475	80	3.2	323	0	0	0.0	0.0	0.0	0.0	0.0	0
7000	475	80	3.4	149	0	0	0.0	0.0	0.0	0.0	0.0	0
7000	475	80	3.6	75	66642	0	31	31	1.78	0.14	0.46	1
7000	475	80	3.8	36	27095	0	14	14	0.26	0.04	0.21	1
7000	475	80	4	18	2334	0	5	5	0.01	0	0	1
7000	476	80	3	858	0	0	0.0	0.0	0.0	0.0	0.0	0
7000	476	80	3.2	361	0	0	0.0	0.0	0.0	0.0	0.0	0
7000	476	80	3.4	172	0	0	0.0	0.0	0.0	0.0	0.0	0
7000	476	80	3.6	93	261557	0	37	37	10.52	0.54	2.61	1
7000	476	80	3.8	45	173787	0	11	11	3.67	0.36	1.7	1
7000	476	80	4	28	24903	0	7	7	0.39	0.03	0.17	1
7000	477	80	3	806	0	0	0.0	0.0	0.0	0.0	0.0	0
7000	477	80	3.2	361	0	0	0.0	0.0	0.0	0.0	0.0	0
7000	477	80	3.4	177	0	0	0.0	0.0	0.0	0.0	0.0	0
7000	477	80	3.6	80	108941	0	37	37	3.74	0.22	2.14	1
7000	477	80	3.8	38	83293	0	14	14	1.08	0.14	0	1
7000	477	80	4	26	24111	0	6	6	0.28	0.02	1	1
7000	478	80	3	659	0	0	0.0	0.0	0.0	0.0	0.0	0
7000	478	80	3.2	322	0	0	0.0	0.0	0.0	0.0	0.0	0
7000	478	80	3.4	148	0	0	0.0	0.0	0.0	0.0	0.0	0
7000	478	80	3.6	70	162778	0	22	22	3.12	0.28	3.87	1
7000	478	80	3.8	35	61810	0	10	10	0.68	0.08	0.54	1
7000	478	80	4	19	4865	0	6	6	0.21	0	0	1
7000	479	80	3	739	0	0	0.0	0.0	0.0	0.0	0.0	0
7000	479	80	3.2	331	0	0	0.0	0.0	0.0	0.0	0.0	0
7000	479	80	3.4	150	0	0	0.0	0.0	0.0	0.0	0.0	0
7000	479	80	3.6	66	75962	0	25	25	1.58	0.15	1.61	1
7000	479	80	3.8	35	40166	0	10	10	0.49	0.06	1.65	1
7000	479	80	4	17	5100	0	4	4	0.03	0	0	1
7000	480	80	3	771	0	0	0.0	0.0	0.0	0.0	0.0	0
7000	480	80	3.2	322	0	0	0.0	0.0	0.0	0.0	0.0	0
7000	480	80	3.4	152	0	0	0.0	0.0	0.0	0.0	0.0	0
7000	480	80	3.6	67	132456	0	25	25	2.89	0.21	1.84	1
7000	480	80	3.8	41	65534	1	16	16	0.57	0.11	0.47	1
7000	480	80	4	24	15238	0	11	11	0.09	0.01	0	1
7000	481	80	3	815	0	0	0.0	0.0	0.0	0.0	0.0	0
7000	481	80	3.2	340	0	0	0.0	0.0	0.0	0.0	0.0	0
7000	481	80	3.4	153	0	0	0.0	0.0	0.0	0.0	0.0	0
7000	481	80	3.6	72	79049	0	28	28	2.67	0.2	0.52	1
7000	481	80	3.8	36	34188	0	12	12	0.51	0.04	2.32	1
7000	481	80	4	20	7052	0	6	6	0.05	0	0	1
7000	482	80	3	763	0	0	0.0	0.0	0.0	0.0	0.0	0
7000	482	80	3.2	309	0	0	0.0	0.0	0.0	0.0	0.0	0
7000	482	80	3.4	142	0	0	0.0	0.0	0.0	0.0	0.0	0
7000	482	80	3.6	70	38971	0	29	29	0.96	0.07	0.26	1
7000	482	80	3.8	28	12531	0	8	8	0.13	0.01	0.07	1
7000	482	80	4	18	1442	0	7	7	0.01	0	0	1
7000	483	80	3	727	0	0	0.0	0.0	0.0	0.0	0.0	0
7000	483	80	3.2	314	0	0	0.0	0.0	0.0	0.0	0.0	0
7000	483	80	3.4	131	0	0	0.0	0.0	0.0	0.0	0.0	0
7000	483	80	3.6	67	63452	1	24	24	1.47	0.15	1.79	1
7000	483	80	3.8	31	25242	0	8	8	0.27	0.05	3.58	1
7000	483	80	4	15	2199	0	3	3	0.02	0	0	1
7000	484	80	3	779	0	0	0.0	0.0	0.0	0.0	0.0	0
7000	484	80	3.2	324	0	0	0.0	0.0	0.0	0.0	0.0	0
7000	484	80	3.4	130	0	0	0.0	0.0	0.0	0.0	0.0	0
7000	484	80	3.6	72	57997	0	28	28	1.03	0.13	0.37	1
7000	484	80	3.8	34	33450	1	9.5	10	0.22	0.06	1.15	1
7000	484	80	4	18	7235	0	4	4	0.04	0.01	0	1
7000	485	80	3	739	0	0	0.0	0.0	0.0	0.0	0.0	0
7000	485	80	3.2	322	0	0	0.0	0.0	0.0	0.0	0.0	0
7000	485	80	3.4	151	0	0	0.0	0.0	0.0	0.0	0.0	0
7000	485	80	3.6	72	126952	0	26	26	3.34	0.32	1.13	1
7000	485	80	3.8	33	33687	0	10	10	0.39	0.03	0.3	1
7000	485	80	4	19	6067	0	5	5	0.03	0	0.04	1
7000	486	80	3	765	0	0	0.0	0.0	0.0	0.0	0.0	0
7000	486	80	3.2	308	0	0	0.0	0.0	0.0	0.0	0.0	0
7000	486	80	3.4	132	0	0	0.0	0.0	0.0	0.0	0.0	0
7000	486	80	3.6	62	60464	1	24	24	0.85	0.11	1.51	1
7000	486	80	3.8	30	42476	1	7	7	0.37	0.07	7.04	1
7000	486	80	4	24	26592	0	6	6	0.16	0.03	1.21	1
7000	487	80	3	745	0	0	0.0	0.0	0.0	0.0	0.0	0
7000	487	80	3.2	304	0	0	0.0	0.0	0.0	0.0	0.0	0
7000	487	80	3.4	132	0	0	0.0	0.0	0.0	0.0	0.0	0
7000	487	80	3.6	59	35666	0	18	18	0.78	0.07	0.3	1
7000	487	80	3.8	29	6014	0	9	9	0.05	0.01	0.02	1
7000	487	80	4	12	741	0	3	3	0	0	0	1
7000	488	80	3	776	0	0	0.0	0.0	0.0	0.0	0.0	0
7000	488	80	3.2	343	0	0	0.0	0.0	0.0	0.0	0.0	0
7000	488	80	3.4	182	0	0	0.0	0.0	0.0	0.0	0.0	0
7000	488	80	3.6	90	855453	1	28.6667	29	24.1	10.99	20.51	1
7000	488	80	3.8	45	514200	1	10	10	7.95	0.86	6.42	1
7000	488	80	4	31	129388	0	7	7	1.64	0.42	0	1
7000	489	80	3	778	0	0	0.0	0.0	0.0	0.0	0.0	0
7000	489	80	3.2	322	0	0	0.0	0.0	0.0	0.0	0.0	0
7000	489	80	3.4	140	0	0	0.0	0.0	0.0	0.0	0.0	0
7000	489	80	3.6	63	138973	0	20	20	3.29	0.45	3.95	1
7000	489	80	3.8	37	81611	0	10	10	0.93	0.17	0	1
7000	489	80	4	23	18288	0	6	6	0.17	0.02	0.18	1
7000	490	80	3	865	0	0	0.0	0.0	0.0	0.0	0.0	0
7000	490	80	3.2	363	0	0	0.0	0.0	0.0	0.0	0.0	0
7000	490	80	3.4	168	0	0	0.0	0.0	0.0	0.0	0.0	0
7000	490	80	3.6	88	126843	1	35.2	36	5.27	0.36	1.87	1
7000	490	80	3.8	48	42012	1	13.75	14	0.74	0.07	0.42	1
7000	490	80	4	29	15145	0	11	11	0.2	0.01	0.13	1
7000	491	80	3	851	0	0	0.0	0.0	0.0	0.0	0.0	0
7000	491	80	3.2	392	0	0	0.0	0.0	0.0	0.0	0.0	0
7000	491	80	3.4	191	0	0	0.0	0.0	0.0	0.0	0.0	0
7000	491	80	3.6	96	167123	0	45	45	5.48	0.41	1.18	1
7000	491	80	3.8	46	104978	0	13	13	1.4	0.2	0	1
7000	491	80	4	23	37898	0	5	5	0.23	0.04	0.25	1
7000	492	80	3	748	0	0	0.0	0.0	0.0	0.0	0.0	0
7000	492	80	3.2	319	0	0	0.0	0.0	0.0	0.0	0.0	0
7000	492	80	3.4	142	0	0	0.0	0.0	0.0	0.0	0.0	0
7000	492	80	3.6	65	56629	0	23	23	0.9	0.11	0	1
7000	492	80	3.8	30	16590	0	9	9	0.15	0.02	0.1	1
7000	492	80	4	15	2564	0	3	3	0.01	0.01	0	1
7000	493	80	3	805	0	0	0.0	0.0	0.0	0.0	0.0	0
7000	493	80	3.2	327	0	0	0.0	0.0	0.0	0.0	0.0	0
7000	493	80	3.4	141	0	0	0.0	0.0	0.0	0.0	0.0	0
7000	493	80	3.6	67	44008	0	24	24	1.4	0.09	0.29	1
7000	493	80	3.8	36	17427	1	9	9	0.43	0.04	0.53	1
7000	493	80	4	21	7619	0	4	4	0.08	0	0	1
7000	494	80	3	730	0	0	0.0	0.0	0.0	0.0	0.0	0
7000	494	80	3.2	322	0	0	0.0	0.0	0.0	0.0	0.0	0
7000	494	80	3.4	147	0	0	0.0	0.0	0.0	0.0	0.0	0
7000	494	80	3.6	78	143900	0	34	34	5.74	0.31	3.95	1
7000	494	80	3.8	39	46599	0	13	13	0.71	0.06	0.37	1
7000	494	80	4	17	9599	0	3	3	0.09	0	0.05	1
7000	495	80	3	830	0	0	0.0	0.0	0.0	0.0	0.0	0
7000	495	80	3.2	328	0	0	0.0	0.0	0.0	0.0	0.0	0
7000	495	80	3.4	166	0	0	0.0	0.0	0.0	0.0	0.0	0
7000	495	80	3.6	84	174422	0	38	38	7.41	0.42	0.97	1
7000	495	80	3.8	41	127871	1	10.5	11	3.01	0.24	5.43	1
7000	495	80	4	21	18328	0	4	4	0.23	0.02	0	1
7000	496	80	3	846	0	0	0.0	0.0	0.0	0.0	0.0	0
7000	496	80	3.2	377	0	0	0.0	0.0	0.0	0.0	0.0	0
7000	496	80	3.4	161	0	0	0.0	0.0	0.0	0.0	0.0	0
7000	496	80	3.6	80	93190	0	29	29	3.57	0.16	1.24	1
7000	496	80	3.8	47	83142	0	16	16	1.84	0.11	0	1
7000	496	80	4	29	17623	0	9	9	0.19	0.01	0	1
7000	497	80	3	808	0	0	0.0	0.0	0.0	0.0	0.0	0
7000	497	80	3.2	357	0	0	0.0	0.0	0.0	0.0	0.0	0
7000	497	80	3.4	160	0	0	0.0	0.0	0.0	0.0	0.0	0
7000	497	80	3.6	74	135872	0	28	28	2.07	0.23	1.03	1
7000	497	80	3.8	41	110832	0	11	11	1.31	0.16	0.73	1
7000	497	80	4	24	16156	0	6	6	0.13	0.04	0.6	1
7000	498	80	3	798	0	0	0.0	0.0	0.0	0.0	0.0	0
7000	498	80	3.2	346	0	0	0.0	0.0	0.0	0.0	0.0	0
7000	498	80	3.4	156	0	0	0.0	0.0	0.0	0.0	0.0	0
7000	498	80	3.6	78	27959	0	31	31	0.75	0.06	0.14	1
7000	498	80	3.8	40	14439	1	15	15	0.22	0.02	0.09	1
7000	498	80	4	20	2311	0	8	8	0.01	0	0.01	1
7000	499	80	3	745	0	0	0.0	0.0	0.0	0.0	0.0	0
7000	499	80	3.2	336	0	0	0.0	0.0	0.0	0.0	0.0	0
7000	499	80	3.4	146	0	0	0.0	0.0	0.0	0.0	0.0	0
7000	499	80	3.6	64	94347	1	23	23	3.08	0.18	0.65	1
7000	499	80	3.8	33	81084	0	9	9	1.42	0.08	0.58	1
7000	499	80	4	20	15642	0	4	4	0.16	0.01	0.27	1
7000	500	80	3	739	0	0	0.0	0.0	0.0	0.0	0.0	0
7000	500	80	3.2	305	0	0	0.0	0.0	0.0	0.0	0.0	0
7000	500	80	3.4	147	0	0	0.0	0.0	0.0	0.0	0.0	0
7000	500	80	3.6	67	99066	0	24	24	1.22	0.24	0	1
7000	500	80	3.8	33	44813	0	8	8	0.39	0.06	0	1
7000	500	80	4	22	23129	0	6	6	0.17	0.02	0.12	1
7000	501	80	3	776	0	0	0.0	0.0	0.0	0.0	0.0	0
7000	501	80	3.2	335	0	0	0.0	0.0	0.0	0.0	0.0	0
7000	501	80	3.4	148	0	0	0.0	0.0	0.0	0.0	0.0	0
7000	501	80	3.6	68	160990	1	28	28	4.69	0.37	3.9	1
7000	501	80	3.8	41	69064	0	10	10	1.53	0.12	1.81	1
7000	501	80	4	23	11284	1	5.2	6	0.12	0.01	0.09	1
7000	502	80	3	842	0	0	0.0	0.0	0.0	0.0	0.0	0
7000	502	80	3.2	357	0	0	0.0	0.0	0.0	0.0	0.0	0
7000	502	80	3.4	153	0	0	0.0	0.0	0.0	0.0	0.0	0
7000	502	80	3.6	78	71747	0	30	30	2.14	0.15	1.54	1
7000	502	80	3.8	41	33656	0	13	13	0.78	0.05	0	1
7000	502	80	4	23	14376	0	6	6	0.09	0.01	0	1
7000	503	80	3	800	0	0	0.0	0.0	0.0	0.0	0.0	0
7000	503	80	3.2	338	0	0	0.0	0.0	0.0	0.0	0.0	0
7000	503	80	3.4	145	0	0	0.0	0.0	0.0	0.0	0.0	0
7000	503	80	3.6	60	26952	1	21.75	22	0.76	0.04	0.28	1
7000	503	80	3.8	27	12984	0	7	7	0.17	0.02	0	1
7000	503	80	4	17	1530	0	5	5	0.01	0	0.02	1
7000	504	80	3	828	0	0	0.0	0.0	0.0	0.0	0.0	0
7000	504	80	3.2	353	0	0	0.0	0.0	0.0	0.0	0.0	0
7000	504	80	3.4	158	0	0	0.0	0.0	0.0	0.0	0.0	0
7000	504	80	3.6	78	91929	0	39	39	2.52	0.22	0.63	1
7000	504	80	3.8	42	59301	0	17	17	0.79	0.06	0.68	1
7000	504	80	4	21	3919	0	8	8	0.02	0.01	0	1
7000	505	80	3	772	0	0	0.0	0.0	0.0	0.0	0.0	0
7000	505	80	3.2	338	0	0	0.0	0.0	0.0	0.0	0.0	0
7000	505	80	3.4	144	0	0	0.0	0.0	0.0	0.0	0.0	0
7000	505	80	3.6	75	78854	1	27	27	1.96	0.14	1.03	1
7000	505	80	3.8	35	18229	1	8.33333	9	0.19	0.02	0.15	1
7000	505	80	4	14	1527	1	3.5	4	0	0	0.01	1
7000	506	80	3	727	0	0	0.0	0.0	0.0	0.0	0.0	0
7000	506	80	3.2	301	0	0	0.0	0.0	0.0	0.0	0.0	0
7000	506	80	3.4	140	0	0	0.0	0.0	0.0	0.0	0.0	0
7000	506	80	3.6	70	208133	0	23	23	6.8	0.57	0	1
7000	506	80	3.8	38	164886	1	10.5	11	2.91	0.29	52.07	1
7000	506	80	4	20	25705	0	4	4	0.25	0.04	0.18	1
7000	507	80	3	806	0	0	0.0	0.0	0.0	0.0	0.0	0
7000	507	80	3.2	324	0	0	0.0	0.0	0.0	0.0	0.0	0
7000	507	80	3.4	147	0	0	0.0	0.0	0.0	0.0	0.0	0
7000	507	80	3.6	69	125920	0	24	24	2.73	0.22	0	1
7000	507	80	3.8	38	49895	1	8.5	9	0.64	0.08	17.25	1
7000	507	80	4	19	10444	0	4	4	0.08	0.01	0	1
7000	508	80	3	757	0	0	0.0	0.0	0.0	0.0	0.0	0
7000	508	80	3.2	330	0	0	0.0	0.0	0.0	0.0	0.0	0
7000	508	80	3.4	156	0	0	0.0	0.0	0.0	0.0	0.0	0
7000	508	80	3.6	73	23977	0	35	35	0.78	0.04	0.13	1
7000	508	80	3.8	36	9533	0	17	17	0.12	0.01	0	1
7000	508	80	4	18	2464	0	7	7	0.01	0	0	1
7000	509	80	3	735	0	0	0.0	0.0	0.0	0.0	0.0	0
7000	509	80	3.2	332	0	0	0.0	0.0	0.0	0.0	0.0	0
7000	509	80	3.4	155	0	0	0.0	0.0	0.0	0.0	0.0	0
7000	509	80	3.6	73	103146	0	30	30	3.58	0.25	0.63	1
7000	509	80	3.8	33	54154	1	9	9	0.81	0.09	0.53	1
7000	509	80	4	21	15619	0	5	5	0.16	0	0	1
7000	510	80	3	774	0	0	0.0	0.0	0.0	0.0	0.0	0
7000	510	80	3.2	331	0	0	0.0	0.0	0.0	0.0	0.0	0
7000	510	80	3.4	148	0	0	0.0	0.0	0.0	0.0	0.0	0
7000	510	80	3.6	74	74080	0	27	27	3.04	0.13	0	1
7000	510	80	3.8	36	17305	0	12	12	0.23	0.02	0.14	1
7000	510	80	4	17	8695	0	3	3	0.06	0.01	0.04	1
7000	511	80	3	806	0	0	0.0	0.0	0.0	0.0	0.0	0
7000	511	80	3.2	357	0	0	0.0	0.0	0.0	0.0	0.0	0
7000	511	80	3.4	174	0	0	0.0	0.0	0.0	0.0	0.0	0
7000	511	80	3.6	78	32666	0	31	31	1.43	0.09	0.73	1
7000	511	80	3.8	33	16240	0	9	9	0.24	0.03	0	1
7000	511	80	4	18	5264	1	3.5	4	0.06	0.01	0.04	1
7000	512	80	3	772	0	0	0.0	0.0	0.0	0.0	0.0	0
7000	512	80	3.2	345	0	0	0.0	0.0	0.0	0.0	0.0	0
7000	512	80	3.4	156	0	0	0.0	0.0	0.0	0.0	0.0	0
7000	512	80	3.6	86	207635	0	31	31	9.03	0.55	1.28	1
7000	512	80	3.8	42	138628	0	12	12	2.97	0.23	1.68	1
7000	512	80	4	28	40769	0	8	8	0.62	0.03	0	1
7000	513	80	3	726	0	0	0.0	0.0	0.0	0.0	0.0	0
7000	513	80	3.2	322	0	0	0.0	0.0	0.0	0.0	0.0	0
7000	513	80	3.4	145	0	0	0.0	0.0	0.0	0.0	0.0	0
7000	513	80	3.6	67	62856	0	30	30	1.13	0.1	0.39	1
7000	513	80	3.8	37	42679	0	16	16	0.57	0.07	0	1
7000	513	80	4	21	10390	0	8	8	0.06	0	0.06	1
7000	514	80	3	852	0	0	0.0	0.0	0.0	0.0	0.0	0
7000	514	80	3.2	351	0	0	0.0	0.0	0.0	0.0	0.0	0
7000	514	80	3.4	156	0	0	0.0	0.0	0.0	0.0	0.0	0
7000	514	80	3.6	82	72306	0	32	32	2.06	0.15	0	1
7000	514	80	3.8	42	48521	0	14	14	0.61	0.09	0	1
7000	514	80	4	19	8091	0	5	5	0.08	0.01	0.17	1
7000	515	80	3	764	0	0	0.0	0.0	0.0	0.0	0.0	0
7000	515	80	3.2	319	0	0	0.0	0.0	0.0	0.0	0.0	0
7000	515	80	3.4	152	0	0	0.0	0.0	0.0	0.0	0.0	0
7000	515	80	3.6	76	106986	0	27	27	3.4	0.26	2.98	1
7000	515	80	3.8	44	46669	0	11	11	0.79	0.06	0.88	1
7000	515	80	4	17	1968	0	4	4	0.01	0	0	1
7000	516	80	3	726	0	0	0.0	0.0	0.0	0.0	0.0	0
7000	516	80	3.2	282	0	0	0.0	0.0	0.0	0.0	0.0	0
7000	516	80	3.4	137	0	0	0.0	0.0	0.0	0.0	0.0	0
7000	516	80	3.6	72	344840	0	22	22	11.12	0.86	3.62	1
7000	516	80	3.8	34	76902	0	8	8	0.87	0.2	0.6	1
7000	516	80	4	22	5733	0	7	7	0.05	0	0	1
7000	517	80	3	796	0	0	0.0	0.0	0.0	0.0	0.0	0
7000	517	80	3.2	349	0	0	0.0	0.0	0.0	0.0	0.0	0
7000	517	80	3.4	156	0	0	0.0	0.0	0.0	0.0	0.0	0
7000	517	80	3.6	77	69357	0	30	30	1.94	0.14	0	1
7000	517	80	3.8	40	19704	0	13	13	0.18	0.02	0	1
7000	517	80	4	17	2546	0	5	5	0.01	0	0.02	1
7000	518	80	3	772	0	0	0.0	0.0	0.0	0.0	0.0	0
7000	518	80	3.2	357	0	0	0.0	0.0	0.0	0.0	0.0	0
7000	518	80	3.4	158	0	0	0.0	0.0	0.0	0.0	0.0	0
7000	518	80	3.6	74	21607	1	31	31	0.56	0.04	0.13	1
7000	518	80	3.8	33	5314	0	10	10	0.05	0.01	0	1
7000	518	80	4	14	277	0	5	5	0	0	0	1
7000	519	80	3	894	0	0	0.0	0.0	0.0	0.0	0.0	0
7000	519	80	3.2	391	0	0	0.0	0.0	0.0	0.0	0.0	0
7000	519	80	3.4	170	0	0	0.0	0.0	0.0	0.0	0.0	0
7000	519	80	3.6	87	23790	0	42	42	0.62	0.04	0.17	1
7000	519	80	3.8	45	11310	0	17	17	0.17	0.01	0.1	1
7000	519	80	4	22	1839	1	8	8	0.01	0	0.01	1
7000	520	80	3	746	0	0	0.0	0.0	0.0	0.0	0.0	0
7000	520	80	3.2	319	0	0	0.0	0.0	0.0	0.0	0.0	0
7000	520	80	3.4	139	0	0	0.0	0.0	0.0	0.0	0.0	0
7000	520	80	3.6	63	237483	1	18.5	19	6.34	0.38	2.02	1
7000	520	80	3.8	37	109096	1	7.5	8	1.58	0.22	6.86	1
7000	520	80	4	25	18252	0	6	6	0.23	0.02	0.1	1
7000	521	80	3	780	0	0	0.0	0.0	0.0	0.0	0.0	0
7000	521	80	3.2	372	0	0	0.0	0.0	0.0	0.0	0.0	0
7000	521	80	3.4	200	0	0	0.0	0.0	0.0	0.0	0.0	0
7000	521	80	3.6	101	603287	0	41	41	23.46	3.57	10.6	1
7000	521	80	3.8	57	255206	0	20	20	7.7	0.59	2.51	1
7000	521	80	4	31	72599	0	9	9	0.92	0.1	0	1
7000	522	80	3	791	0	0	0.0	0.0	0.0	0.0	0.0	0
7000	522	80	3.2	317	0	0	0.0	0.0	0.0	0.0	0.0	0
7000	522	80	3.4	143	0	0	0.0	0.0	0.0	0.0	0.0	0
7000	522	80	3.6	69	101983	1	21.069	22	2.51	0.29	1.95	1
7000	522	80	3.8	36	89735	0	10	10	1.15	0.1	0	1
7000	522	80	4	22	56473	0	5	5	0.45	0.08	0	1
7000	523	80	3	759	0	0	0.0	0.0	0.0	0.0	0.0	0
7000	523	80	3.2	315	0	0	0.0	0.0	0.0	0.0	0.0	0
7000	523	80	3.4	145	0	0	0.0	0.0	0.0	0.0	0.0	0
7000	523	80	3.6	74	79627	0	22	22	2.42	0.19	0.56	1
7000	523	80	3.8	37	43154	1	9.2	10	0.67	0.06	18.38	1
7000	523	80	4	22	7116	0	8	8	0.06	0	0	1
7000	524	80	3	739	0	0	0.0	0.0	0.0	0.0	0.0	0
7000	524	80	3.2	326	0	0	0.0	0.0	0.0	0.0	0.0	0
7000	524	80	3.4	145	0	0	0.0	0.0	0.0	0.0	0.0	0
7000	524	80	3.6	80	105632	1	30	30	1.99	0.26	2.51	1
7000	524	80	3.8	35	50269	1	8	8	0.43	0.09	0.51	1
7000	524	80	4	20	7891	0	5	5	0.05	0.01	0	1
7000	525	80	3	882	0	0	0.0	0.0	0.0	0.0	0.0	0
7000	525	80	3.2	339	0	0	0.0	0.0	0.0	0.0	0.0	0
7000	525	80	3.4	156	0	0	0.0	0.0	0.0	0.0	0.0	0
7000	525	80	3.6	81	74015	1	33.5	34	2.83	0.15	0.67	1
7000	525	80	3.8	41	34628	0	16	16	0.65	0.07	0.64	1
7000	525	80	4	26	12035	0	12	12	0.17	0.01	0	1
7000	526	80	3	778	0	0	0.0	0.0	0.0	0.0	0.0	0
7000	526	80	3.2	297	0	0	0.0	0.0	0.0	0.0	0.0	0
7000	526	80	3.4	142	0	0	0.0	0.0	0.0	0.0	0.0	0
7000	526	80	3.6	59	53129	1	19.5	20	0.92	0.1	1.31	1
7000	526	80	3.8	31	33588	1	8	8	0.43	0.06	0.3	1
7000	526	80	4	20	15197	0	4	4	0.14	0.02	0.24	1
7000	527	80	3	774	0	0	0.0	0.0	0.0	0.0	0.0	0
7000	527	80	3.2	327	0	0	0.0	0.0	0.0	0.0	0.0	0
7000	527	80	3.4	138	0	0	0.0	0.0	0.0	0.0	0.0	0
7000	527	80	3.6	69	131479	0	25	25	4.71	0.24	2.33	1
7000	527	80	3.8	40	89099	1	11.5	12	1.75	0.13	2.68	1
7000	527	80	4	25	40053	0	6	6	0.39	0.06	0	1
7000	528	80	3	856	0	0	0.0	0.0	0.0	0.0	0.0	0
7000	528	80	3.2	389	0	0	0.0	0.0	0.0	0.0	0.0	0
7000	528	80	3.4	173	0	0	0.0	0.0	0.0	0.0	0.0	0
7000	528	80	3.6	83	71930	0	37	37	1.77	0.13	0.86	1
7000	528	80	3.8	45	41501	0	15	15	0.52	0.06	0.97	1
7000	528	80	4	27	9776	0	9	9	0.07	0.01	0	1
7000	529	80	3	797	0	0	0.0	0.0	0.0	0.0	0.0	0
7000	529	80	3.2	329	0	0	0.0	0.0	0.0	0.0	0.0	0
7000	529	80	3.4	144	0	0	0.0	0.0	0.0	0.0	0.0	0
7000	529	80	3.6	74	80595	1	26	26	2.21	0.16	2.36	1
7000	529	80	3.8	45	37314	0	11	11	0.58	0.07	0	1
7000	529	80	4	17	2701	0	3	3	0.01	0	0	1
7000	530	80	3	701	0	0	0.0	0.0	0.0	0.0	0.0	0
7000	530	80	3.2	305	0	0	0.0	0.0	0.0	0.0	0.0	0
7000	530	80	3.4	142	0	0	0.0	0.0	0.0	0.0	0.0	0
7000	530	80	3.6	83	281100	0	28	28	13.04	0.52	2.43	1
7000	530	80	3.8	47	157106	1	18	18	3.58	0.31	3.58	1
7000	530	80	4	26	12408	0	8	8	0.13	0	0.08	1
7000	531	80	3	764	0	0	0.0	0.0	0.0	0.0	0.0	0
7000	531	80	3.2	325	0	0	0.0	0.0	0.0	0.0	0.0	0
7000	531	80	3.4	165	0	0	0.0	0.0	0.0	0.0	0.0	0
7000	531	80	3.6	80	76912	0	36	36	1.38	0.14	0	1
7000	531	80	3.8	42	59169	0	12	12	0.6	0.09	0	1
7000	531	80	4	27	25477	0	9	9	0.22	0.02	0	1
7000	532	80	3	824	0	0	0.0	0.0	0.0	0.0	0.0	0
7000	532	80	3.2	344	0	0	0.0	0.0	0.0	0.0	0.0	0
7000	532	80	3.4	144	0	0	0.0	0.0	0.0	0.0	0.0	0
7000	532	80	3.6	79	109091	0	41	41	3.39	0.23	0	1
7000	532	80	3.8	40	43911	0	16	16	0.62	0.11	0	1
7000	532	80	4	22	5037	1	7	7	0.02	0.01	0.16	1
7000	533	80	3	842	0	0	0.0	0.0	0.0	0.0	0.0	0
7000	533	80	3.2	371	0	0	0.0	0.0	0.0	0.0	0.0	0
7000	533	80	3.4	172	0	0	0.0	0.0	0.0	0.0	0.0	0
7000	533	80	3.6	87	69428	1	33.5	34	2.55	0.25	1.73	1
7000	533	80	3.8	38	39049	0	11	11	0.49	0.07	0.36	1
7000	533	80	4	22	5708	0	6	6	0.05	0	0	1
7000	534	80	3	805	0	0	0.0	0.0	0.0	0.0	0.0	0
7000	534	80	3.2	338	0	0	0.0	0.0	0.0	0.0	0.0	0
7000	534	80	3.4	160	0	0	0.0	0.0	0.0	0.0	0.0	0
7000	534	80	3.6	77	180145	1	27	27	6.79	0.44	1.16	1
7000	534	80	3.8	42	120185	0	14	14	2.39	0.19	3.24	1
7000	534	80	4	23	29705	0	9	9	0.26	0.02	0	1
7000	535	80	3	719	0	0	0.0	0.0	0.0	0.0	0.0	0
7000	535	80	3.2	321	0	0	0.0	0.0	0.0	0.0	0.0	0
7000	535	80	3.4	153	0	0	0.0	0.0	0.0	0.0	0.0	0
7000	535	80	3.6	67	59385	0	27	27	1.21	0.12	0.43	1
7000	535	80	3.8	32	30196	0	11	11	0.41	0.04	0	1
7000	535	80	4	17	6908	0	4	4	0.06	0.01	0	1
7000	536	80	3	801	0	0	0.0	0.0	0.0	0.0	0.0	0
7000	536	80	3.2	362	0	0	0.0	0.0	0.0	0.0	0.0	0
7000	536	80	3.4	158	0	0	0.0	0.0	0.0	0.0	0.0	0
7000	536	80	3.6	76	98522	0	34	34	1.45	0.19	0	1
7000	536	80	3.8	42	97431	0	14	14	0.83	0.19	0.58	1
7000	536	80	4	28	14853	1	9.5	10	0.1	0.01	0.14	1
7000	537	80	3	724	0	0	0.0	0.0	0.0	0.0	0.0	0
7000	537	80	3.2	321	0	0	0.0	0.0	0.0	0.0	0.0	0
7000	537	80	3.4	146	0	0	0.0	0.0	0.0	0.0	0.0	0
7000	537	80	3.6	69	107242	0	25	25	3.67	0.21	2.32	1
7000	537	80	3.8	37	59849	0	10	10	1.14	0.08	4.56	1
7000	537	80	4	18	6579	0	4	4	0.06	0.01	0.64	1
7000	538	80	3	815	0	0	0.0	0.0	0.0	0.0	0.0	0
7000	538	80	3.2	358	0	0	0.0	0.0	0.0	0.0	0.0	0
7000	538	80	3.4	152	0	0	0.0	0.0	0.0	0.0	0.0	0
7000	538	80	3.6	79	152993	0	34	34	7.09	0.4	1.18	1
7000	538	80	3.8	43	73554	0	16	16	1.8	0.1	0	1
7000	538	80	4	22	9820	0	7	7	0.09	0	0	1
7000	539	80	3	844	0	0	0.0	0.0	0.0	0.0	0.0	0
7000	539	80	3.2	330	0	0	0.0	0.0	0.0	0.0	0.0	0
7000	539	80	3.4	144	0	0	0.0	0.0	0.0	0.0	0.0	0
7000	539	80	3.6	66	29338	0	27	27	1.05	0.06	0	1
7000	539	80	3.8	36	10809	0	13	13	0.18	0.03	0	1
7000	539	80	4	17	3084	0	4	4	0.02	0	0	1
7000	540	80	3	814	0	0	0.0	0.0	0.0	0.0	0.0	0
7000	540	80	3.2	337	0	0	0.0	0.0	0.0	0.0	0.0	0
7000	540	80	3.4	157	0	0	0.0	0.0	0.0	0.0	0.0	0
7000	540	80	3.6	73	36022	0	28	28	0.98	0.09	0	1
7000	540	80	3.8	31	18875	0	8	8	0.2	0.02	0	1
7000	540	80	4	15	1250	0	5	5	0	0	0	1
7000	541	80	3	742	0	0	0.0	0.0	0.0	0.0	0.0	0
7000	541	80	3.2	346	0	0	0.0	0.0	0.0	0.0	0.0	0
7000	541	80	3.4	160	0	0	0.0	0.0	0.0	0.0	0.0	0
7000	541	80	3.6	74	42875	0	31	31	2.56	0.08	0	1
7000	541	80	3.8	34	30098	0	13	13	0.5	0.05	0	1
7000	541	80	4	21	6051	0	6	6	0.04	0.01	0	1
7000	542	80	3	761	0	0	0.0	0.0	0.0	0.0	0.0	0
7000	542	80	3.2	325	0	0	0.0	0.0	0.0	0.0	0.0	0
7000	542	80	3.4	151	0	0	0.0	0.0	0.0	0.0	0.0	0
7000	542	80	3.6	78	136086	0	25	25	4.11	0.35	2.86	1
7000	542	80	3.8	39	68613	0	12	12	1.02	0.11	0	1
7000	542	80	4	25	11674	0	7	7	0.07	0.01	0	1
7000	543	80	3	817	0	0	0.0	0.0	0.0	0.0	0.0	0
7000	543	80	3.2	339	0	0	0.0	0.0	0.0	0.0	0.0	0
7000	543	80	3.4	167	0	0	0.0	0.0	0.0	0.0	0.0	0
7000	543	80	3.6	75	33919	1	30.2	31	1.39	0.09	0.47	1
7000	543	80	3.8	36	21363	0	11	11	0.2	0.03	2.6	1
7000	543	80	4	20	4213	0	6	6	0.02	0	0.03	1
7000	544	80	3	876	0	0	0.0	0.0	0.0	0.0	0.0	0
7000	544	80	3.2	401	0	0	0.0	0.0	0.0	0.0	0.0	0
7000	544	80	3.4	163	0	0	0.0	0.0	0.0	0.0	0.0	0
7000	544	80	3.6	77	74389	0	38	38	2.09	0.11	0	1
7000	544	80	3.8	39	69493	0	11	11	0.8	0.13	0.45	1
7000	544	80	4	26	11511	0	7	7	0.11	0.01	0	1
7000	545	80	3	772	0	0	0.0	0.0	0.0	0.0	0.0	0
7000	545	80	3.2	329	0	0	0.0	0.0	0.0	0.0	0.0	0
7000	545	80	3.4	135	0	0	0.0	0.0	0.0	0.0	0.0	0
7000	545	80	3.6	73	39308	0	31	31	1.27	0.07	0.19	1
7000	545	80	3.8	36	15565	0	13	13	0.25	0.01	0	1
7000	545	80	4	23	6245	0	8	8	0.05	0	0	1
7000	546	80	3	791	0	0	0.0	0.0	0.0	0.0	0.0	0
7000	546	80	3.2	337	0	0	0.0	0.0	0.0	0.0	0.0	0
7000	546	80	3.4	159	0	0	0.0	0.0	0.0	0.0	0.0	0
7000	546	80	3.6	78	107679	0	32	32	3.35	0.28	0	1
7000	546	80	3.8	39	70801	1	11	11	0.83	0.09	18.68	1
7000	546	80	4	22	19554	0	5	5	0.18	0.02	0	1
7000	547	80	3	814	0	0	0.0	0.0	0.0	0.0	0.0	0
7000	547	80	3.2	350	0	0	0.0	0.0	0.0	0.0	0.0	0
7000	547	80	3.4	151	0	0	0.0	0.0	0.0	0.0	0.0	0
7000	547	80	3.6	75	22191	0	36	36	0.47	0.04	0.11	1
7000	547	80	3.8	32	4649	0	11	11	0.05	0	0	1
7000	547	80	4	14	989	0	3	3	0	0	0	1
7000	548	80	3	743	0	0	0.0	0.0	0.0	0.0	0.0	0
7000	548	80	3.2	318	0	0	0.0	0.0	0.0	0.0	0.0	0
7000	548	80	3.4	142	0	0	0.0	0.0	0.0	0.0	0.0	0
7000	548	80	3.6	70	155636	1	19.2857	20	4.34	0.61	3.45	1
7000	548	80	3.8	40	54632	0	11	11	0.78	0.09	1.24	1
7000	548	80	4	20	7080	0	6	6	0.05	0	0	1
7000	549	80	3	725	0	0	0.0	0.0	0.0	0.0	0.0	0
7000	549	80	3.2	313	0	0	0.0	0.0	0.0	0.0	0.0	0
7000	549	80	3.4	143	0	0	0.0	0.0	0.0	0.0	0.0	0
7000	549	80	3.6	65	57141	0	24	24	1.36	0.09	0.34	1
7000	549	80	3.8	32	26637	0	7	7	0.21	0.04	0	1
7000	549	80	4	20	6850	0	4	4	0.03	0.01	0.05	1
7000	550	80	3	849	0	0	0.0	0.0	0.0	0.0	0.0	0
7000	550	80	3.2	372	0	0	0.0	0.0	0.0	0.0	0.0	0
7000	550	80	3.4	156	0	0	0.0	0.0	0.0	0.0	0.0	0
7000	550	80	3.6	73	14318	0	34	34	0.41	0.02	0	1
7000	550	80	3.8	29	4186	0	10	10	0.04	0	0	1
7000	550	80	4	16	2046	0	4	4	0.01	0	0	1
7000	551	80	3	813	0	0	0.0	0.0	0.0	0.0	0.0	0
7000	551	80	3.2	338	0	0	0.0	0.0	0.0	0.0	0.0	0
7000	551	80	3.4	168	0	0	0.0	0.0	0.0	0.0	0.0	0
7000	551	80	3.6	67	59411	0	33	33	1.59	0.1	0	1
7000	551	80	3.8	35	35531	0	12	12	0.47	0.05	0.24	1
7000	551	80	4	20	9615	0	6	6	0.08	0.01	0	1
7000	552	80	3	693	0	0	0.0	0.0	0.0	0.0	0.0	0
7000	552	80	3.2	314	0	0	0.0	0.0	0.0	0.0	0.0	0
7000	552	80	3.4	149	0	0	0.0	0.0	0.0	0.0	0.0	0
7000	552	80	3.6	80	207666	0	37	37	7.28	0.34	0	1
7000	552	80	3.8	49	88196	0	21	21	1.64	0.12	0	1
7000	552	80	4	20	5577	0	8	8	0.03	0	0	1
7000	553	80	3	737	0	0	0.0	0.0	0.0	0.0	0.0	0
7000	553	80	3.2	335	0	0	0.0	0.0	0.0	0.0	0.0	0
7000	553	80	3.4	152	0	0	0.0	0.0	0.0	0.0	0.0	0
7000	553	80	3.6	73	55795	1	26	26	1.95	0.13	1.28	1
7000	553	80	3.8	35	16126	0	9	9	0.27	0.02	0	1
7000	553	80	4	15	1055	0	5	5	0	0	0	1
7000	554	80	3	779	0	0	0.0	0.0	0.0	0.0	0.0	0
7000	554	80	3.2	324	0	0	0.0	0.0	0.0	0.0	0.0	0
7000	554	80	3.4	141	0	0	0.0	0.0	0.0	0.0	0.0	0
7000	554	80	3.6	66	76810	0	30	30	2.18	0.13	0	1
7000	554	80	3.8	31	42713	0	10	10	0.46	0.04	2.04	1
7000	554	80	4	17	25760	0	2	2	0.16	0.01	0.15	1
7000	555	80	3	735	0	0	0.0	0.0	0.0	0.0	0.0	0
7000	555	80	3.2	327	0	0	0.0	0.0	0.0	0.0	0.0	0
7000	555	80	3.4	150	0	0	0.0	0.0	0.0	0.0	0.0	0
7000	555	80	3.6	66	108590	0	21	21	3.09	0.29	2.12	1
7000	555	80	3.8	35	58737	0	9	9	0.91	0.09	0	1
7000	555	80	4	23	12413	0	7	7	0.13	0	0	1
7000	556	80	3	760	0	0	0.0	0.0	0.0	0.0	0.0	0
7000	556	80	3.2	328	0	0	0.0	0.0	0.0	0.0	0.0	0
7000	556	80	3.4	152	0	0	0.0	0.0	0.0	0.0	0.0	0
7000	556	80	3.6	71	87451	0	23	23	2.9	0.23	0	1
7000	556	80	3.8	38	57369	1	11.5	12	1.31	0.08	2.55	1
7000	556	80	4	17	10035	0	3	3	0.08	0.01	0	1
7000	557	80	3	818	0	0	0.0	0.0	0.0	0.0	0.0	0
7000	557	80	3.2	346	0	0	0.0	0.0	0.0	0.0	0.0	0
7000	557	80	3.4	160	0	0	0.0	0.0	0.0	0.0	0.0	0
7000	557	80	3.6	78	230452	1	26.1351	27	7.49	0.79	2.46	1
7000	557	80	3.8	38	214125	1	8	8	2.82	0.53	1.05	1
7000	557	80	4	25	58392	0	5	5	0.4	0.08	0.51	1
7000	558	80	3	759	0	0	0.0	0.0	0.0	0.0	0.0	0
7000	558	80	3.2	325	0	0	0.0	0.0	0.0	0.0	0.0	0
7000	558	80	3.4	150	0	0	0.0	0.0	0.0	0.0	0.0	0
7000	558	80	3.6	67	64379	1	25	25	0.97	0.1	0.48	1
7000	558	80	3.8	36	31907	0	12	12	0.33	0.03	0.16	1
7000	558	80	4	17	3000	0	4	4	0.01	0	0	1
7000	559	80	3	811	0	0	0.0	0.0	0.0	0.0	0.0	0
7000	559	80	3.2	372	0	0	0.0	0.0	0.0	0.0	0.0	0
7000	559	80	3.4	183	0	0	0.0	0.0	0.0	0.0	0.0	0
7000	559	80	3.6	92	240178	0	40	40	9.07	0.56	0	1
7000	559	80	3.8	45	134712	1	16	16	2.61	0.25	4.05	1
7000	559	80	4	27	50589	0	7	7	0.49	0.06	0.4	1
7000	560	80	3	820	0	0	0.0	0.0	0.0	0.0	0.0	0
7000	560	80	3.2	331	0	0	0.0	0.0	0.0	0.0	0.0	0
7000	560	80	3.4	139	0	0	0.0	0.0	0.0	0.0	0.0	0
7000	560	80	3.6	59	9796	1	23	23	0.15	0.01	0.04	1
7000	560	80	3.8	28	4444	0	9	9	0.03	0	0	1
7000	560	80	4	16	1829	0	3	3	0.02	0	0	1
7000	561	80	3	725	0	0	0.0	0.0	0.0	0.0	0.0	0
7000	561	80	3.2	329	0	0	0.0	0.0	0.0	0.0	0.0	0
7000	561	80	3.4	145	0	0	0.0	0.0	0.0	0.0	0.0	0
7000	561	80	3.6	66	34079	1	22.3333	23	1.33	0.07	1.62	1
7000	561	80	3.8	29	15242	0	8	8	0.21	0.02	0	1
7000	561	80	4	16	2273	0	5	5	0.02	0	0	1
7000	562	80	3	749	0	0	0.0	0.0	0.0	0.0	0.0	0
7000	562	80	3.2	311	0	0	0.0	0.0	0.0	0.0	0.0	0
7000	562	80	3.4	134	0	0	0.0	0.0	0.0	0.0	0.0	0
7000	562	80	3.6	62	83378	1	18.75	19	1.27	0.19	1.54	1
7000	562	80	3.8	30	65298	0	6	6	0.53	0.1	1.9	1
7000	562	80	4	20	14377	0	3	3	0.13	0.02	0	1
7000	563	80	3	779	0	0	0.0	0.0	0.0	0.0	0.0	0
7000	563	80	3.2	330	0	0	0.0	0.0	0.0	0.0	0.0	0
7000	563	80	3.4	155	0	0	0.0	0.0	0.0	0.0	0.0	0
7000	563	80	3.6	78	216480	0	33	33	4.78	0.46	1.2	1
7000	563	80	3.8	41	192690	1	14	14	2.26	0.29	1.79	1
7000	563	80	4	27	18009	0	6	6	0.15	0.02	0	1
7000	564	80	3	714	0	0	0.0	0.0	0.0	0.0	0.0	0
7000	564	80	3.2	314	0	0	0.0	0.0	0.0	0.0	0.0	0
7000	564	80	3.4	151	0	0	0.0	0.0	0.0	0.0	0.0	0
7000	564	80	3.6	72	214669	0	25	25	9.47	0.4	1.97	1
7000	564	80	3.8	33	178788	1	7.5	8	2.95	0.24	51.73	1
7000	564	80	4	23	81793	0	4	4	1.24	0.15	4.83	1
7000	565	80	3	754	0	0	0.0	0.0	0.0	0.0	0.0	0
7000	565	80	3.2	325	0	0	0.0	0.0	0.0	0.0	0.0	0
7000	565	80	3.4	134	0	0	0.0	0.0	0.0	0.0	0.0	0
7000	565	80	3.6	79	383975	0	29	29	11.03	1.08	1.29	1
7000	565	80	3.8	40	441501	1	10	10	5.11	0.39	4.69	1
7000	565	80	4	25	63585	0	5	5	0.46	0.08	0	1
7000	566	80	3	761	0	0	0.0	0.0	0.0	0.0	0.0	0
7000	566	80	3.2	338	0	0	0.0	0.0	0.0	0.0	0.0	0
7000	566	80	3.4	143	0	0	0.0	0.0	0.0	0.0	0.0	0
7000	566	80	3.6	72	38387	1	25.6	26	0.98	0.07	0.58	1
7000	566	80	3.8	33	16726	0	9	9	0.18	0.02	0.45	1
7000	566	80	4	13	531	0	3	3	0	0	0	1
7000	567	80	3	735	0	0	0.0	0.0	0.0	0.0	0.0	0
7000	567	80	3.2	313	0	0	0.0	0.0	0.0	0.0	0.0	0
7000	567	80	3.4	150	0	0	0.0	0.0	0.0	0.0	0.0	0
7000	567	80	3.6	62	65467	1	19.5	20	1.74	0.13	0.79	1
7000	567	80	3.8	34	37086	0	10	10	0.47	0.04	0.28	1
7000	567	80	4	20	7957	0	5	5	0.07	0	0	1
7000	568	80	3	780	0	0	0.0	0.0	0.0	0.0	0.0	0
7000	568	80	3.2	348	0	0	0.0	0.0	0.0	0.0	0.0	0
7000	568	80	3.4	173	0	0	0.0	0.0	0.0	0.0	0.0	0
7000	568	80	3.6	97	225820	0	44	44	6.15	0.37	0	1
7000	568	80	3.8	46	110266	0	13	13	1.16	0.18	0	1
7000	568	80	4	26	24735	0	7	7	0.21	0.01	0.55	1
7000	569	80	3	744	0	0	0.0	0.0	0.0	0.0	0.0	0
7000	569	80	3.2	317	0	0	0.0	0.0	0.0	0.0	0.0	0
7000	569	80	3.4	132	0	0	0.0	0.0	0.0	0.0	0.0	0
7000	569	80	3.6	67	497812	0	22	22	11.17	1.77	6.14	1
7000	569	80	3.8	40	341020	1	9	9	3.97	1.08	5.07	1
7000	569	80	4	23	51401	0	5	5	0.33	0.06	0.38	1
7000	570	80	3	675	0	0	0.0	0.0	0.0	0.0	0.0	0
7000	570	80	3.2	285	0	0	0.0	0.0	0.0	0.0	0.0	0
7000	570	80	3.4	121	94853	0	49	49	2.75	0.38	6.08	1
7000	570	80	3.6	55	122542	1	14.5	15	1.76	0.24	2.89	1
7000	570	80	3.8	33	48318	1	7.5	8	0.53	0.07	0.46	1
7000	570	80	4	16	3263	0	4	4	0.02	0	0.01	1
7000	571	80	3	704	0	0	0.0	0.0	0.0	0.0	0.0	0
7000	571	80	3.2	317	0	0	0.0	0.0	0.0	0.0	0.0	0
7000	571	80	3.4	154	0	0	0.0	0.0	0.0	0.0	0.0	0
7000	571	80	3.6	81	224818	1	31	31	9.13	0.52	2.24	1
7000	571	80	3.8	38	118930	0	11	11	2.1	0.23	1.24	1
7000	571	80	4	19	6115	0	4	4	0.11	0.01	0.03	1
7000	572	80	3	784	0	0	0.0	0.0	0.0	0.0	0.0	0
7000	572	80	3.2	332	0	0	0.0	0.0	0.0	0.0	0.0	0
7000	572	80	3.4	147	0	0	0.0	0.0	0.0	0.0	0.0	0
7000	572	80	3.6	74	224245	0	28	28	6.38	0.65	1.82	1
7000	572	80	3.8	44	117634	0	12	12	2.38	0.16	3.07	1
7000	572	80	4	24	16177	0	7	7	0.15	0.01	0	1
7000	573	80	3	814	0	0	0.0	0.0	0.0	0.0	0.0	0
7000	573	80	3.2	340	0	0	0.0	0.0	0.0	0.0	0.0	0
7000	573	80	3.4	138	0	0	0.0	0.0	0.0	0.0	0.0	0
7000	573	80	3.6	65	18845	1	26.4	27	0.41	0.03	0.28	1
7000	573	80	3.8	27	4439	1	8.5	9	0.04	0.01	0.02	1
7000	573	80	4	12	1002	0	3	3	0	0	0	1
7000	574	80	3	817	0	0	0.0	0.0	0.0	0.0	0.0	0
7000	574	80	3.2	341	0	0	0.0	0.0	0.0	0.0	0.0	0
7000	574	80	3.4	163	0	0	0.0	0.0	0.0	0.0	0.0	0
7000	574	80	3.6	74	74645	0	30	30	2.28	0.15	1.74	1
7000	574	80	3.8	36	20332	0	14	14	0.27	0.02	0	1
7000	574	80	4	20	5516	0	7	7	0.04	0	0	1
7000	575	80	3	747	0	0	0.0	0.0	0.0	0.0	0.0	0
7000	575	80	3.2	315	0	0	0.0	0.0	0.0	0.0	0.0	0
7000	575	80	3.4	147	0	0	0.0	0.0	0.0	0.0	0.0	0
7000	575	80	3.6	71	304088	0	22	22	6.6	0.68	0.89	1
7000	575	80	3.8	37	191076	1	9	9	2.39	0.33	8.22	1
7000	575	80	4	19	11133	0	4	4	0.05	0.01	0	1
7000	576	80	3	790	0	0	0.0	0.0	0.0	0.0	0.0	0
7000	576	80	3.2	352	0	0	0.0	0.0	0.0	0.0	0.0	0
7000	576	80	3.4	156	0	0	0.0	0.0	0.0	0.0	0.0	0
7000	576	80	3.6	80	135522	1	25.0069	26	4	0.32	2.38	1
7000	576	80	3.8	47	66629	1	10.8427	11	1.3	0.14	1.78	1
7000	576	80	4	21	5996	0	5	5	0.05	0.01	0	1
7000	577	80	3	793	0	0	0.0	0.0	0.0	0.0	0.0	0
7000	577	80	3.2	340	0	0	0.0	0.0	0.0	0.0	0.0	0
7000	577	80	3.4	149	0	0	0.0	0.0	0.0	0.0	0.0	0
7000	577	80	3.6	68	134623	0	25	25	2.73	0.23	0.89	1
7000	577	80	3.8	36	73093	1	8.5	9	0.64	0.13	3.47	1
7000	577	80	4	22	7874	0	6	6	0.05	0.01	0	1
7000	578	80	3	803	0	0	0.0	0.0	0.0	0.0	0.0	0
7000	578	80	3.2	343	0	0	0.0	0.0	0.0	0.0	0.0	0
7000	578	80	3.4	162	0	0	0.0	0.0	0.0	0.0	0.0	0
7000	578	80	3.6	87	78648	0	38	38	1.53	0.14	1.51	1
7000	578	80	3.8	42	64043	0	17	17	0.58	0.17	0	1
7000	578	80	4	24	11129	0	7	7	0.06	0.01	0	1
7000	579	80	3	725	0	0	0.0	0.0	0.0	0.0	0.0	0
7000	579	80	3.2	310	0	0	0.0	0.0	0.0	0.0	0.0	0
7000	579	80	3.4	145	0	0	0.0	0.0	0.0	0.0	0.0	0
7000	579	80	3.6	69	269541	1	22	22	7.03	0.42	2.23	1
7000	579	80	3.8	40	197792	1	8	8	3.1	0.28	1.98	1
7000	579	80	4	23	23636	0	5	5	0.21	0.03	0.21	1
7000	580	80	3	791	0	0	0.0	0.0	0.0	0.0	0.0	0
7000	580	80	3.2	333	0	0	0.0	0.0	0.0	0.0	0.0	0
7000	580	80	3.4	155	0	0	0.0	0.0	0.0	0.0	0.0	0
7000	580	80	3.6	75	102945	1	24.8916	25	1.88	0.3	2.62	1
7000	580	80	3.8	36	56597	1	9.33333	10	0.44	0.08	0.59	1
7000	580	80	4	21	13186	0	4	4	0.07	0.02	0	1
7000	581	80	3	729	0	0	0.0	0.0	0.0	0.0	0.0	0
7000	581	80	3.2	312	0	0	0.0	0.0	0.0	0.0	0.0	0
7000	581	80	3.4	144	0	0	0.0	0.0	0.0	0.0	0.0	0
7000	581	80	3.6	76	286506	1	21.3385	22	7.4	0.95	3.36	1
7000	581	80	3.8	44	158331	1	10	10	2.21	0.24	3.69	1
7000	581	80	4	19	11611	0	4	4	0.1	0.02	0.06	1
7000	582	80	3	778	0	0	0.0	0.0	0.0	0.0	0.0	0
7000	582	80	3.2	343	0	0	0.0	0.0	0.0	0.0	0.0	0
7000	582	80	3.4	172	0	0	0.0	0.0	0.0	0.0	0.0	0
7000	582	80	3.6	85	42607	0	42	42	0.93	0.08	0	1
7000	582	80	3.8	37	8930	0	19	19	0.12	0.01	0.04	1
7000	582	80	4	19	2109	0	8	8	0.01	0	0	1
7000	583	80	3	774	0	0	0.0	0.0	0.0	0.0	0.0	0
7000	583	80	3.2	329	0	0	0.0	0.0	0.0	0.0	0.0	0
7000	583	80	3.4	135	0	0	0.0	0.0	0.0	0.0	0.0	0
7000	583	80	3.6	58	24421	1	19.4	20	0.58	0.05	0.36	1
7000	583	80	3.8	33	8164	0	10	10	0.08	0.01	0.04	1
7000	583	80	4	13	543	0	4	4	0	0	0	1
7000	584	80	3	684	0	0	0.0	0.0	0.0	0.0	0.0	0
7000	584	80	3.2	286	0	0	0.0	0.0	0.0	0.0	0.0	0
7000	584	80	3.4	129	0	0	0.0	0.0	0.0	0.0	0.0	0
7000	584	80	3.6	72	63062	0	24	24	1.94	0.15	1.35	1
7000	584	80	3.8	30	7426	0	10	10	0.05	0.01	0	1
7000	584	80	4	14	1187	1	3.5	4	0	0	0.09	1
7000	585	80	3	752	0	0	0.0	0.0	0.0	0.0	0.0	0
7000	585	80	3.2	336	0	0	0.0	0.0	0.0	0.0	0.0	0
7000	585	80	3.4	154	0	0	0.0	0.0	0.0	0.0	0.0	0
7000	585	80	3.6	80	115008	1	30	30	3.96	0.24	2.43	1
7000	585	80	3.8	38	51375	0	13	13	1.06	0.06	2.46	1
7000	585	80	4	20	14192	0	5	5	0.1	0.01	0	1
7000	586	80	3	695	0	0	0.0	0.0	0.0	0.0	0.0	0
7000	586	80	3.2	314	0	0	0.0	0.0	0.0	0.0	0.0	0
7000	586	80	3.4	154	0	0	0.0	0.0	0.0	0.0	0.0	0
7000	586	80	3.6	80	433360	1	23	23	9.48	2.38	7.05	1
7000	586	80	3.8	40	254492	0	8	8	2.71	0.55	3.21	1
7000	586	80	4	24	27956	0	5	5	0.3	0.05	2.93	1
7000	587	80	3	840	0	0	0.0	0.0	0.0	0.0	0.0	0
7000	587	80	3.2	336	0	0	0.0	0.0	0.0	0.0	0.0	0
7000	587	80	3.4	163	0	0	0.0	0.0	0.0	0.0	0.0	0
7000	587	80	3.6	88	141348	0	36	36	5.62	0.36	1.05	1
7000	587	80	3.8	44	102702	0	14	14	2.72	0.18	0	1
7000	587	80	4	22	47026	0	5	5	0.41	0.07	0.38	1
7000	588	80	3	789	0	0	0.0	0.0	0.0	0.0	0.0	0
7000	588	80	3.2	312	0	0	0.0	0.0	0.0	0.0	0.0	0
7000	588	80	3.4	138	0	0	0.0	0.0	0.0	0.0	0.0	0
7000	588	80	3.6	65	106785	0	25	25	2.5	0.23	0.67	1
7000	588	80	3.8	37	45615	1	12	12	0.46	0.14	0.57	1
7000	588	80	4	18	4048	0	6	6	0.02	0	0	1
7000	589	80	3	809	0	0	0.0	0.0	0.0	0.0	0.0	0
7000	589	80	3.2	345	0	0	0.0	0.0	0.0	0.0	0.0	0
7000	589	80	3.4	155	0	0	0.0	0.0	0.0	0.0	0.0	0
7000	589	80	3.6	81	113951	0	37	37	6.98	0.34	1.01	1
7000	589	80	3.8	41	58264	0	14	14	1.52	0.1	0	1
7000	589	80	4	23	24021	0	6	6	0.37	0.04	0.23	1
7000	590	80	3	706	0	0	0.0	0.0	0.0	0.0	0.0	0
7000	590	80	3.2	317	0	0	0.0	0.0	0.0	0.0	0.0	0
7000	590	80	3.4	157	0	0	0.0	0.0	0.0	0.0	0.0	0
7000	590	80	3.6	90	411503	1	30.9101	31	12.92	1.01	3.87	1
7000	590	80	3.8	47	290178	0	12	12	3.47	0.66	0	1
7000	590	80	4	26	46521	0	6	6	0.39	0.08	0.36	1
7000	591	80	3	750	0	0	0.0	0.0	0.0	0.0	0.0	0
7000	591	80	3.2	333	0	0	0.0	0.0	0.0	0.0	0.0	0
7000	591	80	3.4	136	0	0	0.0	0.0	0.0	0.0	0.0	0
7000	591	80	3.6	74	100382	0	22	22	2.45	0.3	0	1
7000	591	80	3.8	36	21244	1	12.4	13	0.2	0.03	0.94	1
7000	591	80	4	20	2533	0	6	6	0.01	0	0	1
7000	592	80	3	760	0	0	0.0	0.0	0.0	0.0	0.0	0
7000	592	80	3.2	321	0	0	0.0	0.0	0.0	0.0	0.0	0
7000	592	80	3.4	136	0	0	0.0	0.0	0.0	0.0	0.0	0
7000	592	80	3.6	68	226418	1	18.3571	19	6.27	0.54	2.3	1
7000	592	80	3.8	43	108692	1	12	12	1.44	0.16	3.13	1
7000	592	80	4	24	35025	0	5	5	0.31	0.04	0.29	1
7000	593	80	3	754	0	0	0.0	0.0	0.0	0.0	0.0	0
7000	593	80	3.2	320	0	0	0.0	0.0	0.0	0.0	0.0	0
7000	593	80	3.4	144	0	0	0.0	0.0	0.0	0.0	0.0	0
7000	593	80	3.6	77	728088	1	25.4	26	23.88	8.7	17.96	1
7000	593	80	3.8	50	509335	1	10.7355	11	12.29	0.96	5.41	1
7000	593	80	4	24	69203	0	4	4	0.8	0.09	0	1
7000	594	80	3	822	0	0	0.0	0.0	0.0	0.0	0.0	0
7000	594	80	3.2	394	0	0	0.0	0.0	0.0	0.0	0.0	0
7000	594	80	3.4	194	0	0	0.0	0.0	0.0	0.0	0.0	0
7000	594	80	3.6	91	170677	0	30	30	5.74	0.37	4.17	1
7000	594	80	3.8	49	106182	1	15	15	1.46	0.15	2.93	1
7000	594	80	4	24	30584	0	6	6	0.2	0.03	0	1
7000	595	80	3	843	0	0	0.0	0.0	0.0	0.0	0.0	0
7000	595	80	3.2	354	0	0	0.0	0.0	0.0	0.0	0.0	0
7000	595	80	3.4	169	0	0	0.0	0.0	0.0	0.0	0.0	0
7000	595	80	3.6	85	167563	0	35	35	4.46	0.43	3.71	1
7000	595	80	3.8	47	126058	0	14	14	1.52	0.18	0.77	1
7000	595	80	4	27	14291	0	11	11	0.12	0.01	0	1
7000	596	80	3	770	0	0	0.0	0.0	0.0	0.0	0.0	0
7000	596	80	3.2	350	0	0	0.0	0.0	0.0	0.0	0.0	0
7000	596	80	3.4	161	0	0	0.0	0.0	0.0	0.0	0.0	0
7000	596	80	3.6	77	45479	0	35	35	1.8	0.12	0.3	1
7000	596	80	3.8	39	17854	0	19	19	0.37	0.01	0	1
7000	596	80	4	20	5936	0	7	7	0.04	0	0	1
7000	597	80	3	835	0	0	0.0	0.0	0.0	0.0	0.0	0
7000	597	80	3.2	366	0	0	0.0	0.0	0.0	0.0	0.0	0
7000	597	80	3.4	155	0	0	0.0	0.0	0.0	0.0	0.0	0
7000	597	80	3.6	75	49565	0	28	28	1.23	0.11	0	1
7000	597	80	3.8	31	22459	1	7.5	8	0.23	0.03	0.16	1
7000	597	80	4	17	1587	0	5	5	0.01	0	0	1
7000	598	80	3	690	0	0	0.0	0.0	0.0	0.0	0.0	0
7000	598	80	3.2	324	0	0	0.0	0.0	0.0	0.0	0.0	0
7000	598	80	3.4	156	0	0	0.0	0.0	0.0	0.0	0.0	0
7000	598	80	3.6	82	193136	0	28	28	4.1	0.65	0	1
7000	598	80	3.8	37	88290	0	10	10	1.07	0.18	0	1
7000	598	80	4	23	18376	0	5	5	0.16	0.02	0.93	1
7000	599	80	3	808	0	0	0.0	0.0	0.0	0.0	0.0	0
7000	599	80	3.2	321	0	0	0.0	0.0	0.0	0.0	0.0	0
7000	599	80	3.4	138	0	0	0.0	0.0	0.0	0.0	0.0	0
7000	599	80	3.6	71	38689	0	32	32	1.07	0.11	0	1
7000	599	80	3.8	31	18384	0	8	8	0.22	0.03	0	1
7000	599	80	4	16	611	0	5	5	0	0	0	1
7000	600	80	3	833	0	0	0.0	0.0	0.0	0.0	0.0	0
7000	600	80	3.2	362	0	0	0.0	0.0	0.0	0.0	0.0	0
7000	600	80	3.4	147	0	0	0.0	0.0	0.0	0.0	0.0	0
7000	600	80	3.6	78	232749	0	35	35	5.04	0.54	2.34	1
7000	600	80	3.8	47	147535	1	12.5	13	2.26	0.32	7.32	1
7000	600	80	4	30	35894	1	9	9	0.26	0.06	0.29	1
7000	601	80	3	772	0	0	0.0	0.0	0.0	0.0	0.0	0
7000	601	80	3.2	361	0	0	0.0	0.0	0.0	0.0	0.0	0
7000	601	80	3.4	159	0	0	0.0	0.0	0.0	0.0	0.0	0
7000	601	80	3.6	91	429193	1	34	34	26.62	1.7	6.04	1
7000	601	80	3.8	55	268165	0	15	15	10.17	0.91	1.78	1
7000	601	80	4	25	43386	0	7	7	0.8	0.03	0	1
7000	602	80	3	848	0	0	0.0	0.0	0.0	0.0	0.0	0
7000	602	80	3.2	348	0	0	0.0	0.0	0.0	0.0	0.0	0
7000	602	80	3.4	129	0	0	0.0	0.0	0.0	0.0	0.0	0
7000	602	80	3.6	60	16480	1	25	25	0.37	0.03	0.35	1
7000	602	80	3.8	31	10427	0	9	9	0.13	0.01	0.26	1
7000	602	80	4	14	567	0	4	4	0	0	0	1
7000	603	80	3	787	0	0	0.0	0.0	0.0	0.0	0.0	0
7000	603	80	3.2	331	0	0	0.0	0.0	0.0	0.0	0.0	0
7000	603	80	3.4	147	0	0	0.0	0.0	0.0	0.0	0.0	0
7000	603	80	3.6	77	58295	0	30	30	1.92	0.15	1.38	1
7000	603	80	3.8	41	23889	0	11	11	0.59	0.08	0	1
7000	603	80	4	19	2980	0	5	5	0.01	0.01	0	1
7000	604	80	3	832	0	0	0.0	0.0	0.0	0.0	0.0	0
7000	604	80	3.2	328	0	0	0.0	0.0	0.0	0.0	0.0	0
7000	604	80	3.4	158	0	0	0.0	0.0	0.0	0.0	0.0	0
7000	604	80	3.6	60	38304	0	22	22	1.32	0.09	0	1
7000	604	80	3.8	25	22878	0	5	5	0.2	0.02	0	1
7000	604	80	4	15	7169	0	3	3	0.04	0.01	0	1
7000	605	80	3	784	0	0	0.0	0.0	0.0	0.0	0.0	0
7000	605	80	3.2	380	0	0	0.0	0.0	0.0	0.0	0.0	0
7000	605	80	3.4	178	0	0	0.0	0.0	0.0	0.0	0.0	0
7000	605	80	3.6	79	257296	1	29	29	10.72	0.54	1.85	1
7000	605	80	3.8	45	147037	0	15	15	2.77	0.18	2.95	1
7000	605	80	4	26	28005	1	6.5	7	0.19	0.04	0.26	1
7000	606	80	3	813	0	0	0.0	0.0	0.0	0.0	0.0	0
7000	606	80	3.2	336	0	0	0.0	0.0	0.0	0.0	0.0	0
7000	606	80	3.4	157	0	0	0.0	0.0	0.0	0.0	0.0	0
7000	606	80	3.6	80	78297	0	31	31	1.44	0.16	0.56	1
7000	606	80	3.8	39	43835	0	12	12	0.42	0.05	0.38	1
7000	606	80	4	23	15470	0	5	5	0.12	0.02	0.1	1
7000	607	80	3	873	0	0	0.0	0.0	0.0	0.0	0.0	0
7000	607	80	3.2	380	0	0	0.0	0.0	0.0	0.0	0.0	0
7000	607	80	3.4	162	0	0	0.0	0.0	0.0	0.0	0.0	0
7000	607	80	3.6	82	121849	0	34	34	4.59	0.32	0	1
7000	607	80	3.8	41	105478	0	13	13	1.74	0.19	1.13	1
7000	607	80	4	24	20083	0	6	6	0.17	0.02	0	1
7000	608	80	3	736	0	0	0.0	0.0	0.0	0.0	0.0	0
7000	608	80	3.2	288	0	0	0.0	0.0	0.0	0.0	0.0	0
7000	608	80	3.4	138	0	0	0.0	0.0	0.0	0.0	0.0	0
7000	608	80	3.6	68	41546	0	27	27	0.95	0.07	0.24	1
7000	608	80	3.8	28	24117	0	7	7	0.31	0.03	0	1
7000	608	80	4	14	2130	0	3	3	0.01	0	0	1
7000	609	80	3	783	0	0	0.0	0.0	0.0	0.0	0.0	0
7000	609	80	3.2	344	0	0	0.0	0.0	0.0	0.0	0.0	0
7000	609	80	3.4	163	0	0	0.0	0.0	0.0	0.0	0.0	0
7000	609	80	3.6	77	63864	0	27	27	1.06	0.18	0	1
7000	609	80	3.8	41	41272	0	12	12	0.64	0.14	0.46	1
7000	609	80	4	22	14929	0	6	6	0.09	0.01	0	1
7000	610	80	3	802	0	0	0.0	0.0	0.0	0.0	0.0	0
7000	610	80	3.2	323	0	0	0.0	0.0	0.0	0.0	0.0	0
7000	610	80	3.4	141	0	0	0.0	0.0	0.0	0.0	0.0	0
7000	610	80	3.6	60	13111	0	24	24	0.23	0.02	0	1
7000	610	80	3.8	32	5207	0	10	10	0.07	0.01	0	1
7000	610	80	4	16	1109	0	6	6	0	0	0	1
7000	611	80	3	697	0	0	0.0	0.0	0.0	0.0	0.0	0
7000	611	80	3.2	310	0	0	0.0	0.0	0.0	0.0	0.0	0
7000	611	80	3.4	153	0	0	0.0	0.0	0.0	0.0	0.0	0
7000	611	80	3.6	84	887683	0	28	28	22.64	1.27	8.94	1
7000	611	80	3.8	47	350974	0	14	14	6.23	0.66	3.65	1
7000	611	80	4	26	58665	1	6	6	0.67	0.14	6.95	1
7000	612	80	3	786	0	0	0.0	0.0	0.0	0.0	0.0	0
7000	612	80	3.2	357	0	0	0.0	0.0	0.0	0.0	0.0	0
7000	612	80	3.4	155	0	0	0.0	0.0	0.0	0.0	0.0	0
7000	612	80	3.6	63	11129	0	25	25	0.25	0.01	0.14	1
7000	612	80	3.8	27	3786	0	9	9	0.04	0	0	1
7000	612	80	4	13	468	0	5	5	0	0	0	1
7000	613	80	3	663	0	0	0.0	0.0	0.0	0.0	0.0	0
7000	613	80	3.2	338	0	0	0.0	0.0	0.0	0.0	0.0	0
7000	613	80	3.4	162	0	0	0.0	0.0	0.0	0.0	0.0	0
7000	613	80	3.6	84	162075	1	39	39	7.01	0.27	2.75	1
7000	613	80	3.8	37	106560	0	14	14	2.3	0.2	0.93	1
7000	613	80	4	25	27375	0	9	9	0.48	0.01	0	1
7000	614	80	3	818	0	0	0.0	0.0	0.0	0.0	0.0	0
7000	614	80	3.2	378	0	0	0.0	0.0	0.0	0.0	0.0	0
7000	614	80	3.4	169	0	0	0.0	0.0	0.0	0.0	0.0	0
7000	614	80	3.6	81	45473	0	40	40	0.94	0.07	0	1
7000	614	80	3.8	44	17809	0	17	17	0.23	0.03	0	1
7000	614	80	4	25	3826	0	10	10	0.04	0	0	1
7000	615	80	3	831	0	0	0.0	0.0	0.0	0.0	0.0	0
7000	615	80	3.2	344	0	0	0.0	0.0	0.0	0.0	0.0	0
7000	615	80	3.4	148	0	0	0.0	0.0	0.0	0.0	0.0	0
7000	615	80	3.6	70	18845	0	27	27	0.6	0.04	0	1
7000	615	80	3.8	36	7972	0	14	14	0.1	0	0	1
7000	615	80	4	18	2484	0	8	8	0.01	0	0	1
7000	616	80	3	774	0	0	0.0	0.0	0.0	0.0	0.0	0
7000	616	80	3.2	338	0	0	0.0	0.0	0.0	0.0	0.0	0
7000	616	80	3.4	162	0	0	0.0	0.0	0.0	0.0	0.0	0
7000	616	80	3.6	76	110722	0	31	31	2.54	0.28	0.68	1
7000	616	80	3.8	40	37439	0	13	13	0.46	0.06	0.84	1
7000	616	80	4	16	4273	0	3	3	0.02	0	0	1
7000	617	80	3	815	0	0	0.0	0.0	0.0	0.0	0.0	0
7000	617	80	3.2	357	0	0	0.0	0.0	0.0	0.0	0.0	0
7000	617	80	3.4	170	0	0	0.0	0.0	0.0	0.0	0.0	0
7000	617	80	3.6	81	93967	1	28.3333	29	3.33	0.27	2.91	1
7000	617	80	3.8	40	32205	0	14	14	0.45	0.06	0	1
7000	617	80	4	21	14328	0	5	5	0.13	0.02	0.11	1
7000	618	80	3	773	0	0	0.0	0.0	0.0	0.0	0.0	0
7000	618	80	3.2	339	0	0	0.0	0.0	0.0	0.0	0.0	0
7000	618	80	3.4	154	0	0	0.0	0.0	0.0	0.0	0.0	0
7000	618	80	3.6	80	163039	0	31	31	6.9	0.34	1.22	1
7000	618	80	3.8	39	96175	1	11	11	1.9	0.13	0.89	1
7000	618	80	4	22	10767	0	8	8	0.12	0.01	0	1
7000	619	80	3	838	0	0	0.0	0.0	0.0	0.0	0.0	0
7000	619	80	3.2	348	0	0	0.0	0.0	0.0	0.0	0.0	0
7000	619	80	3.4	162	0	0	0.0	0.0	0.0	0.0	0.0	0
7000	619	80	3.6	70	55258	0	30	30	0.96	0.08	0.32	1
7000	619	80	3.8	38	38098	1	10	10	0.5	0.06	0.25	1
7000	619	80	4	21	4628	1	6.5	7	0.02	0	0.05	1
7000	620	80	3	740	0	0	0.0	0.0	0.0	0.0	0.0	0
7000	620	80	3.2	331	0	0	0.0	0.0	0.0	0.0	0.0	0
7000	620	80	3.4	152	0	0	0.0	0.0	0.0	0.0	0.0	0
7000	620	80	3.6	68	168700	1	20	20	5.55	0.37	4.35	1
7000	620	80	3.8	39	76409	0	11	11	1.76	0.15	0.42	1
7000	620	80	4	20	10462	0	5	5	0.11	0.01	0.09	1
7000	621	80	3	871	0	0	0.0	0.0	0.0	0.0	0.0	0
7000	621	80	3.2	364	0	0	0.0	0.0	0.0	0.0	0.0	0
7000	621	80	3.4	163	0	0	0.0	0.0	0.0	0.0	0.0	0
7000	621	80	3.6	74	63442	0	31	31	1.65	0.13	0.4	1
7000	621	80	3.8	40	56757	0	11	11	1.08	0.12	0.43	1
7000	621	80	4	20	5540	0	5	5	0.05	0	0	1
7000	622	80	3	746	0	0	0.0	0.0	0.0	0.0	0.0	0
7000	622	80	3.2	328	0	0	0.0	0.0	0.0	0.0	0.0	0
7000	622	80	3.4	153	0	0	0.0	0.0	0.0	0.0	0.0	0
7000	622	80	3.6	90	338018	1	30.5	31	13.26	0.74	3.79	1
7000	622	80	3.8	49	190042	0	15	15	4.03	0.5	0	1
7000	622	80	4	25	23190	0	7	7	0.35	0.01	0.18	1
7000	623	80	3	723	0	0	0.0	0.0	0.0	0.0	0.0	0
7000	623	80	3.2	307	0	0	0.0	0.0	0.0	0.0	0.0	0
7000	623	80	3.4	133	0	0	0.0	0.0	0.0	0.0	0.0	0
7000	623	80	3.6	69	480553	1	20.5	21	11.69	3.65	7.67	1
7000	623	80	3.8	42	336169	1	10	10	4.97	0.91	5.42	1
7000	623	80	4	29	124373	0	6	6	1.57	0.2	0	1
7000	624	80	3	746	0	0	0.0	0.0	0.0	0.0	0.0	0
7000	624	80	3.2	335	0	0	0.0	0.0	0.0	0.0	0.0	0
7000	624	80	3.4	152	0	0	0.0	0.0	0.0	0.0	0.0	0
7000	624	80	3.6	79	111751	0	28	28	6.06	0.36	3.83	1
7000	624	80	3.8	42	40273	1	10.125	11	0.85	0.1	0.77	1
7000	624	80	4	20	8364	0	4	4	0.12	0.01	0	1
7000	625	80	3	813	0	0	0.0	0.0	0.0	0.0	0.0	0
7000	625	80	3.2	332	0	0	0.0	0.0	0.0	0.0	0.0	0
7000	625	80	3.4	138	0	0	0.0	0.0	0.0	0.0	0.0	0
7000	625	80	3.6	70	71247	1	31.5	32	4.44	0.3	1.13	1
7000	625	80	3.8	34	67447	0	11	11	1.62	0.16	0	1
7000	625	80	4	21	11582	0	7	7	0.14	0.03	0	1
7000	626	80	3	773	0	0	0.0	0.0	0.0	0.0	0.0	0
7000	626	80	3.2	323	0	0	0.0	0.0	0.0	0.0	0.0	0
7000	626	80	3.4	161	0	0	0.0	0.0	0.0	0.0	0.0	0
7000	626	80	3.6	69	25430	1	29.5	30	1.1	0.08	0.63	1
7000	626	80	3.8	30	13635	0	10	10	0.32	0.02	0	1
7000	626	80	4	13	1298	0	3	3	0.01	0	0	1
7000	627	80	3	801	0	0	0.0	0.0	0.0	0.0	0.0	0
7000	627	80	3.2	351	0	0	0.0	0.0	0.0	0.0	0.0	0
7000	627	80	3.4	153	0	0	0.0	0.0	0.0	0.0	0.0	0
7000	627	80	3.6	69	50920	0	31	31	1.02	0.16	1.81	1
7000	627	80	3.8	37	31554	1	9.64286	10	0.33	0.07	0.28	1
7000	627	80	4	20	8788	0	5	5	0.05	0.01	0	1
7000	628	80	3	752	0	0	0.0	0.0	0.0	0.0	0.0	0
7000	628	80	3.2	309	0	0	0.0	0.0	0.0	0.0	0.0	0
7000	628	80	3.4	143	0	0	0.0	0.0	0.0	0.0	0.0	0
7000	628	80	3.6	71	89213	0	24	24	3.33	0.63	0	1
7000	628	80	3.8	42	36417	0	14	14	0.62	0.1	0	1
7000	628	80	4	19	4506	0	5	5	0.05	0.01	0	1
7000	629	80	3	797	0	0	0.0	0.0	0.0	0.0	0.0	0
7000	629	80	3.2	332	0	0	0.0	0.0	0.0	0.0	0.0	0
7000	629	80	3.4	151	0	0	0.0	0.0	0.0	0.0	0.0	0
7000	629	80	3.6	70	101395	1	26.5	27	3.56	0.32	3.62	1
7000	629	80	3.8	38	58596	0	9	9	1.56	0.15	0.45	1
7000	629	80	4	19	14977	0	4	4	0.13	0.02	0	1
7000	630	80	3	911	0	0	0.0	0.0	0.0	0.0	0.0	0
7000	630	80	3.2	383	0	0	0.0	0.0	0.0	0.0	0.0	0
7000	630	80	3.4	158	0	0	0.0	0.0	0.0	0.0	0.0	0
7000	630	80	3.6	73	69496	0	33	33	2.05	0.15	0.58	1
7000	630	80	3.8	37	44716	1	10	10	0.92	0.08	1.68	1
7000	630	80	4	23	21201	0	6	6	0.22	0.03	0	1
7000	631	80	3	709	0	0	0.0	0.0	0.0	0.0	0.0	0
7000	631	80	3.2	328	0	0	0.0	0.0	0.0	0.0	0.0	0
7000	631	80	3.4	148	0	0	0.0	0.0	0.0	0.0	0.0	0
7000	631	80	3.6	68	83896	0	20	20	3.67	0.31	0	1
7000	631	80	3.8	38	35048	0	12	12	0.97	0.08	0	1
7000	631	80	4	19	2872	0	6	6	0.04	0.01	0	1
7000	632	80	3	798	0	0	0.0	0.0	0.0	0.0	0.0	0
7000	632	80	3.2	324	0	0	0.0	0.0	0.0	0.0	0.0	0
7000	632	80	3.4	146	0	0	0.0	0.0	0.0	0.0	0.0	0
7000	632	80	3.6	68	60953	1	23.0714	24	2.65	0.3	1.9	1
7000	632	80	3.8	37	51576	1	8.5	9	1.12	0.16	5.6	1
7000	632	80	4	22	10870	0	6	6	0.12	0.01	0	1
7000	633	80	3	723	0	0	0.0	0.0	0.0	0.0	0.0	0
7000	633	80	3.2	275	0	0	0.0	0.0	0.0	0.0	0.0	0
7000	633	80	3.4	143	0	0	0.0	0.0	0.0	0.0	0.0	0
7000	633	80	3.6	76	691135	1	28	28	30.09	1.5	24.69	1
7000	633	80	3.8	46	460021	0	16	16	8.88	0.47	7.38	1
7000	633	80	4	23	56332	0	4	4	0.59	0.07	2.34	1
7000	634	80	3	777	0	0	0.0	0.0	0.0	0.0	0.0	0
7000	634	80	3.2	344	0	0	0.0	0.0	0.0	0.0	0.0	0
7000	634	80	3.4	185	0	0	0.0	0.0	0.0	0.0	0.0	0
7000	634	80	3.6	84	574376	0	32	32	23.64	2.91	7.7	1
7000	634	80	3.8	54	744029	0	17	17	15.81	1.02	0	1
7000	634	80	4	37	82847	0	12	12	0.96	0.17	0	1
7000	635	80	3	854	0	0	0.0	0.0	0.0	0.0	0.0	0
7000	635	80	3.2	353	0	0	0.0	0.0	0.0	0.0	0.0	0
7000	635	80	3.4	151	0	0	0.0	0.0	0.0	0.0	0.0	0
7000	635	80	3.6	73	25989	0	35	35	0.59	0.03	0.17	1
7000	635	80	3.8	32	10953	1	12	12	0.23	0.01	0.09	1
7000	635	80	4	18	2420	0	6	6	0.01	0	0	1
7000	636	80	3	687	0	0	0.0	0.0	0.0	0.0	0.0	0
7000	636	80	3.2	329	0	0	0.0	0.0	0.0	0.0	0.0	0
7000	636	80	3.4	160	0	0	0.0	0.0	0.0	0.0	0.0	0
7000	636	80	3.6	86	262823	0	33	33	4.91	0.47	0.63	1
7000	636	80	3.8	45	107123	0	14	14	1.51	0.12	0.76	1
7000	636	80	4	22	14055	0	5	5	0.17	0.02	0.12	1
7000	637	80	3	770	0	0	0.0	0.0	0.0	0.0	0.0	0
7000	637	80	3.2	339	0	0	0.0	0.0	0.0	0.0	0.0	0
7000	637	80	3.4	145	0	0	0.0	0.0	0.0	0.0	0.0	0
7000	637	80	3.6	72	45219	0	28	28	1.04	0.09	0.46	1
7000	637	80	3.8	33	16159	0	8	8	0.15	0.01	0.15	1
7000	637	80	4	15	1638	0	4	4	0.01	0	0	1
7000	638	80	3	837	0	0	0.0	0.0	0.0	0.0	0.0	0
7000	638	80	3.2	374	0	0	0.0	0.0	0.0	0.0	0.0	0
7000	638	80	3.4	175	0	0	0.0	0.0	0.0	0.0	0.0	0
7000	638	80	3.6	79	92206	1	26.5	27	2.29	0.26	1.82	1
7000	638	80	3.8	41	37150	0	14	14	0.55	0.06	0	1
7000	638	80	4	24	8226	1	5.66667	6	0.06	0.01	0.07	1
7000	639	80	3	701	0	0	0.0	0.0	0.0	0.0	0.0	0
7000	639	80	3.2	306	0	0	0.0	0.0	0.0	0.0	0.0	0
7000	639	80	3.4	143	0	0	0.0	0.0	0.0	0.0	0.0	0
7000	639	80	3.6	58	72472	1	16	16	1.97	0.16	1.79	1
7000	639	80	3.8	31	28053	0	8	8	0.35	0.04	0.27	1
7000	639	80	4	17	2077	0	4	4	0.01	0	0.02	1
7000	640	80	3	823	0	0	0.0	0.0	0.0	0.0	0.0	0
7000	640	80	3.2	362	0	0	0.0	0.0	0.0	0.0	0.0	0
7000	640	80	3.4	152	0	0	0.0	0.0	0.0	0.0	0.0	0
7000	640	80	3.6	71	54167	1	26	26	1.5	0.1	0.49	1
7000	640	80	3.8	35	23410	0	10	10	0.29	0.02	0.18	1
7000	640	80	4	16	1879	0	5	5	0.01	0	0	1
7000	641	80	3	776	0	0	0.0	0.0	0.0	0.0	0.0	0
7000	641	80	3.2	349	0	0	0.0	0.0	0.0	0.0	0.0	0
7000	641	80	3.4	173	0	0	0.0	0.0	0.0	0.0	0.0	0
7000	641	80	3.6	85	95715	0	36	36	2.6	0.19	0	1
7000	641	80	3.8	43	62512	0	15	15	1.07	0.08	0	1
7000	641	80	4	22	9169	0	7	7	0.06	0	0	1
7000	642	80	3	816	0	0	0.0	0.0	0.0	0.0	0.0	0
7000	642	80	3.2	383	0	0	0.0	0.0	0.0	0.0	0.0	0
7000	642	80	3.4	192	0	0	0.0	0.0	0.0	0.0	0.0	0
7000	642	80	3.6	88	74592	0	37	37	2.62	0.13	0.68	1
7000	642	80	3.8	44	34235	0	15	15	0.61	0.04	0.26	1
7000	642	80	4	27	4817	0	9	9	0.09	0	0	1
7000	643	80	3	741	0	0	0.0	0.0	0.0	0.0	0.0	0
7000	643	80	3.2	289	0	0	0.0	0.0	0.0	0.0	0.0	0
7000	643	80	3.4	130	0	0	0.0	0.0	0.0	0.0	0.0	0
7000	643	80	3.6	61	58952	0	22	22	1.23	0.12	0.46	1
7000	643	80	3.8	27	30833	1	5.75	6	0.3	0.04	0.33	1
7000	643	80	4	18	14550	0	3	3	0.1	0.02	0	1
7000	644	80	3	822	0	0	0.0	0.0	0.0	0.0	0.0	0
7000	644	80	3.2	315	0	0	0.0	0.0	0.0	0.0	0.0	0
7000	644	80	3.4	150	0	0	0.0	0.0	0.0	0.0	0.0	0
7000	644	80	3.6	64	15946	0	29	29	0.36	0.02	0	1
7000	644	80	3.8	32	6222	0	14	14	0.1	0	0	1
7000	644	80	4	16	2144	0	4	4	0.01	0	0	1
7000	645	80	3	740	0	0	0.0	0.0	0.0	0.0	0.0	0
7000	645	80	3.2	326	0	0	0.0	0.0	0.0	0.0	0.0	0
7000	645	80	3.4	156	0	0	0.0	0.0	0.0	0.0	0.0	0
7000	645	80	3.6	68	129360	1	20.0833	21	4.64	0.29	1.67	1
7000	645	80	3.8	34	65326	0	8	8	0.73	0.1	0.48	1
7000	645	80	4	16	6021	0	3	3	0.03	0	0	1
7000	646	80	3	798	0	0	0.0	0.0	0.0	0.0	0.0	0
7000	646	80	3.2	343	0	0	0.0	0.0	0.0	0.0	0.0	0
7000	646	80	3.4	147	0	0	0.0	0.0	0.0	0.0	0.0	0
7000	646	80	3.6	69	28754	1	34	34	1.01	0.04	0.24	1
7000	646	80	3.8	30	14797	0	12	12	0.18	0.01	0	1
7000	646	80	4	17	2282	0	6	6	0.02	0	0	1
7000	647	80	3	788	0	0	0.0	0.0	0.0	0.0	0.0	0
7000	647	80	3.2	323	0	0	0.0	0.0	0.0	0.0	0.0	0
7000	647	80	3.4	148	0	0	0.0	0.0	0.0	0.0	0.0	0
7000	647	80	3.6	79	186254	1	28	28	4.46	0.31	1.66	1
7000	647	80	3.8	48	174815	1	13	13	2.79	0.25	1.34	1
7000	647	80	4	26	24808	0	6	6	0.2	0.02	0	1
7000	648	80	3	779	0	0	0.0	0.0	0.0	0.0	0.0	0
7000	648	80	3.2	341	0	0	0.0	0.0	0.0	0.0	0.0	0
7000	648	80	3.4	145	0	0	0.0	0.0	0.0	0.0	0.0	0
7000	648	80	3.6	79	384906	1	35	35	9.51	0.5	4.13	1
7000	648	80	3.8	40	328345	1	13	13	3.2	0.82	3.79	1
7000	648	80	4	25	160783	0	6	6	1.3	0.36	16.96	1
7000	649	80	3	713	0	0	0.0	0.0	0.0	0.0	0.0	0
7000	649	80	3.2	339	0	0	0.0	0.0	0.0	0.0	0.0	0
7000	649	80	3.4	175	0	0	0.0	0.0	0.0	0.0	0.0	0
7000	649	80	3.6	94	587337	1	27	27	17.53	7.03	10.29	1
7000	649	80	3.8	53	371396	0	14	14	5.77	0.76	4.23	1
7000	649	80	4	29	66521	0	6	6	1.23	0.22	0	1
7000	650	80	3	812	0	0	0.0	0.0	0.0	0.0	0.0	0
7000	650	80	3.2	324	0	0	0.0	0.0	0.0	0.0	0.0	0
7000	650	80	3.4	153	0	0	0.0	0.0	0.0	0.0	0.0	0
7000	650	80	3.6	77	309180	0	30	30	3.03	0.58	2.86	1
7000	650	80	3.8	42	327634	1	13	13	2.59	0.29	3.35	1
7000	650	80	4	32	123740	0	9	9	0.86	0.14	0	1
