7000	301	60	3	421	0	0	0.0	0.0	0.0	0.0	0.0	0
7000	301	60	3.2	185	0	0	0.0	0.0	0.0	0.0	0.0	0
7000	301	60	3.4	95	19635	0	52	52	0.75	0.02	0.11	1
7000	301	60	3.6	47	19953	0	18	18	0.47	0.02	0.12	1
7000	301	60	3.8	25	7476	0	8	8	0.12	0.01	0	1
7000	301	60	4	14	1297	0	4	4	0	0	0	1
7000	302	60	3	468	0	0	0.0	0.0	0.0	0.0	0.0	0
7000	302	60	3.2	201	0	0	0.0	0.0	0.0	0.0	0.0	0
7000	302	60	3.4	72	1434	0	49	49	0.03	0	0	1
7000	302	60	3.6	30	833	0	17	17	0	0.01	0	1
7000	302	60	3.8	16	466	0	7	7	0	0	0	1
7000	302	60	4	10	133	0	4	4	0	0	0	1
7000	303	60	3	434	0	0	0.0	0.0	0.0	0.0	0.0	0
7000	303	60	3.2	165	0	0	0.0	0.0	0.0	0.0	0.0	0
7000	303	60	3.4	76	971	0	57	57	0.02	0	0	1
7000	303	60	3.6	30	585	0	18	18	0	0	0	1
7000	303	60	3.8	12	349	0	5	5	0	0	0	1
7000	303	60	4	8	191	0	2	2	0	0	0	1
7000	304	60	3	437	0	0	0.0	0.0	0.0	0.0	0.0	0
7000	304	60	3.2	185	0	0	0.0	0.0	0.0	0.0	0.0	0
7000	304	60	3.4	85	3868	0	54	54	0.1	0	0	1
7000	304	60	3.6	44	3045	0	22	22	0.03	0.01	0	1
7000	304	60	3.8	20	1503	0	7	7	0.01	0.01	0	1
7000	304	60	4	13	595	0	5	5	0	0	0	1
7000	305	60	3	417	0	0	0.0	0.0	0.0	0.0	0.0	0
7000	305	60	3.2	182	0	0	0.0	0.0	0.0	0.0	0.0	0
7000	305	60	3.4	73	2507	0	43	43	0.06	0.01	0	1
7000	305	60	3.6	34	1549	0	18	18	0.01	0	0	1
7000	305	60	3.8	16	601	1	5.5	6	0	0	0.01	1
7000	305	60	4	8	111	0	3	3	0	0	0	1
7000	306	60	3	486	0	0	0.0	0.0	0.0	0.0	0.0	0
7000	306	60	3.2	206	0	0	0.0	0.0	0.0	0.0	0.0	0
7000	306	60	3.4	95	5123	0	58	58	0.16	0	0.03	1
7000	306	60	3.6	49	4787	1	20.5	21	0.08	0.01	0.05	1
7000	306	60	3.8	25	1027	0	9	9	0.01	0.01	0	1
7000	306	60	4	12	131	1	4.5	5	0	0	0	1
7000	307	60	3	451	0	0	0.0	0.0	0.0	0.0	0.0	0
7000	307	60	3.2	191	0	0	0.0	0.0	0.0	0.0	0.0	0
7000	307	60	3.4	78	3617	0	46	46	0.24	0	0	1
7000	307	60	3.6	40	3282	0	19	19	0.09	0	0	1
7000	307	60	3.8	19	1842	0	7	7	0.02	0	0	1
7000	307	60	4	12	895	0	3	3	0	0	0	1
7000	308	60	3	433	0	0	0.0	0.0	0.0	0.0	0.0	0
7000	308	60	3.2	177	0	0	0.0	0.0	0.0	0.0	0.0	0
7000	308	60	3.4	72	3082	1	44.5	45	0.15	0	0.04	1
7000	308	60	3.6	39	3458	1	16.5	17	0.09	0.01	0.04	1
7000	308	60	3.8	17	2862	0	4	4	0.03	0	0.02	1
7000	308	60	4	12	420	0	3	3	0	0	0	1
7000	309	60	3	425	0	0	0.0	0.0	0.0	0.0	0.0	0
7000	309	60	3.2	190	0	0	0.0	0.0	0.0	0.0	0.0	0
7000	309	60	3.4	88	10346	0	57	57	0.23	0.01	0	1
7000	309	60	3.6	32	13649	0	13	13	0.23	0.02	0	1
7000	309	60	3.8	22	9148	0	5	5	0.09	0.02	0.06	1
7000	309	60	4	17	3415	0	4	4	0.02	0	0	1
7000	310	60	3	463	0	0	0.0	0.0	0.0	0.0	0.0	0
7000	310	60	3.2	186	0	0	0.0	0.0	0.0	0.0	0.0	0
7000	310	60	3.4	74	2601	0	48	48	0.05	0	0	1
7000	310	60	3.6	35	2555	0	18	18	0.02	0	0	1
7000	310	60	3.8	19	1187	0	8	8	0	0	0	1
7000	310	60	4	9	91	0	4	4	0	0	0	1
7000	311	60	3	433	0	0	0.0	0.0	0.0	0.0	0.0	0
7000	311	60	3.2	193	0	0	0.0	0.0	0.0	0.0	0.0	0
7000	311	60	3.4	87	2644	0	58	58	0.06	0.01	0	1
7000	311	60	3.6	39	2430	0	18	18	0.02	0	0.01	1
7000	311	60	3.8	22	968	0	9	9	0	0	0.01	1
7000	311	60	4	13	465	0	4	4	0	0	0	1
7000	312	60	3	479	0	0	0.0	0.0	0.0	0.0	0.0	0
7000	312	60	3.2	181	0	0	0.0	0.0	0.0	0.0	0.0	0
7000	312	60	3.4	90	16019	0	55	55	0.61	0.01	0	1
7000	312	60	3.6	53	22956	0	26	26	0.45	0.03	0.13	1
7000	312	60	3.8	28	8982	0	12	12	0.1	0.01	0	1
7000	312	60	4	19	2962	0	7	7	0.02	0	0.01	1
7000	313	60	3	422	0	0	0.0	0.0	0.0	0.0	0.0	0
7000	313	60	3.2	179	0	0	0.0	0.0	0.0	0.0	0.0	0
7000	313	60	3.4	85	4407	0	49	49	0.11	0.01	0	1
7000	313	60	3.6	43	2667	0	22	22	0.02	0.01	0.01	1
7000	313	60	3.8	15	624	0	6	6	0	0	0	1
7000	313	60	4	8	95	0	3	3	0	0	0	1
7000	314	60	3	367	0	0	0.0	0.0	0.0	0.0	0.0	0
7000	314	60	3.2	178	0	0	0.0	0.0	0.0	0.0	0.0	0
7000	314	60	3.4	79	14123	1	36.25	37	0.44	0.03	0.17	1
7000	314	60	3.6	39	13083	0	12	12	0.22	0.02	0	1
7000	314	60	3.8	25	7553	0	6	6	0.09	0.01	0	1
7000	314	60	4	16	1121	0	5	5	0.01	0	0	1
7000	315	60	3	369	0	0	0.0	0.0	0.0	0.0	0.0	0
7000	315	60	3.2	160	0	0	0.0	0.0	0.0	0.0	0.0	0
7000	315	60	3.4	70	22094	0	33	33	0.92	0.04	0	1
7000	315	60	3.6	39	19622	0	12	12	0.36	0.02	0.15	1
7000	315	60	3.8	22	4777	0	6	6	0.03	0.01	0	1
7000	315	60	4	16	1919	0	4	4	0.01	0	0	1
7000	316	60	3	426	0	0	0.0	0.0	0.0	0.0	0.0	0
7000	316	60	3.2	174	0	0	0.0	0.0	0.0	0.0	0.0	0
7000	316	60	3.4	85	4377	1	50.4	51	0.13	0	0.03	1
7000	316	60	3.6	38	3359	0	15	15	0.05	0	0	1
7000	316	60	3.8	20	920	0	7	7	0	0	0	1
7000	316	60	4	6	31	0	3	3	0	0	0	1
7000	317	60	3	577	0	0	0.0	0.0	0.0	0.0	0.0	0
7000	317	60	3.2	253	0	0	0.0	0.0	0.0	0.0	0.0	0
7000	317	60	3.4	100	2549	0	72	72	0.14	0	0	1
7000	317	60	3.6	42	2945	0	22	22	0.05	0	0	1
7000	317	60	3.8	22	2088	0	7	7	0.01	0.01	0.01	1
7000	317	60	4	14	957	0	4	4	0.01	0	0	1
7000	318	60	3	434	0	0	0.0	0.0	0.0	0.0	0.0	0
7000	318	60	3.2	184	0	0	0.0	0.0	0.0	0.0	0.0	0
7000	318	60	3.4	77	3056	0	46	46	0.1	0.01	0	1
7000	318	60	3.6	39	1896	0	17	17	0.05	0	0.01	1
7000	318	60	3.8	19	452	0	9	9	0	0	0	1
7000	318	60	4	11	169	0	4	4	0	0	0	1
7000	319	60	3	404	0	0	0.0	0.0	0.0	0.0	0.0	0
7000	319	60	3.2	156	0	0	0.0	0.0	0.0	0.0	0.0	0
7000	319	60	3.4	70	2649	0	37	37	0.07	0	0.02	1
7000	319	60	3.6	31	1658	1	10.5	11	0.02	0.01	0.03	1
7000	319	60	3.8	19	451	0	6	6	0	0	0.01	1
7000	319	60	4	10	119	0	4	4	0	0	0	1
7000	320	60	3	467	0	0	0.0	0.0	0.0	0.0	0.0	0
7000	320	60	3.2	192	0	0	0.0	0.0	0.0	0.0	0.0	0
7000	320	60	3.4	79	3531	0	45	45	0.13	0	0.03	1
7000	320	60	3.6	43	2831	0	22	22	0.04	0.01	0.02	1
7000	320	60	3.8	21	1035	0	7	7	0.01	0	0	1
7000	320	60	4	10	329	0	3	3	0	0	0	1
7000	321	60	3	440	0	0	0.0	0.0	0.0	0.0	0.0	0
7000	321	60	3.2	174	0	0	0.0	0.0	0.0	0.0	0.0	0
7000	321	60	3.4	86	10051	0	55	55	0.95	0.02	0	1
7000	321	60	3.6	43	11469	0	22	22	0.47	0.01	0	1
7000	321	60	3.8	27	6529	0	11	11	0.11	0.01	0	1
7000	321	60	4	17	2716	0	4	4	0.02	0	0	1
7000	322	60	3	440	0	0	0.0	0.0	0.0	0.0	0.0	0
7000	322	60	3.2	197	0	0	0.0	0.0	0.0	0.0	0.0	0
7000	322	60	3.4	99	6020	1	55.6667	56	0.32	0.01	0.08	1
7000	322	60	3.6	43	4258	1	17.75	18	0.08	0	0.05	1
7000	322	60	3.8	26	2540	0	9	9	0.03	0	0	1
7000	322	60	4	14	545	0	6	6	0	0	0	1
7000	323	60	3	510	0	0	0.0	0.0	0.0	0.0	0.0	0
7000	323	60	3.2	236	0	0	0.0	0.0	0.0	0.0	0.0	0
7000	323	60	3.4	96	8351	0	64	64	0.36	0.02	0.08	1
7000	323	60	3.6	42	7782	0	17	17	0.29	0.02	0	1
7000	323	60	3.8	26	2140	0	9	9	0.02	0.01	0	1
7000	323	60	4	12	356	0	4	4	0	0	0	1
7000	324	60	3	444	0	0	0.0	0.0	0.0	0.0	0.0	0
7000	324	60	3.2	190	0	0	0.0	0.0	0.0	0.0	0.0	0
7000	324	60	3.4	79	6225	0	52	52	0.34	0.01	0.04	1
7000	324	60	3.6	33	7650	0	15	15	0.16	0.01	0.1	1
7000	324	60	3.8	18	9418	0	3	3	0.08	0.02	0.08	1
7000	324	60	4	16	4792	0	3	3	0.03	0.01	0.03	1
7000	325	60	3	437	0	0	0.0	0.0	0.0	0.0	0.0	0
7000	325	60	3.2	184	0	0	0.0	0.0	0.0	0.0	0.0	0
7000	325	60	3.4	79	4394	1	45.425	46	0.21	0	0.07	1
7000	325	60	3.6	39	2721	0	16	16	0.05	0.01	0	1
7000	325	60	3.8	21	1252	0	7	7	0.01	0	0	1
7000	325	60	4	10	197	0	3	3	0	0	0	1
7000	326	60	3	433	0	0	0.0	0.0	0.0	0.0	0.0	0
7000	326	60	3.2	171	0	0	0.0	0.0	0.0	0.0	0.0	0
7000	326	60	3.4	78	6660	0	44	44	0.22	0	0.05	1
7000	326	60	3.6	39	6256	0	16	16	0.16	0	0	1
7000	326	60	3.8	21	2997	0	5	5	0.02	0	0	1
7000	326	60	4	15	1945	0	4	4	0.01	0	0	1
7000	327	60	3	398	0	0	0.0	0.0	0.0	0.0	0.0	0
7000	327	60	3.2	186	0	0	0.0	0.0	0.0	0.0	0.0	0
7000	327	60	3.4	88	9318	0	51	51	0.19	0.01	0.05	1
7000	327	60	3.6	41	11519	1	16	16	0.15	0.01	0.07	1
7000	327	60	3.8	25	5772	0	8	8	0.05	0.01	0	1
7000	327	60	4	14	977	0	3	3	0	0	0	1
7000	328	60	3	404	0	0	0.0	0.0	0.0	0.0	0.0	0
7000	328	60	3.2	160	0	0	0.0	0.0	0.0	0.0	0.0	0
7000	328	60	3.4	79	7170	1	47.3333	48	0.21	0	0.07	1
7000	328	60	3.6	36	5700	0	13	13	0.08	0.01	0	1
7000	328	60	3.8	18	2827	0	4	4	0.01	0	0	1
7000	328	60	4	10	639	0	2	2	0	0	0	1
7000	329	60	3	493	0	0	0.0	0.0	0.0	0.0	0.0	0
7000	329	60	3.2	207	0	0	0.0	0.0	0.0	0.0	0.0	0
7000	329	60	3.4	103	4327	0	63	63	0.19	0	0.03	1
7000	329	60	3.6	50	3615	0	30	30	0.09	0	0	1
7000	329	60	3.8	25	2066	0	12	12	0.02	0	0	1
7000	329	60	4	15	467	0	7	7	0	0	0	1
7000	330	60	3	409	0	0	0.0	0.0	0.0	0.0	0.0	0
7000	330	60	3.2	179	0	0	0.0	0.0	0.0	0.0	0.0	0
7000	330	60	3.4	86	16540	0	45	45	0.48	0.02	0	1
7000	330	60	3.6	42	10268	0	16	16	0.16	0	0	1
7000	330	60	3.8	18	1835	0	5	5	0.01	0	0	1
7000	330	60	4	11	512	1	2.5	3	0	0	0	1
7000	331	60	3	433	0	0	0.0	0.0	0.0	0.0	0.0	0
7000	331	60	3.2	174	0	0	0.0	0.0	0.0	0.0	0.0	0
7000	331	60	3.4	81	10507	0	49	49	0.49	0.01	0	1
7000	331	60	3.6	41	15681	0	17	17	0.26	0.02	0	1
7000	331	60	3.8	19	6901	0	4	4	0.04	0.01	0	1
7000	331	60	4	15	3222	0	3	3	0.03	0	0	1
7000	332	60	3	447	0	0	0.0	0.0	0.0	0.0	0.0	0
7000	332	60	3.2	189	0	0	0.0	0.0	0.0	0.0	0.0	0
7000	332	60	3.4	82	4251	0	42	42	0.11	0.01	0	1
7000	332	60	3.6	38	2667	0	16	16	0.04	0	0	1
7000	332	60	3.8	19	1196	0	6	6	0.01	0	0	1
7000	332	60	4	10	207	0	3	3	0	0	0	1
7000	333	60	3	426	0	0	0.0	0.0	0.0	0.0	0.0	0
7000	333	60	3.2	194	0	0	0.0	0.0	0.0	0.0	0.0	0
7000	333	60	3.4	77	4803	0	42	42	0.09	0.01	0	1
7000	333	60	3.6	42	3528	0	16	16	0.07	0	0.02	1
7000	333	60	3.8	19	1533	0	7	7	0.01	0	0.01	1
7000	333	60	4	12	217	0	5	5	0	0	0	1
7000	334	60	3	415	0	0	0.0	0.0	0.0	0.0	0.0	0
7000	334	60	3.2	182	0	0	0.0	0.0	0.0	0.0	0.0	0
7000	334	60	3.4	75	2852	0	41	41	0.11	0.01	0.01	1
7000	334	60	3.6	34	1892	0	16	16	0.03	0	0	1
7000	334	60	3.8	15	521	1	4.33333	5	0	0	0.01	1
7000	334	60	4	7	63	0	2	2	0	0	0	1
7000	335	60	3	405	0	0	0.0	0.0	0.0	0.0	0.0	0
7000	335	60	3.2	182	0	0	0.0	0.0	0.0	0.0	0.0	0
7000	335	60	3.4	84	6689	0	43	43	0.24	0.01	0.04	1
7000	335	60	3.6	44	5225	1	15.5	16	0.13	0.01	0.07	1
7000	335	60	3.8	22	1197	0	8	8	0.02	0	0.02	1
7000	335	60	4	11	194	0	4	4	0	0	0	1
7000	336	60	3	404	0	0	0.0	0.0	0.0	0.0	0.0	0
7000	336	60	3.2	165	0	0	0.0	0.0	0.0	0.0	0.0	0
7000	336	60	3.4	68	9203	0	37	37	0.4	0.03	0	1
7000	336	60	3.6	36	8613	0	11	11	0.15	0.01	0.04	1
7000	336	60	3.8	20	3218	0	5	5	0.02	0	0.03	1
7000	336	60	4	12	1074	0	3	3	0	0	0.01	1
7000	337	60	3	441	0	0	0.0	0.0	0.0	0.0	0.0	0
7000	337	60	3.2	174	0	0	0.0	0.0	0.0	0.0	0.0	0
7000	337	60	3.4	78	4605	0	47	47	0.08	0	0.03	1
7000	337	60	3.6	37	4414	0	14	14	0.05	0.01	0	1
7000	337	60	3.8	18	706	0	6	6	0	0	0	1
7000	337	60	4	8	74	0	3	3	0	0	0	1
7000	338	60	3	414	0	0	0.0	0.0	0.0	0.0	0.0	0
7000	338	60	3.2	192	0	0	0.0	0.0	0.0	0.0	0.0	0
7000	338	60	3.4	85	7157	0	51	51	0.27	0.01	0	1
7000	338	60	3.6	38	5965	0	17	17	0.1	0	0	1
7000	338	60	3.8	18	2419	0	6	6	0.02	0	0	1
7000	338	60	4	13	951	0	4	4	0.01	0	0	1
7000	339	60	3	438	0	0	0.0	0.0	0.0	0.0	0.0	0
7000	339	60	3.2	180	0	0	0.0	0.0	0.0	0.0	0.0	0
7000	339	60	3.4	86	3612	0	50	50	0.14	0.01	0.02	1
7000	339	60	3.6	45	2853	0	24	24	0.05	0	0	1
7000	339	60	3.8	20	2089	0	7	7	0.03	0	0	1
7000	339	60	4	12	378	0	4	4	0	0	0	1
7000	340	60	3	443	0	0	0.0	0.0	0.0	0.0	0.0	0
7000	340	60	3.2	184	0	0	0.0	0.0	0.0	0.0	0.0	0
7000	340	60	3.4	77	6981	1	44.6667	45	0.26	0.01	0.05	1
7000	340	60	3.6	42	6038	1	18.3333	19	0.14	0	0.08	1
7000	340	60	3.8	22	3778	0	7	7	0.03	0.01	0.01	1
7000	340	60	4	14	835	0	6	6	0	0	0	1
7000	341	60	3	450	0	0	0.0	0.0	0.0	0.0	0.0	0
7000	341	60	3.2	201	0	0	0.0	0.0	0.0	0.0	0.0	0
7000	341	60	3.4	92	7226	0	53	53	0.24	0.01	0	1
7000	341	60	3.6	44	8384	1	15.5	16	0.32	0.01	0.12	1
7000	341	60	3.8	24	4025	0	8	8	0.03	0	0	1
7000	341	60	4	12	318	0	4	4	0	0	0	1
7000	342	60	3	373	0	0	0.0	0.0	0.0	0.0	0.0	0
7000	342	60	3.2	162	0	0	0.0	0.0	0.0	0.0	0.0	0
7000	342	60	3.4	82	10116	0	40	40	0.26	0.01	0	1
7000	342	60	3.6	39	8446	0	14	14	0.1	0.01	0.04	1
7000	342	60	3.8	21	4137	0	6	6	0.03	0	0.02	1
7000	342	60	4	12	839	0	3	3	0	0	0	1
7000	343	60	3	475	0	0	0.0	0.0	0.0	0.0	0.0	0
7000	343	60	3.2	228	0	0	0.0	0.0	0.0	0.0	0.0	0
7000	343	60	3.4	99	6272	0	73	73	0.24	0	0	1
7000	343	60	3.6	49	6923	0	28	28	0.14	0.01	0	1
7000	343	60	3.8	26	1756	0	14	14	0.01	0.01	0	1
7000	343	60	4	14	902	0	4	4	0	0	0	1
7000	344	60	3	402	0	0	0.0	0.0	0.0	0.0	0.0	0
7000	344	60	3.2	162	0	0	0.0	0.0	0.0	0.0	0.0	0
7000	344	60	3.4	89	7411	0	55	55	0.17	0.01	0	1
7000	344	60	3.6	39	5097	0	17	17	0.05	0.01	0	1
7000	344	60	3.8	17	872	0	6	6	0	0	0	1
7000	344	60	4	10	251	0	3	3	0	0	0	1
7000	345	60	3	433	0	0	0.0	0.0	0.0	0.0	0.0	0
7000	345	60	3.2	185	0	0	0.0	0.0	0.0	0.0	0.0	0
7000	345	60	3.4	74	2840	0	46	46	0.09	0	0	1
7000	345	60	3.6	33	3191	0	11	11	0.05	0	0.02	1
7000	345	60	3.8	19	1926	0	6	6	0.02	0.01	0	1
7000	345	60	4	13	824	0	4	4	0	0	0	1
7000	346	60	3	417	0	0	0.0	0.0	0.0	0.0	0.0	0
7000	346	60	3.2	185	0	0	0.0	0.0	0.0	0.0	0.0	0
7000	346	60	3.4	86	7345	0	46	46	0.17	0.01	0	1
7000	346	60	3.6	45	7561	0	17	17	0.1	0.01	0	1
7000	346	60	3.8	23	1638	1	8.5	9	0.03	0.01	0.02	1
7000	346	60	4	12	169	0	5	5	0	0	0	1
7000	347	60	3	420	0	0	0.0	0.0	0.0	0.0	0.0	0
7000	347	60	3.2	171	0	0	0.0	0.0	0.0	0.0	0.0	0
7000	347	60	3.4	67	2606	1	38.8571	39	0.07	0	0.07	1
7000	347	60	3.6	31	2345	0	10	10	0.02	0.01	0	1
7000	347	60	3.8	13	479	1	3.5	4	0	0	0.01	1
7000	347	60	4	6	34	0	2	2	0	0	0	1
7000	348	60	3	415	0	0	0.0	0.0	0.0	0.0	0.0	0
7000	348	60	3.2	182	0	0	0.0	0.0	0.0	0.0	0.0	0
7000	348	60	3.4	92	7769	0	47	47	0.16	0.01	0	1
7000	348	60	3.6	52	5211	1	20.5	21	0.08	0	0.04	1
7000	348	60	3.8	23	2084	0	7	7	0.01	0	0	1
7000	348	60	4	13	203	0	5	5	0	0	0	1
7000	349	60	3	432	0	0	0.0	0.0	0.0	0.0	0.0	0
7000	349	60	3.2	203	0	0	0.0	0.0	0.0	0.0	0.0	0
7000	349	60	3.4	106	5977	1	70.5	71	0.27	0.01	0.04	1
7000	349	60	3.6	42	4071	1	22.5	23	0.06	0.01	0.03	1
7000	349	60	3.8	24	2076	0	9	9	0.01	0.01	0.01	1
7000	349	60	4	13	609	0	3	3	0	0	0	1
7000	350	60	3	453	0	0	0.0	0.0	0.0	0.0	0.0	0
7000	350	60	3.2	180	0	0	0.0	0.0	0.0	0.0	0.0	0
7000	350	60	3.4	84	3560	0	53	53	0.1	0	0.01	1
7000	350	60	3.6	39	3436	0	16	16	0.06	0	0.02	1
7000	350	60	3.8	21	1199	0	9	9	0.01	0	0.01	1
7000	350	60	4	12	331	0	5	5	0	0	0	1
7000	351	60	3	420	0	0	0.0	0.0	0.0	0.0	0.0	0
7000	351	60	3.2	178	0	0	0.0	0.0	0.0	0.0	0.0	0
7000	351	60	3.4	76	15572	0	35	35	0.37	0.02	0	1
7000	351	60	3.6	41	16139	0	11	11	0.2	0.02	0.1	1
7000	351	60	3.8	29	5135	0	10	10	0.1	0.01	0	1
7000	351	60	4	13	819	0	4	4	0	0	0	1
7000	352	60	3	475	0	0	0.0	0.0	0.0	0.0	0.0	0
7000	352	60	3.2	194	0	0	0.0	0.0	0.0	0.0	0.0	0
7000	352	60	3.4	96	2720	0	61	61	0.11	0	0	1
7000	352	60	3.6	49	2073	0	25	25	0.06	0	0	1
7000	352	60	3.8	19	260	0	9	9	0	0	0	1
7000	352	60	4	10	83	0	5	5	0	0	0	1
7000	353	60	3	406	0	0	0.0	0.0	0.0	0.0	0.0	0
7000	353	60	3.2	165	0	0	0.0	0.0	0.0	0.0	0.0	0
7000	353	60	3.4	86	9186	0	44	44	0.25	0.01	0.1	1
7000	353	60	3.6	41	9725	0	16	16	0.15	0.01	0.06	1
7000	353	60	3.8	19	1084	0	6	6	0.01	0	0.01	1
7000	353	60	4	6	47	0	2	2	0	0	0	1
7000	354	60	3	434	0	0	0.0	0.0	0.0	0.0	0.0	0
7000	354	60	3.2	185	0	0	0.0	0.0	0.0	0.0	0.0	0
7000	354	60	3.4	82	3365	0	44	44	0.1	0.01	0.01	1
7000	354	60	3.6	33	2921	0	15	15	0.07	0	0	1
7000	354	60	3.8	23	1908	0	8	8	0.01	0	0	1
7000	354	60	4	14	360	0	5	5	0	0	0	1
7000	355	60	3	430	0	0	0.0	0.0	0.0	0.0	0.0	0
7000	355	60	3.2	184	0	0	0.0	0.0	0.0	0.0	0.0	0
7000	355	60	3.4	96	25437	0	46	46	0.99	0.03	0.13	1
7000	355	60	3.6	51	27516	0	20	20	0.58	0.04	0.52	1
7000	355	60	3.8	27	17726	0	7	7	0.17	0.02	0.1	1
7000	355	60	4	16	2978	0	3	3	0.01	0.01	0.01	1
7000	356	60	3	434	0	0	0.0	0.0	0.0	0.0	0.0	0
7000	356	60	3.2	181	0	0	0.0	0.0	0.0	0.0	0.0	0
7000	356	60	3.4	78	5385	0	46	46	0.11	0.01	0.02	1
7000	356	60	3.6	40	4982	0	16	16	0.04	0	0.03	1
7000	356	60	3.8	19	2079	0	7	7	0.01	0	0	1
7000	356	60	4	12	914	1	2.5	3	0	0	0.01	1
7000	357	60	3	480	0	0	0.0	0.0	0.0	0.0	0.0	0
7000	357	60	3.2	220	0	0	0.0	0.0	0.0	0.0	0.0	0
7000	357	60	3.4	103	5359	0	60	60	0.16	0.01	0	1
7000	357	60	3.6	48	3294	1	21	21	0.05	0	0.02	1
7000	357	60	3.8	23	2147	0	10	10	0.01	0.01	0	1
7000	357	60	4	12	439	0	4	4	0	0	0	1
7000	358	60	3	420	0	0	0.0	0.0	0.0	0.0	0.0	0
7000	358	60	3.2	199	0	0	0.0	0.0	0.0	0.0	0.0	0
7000	358	60	3.4	100	22811	0	60	60	0.88	0.03	0.11	1
7000	358	60	3.6	51	24743	0	22	22	0.49	0.03	0.13	1
7000	358	60	3.8	27	12140	0	7	7	0.12	0.01	0	1
7000	358	60	4	18	3701	0	4	4	0.02	0	0	1
7000	359	60	3	388	0	0	0.0	0.0	0.0	0.0	0.0	0
7000	359	60	3.2	169	0	0	0.0	0.0	0.0	0.0	0.0	0
7000	359	60	3.4	79	26040	0	40	40	0.58	0.04	0.13	1
7000	359	60	3.6	38	23411	1	13	13	0.26	0.03	0.16	1
7000	359	60	3.8	22	22768	0	6	6	0.12	0.02	0.16	1
7000	359	60	4	17	6979	0	4	4	0.03	0	0	1
7000	360	60	3	445	0	0	0.0	0.0	0.0	0.0	0.0	0
7000	360	60	3.2	193	0	0	0.0	0.0	0.0	0.0	0.0	0
7000	360	60	3.4	87	3539	0	65	65	0.1	0	0	1
7000	360	60	3.6	41	3308	0	25	25	0.05	0	0	1
7000	360	60	3.8	19	1615	0	8	8	0.01	0	0	1
7000	360	60	4	12	479	0	5	5	0	0	0	1
7000	361	60	3	441	0	0	0.0	0.0	0.0	0.0	0.0	0
7000	361	60	3.2	195	0	0	0.0	0.0	0.0	0.0	0.0	0
7000	361	60	3.4	84	5168	1	48.5	49	0.14	0.01	0.04	1
7000	361	60	3.6	39	5011	0	15	15	0.05	0.01	0.01	1
7000	361	60	3.8	23	1719	1	8	8	0.01	0	0.01	1
7000	361	60	4	11	375	0	4	4	0	0	0	1
7000	362	60	3	403	0	0	0.0	0.0	0.0	0.0	0.0	0
7000	362	60	3.2	189	0	0	0.0	0.0	0.0	0.0	0.0	0
7000	362	60	3.4	80	5044	0	39	39	0.1	0.01	0.03	1
7000	362	60	3.6	36	2583	0	15	15	0.03	0	0	1
7000	362	60	3.8	16	842	0	6	6	0	0	0	1
7000	362	60	4	9	167	0	3	3	0	0	0	1
7000	363	60	3	454	0	0	0.0	0.0	0.0	0.0	0.0	0
7000	363	60	3.2	196	0	0	0.0	0.0	0.0	0.0	0.0	0
7000	363	60	3.4	88	5022	0	56	56	0.12	0	0	1
7000	363	60	3.6	40	4843	0	17	17	0.04	0	0	1
7000	363	60	3.8	25	2286	0	10	10	0.01	0	0	1
7000	363	60	4	12	523	0	3	3	0	0	0	1
7000	364	60	3	444	0	0	0.0	0.0	0.0	0.0	0.0	0
7000	364	60	3.2	188	0	0	0.0	0.0	0.0	0.0	0.0	0
7000	364	60	3.4	96	7476	0	52	52	0.31	0.02	0	1
7000	364	60	3.6	51	6315	1	20	20	0.16	0.01	0.04	1
7000	364	60	3.8	25	768	0	13	13	0	0	0	1
7000	364	60	4	13	207	0	7	7	0	0	0	1
7000	365	60	3	387	0	0	0.0	0.0	0.0	0.0	0.0	0
7000	365	60	3.2	169	0	0	0.0	0.0	0.0	0.0	0.0	0
7000	365	60	3.4	77	5012	1	38.1667	39	0.14	0.01	0.04	1
7000	365	60	3.6	36	3392	0	14	14	0.04	0	0.02	1
7000	365	60	3.8	16	595	1	5	5	0	0	0.01	1
7000	365	60	4	7	48	1	2.5	3	0	0	0.02	1
7000	366	60	3	451	0	0	0.0	0.0	0.0	0.0	0.0	0
7000	366	60	3.2	183	0	0	0.0	0.0	0.0	0.0	0.0	0
7000	366	60	3.4	76	2436	0	50	50	0.06	0.01	0	1
7000	366	60	3.6	33	2348	0	16	16	0.02	0.01	0	1
7000	366	60	3.8	18	1222	0	6	6	0	0	0	1
7000	366	60	4	10	202	0	4	4	0	0	0	1
7000	367	60	3	420	0	0	0.0	0.0	0.0	0.0	0.0	0
7000	367	60	3.2	167	0	0	0.0	0.0	0.0	0.0	0.0	0
7000	367	60	3.4	75	1770	0	47	47	0.04	0	0	1
7000	367	60	3.6	28	1509	0	14	14	0.01	0.01	0	1
7000	367	60	3.8	16	760	0	6	6	0	0	0	1
7000	367	60	4	10	112	0	4	4	0	0	0	1
7000	368	60	3	481	0	0	0.0	0.0	0.0	0.0	0.0	0
7000	368	60	3.2	191	0	0	0.0	0.0	0.0	0.0	0.0	0
7000	368	60	3.4	91	4711	0	57	57	0.2	0.01	0	1
7000	368	60	3.6	45	5576	0	19	19	0.18	0.01	0.07	1
7000	368	60	3.8	25	2903	0	9	9	0.03	0.01	0	1
7000	368	60	4	15	852	1	4	4	0	0	0.01	1
7000	369	60	3	433	0	0	0.0	0.0	0.0	0.0	0.0	0
7000	369	60	3.2	213	0	0	0.0	0.0	0.0	0.0	0.0	0
7000	369	60	3.4	99	9692	0	50	50	0.38	0.01	0.06	1
7000	369	60	3.6	55	6617	1	21.5	22	0.19	0.01	0.06	1
7000	369	60	3.8	20	1837	0	6	6	0.01	0	0.01	1
7000	369	60	4	10	575	0	2	2	0	0	0	1
7000	370	60	3	406	0	0	0.0	0.0	0.0	0.0	0.0	0
7000	370	60	3.2	174	0	0	0.0	0.0	0.0	0.0	0.0	0
7000	370	60	3.4	83	7514	0	46	46	0.16	0.01	0	1
7000	370	60	3.6	38	7543	0	14	14	0.08	0.01	0	1
7000	370	60	3.8	20	3633	0	6	6	0.02	0	0.12	1
7000	370	60	4	8	199	1	1.5	2	0	0	0.01	1
7000	371	60	3	452	0	0	0.0	0.0	0.0	0.0	0.0	0
7000	371	60	3.2	187	0	0	0.0	0.0	0.0	0.0	0.0	0
7000	371	60	3.4	86	1212	0	62	62	0.03	0	0	1
7000	371	60	3.6	27	479	0	12	12	0	0	0	1
7000	371	60	3.8	12	108	0	5	5	0	0	0	1
7000	371	60	4	6	29	0	2	2	0	0	0	1
7000	372	60	3	386	0	0	0.0	0.0	0.0	0.0	0.0	0
7000	372	60	3.2	159	0	0	0.0	0.0	0.0	0.0	0.0	0
7000	372	60	3.4	80	17579	0	42	42	0.48	0.01	0	1
7000	372	60	3.6	46	15401	1	19	19	0.27	0.01	0.07	1
7000	372	60	3.8	22	3310	0	5	5	0.02	0.01	0	1
7000	372	60	4	9	210	0	2	2	0	0	0	1
7000	373	60	3	438	0	0	0.0	0.0	0.0	0.0	0.0	0
7000	373	60	3.2	183	0	0	0.0	0.0	0.0	0.0	0.0	0
7000	373	60	3.4	78	6988	0	46	46	0.13	0.01	0.04	1
7000	373	60	3.6	40	8139	0	18	18	0.08	0.01	0	1
7000	373	60	3.8	20	3969	0	6	6	0.02	0.01	0.03	1
7000	373	60	4	9	191	0	3	3	0	0	0	1
7000	374	60	3	438	0	0	0.0	0.0	0.0	0.0	0.0	0
7000	374	60	3.2	184	0	0	0.0	0.0	0.0	0.0	0.0	0
7000	374	60	3.4	85	19579	0	40	40	0.55	0.04	0.13	1
7000	374	60	3.6	57	23024	1	21	21	0.41	0.05	0.19	1
7000	374	60	3.8	30	7916	1	7.75	8	0.11	0.01	0.06	1
7000	374	60	4	17	2240	0	4	4	0.01	0	0	1
7000	375	60	3	465	0	0	0.0	0.0	0.0	0.0	0.0	0
7000	375	60	3.2	199	0	0	0.0	0.0	0.0	0.0	0.0	0
7000	375	60	3.4	107	10533	0	65	65	0.29	0.01	0	1
7000	375	60	3.6	48	13074	0	19	19	0.21	0.02	0	1
7000	375	60	3.8	26	9167	0	6	6	0.09	0.01	0.06	1
7000	375	60	4	17	1770	0	5	5	0.02	0	0	1
7000	376	60	3	482	0	0	0.0	0.0	0.0	0.0	0.0	0
7000	376	60	3.2	202	0	0	0.0	0.0	0.0	0.0	0.0	0
7000	376	60	3.4	97	13105	0	51	51	0.71	0.03	0.08	1
7000	376	60	3.6	51	11669	1	16.5	17	0.32	0.02	0.37	1
7000	376	60	3.8	31	7774	0	10	10	0.15	0.01	0	1
7000	376	60	4	14	813	0	3	3	0	0	0	1
7000	377	60	3	451	0	0	0.0	0.0	0.0	0.0	0.0	0
7000	377	60	3.2	214	0	0	0.0	0.0	0.0	0.0	0.0	0
7000	377	60	3.4	100	17428	0	61	61	1.02	0.02	0	1
7000	377	60	3.6	55	23739	0	30	30	0.74	0.02	0	1
7000	377	60	3.8	28	9653	0	10	10	0.11	0	0	1
7000	377	60	4	18	3292	0	6	6	0.02	0	0	1
7000	378	60	3	430	0	0	0.0	0.0	0.0	0.0	0.0	0
7000	378	60	3.2	177	0	0	0.0	0.0	0.0	0.0	0.0	0
7000	378	60	3.4	67	981	1	42.1111	43	0.02	0	0.02	1
7000	378	60	3.6	25	677	0	10	10	0	0	0	1
7000	378	60	3.8	14	257	0	6	6	0	0	0	1
7000	378	60	4	6	35	0	2	2	0	0	0	1
7000	379	60	3	461	0	0	0.0	0.0	0.0	0.0	0.0	0
7000	379	60	3.2	213	0	0	0.0	0.0	0.0	0.0	0.0	0
7000	379	60	3.4	102	10595	0	61	61	0.45	0.01	0	1
7000	379	60	3.6	49	11033	0	22	22	0.22	0.01	0	1
7000	379	60	3.8	27	3679	0	11	11	0.04	0.01	0	1
7000	379	60	4	15	590	0	5	5	0	0	0	1
7000	380	60	3	392	0	0	0.0	0.0	0.0	0.0	0.0	0
7000	380	60	3.2	169	0	0	0.0	0.0	0.0	0.0	0.0	0
7000	380	60	3.4	77	6962	0	44	44	0.21	0.01	0	1
7000	380	60	3.6	38	3991	0	16	16	0.05	0	0	1
7000	380	60	3.8	17	1218	0	5	5	0.01	0	0	1
7000	380	60	4	8	107	0	2	2	0	0	0	1
7000	381	60	3	459	0	0	0.0	0.0	0.0	0.0	0.0	0
7000	381	60	3.2	184	0	0	0.0	0.0	0.0	0.0	0.0	0
7000	381	60	3.4	76	8078	0	40	40	0.3	0.01	0	1
7000	381	60	3.6	43	11254	1	16	16	0.18	0.01	0.05	1
7000	381	60	3.8	25	7028	0	9	9	0.07	0	0	1
7000	381	60	4	13	1789	1	2.125	3	0.01	0	0.01	1
7000	382	60	3	449	0	0	0.0	0.0	0.0	0.0	0.0	0
7000	382	60	3.2	185	0	0	0.0	0.0	0.0	0.0	0.0	0
7000	382	60	3.4	80	4471	1	43.1579	44	0.11	0.01	0.05	1
7000	382	60	3.6	36	4051	0	14	14	0.04	0	0.02	1
7000	382	60	3.8	23	2191	0	7	7	0.02	0	0	1
7000	382	60	4	10	192	0	3	3	0	0	0	1
7000	383	60	3	362	0	0	0.0	0.0	0.0	0.0	0.0	0
7000	383	60	3.2	165	0	0	0.0	0.0	0.0	0.0	0.0	0
7000	383	60	3.4	80	27997	1	32.4717	33	0.9	0.07	1.43	1
7000	383	60	3.6	46	27734	0	13	13	0.48	0.06	0	1
7000	383	60	3.8	25	8378	0	9	9	0.1	0.01	0	1
7000	383	60	4	14	1035	0	4	4	0	0	0	1
7000	384	60	3	436	0	0	0.0	0.0	0.0	0.0	0.0	0
7000	384	60	3.2	217	0	0	0.0	0.0	0.0	0.0	0.0	0
7000	384	60	3.4	97	10966	0	57	57	0.28	0.01	0.05	1
7000	384	60	3.6	47	12641	0	18	18	0.16	0.01	0	1
7000	384	60	3.8	27	5186	0	9	9	0.05	0	0.02	1
7000	384	60	4	13	421	0	5	5	0	0	0	1
7000	385	60	3	406	0	0	0.0	0.0	0.0	0.0	0.0	0
7000	385	60	3.2	176	0	0	0.0	0.0	0.0	0.0	0.0	0
7000	385	60	3.4	82	3893	0	47	47	0.09	0	0	1
7000	385	60	3.6	44	3991	0	20	20	0.05	0.01	0	1
7000	385	60	3.8	23	1702	0	9	9	0.01	0	0.02	1
7000	385	60	4	15	853	0	5	5	0	0	0	1
7000	386	60	3	453	0	0	0.0	0.0	0.0	0.0	0.0	0
7000	386	60	3.2	207	0	0	0.0	0.0	0.0	0.0	0.0	0
7000	386	60	3.4	111	15634	0	71	71	0.65	0.01	0.08	1
7000	386	60	3.6	51	18366	0	23	23	0.5	0.02	0	1
7000	386	60	3.8	28	9555	0	11	11	0.1	0.01	0	1
7000	386	60	4	16	449	0	8	8	0	0	0	1
7000	387	60	3	394	0	0	0.0	0.0	0.0	0.0	0.0	0
7000	387	60	3.2	181	0	0	0.0	0.0	0.0	0.0	0.0	0
7000	387	60	3.4	86	28804	0	40	40	1.07	0.04	0	1
7000	387	60	3.6	51	22354	0	19	19	0.43	0.03	0	1
7000	387	60	3.8	26	8913	0	7	7	0.07	0	0	1
7000	387	60	4	14	1500	0	3	3	0	0	0.01	1
7000	388	60	3	403	0	0	0.0	0.0	0.0	0.0	0.0	0
7000	388	60	3.2	176	0	0	0.0	0.0	0.0	0.0	0.0	0
7000	388	60	3.4	87	7151	0	47	47	0.16	0	0.04	1
7000	388	60	3.6	42	4970	1	16.6667	17	0.05	0.01	0.23	1
7000	388	60	3.8	18	1577	1	4.5	5	0.01	0	0.02	1
7000	388	60	4	8	105	0	3	3	0	0	0	1
7000	389	60	3	402	0	0	0.0	0.0	0.0	0.0	0.0	0
7000	389	60	3.2	176	0	0	0.0	0.0	0.0	0.0	0.0	0
7000	389	60	3.4	85	21507	0	48	48	0.77	0.02	0.12	1
7000	389	60	3.6	43	23302	0	18	18	0.51	0.04	0	1
7000	389	60	3.8	28	14357	0	9	9	0.19	0.02	0	1
7000	389	60	4	13	799	0	4	4	0	0	0	1
7000	390	60	3	386	0	0	0.0	0.0	0.0	0.0	0.0	0
7000	390	60	3.2	160	0	0	0.0	0.0	0.0	0.0	0.0	0
7000	390	60	3.4	75	21402	1	33.5	34	0.43	0.03	0.26	1
7000	390	60	3.6	40	23638	0	14	14	0.28	0.04	0	1
7000	390	60	3.8	22	12035	0	6	6	0.08	0.01	0.06	1
7000	390	60	4	17	8054	0	3	3	0.05	0.01	0.2	1
7000	391	60	3	431	0	0	0.0	0.0	0.0	0.0	0.0	0
7000	391	60	3.2	183	0	0	0.0	0.0	0.0	0.0	0.0	0
7000	391	60	3.4	96	4188	0	52	52	0.12	0.01	0.01	1
7000	391	60	3.6	53	2566	0	26	26	0.03	0.01	0	1
7000	391	60	3.8	21	1103	0	9	9	0	0	0	1
7000	391	60	4	10	67	0	6	6	0	0	0	1
7000	392	60	3	396	0	0	0.0	0.0	0.0	0.0	0.0	0
7000	392	60	3.2	170	0	0	0.0	0.0	0.0	0.0	0.0	0
7000	392	60	3.4	85	11427	1	41.3333	42	0.34	0.01	0.3	1
7000	392	60	3.6	42	13656	0	17	17	0.24	0.02	0.1	1
7000	392	60	3.8	25	5087	0	8	8	0.05	0	0.03	1
7000	392	60	4	11	503	0	3	3	0	0	0	1
7000	393	60	3	454	0	0	0.0	0.0	0.0	0.0	0.0	0
7000	393	60	3.2	187	0	0	0.0	0.0	0.0	0.0	0.0	0
7000	393	60	3.4	86	4612	0	46	46	0.15	0.01	0.01	1
7000	393	60	3.6	43	3267	0	18	18	0.03	0.01	0	1
7000	393	60	3.8	21	1053	0	7	7	0	0	0.01	1
7000	393	60	4	10	399	0	2	2	0	0	0	1
7000	394	60	3	489	0	0	0.0	0.0	0.0	0.0	0.0	0
7000	394	60	3.2	194	0	0	0.0	0.0	0.0	0.0	0.0	0
7000	394	60	3.4	96	5079	0	68	68	0.1	0.01	0	1
7000	394	60	3.6	42	6403	0	19	19	0.07	0.01	0.04	1
7000	394	60	3.8	22	3016	0	7	7	0.02	0	0	1
7000	394	60	4	12	843	0	3	3	0	0	0.01	1
7000	395	60	3	451	0	0	0.0	0.0	0.0	0.0	0.0	0
7000	395	60	3.2	191	0	0	0.0	0.0	0.0	0.0	0.0	0
7000	395	60	3.4	81	2643	0	47	47	0.1	0.01	0.01	1
7000	395	60	3.6	41	1998	0	20	20	0.03	0	0.01	1
7000	395	60	3.8	16	700	0	5	5	0	0	0	1
7000	395	60	4	6	47	0	2	2	0	0	0	1
7000	396	60	3	486	0	0	0.0	0.0	0.0	0.0	0.0	0
7000	396	60	3.2	207	0	0	0.0	0.0	0.0	0.0	0.0	0
7000	396	60	3.4	97	4690	0	62	62	0.22	0	0	1
7000	396	60	3.6	50	3489	0	29	29	0.08	0	0	1
7000	396	60	3.8	21	884	0	9	9	0.01	0	0	1
7000	396	60	4	10	287	0	3	3	0	0	0	1
7000	397	60	3	422	0	0	0.0	0.0	0.0	0.0	0.0	0
7000	397	60	3.2	174	0	0	0.0	0.0	0.0	0.0	0.0	0
7000	397	60	3.4	68	3150	0	42	42	0.09	0	0	1
7000	397	60	3.6	28	2996	1	10.6364	11	0.03	0	0.02	1
7000	397	60	3.8	17	1403	0	4	4	0	0.01	0	1
7000	397	60	4	9	127	0	4	4	0	0	0	1
7000	398	60	3	394	0	0	0.0	0.0	0.0	0.0	0.0	0
7000	398	60	3.2	190	0	0	0.0	0.0	0.0	0.0	0.0	0
7000	398	60	3.4	78	5265	0	42	42	0.19	0.01	0	1
7000	398	60	3.6	37	3897	1	14.5	15	0.06	0	0.04	1
7000	398	60	3.8	15	1044	0	5	5	0	0	0	1
7000	398	60	4	9	383	0	2	2	0	0	0	1
7000	399	60	3	421	0	0	0.0	0.0	0.0	0.0	0.0	0
7000	399	60	3.2	181	0	0	0.0	0.0	0.0	0.0	0.0	0
7000	399	60	3.4	92	8541	1	54.5	55	0.26	0.01	0.09	1
7000	399	60	3.6	42	8872	0	22	22	0.09	0.01	0	1
7000	399	60	3.8	22	6374	0	8	8	0.04	0.01	0	1
7000	399	60	4	12	740	0	3	3	0	0	0	1
7000	400	60	3	387	0	0	0.0	0.0	0.0	0.0	0.0	0
7000	400	60	3.2	183	0	0	0.0	0.0	0.0	0.0	0.0	0
7000	400	60	3.4	92	10237	0	55	55	0.34	0.01	0	1
7000	400	60	3.6	50	8029	0	28	28	0.2	0	0	1
7000	400	60	3.8	28	1222	0	15	15	0.02	0	0	1
7000	400	60	4	14	199	0	7	7	0	0	0	1
7000	401	60	3	451	0	0	0.0	0.0	0.0	0.0	0.0	0
7000	401	60	3.2	190	0	0	0.0	0.0	0.0	0.0	0.0	0
7000	401	60	3.4	86	2270	0	56	56	0.18	0	0	1
7000	401	60	3.6	32	1973	0	14	14	0.02	0	0	1
7000	401	60	3.8	19	1024	0	7	7	0.01	0	0	1
7000	401	60	4	11	299	0	4	4	0	0	0	1
7000	402	60	3	474	0	0	0.0	0.0	0.0	0.0	0.0	0
7000	402	60	3.2	192	0	0	0.0	0.0	0.0	0.0	0.0	0
7000	402	60	3.4	83	2097	0	56	56	0.08	0	0.01	1
7000	402	60	3.6	34	1975	0	16	16	0.02	0	0	1
7000	402	60	3.8	21	786	0	9	9	0	0	0	1
7000	402	60	4	10	87	0	5	5	0	0	0	1
7000	403	60	3	373	0	0	0.0	0.0	0.0	0.0	0.0	0
7000	403	60	3.2	170	0	0	0.0	0.0	0.0	0.0	0.0	0
7000	403	60	3.4	81	13655	0	45	45	0.42	0.01	0.06	1
7000	403	60	3.6	39	11530	0	20	20	0.14	0.01	0.08	1
7000	403	60	3.8	25	5053	0	10	10	0.04	0.01	0	1
7000	403	60	4	10	205	0	4	4	0	0	0	1
7000	404	60	3	518	0	0	0.0	0.0	0.0	0.0	0.0	0
7000	404	60	3.2	216	0	0	0.0	0.0	0.0	0.0	0.0	0
7000	404	60	3.4	103	12795	0	65	65	0.44	0.01	0	1
7000	404	60	3.6	54	14004	0	25	25	0.3	0.02	0	1
7000	404	60	3.8	32	12388	0	12	12	0.2	0	0	1
7000	404	60	4	22	4091	1	7.5	8	0.03	0	0.17	1
7000	405	60	3	470	0	0	0.0	0.0	0.0	0.0	0.0	0
7000	405	60	3.2	197	0	0	0.0	0.0	0.0	0.0	0.0	0
7000	405	60	3.4	89	2569	0	56	56	0.07	0	0	1
7000	405	60	3.6	43	3035	0	20	20	0.04	0	0.01	1
7000	405	60	3.8	20	1907	0	6	6	0.01	0	0.04	1
7000	405	60	4	13	797	0	4	4	0	0	0	1
7000	406	60	3	470	0	0	0.0	0.0	0.0	0.0	0.0	0
7000	406	60	3.2	196	0	0	0.0	0.0	0.0	0.0	0.0	0
7000	406	60	3.4	83	1210	0	51	51	0.03	0.01	0	1
7000	406	60	3.6	37	770	0	17	17	0	0	0	1
7000	406	60	3.8	20	334	0	10	10	0	0	0	1
7000	406	60	4	11	92	0	5	5	0	0	0	1
7000	407	60	3	424	0	0	0.0	0.0	0.0	0.0	0.0	0
7000	407	60	3.2	171	0	0	0.0	0.0	0.0	0.0	0.0	0
7000	407	60	3.4	76	4285	0	45	45	0.18	0	0	1
7000	407	60	3.6	37	6122	0	19	19	0.16	0	0	1
7000	407	60	3.8	19	3318	0	7	7	0.02	0	0	1
7000	407	60	4	10	287	0	3	3	0	0	0	1
7000	408	60	3	426	0	0	0.0	0.0	0.0	0.0	0.0	0
7000	408	60	3.2	181	0	0	0.0	0.0	0.0	0.0	0.0	0
7000	408	60	3.4	90	7772	0	65	65	0.3	0.01	0	1
7000	408	60	3.6	41	8427	0	23	23	0.13	0.01	0	1
7000	408	60	3.8	20	4308	0	7	7	0.04	0.01	0	1
7000	408	60	4	14	879	0	4	4	0	0	0	1
7000	409	60	3	473	0	0	0.0	0.0	0.0	0.0	0.0	0
7000	409	60	3.2	176	0	0	0.0	0.0	0.0	0.0	0.0	0
7000	409	60	3.4	72	4041	1	40.3333	41	0.07	0.01	0.04	1
7000	409	60	3.6	37	4083	1	13.6667	14	0.04	0.01	0.16	1
7000	409	60	3.8	22	2095	1	5.5	6	0.01	0	0.06	1
7000	409	60	4	12	240	0	4	4	0	0	0	1
7000	410	60	3	429	0	0	0.0	0.0	0.0	0.0	0.0	0
7000	410	60	3.2	179	0	0	0.0	0.0	0.0	0.0	0.0	0
7000	410	60	3.4	87	4071	1	52.5	53	0.12	0	0.04	1
7000	410	60	3.6	35	3006	0	15	15	0.03	0	0	1
7000	410	60	3.8	19	1556	0	5	5	0.01	0	0	1
7000	410	60	4	11	517	0	3	3	0	0	0	1
7000	411	60	3	450	0	0	0.0	0.0	0.0	0.0	0.0	0
7000	411	60	3.2	199	0	0	0.0	0.0	0.0	0.0	0.0	0
7000	411	60	3.4	101	22133	0	48	48	0.96	0.03	0.11	1
7000	411	60	3.6	60	17484	0	22	22	0.41	0.03	0.12	1
7000	411	60	3.8	32	8344	0	12	12	0.11	0.01	0	1
7000	411	60	4	13	640	0	4	4	0	0	0	1
7000	412	60	3	444	0	0	0.0	0.0	0.0	0.0	0.0	0
7000	412	60	3.2	184	0	0	0.0	0.0	0.0	0.0	0.0	0
7000	412	60	3.4	82	4174	0	48	48	0.16	0.01	0	1
7000	412	60	3.6	36	2615	0	16	16	0.04	0	0.02	1
7000	412	60	3.8	22	1426	0	10	10	0.01	0	0	1
7000	412	60	4	10	123	0	3	3	0	0	0	1
7000	413	60	3	481	0	0	0.0	0.0	0.0	0.0	0.0	0
7000	413	60	3.2	194	0	0	0.0	0.0	0.0	0.0	0.0	0
7000	413	60	3.4	93	6381	0	59	59	0.22	0	0.03	1
7000	413	60	3.6	47	4896	0	22	22	0.08	0	0.03	1
7000	413	60	3.8	20	1947	0	6	6	0.01	0	0	1
7000	413	60	4	7	34	0	3	3	0	0	0	1
7000	414	60	3	383	0	0	0.0	0.0	0.0	0.0	0.0	0
7000	414	60	3.2	176	0	0	0.0	0.0	0.0	0.0	0.0	0
7000	414	60	3.4	89	14956	0	40	40	0.48	0.03	0.1	1
7000	414	60	3.6	53	8348	0	22	22	0.18	0.01	0	1
7000	414	60	3.8	21	1832	0	7	7	0.02	0	0.01	1
7000	414	60	4	12	647	0	4	4	0	0	0	1
7000	415	60	3	402	0	0	0.0	0.0	0.0	0.0	0.0	0
7000	415	60	3.2	169	0	0	0.0	0.0	0.0	0.0	0.0	0
7000	415	60	3.4	82	8017	0	41	41	0.29	0.01	0.03	1
7000	415	60	3.6	38	5362	0	12	12	0.06	0.01	0.03	1
7000	415	60	3.8	18	754	0	6	6	0	0	0	1
7000	415	60	4	8	59	0	3	3	0	0	0	1
7000	416	60	3	435	0	0	0.0	0.0	0.0	0.0	0.0	0
7000	416	60	3.2	193	0	0	0.0	0.0	0.0	0.0	0.0	0
7000	416	60	3.4	85	3466	0	46	46	0.11	0	0	1
7000	416	60	3.6	47	3553	0	22	22	0.08	0	0	1
7000	416	60	3.8	23	1096	0	9	9	0.01	0	0	1
7000	416	60	4	15	450	0	5	5	0	0	0	1
7000	417	60	3	437	0	0	0.0	0.0	0.0	0.0	0.0	0
7000	417	60	3.2	198	0	0	0.0	0.0	0.0	0.0	0.0	0
7000	417	60	3.4	83	4629	0	42	42	0.25	0	0	1
7000	417	60	3.6	45	5042	0	19	19	0.1	0	0.02	1
7000	417	60	3.8	28	2932	0	10	10	0.06	0	0	1
7000	417	60	4	13	641	0	3	3	0	0	0	1
7000	418	60	3	404	0	0	0.0	0.0	0.0	0.0	0.0	0
7000	418	60	3.2	174	0	0	0.0	0.0	0.0	0.0	0.0	0
7000	418	60	3.4	67	3657	0	35	35	0.07	0	0	1
7000	418	60	3.6	36	3733	0	12	12	0.04	0.01	0	1
7000	418	60	3.8	20	854	0	6	6	0	0	0.01	1
7000	418	60	4	9	59	0	4	4	0	0	0	1
7000	419	60	3	405	0	0	0.0	0.0	0.0	0.0	0.0	0
7000	419	60	3.2	169	0	0	0.0	0.0	0.0	0.0	0.0	0
7000	419	60	3.4	69	15693	0	33	33	0.32	0.02	0	1
7000	419	60	3.6	42	20736	0	14	14	0.25	0.03	0	1
7000	419	60	3.8	28	11196	0	10	10	0.08	0.01	0.08	1
7000	419	60	4	17	4123	0	4	4	0.02	0	0	1
7000	420	60	3	419	0	0	0.0	0.0	0.0	0.0	0.0	0
7000	420	60	3.2	188	0	0	0.0	0.0	0.0	0.0	0.0	0
7000	420	60	3.4	90	12162	0	50	50	0.4	0.01	0	1
7000	420	60	3.6	45	12098	0	20	20	0.22	0.02	0	1
7000	420	60	3.8	27	5013	0	10	10	0.05	0	0	1
7000	420	60	4	15	1655	0	5	5	0.01	0	0	1
7000	421	60	3	423	0	0	0.0	0.0	0.0	0.0	0.0	0
7000	421	60	3.2	185	0	0	0.0	0.0	0.0	0.0	0.0	0
7000	421	60	3.4	79	7678	1	47.5	48	0.17	0.01	0.08	1
7000	421	60	3.6	39	7612	0	16	16	0.13	0.01	0.03	1
7000	421	60	3.8	24	3677	1	7.0625	8	0.04	0.01	0.04	1
7000	421	60	4	11	403	0	3	3	0	0	0	1
7000	422	60	3	447	0	0	0.0	0.0	0.0	0.0	0.0	0
7000	422	60	3.2	200	0	0	0.0	0.0	0.0	0.0	0.0	0
7000	422	60	3.4	86	10683	0	44	44	0.54	0.01	0.07	1
7000	422	60	3.6	42	8011	0	19	19	0.19	0	0	1
7000	422	60	3.8	20	1932	0	6	6	0.01	0	0.01	1
7000	422	60	4	13	387	0	4	4	0	0	0	1
7000	423	60	3	377	0	0	0.0	0.0	0.0	0.0	0.0	0
7000	423	60	3.2	181	0	0	0.0	0.0	0.0	0.0	0.0	0
7000	423	60	3.4	72	7063	1	33.3636	34	0.15	0.01	0.26	1
7000	423	60	3.6	39	4255	1	11.1333	12	0.07	0.01	0.02	1
7000	423	60	3.8	16	882	1	3.66667	4	0	0	0.02	1
7000	423	60	4	7	127	0	1	1	0	0	0	1
7000	424	60	3	386	0	0	0.0	0.0	0.0	0.0	0.0	0
7000	424	60	3.2	183	0	0	0.0	0.0	0.0	0.0	0.0	0
7000	424	60	3.4	95	16664	0	50	50	0.78	0.02	0	1
7000	424	60	3.6	44	12461	1	13.75	14	0.19	0.02	0.15	1
7000	424	60	3.8	24	4686	0	7	7	0.05	0	0	1
7000	424	60	4	14	2399	0	3	3	0.01	0	0	1
7000	425	60	3	414	0	0	0.0	0.0	0.0	0.0	0.0	0
7000	425	60	3.2	175	0	0	0.0	0.0	0.0	0.0	0.0	0
7000	425	60	3.4	85	13692	0	47	47	0.44	0.02	0	1
7000	425	60	3.6	40	8932	0	15	15	0.15	0.01	0.04	1
7000	425	60	3.8	21	2440	1	6.5	7	0.01	0	0.02	1
7000	425	60	4	15	791	0	4	4	0	0	0	1
7000	426	60	3	423	0	0	0.0	0.0	0.0	0.0	0.0	0
7000	426	60	3.2	192	0	0	0.0	0.0	0.0	0.0	0.0	0
7000	426	60	3.4	91	8881	0	49	49	0.39	0.01	0.04	1
7000	426	60	3.6	41	9512	0	16	16	0.18	0.01	0	1
7000	426	60	3.8	22	4315	0	7	7	0.04	0.01	0	1
7000	426	60	4	12	657	0	4	4	0	0	0.01	1
7000	427	60	3	387	0	0	0.0	0.0	0.0	0.0	0.0	0
7000	427	60	3.2	173	0	0	0.0	0.0	0.0	0.0	0.0	0
7000	427	60	3.4	77	5598	0	42	42	0.15	0.01	0	1
7000	427	60	3.6	41	4126	0	16	16	0.07	0.01	0	1
7000	427	60	3.8	14	597	0	4	4	0	0	0	1
7000	427	60	4	9	131	0	3	3	0	0	0	1
7000	428	60	3	407	0	0	0.0	0.0	0.0	0.0	0.0	0
7000	428	60	3.2	177	0	0	0.0	0.0	0.0	0.0	0.0	0
7000	428	60	3.4	92	17576	1	47.5	48	0.46	0.02	0.24	1
7000	428	60	3.6	45	17095	0	18	18	0.18	0.02	0.2	1
7000	428	60	3.8	25	8567	0	7	7	0.06	0.01	0	1
7000	428	60	4	12	279	0	6	6	0	0	0	1
7000	429	60	3	445	0	0	0.0	0.0	0.0	0.0	0.0	0
7000	429	60	3.2	180	0	0	0.0	0.0	0.0	0.0	0.0	0
7000	429	60	3.4	75	2002	0	48	48	0.06	0	0	1
7000	429	60	3.6	32	1966	0	16	16	0.03	0	0	1
7000	429	60	3.8	15	521	0	7	7	0	0	0	1
7000	429	60	4	10	271	0	4	4	0	0	0	1
7000	430	60	3	478	0	0	0.0	0.0	0.0	0.0	0.0	0
7000	430	60	3.2	190	0	0	0.0	0.0	0.0	0.0	0.0	0
7000	430	60	3.4	77	3284	0	42	42	0.09	0	0.01	1
7000	430	60	3.6	42	2586	0	17	17	0.03	0.01	0.02	1
7000	430	60	3.8	18	1241	0	5	5	0.01	0	0.01	1
7000	430	60	4	13	341	0	4	4	0	0	0	1
7000	431	60	3	411	0	0	0.0	0.0	0.0	0.0	0.0	0
7000	431	60	3.2	180	0	0	0.0	0.0	0.0	0.0	0.0	0
7000	431	60	3.4	91	21373	0	47	47	0.86	0.02	0	1
7000	431	60	3.6	50	19165	1	17.5	18	0.34	0.04	0.35	1
7000	431	60	3.8	28	12005	0	8	8	0.15	0.02	0.39	1
7000	431	60	4	16	702	0	6	6	0	0	0	1
7000	432	60	3	411	0	0	0.0	0.0	0.0	0.0	0.0	0
7000	432	60	3.2	178	0	0	0.0	0.0	0.0	0.0	0.0	0
7000	432	60	3.4	88	10829	0	53	53	0.41	0.01	0	1
7000	432	60	3.6	42	9328	0	20	20	0.15	0.01	0	1
7000	432	60	3.8	21	1610	0	8	8	0	0.01	0	1
7000	432	60	4	8	127	0	3	3	0	0	0	1
7000	433	60	3	444	0	0	0.0	0.0	0.0	0.0	0.0	0
7000	433	60	3.2	224	0	0	0.0	0.0	0.0	0.0	0.0	0
7000	433	60	3.4	121	6569	0	84	84	0.5	0	0	1
7000	433	60	3.6	70	4990	0	43	43	0.14	0	0	1
7000	433	60	3.8	40	1051	0	27	27	0.02	0	0	1
7000	433	60	4	20	341	0	13	13	0	0	0	1
7000	434	60	3	416	0	0	0.0	0.0	0.0	0.0	0.0	0
7000	434	60	3.2	203	0	0	0.0	0.0	0.0	0.0	0.0	0
7000	434	60	3.4	98	6362	0	53	53	0.2	0.01	0.02	1
7000	434	60	3.6	48	5176	0	21	21	0.09	0	0	1
7000	434	60	3.8	22	1563	0	8	8	0.01	0	0	1
7000	434	60	4	10	287	0	3	3	0	0	0	1
7000	435	60	3	422	0	0	0.0	0.0	0.0	0.0	0.0	0
7000	435	60	3.2	178	0	0	0.0	0.0	0.0	0.0	0.0	0
7000	435	60	3.4	79	4042	1	41.5	42	0.11	0.01	0.03	1
7000	435	60	3.6	43	1953	1	16.8333	17	0.03	0	0.02	1
7000	435	60	3.8	19	723	0	7	7	0	0	0	1
7000	435	60	4	11	323	0	4	4	0	0	0	1
7000	436	60	3	509	0	0	0.0	0.0	0.0	0.0	0.0	0
7000	436	60	3.2	208	0	0	0.0	0.0	0.0	0.0	0.0	0
7000	436	60	3.4	84	1584	0	57	57	0.04	0	0	1
7000	436	60	3.6	36	1390	1	17.3333	18	0.03	0	0.01	1
7000	436	60	3.8	20	586	0	9	9	0	0	0	1
7000	436	60	4	9	96	0	3	3	0	0	0	1
7000	437	60	3	426	0	0	0.0	0.0	0.0	0.0	0.0	0
7000	437	60	3.2	175	0	0	0.0	0.0	0.0	0.0	0.0	0
7000	437	60	3.4	77	6897	1	36.9231	37	0.21	0.01	0.14	1
7000	437	60	3.6	41	5754	1	13.4286	14	0.09	0	0.3	1
7000	437	60	3.8	21	1495	0	8	8	0.01	0	0	1
7000	437	60	4	11	311	0	3	3	0	0	0	1
7000	438	60	3	417	0	0	0.0	0.0	0.0	0.0	0.0	0
7000	438	60	3.2	202	0	0	0.0	0.0	0.0	0.0	0.0	0
7000	438	60	3.4	106	6994	0	68	68	0.36	0.01	0	1
7000	438	60	3.6	59	5115	0	32	32	0.13	0.01	0	1
7000	438	60	3.8	25	1233	0	16	16	0.01	0	0	1
7000	438	60	4	13	281	0	6	6	0	0	0	1
7000	439	60	3	491	0	0	0.0	0.0	0.0	0.0	0.0	0
7000	439	60	3.2	208	0	0	0.0	0.0	0.0	0.0	0.0	0
7000	439	60	3.4	96	5522	0	61	61	0.23	0	0.05	1
7000	439	60	3.6	46	5289	0	23	23	0.1	0.01	0	1
7000	439	60	3.8	24	1693	1	7.66667	8	0.01	0	0.02	1
7000	439	60	4	9	65	0	4	4	0	0	0	1
7000	440	60	3	445	0	0	0.0	0.0	0.0	0.0	0.0	0
7000	440	60	3.2	176	0	0	0.0	0.0	0.0	0.0	0.0	0
7000	440	60	3.4	73	7278	0	42	42	0.17	0.01	0	1
7000	440	60	3.6	39	8692	1	16.5	17	0.09	0.01	0.07	1
7000	440	60	3.8	20	6030	0	6	6	0.04	0.01	0	1
7000	440	60	4	13	1535	0	3	3	0	0.01	0	1
7000	441	60	3	414	0	0	0.0	0.0	0.0	0.0	0.0	0
7000	441	60	3.2	185	0	0	0.0	0.0	0.0	0.0	0.0	0
7000	441	60	3.4	87	8295	0	47	47	0.35	0.02	0.04	1
7000	441	60	3.6	46	11011	1	14.7069	15	0.22	0.02	0.26	1
7000	441	60	3.8	26	2684	0	9	9	0.02	0.01	0	1
7000	441	60	4	12	647	0	4	4	0	0	0	1
7000	442	60	3	449	0	0	0.0	0.0	0.0	0.0	0.0	0
7000	442	60	3.2	183	0	0	0.0	0.0	0.0	0.0	0.0	0
7000	442	60	3.4	76	4986	0	42	42	0.15	0.01	0.02	1
7000	442	60	3.6	42	5007	0	19	19	0.08	0.01	0	1
7000	442	60	3.8	21	1367	0	7	7	0.01	0	0	1
7000	442	60	4	10	294	1	2.66667	3	0	0	0	1
7000	443	60	3	402	0	0	0.0	0.0	0.0	0.0	0.0	0
7000	443	60	3.2	167	0	0	0.0	0.0	0.0	0.0	0.0	0
7000	443	60	3.4	72	2299	0	43	43	0.06	0	0	1
7000	443	60	3.6	35	1569	0	15	15	0.01	0	0.01	1
7000	443	60	3.8	16	354	0	5	5	0	0	0	1
7000	443	60	4	5	23	0	2	2	0	0	0	1
7000	444	60	3	427	0	0	0.0	0.0	0.0	0.0	0.0	0
7000	444	60	3.2	183	0	0	0.0	0.0	0.0	0.0	0.0	0
7000	444	60	3.4	84	7029	0	54	54	0.3	0.01	0	1
7000	444	60	3.6	35	8341	0	13	13	0.19	0.01	0.07	1
7000	444	60	3.8	23	7396	1	8	8	0.06	0.01	0.04	1
7000	444	60	4	14	764	0	5	5	0	0	0	1
7000	445	60	3	425	0	0	0.0	0.0	0.0	0.0	0.0	0
7000	445	60	3.2	201	0	0	0.0	0.0	0.0	0.0	0.0	0
7000	445	60	3.4	92	5788	0	49	49	0.23	0	0.03	1
7000	445	60	3.6	42	5188	0	17	17	0.1	0.01	0.02	1
7000	445	60	3.8	21	3245	0	5	5	0.02	0	0.03	1
7000	445	60	4	8	104	0	3	3	0	0	0	1
7000	446	60	3	429	0	0	0.0	0.0	0.0	0.0	0.0	0
7000	446	60	3.2	175	0	0	0.0	0.0	0.0	0.0	0.0	0
7000	446	60	3.4	75	5356	0	43	43	0.18	0.01	0	1
7000	446	60	3.6	34	4946	1	13	13	0.08	0.01	0.04	1
7000	446	60	3.8	19	3662	0	4	4	0.02	0	0.03	1
7000	446	60	4	11	359	0	4	4	0	0	0	1
7000	447	60	3	456	0	0	0.0	0.0	0.0	0.0	0.0	0
7000	447	60	3.2	203	0	0	0.0	0.0	0.0	0.0	0.0	0
7000	447	60	3.4	81	6708	0	41	41	0.16	0.01	0	1
7000	447	60	3.6	42	4655	0	17	17	0.09	0	0.03	1
7000	447	60	3.8	21	2530	0	7	7	0.02	0	0.02	1
7000	447	60	4	11	299	0	4	4	0	0	0	1
7000	448	60	3	389	0	0	0.0	0.0	0.0	0.0	0.0	0
7000	448	60	3.2	181	0	0	0.0	0.0	0.0	0.0	0.0	0
7000	448	60	3.4	89	9016	1	43.8727	44	0.48	0.02	0.12	1
7000	448	60	3.6	40	5966	0	13	13	0.11	0.01	0.04	1
7000	448	60	3.8	19	1568	0	6	6	0.01	0	0	1
7000	448	60	4	10	115	0	4	4	0	0	0	1
7000	449	60	3	512	0	0	0.0	0.0	0.0	0.0	0.0	0
7000	449	60	3.2	221	0	0	0.0	0.0	0.0	0.0	0.0	0
7000	449	60	3.4	97	2025	0	69	69	0.09	0	0.01	1
7000	449	60	3.6	38	1290	0	18	18	0.01	0	0	1
7000	449	60	3.8	18	525	0	6	6	0	0	0	1
7000	449	60	4	10	181	0	3	3	0	0	0	1
7000	450	60	3	459	0	0	0.0	0.0	0.0	0.0	0.0	0
7000	450	60	3.2	191	0	0	0.0	0.0	0.0	0.0	0.0	0
7000	450	60	3.4	89	3995	0	58	58	0.13	0.01	0	1
7000	450	60	3.6	44	3572	0	22	22	0.06	0.01	0	1
7000	450	60	3.8	25	2397	0	9	9	0.02	0	0.01	1
7000	450	60	4	10	115	0	3	3	0	0	0	1
7000	451	60	3	475	0	0	0.0	0.0	0.0	0.0	0.0	0
7000	451	60	3.2	192	0	0	0.0	0.0	0.0	0.0	0.0	0
7000	451	60	3.4	86	3458	1	60.5	61	0.1	0	0.03	1
7000	451	60	3.6	36	3086	1	14.3333	15	0.03	0	0.03	1
7000	451	60	3.8	20	1103	0	7	7	0.01	0	0	1
7000	451	60	4	11	267	0	4	4	0	0	0	1
7000	452	60	3	443	0	0	0.0	0.0	0.0	0.0	0.0	0
7000	452	60	3.2	190	0	0	0.0	0.0	0.0	0.0	0.0	0
7000	452	60	3.4	94	5249	1	49.75	50	0.23	0.01	0.06	1
7000	452	60	3.6	43	3249	0	21	21	0.06	0	0	1
7000	452	60	3.8	18	1361	0	5	5	0	0.01	0	1
7000	452	60	4	10	527	0	2	2	0	0	0	1
7000	453	60	3	457	0	0	0.0	0.0	0.0	0.0	0.0	0
7000	453	60	3.2	167	0	0	0.0	0.0	0.0	0.0	0.0	0
7000	453	60	3.4	72	3732	1	46.8	47	0.12	0	0.02	1
7000	453	60	3.6	35	3610	1	14.375	15	0.04	0.01	0.03	1
7000	453	60	3.8	21	1528	0	7	7	0.01	0	0	1
7000	453	60	4	7	50	0	3	3	0	0	0	1
7000	454	60	3	405	0	0	0.0	0.0	0.0	0.0	0.0	0
7000	454	60	3.2	182	0	0	0.0	0.0	0.0	0.0	0.0	0
7000	454	60	3.4	90	10306	0	60	60	0.5	0.01	0	1
7000	454	60	3.6	50	12694	0	29	29	0.38	0.02	0	1
7000	454	60	3.8	31	7926	0	13	13	0.11	0.01	0.06	1
7000	454	60	4	13	330	0	5	5	0	0	0	1
7000	455	60	3	400	0	0	0.0	0.0	0.0	0.0	0.0	0
7000	455	60	3.2	167	0	0	0.0	0.0	0.0	0.0	0.0	0
7000	455	60	3.4	75	3252	0	40	40	0.1	0	0	1
7000	455	60	3.6	35	1790	1	13.1667	14	0.02	0	0.03	1
7000	455	60	3.8	16	296	1	5.5	6	0	0	0.01	1
7000	455	60	4	3	5	0	2	2	0	0	0	1
7000	456	60	3	483	0	0	0.0	0.0	0.0	0.0	0.0	0
7000	456	60	3.2	219	0	0	0.0	0.0	0.0	0.0	0.0	0
7000	456	60	3.4	82	2825	1	55.5	56	0.08	0	0.03	1
7000	456	60	3.6	42	2117	1	22	22	0.03	0	0.01	1
7000	456	60	3.8	24	983	0	10	10	0	0	0	1
7000	456	60	4	9	129	0	3	3	0	0	0	1
7000	457	60	3	448	0	0	0.0	0.0	0.0	0.0	0.0	0
7000	457	60	3.2	202	0	0	0.0	0.0	0.0	0.0	0.0	0
7000	457	60	3.4	102	9674	0	53	53	0.52	0.02	0.04	1
7000	457	60	3.6	56	8223	0	26	26	0.23	0.01	0	1
7000	457	60	3.8	28	4351	0	10	10	0.07	0	0	1
7000	457	60	4	17	1189	0	5	5	0.01	0	0	1
7000	458	60	3	380	0	0	0.0	0.0	0.0	0.0	0.0	0
7000	458	60	3.2	172	0	0	0.0	0.0	0.0	0.0	0.0	0
7000	458	60	3.4	79	9815	0	41	41	0.24	0.01	0	1
7000	458	60	3.6	38	7768	0	15	15	0.09	0	0	1
7000	458	60	3.8	17	1994	0	5	5	0.01	0	0	1
7000	458	60	4	12	719	1	3	3	0	0	0.01	1
7000	459	60	3	441	0	0	0.0	0.0	0.0	0.0	0.0	0
7000	459	60	3.2	192	0	0	0.0	0.0	0.0	0.0	0.0	0
7000	459	60	3.4	88	4840	0	51	51	0.21	0.01	0	1
7000	459	60	3.6	39	4611	1	15	15	0.08	0.01	0.07	1
7000	459	60	3.8	19	2150	0	7	7	0.02	0.01	0	1
7000	459	60	4	12	1487	0	2	2	0	0	0	1
7000	460	60	3	449	0	0	0.0	0.0	0.0	0.0	0.0	0
7000	460	60	3.2	186	0	0	0.0	0.0	0.0	0.0	0.0	0
7000	460	60	3.4	80	6528	0	43	43	0.41	0.01	0.08	1
7000	460	60	3.6	44	6545	1	18.25	19	0.21	0.03	0.13	1
7000	460	60	3.8	21	2876	0	7	7	0.04	0	0	1
7000	460	60	4	11	169	0	5	5	0	0	0	1
7000	461	60	3	427	0	0	0.0	0.0	0.0	0.0	0.0	0
7000	461	60	3.2	172	0	0	0.0	0.0	0.0	0.0	0.0	0
7000	461	60	3.4	69	1035	0	46	46	0.04	0	0.02	1
7000	461	60	3.6	21	609	0	9	9	0	0	0	1
7000	461	60	3.8	14	232	0	5	5	0	0	0	1
7000	461	60	4	5	23	0	2	2	0	0	0	1
7000	462	60	3	484	0	0	0.0	0.0	0.0	0.0	0.0	0
7000	462	60	3.2	208	0	0	0.0	0.0	0.0	0.0	0.0	0
7000	462	60	3.4	92	5543	0	55	55	0.24	0.01	0	1
7000	462	60	3.6	48	5244	0	24	24	0.11	0	0	1
7000	462	60	3.8	25	2503	0	11	11	0.01	0	0	1
7000	462	60	4	13	582	0	5	5	0	0	0	1
7000	463	60	3	403	0	0	0.0	0.0	0.0	0.0	0.0	0
7000	463	60	3.2	162	0	0	0.0	0.0	0.0	0.0	0.0	0
7000	463	60	3.4	73	11249	0	37	37	0.34	0.01	0.09	1
7000	463	60	3.6	37	14786	0	13	13	0.31	0.03	0	1
7000	463	60	3.8	27	4689	0	9	9	0.06	0	0.02	1
7000	463	60	4	13	1439	0	3	3	0.01	0	0	1
7000	464	60	3	512	0	0	0.0	0.0	0.0	0.0	0.0	0
7000	464	60	3.2	212	0	0	0.0	0.0	0.0	0.0	0.0	0
7000	464	60	3.4	85	4034	0	55	55	0.11	0	0	1
7000	464	60	3.6	44	4229	0	18	18	0.07	0	0	1
7000	464	60	3.8	26	2353	0	12	12	0.02	0	0	1
7000	464	60	4	13	597	0	4	4	0	0	0	1
7000	465	60	3	448	0	0	0.0	0.0	0.0	0.0	0.0	0
7000	465	60	3.2	189	0	0	0.0	0.0	0.0	0.0	0.0	0
7000	465	60	3.4	72	2232	0	44	44	0.05	0	0.01	1
7000	465	60	3.6	31	1635	1	12.5	13	0.01	0	0.02	1
7000	465	60	3.8	16	533	0	5	5	0	0	0	1
7000	465	60	4	9	242	0	3	3	0	0	0	1
7000	466	60	3	424	0	0	0.0	0.0	0.0	0.0	0.0	0
7000	466	60	3.2	186	0	0	0.0	0.0	0.0	0.0	0.0	0
7000	466	60	3.4	93	18934	0	53	53	0.53	0.02	0.07	1
7000	466	60	3.6	47	22147	0	21	21	0.22	0.02	0	1
7000	466	60	3.8	30	6755	0	11	11	0.06	0.01	0.04	1
7000	466	60	4	15	811	0	6	6	0	0	0	1
7000	467	60	3	477	0	0	0.0	0.0	0.0	0.0	0.0	0
7000	467	60	3.2	207	0	0	0.0	0.0	0.0	0.0	0.0	0
7000	467	60	3.4	94	6035	0	62	62	0.22	0	0	1
7000	467	60	3.6	51	4017	0	27	27	0.1	0	0	1
7000	467	60	3.8	25	1351	0	13	13	0.01	0	0	1
7000	467	60	4	14	307	0	6	6	0	0	0	1
7000	468	60	3	473	0	0	0.0	0.0	0.0	0.0	0.0	0
7000	468	60	3.2	222	0	0	0.0	0.0	0.0	0.0	0.0	0
7000	468	60	3.4	100	5911	0	65	65	0.15	0	0.03	1
7000	468	60	3.6	45	4614	0	21	21	0.05	0.01	0	1
7000	468	60	3.8	21	2101	0	6	6	0.01	0	0	1
7000	468	60	4	12	479	0	4	4	0	0	0	1
7000	469	60	3	417	0	0	0.0	0.0	0.0	0.0	0.0	0
7000	469	60	3.2	173	0	0	0.0	0.0	0.0	0.0	0.0	0
7000	469	60	3.4	78	4827	0	48	48	0.19	0.01	0	1
7000	469	60	3.6	40	3893	0	21	21	0.08	0	0	1
7000	469	60	3.8	23	1450	0	10	10	0.01	0.01	0	1
7000	469	60	4	12	287	0	5	5	0	0	0	1
7000	470	60	3	443	0	0	0.0	0.0	0.0	0.0	0.0	0
7000	470	60	3.2	193	0	0	0.0	0.0	0.0	0.0	0.0	0
7000	470	60	3.4	79	3581	0	52	52	0.12	0.01	0	1
7000	470	60	3.6	42	2707	0	21	21	0.05	0.01	0	1
7000	470	60	3.8	19	1032	0	6	6	0.05	0	0	1
7000	470	60	4	10	383	0	2	2	0	0	0	1
7000	471	60	3	497	0	0	0.0	0.0	0.0	0.0	0.0	0
7000	471	60	3.2	214	0	0	0.0	0.0	0.0	0.0	0.0	0
7000	471	60	3.4	90	2368	0	57	57	0.08	0	0.01	1
7000	471	60	3.6	43	1766	0	19	19	0.02	0.01	0	1
7000	471	60	3.8	22	867	0	8	8	0	0	0	1
7000	471	60	4	14	509	0	4	4	0	0	0	1
7000	472	60	3	452	0	0	0.0	0.0	0.0	0.0	0.0	0
7000	472	60	3.2	204	0	0	0.0	0.0	0.0	0.0	0.0	0
7000	472	60	3.4	88	3204	0	51	51	0.15	0.01	0	1
7000	472	60	3.6	45	2058	1	18.5	19	0.03	0	0.02	1
7000	472	60	3.8	18	346	0	9	9	0	0	0	1
7000	472	60	4	8	71	0	4	4	0	0	0	1
7000	473	60	3	363	0	0	0.0	0.0	0.0	0.0	0.0	0
7000	473	60	3.2	179	0	0	0.0	0.0	0.0	0.0	0.0	0
7000	473	60	3.4	86	7172	0	48	48	0.21	0.01	0.03	1
7000	473	60	3.6	40	5833	0	17	17	0.08	0.01	0	1
7000	473	60	3.8	21	1013	0	8	8	0	0.01	0	1
7000	473	60	4	13	479	0	4	4	0	0	0	1
7000	474	60	3	420	0	0	0.0	0.0	0.0	0.0	0.0	0
7000	474	60	3.2	172	0	0	0.0	0.0	0.0	0.0	0.0	0
7000	474	60	3.4	70	2068	0	45	45	0.04	0	0	1
7000	474	60	3.6	33	1844	0	17	17	0.02	0	0	1
7000	474	60	3.8	18	634	0	6	6	0	0	0	1
7000	474	60	4	8	93	0	2	2	0	0	0	1
7000	475	60	3	436	0	0	0.0	0.0	0.0	0.0	0.0	0
7000	475	60	3.2	179	0	0	0.0	0.0	0.0	0.0	0.0	0
7000	475	60	3.4	76	6418	0	41	41	0.15	0.01	0	1
7000	475	60	3.6	42	5935	0	16	16	0.09	0.01	0	1
7000	475	60	3.8	22	2720	0	7	7	0.02	0	0	1
7000	475	60	4	12	383	1	3.66667	4	0	0	0	1
7000	476	60	3	445	0	0	0.0	0.0	0.0	0.0	0.0	0
7000	476	60	3.2	170	0	0	0.0	0.0	0.0	0.0	0.0	0
7000	476	60	3.4	76	11109	1	44	44	0.25	0.01	0.12	1
7000	476	60	3.6	38	12054	0	13	13	0.15	0.02	0	1
7000	476	60	3.8	23	3846	0	6	6	0.05	0	0.01	1
7000	476	60	4	14	811	0	4	4	0	0	0	1
7000	477	60	3	454	0	0	0.0	0.0	0.0	0.0	0.0	0
7000	477	60	3.2	210	0	0	0.0	0.0	0.0	0.0	0.0	0
7000	477	60	3.4	96	7102	1	58.5	59	0.28	0.01	0.07	1
7000	477	60	3.6	37	7296	0	13	13	0.1	0.01	0.06	1
7000	477	60	3.8	19	3003	0	4	4	0.02	0	0	1
7000	477	60	4	15	943	1	4	4	0	0	0.01	1
7000	478	60	3	376	0	0	0.0	0.0	0.0	0.0	0.0	0
7000	478	60	3.2	187	0	0	0.0	0.0	0.0	0.0	0.0	0
7000	478	60	3.4	78	16495	0	39	39	0.42	0.03	0	1
7000	478	60	3.6	39	11568	0	14	14	0.14	0.02	0.08	1
7000	478	60	3.8	20	2513	0	7	7	0.01	0.01	0	1
7000	478	60	4	12	727	0	4	4	0	0	0	1
7000	479	60	3	409	0	0	0.0	0.0	0.0	0.0	0.0	0
7000	479	60	3.2	187	0	0	0.0	0.0	0.0	0.0	0.0	0
7000	479	60	3.4	91	5719	0	58	58	0.12	0.01	0	1
7000	479	60	3.6	44	6714	0	21	21	0.08	0	0.07	1
7000	479	60	3.8	24	3192	0	9	9	0.03	0	0	1
7000	479	60	4	11	407	0	4	4	0	0	0	1
7000	480	60	3	429	0	0	0.0	0.0	0.0	0.0	0.0	0
7000	480	60	3.2	166	0	0	0.0	0.0	0.0	0.0	0.0	0
7000	480	60	3.4	86	7348	0	47	47	0.15	0.01	0	1
7000	480	60	3.6	36	8824	0	12	12	0.09	0.01	0.08	1
7000	480	60	3.8	22	4042	0	8	8	0.03	0	0	1
7000	480	60	4	12	1117	0	3	3	0	0	0.01	1
7000	481	60	3	452	0	0	0.0	0.0	0.0	0.0	0.0	0
7000	481	60	3.2	185	0	0	0.0	0.0	0.0	0.0	0.0	0
7000	481	60	3.4	82	1429	1	50.75	51	0.07	0	0.02	1
7000	481	60	3.6	36	876	1	18.3333	19	0.01	0	0	1
7000	481	60	3.8	14	318	0	7	7	0	0	0	1
7000	481	60	4	9	95	0	5	5	0	0	0	1
7000	482	60	3	421	0	0	0.0	0.0	0.0	0.0	0.0	0
7000	482	60	3.2	167	0	0	0.0	0.0	0.0	0.0	0.0	0
7000	482	60	3.4	83	4245	1	43.5	44	0.11	0.01	0.05	1
7000	482	60	3.6	41	2825	1	15.3333	16	0.03	0.01	0.05	1
7000	482	60	3.8	16	799	0	5	5	0	0	0	1
7000	482	60	4	11	161	0	4	4	0	0	0	1
7000	483	60	3	396	0	0	0.0	0.0	0.0	0.0	0.0	0
7000	483	60	3.2	169	0	0	0.0	0.0	0.0	0.0	0.0	0
7000	483	60	3.4	75	5550	0	46	46	0.09	0.01	0	1
7000	483	60	3.6	36	4343	0	18	18	0.03	0.01	0	1
7000	483	60	3.8	17	952	0	5	5	0	0	0.01	1
7000	483	60	4	8	143	0	2	2	0	0	0	1
7000	484	60	3	422	0	0	0.0	0.0	0.0	0.0	0.0	0
7000	484	60	3.2	177	0	0	0.0	0.0	0.0	0.0	0.0	0
7000	484	60	3.4	72	3183	0	43	43	0.08	0	0	1
7000	484	60	3.6	35	2972	1	16.5	17	0.03	0	0.03	1
7000	484	60	3.8	16	1234	0	4	4	0	0	0	1
7000	484	60	4	8	89	0	3	3	0	0	0	1
7000	485	60	3	416	0	0	0.0	0.0	0.0	0.0	0.0	0
7000	485	60	3.2	186	0	0	0.0	0.0	0.0	0.0	0.0	0
7000	485	60	3.4	88	6555	0	53	53	0.18	0	0	1
7000	485	60	3.6	39	4249	0	16	16	0.06	0.01	0	1
7000	485	60	3.8	18	1079	0	5	5	0.01	0	0	1
7000	485	60	4	8	119	0	2	2	0	0	0	1
7000	486	60	3	445	0	0	0.0	0.0	0.0	0.0	0.0	0
7000	486	60	3.2	165	0	0	0.0	0.0	0.0	0.0	0.0	0
7000	486	60	3.4	77	1592	0	52	52	0.03	0	0.01	1
7000	486	60	3.6	35	1138	0	19	19	0.01	0	0	1
7000	486	60	3.8	16	1083	0	6	6	0	0.01	0	1
7000	486	60	4	12	351	0	4	4	0	0	0	1
7000	487	60	3	415	0	0	0.0	0.0	0.0	0.0	0.0	0
7000	487	60	3.2	173	0	0	0.0	0.0	0.0	0.0	0.0	0
7000	487	60	3.4	77	3996	0	44	44	0.12	0	0	1
7000	487	60	3.6	34	3135	0	11	11	0.04	0	0.02	1
7000	487	60	3.8	16	350	0	8	8	0	0	0	1
7000	487	60	4	6	27	0	3	3	0	0	0	1
7000	488	60	3	455	0	0	0.0	0.0	0.0	0.0	0.0	0
7000	488	60	3.2	193	0	0	0.0	0.0	0.0	0.0	0.0	0
7000	488	60	3.4	96	7563	0	54	54	0.23	0.01	0	1
7000	488	60	3.6	40	5860	0	14	14	0.06	0.01	0.03	1
7000	488	60	3.8	18	1582	0	6	6	0.01	0	0	1
7000	488	60	4	10	431	0	2	2	0	0	0	1
7000	489	60	3	414	0	0	0.0	0.0	0.0	0.0	0.0	0
7000	489	60	3.2	161	0	0	0.0	0.0	0.0	0.0	0.0	0
7000	489	60	3.4	67	7244	0	39	39	0.15	0.01	0	1
7000	489	60	3.6	31	7953	0	13	13	0.09	0.01	0.04	1
7000	489	60	3.8	18	2470	0	5	5	0.01	0	0.06	1
7000	489	60	4	12	1023	0	3	3	0	0	0	1
7000	490	60	3	509	0	0	0.0	0.0	0.0	0.0	0.0	0
7000	490	60	3.2	216	0	0	0.0	0.0	0.0	0.0	0.0	0
7000	490	60	3.4	95	3635	1	60.5	61	0.12	0.01	0.03	1
7000	490	60	3.6	49	3433	0	24	24	0.09	0.01	0	1
7000	490	60	3.8	24	969	0	9	9	0	0.01	0	1
7000	490	60	4	14	417	0	5	5	0	0	0	1
7000	491	60	3	441	0	0	0.0	0.0	0.0	0.0	0.0	0
7000	491	60	3.2	212	0	0	0.0	0.0	0.0	0.0	0.0	0
7000	491	60	3.4	105	6323	0	60	60	0.26	0.01	0	1
7000	491	60	3.6	50	4824	0	25	25	0.09	0	0	1
7000	491	60	3.8	21	1335	0	6	6	0.01	0	0	1
7000	491	60	4	10	251	0	3	3	0	0	0	1
7000	492	60	3	439	0	0	0.0	0.0	0.0	0.0	0.0	0
7000	492	60	3.2	175	0	0	0.0	0.0	0.0	0.0	0.0	0
7000	492	60	3.4	78	3119	1	46.6667	47	0.1	0	0.04	1
7000	492	60	3.6	34	1980	0	12	12	0.01	0.01	0	1
7000	492	60	3.8	18	713	0	7	7	0	0	0	1
7000	492	60	4	9	113	0	3	3	0	0	0	1
7000	493	60	3	417	0	0	0.0	0.0	0.0	0.0	0.0	0
7000	493	60	3.2	164	0	0	0.0	0.0	0.0	0.0	0.0	0
7000	493	60	3.4	66	2315	0	38	38	0.1	0	0	1
7000	493	60	3.6	32	1813	1	11.3333	12	0.02	0	0.04	1
7000	493	60	3.8	16	687	0	4	4	0	0	0	1
7000	493	60	4	10	268	0	2	2	0	0	0	1
7000	494	60	3	387	0	0	0.0	0.0	0.0	0.0	0.0	0
7000	494	60	3.2	172	0	0	0.0	0.0	0.0	0.0	0.0	0
7000	494	60	3.4	78	8245	0	41	41	0.31	0.01	0	1
7000	494	60	3.6	40	6505	1	15.5	16	0.1	0	0.07	1
7000	494	60	3.8	22	1533	0	7	7	0.01	0	0	1
7000	494	60	4	9	239	0	2	2	0	0	0	1
7000	495	60	3	457	0	0	0.0	0.0	0.0	0.0	0.0	0
7000	495	60	3.2	185	0	0	0.0	0.0	0.0	0.0	0.0	0
7000	495	60	3.4	89	3778	0	53	53	0.13	0.01	0	1
7000	495	60	3.6	40	3023	0	19	19	0.07	0.01	0.01	1
7000	495	60	3.8	21	1662	0	9	9	0.02	0	0	1
7000	495	60	4	11	559	0	2	2	0	0	0	1
7000	496	60	3	484	0	0	0.0	0.0	0.0	0.0	0.0	0
7000	496	60	3.2	214	0	0	0.0	0.0	0.0	0.0	0.0	0
7000	496	60	3.4	88	3650	0	55	55	0.13	0	0.01	1
7000	496	60	3.6	40	2636	0	19	19	0.04	0	0	1
7000	496	60	3.8	22	1481	0	10	10	0.01	0	0	1
7000	496	60	4	10	290	0	3	3	0	0	0	1
7000	497	60	3	457	0	0	0.0	0.0	0.0	0.0	0.0	0
7000	497	60	3.2	194	0	0	0.0	0.0	0.0	0.0	0.0	0
7000	497	60	3.4	80	1178	0	51	51	0.05	0	0	1
7000	497	60	3.6	30	948	0	16	16	0.01	0	0	1
7000	497	60	3.8	18	459	0	8	8	0	0	0	1
7000	497	60	4	11	199	0	4	4	0	0	0	1
7000	498	60	3	392	0	0	0.0	0.0	0.0	0.0	0.0	0
7000	498	60	3.2	182	0	0	0.0	0.0	0.0	0.0	0.0	0
7000	498	60	3.4	90	7609	0	52	52	0.31	0	0	1
7000	498	60	3.6	44	6422	0	17	17	0.1	0.01	0.04	1
7000	498	60	3.8	23	2226	0	10	10	0.02	0	0	1
7000	498	60	4	15	887	0	7	7	0	0	0	1
7000	499	60	3	460	0	0	0.0	0.0	0.0	0.0	0.0	0
7000	499	60	3.2	213	0	0	0.0	0.0	0.0	0.0	0.0	0
7000	499	60	3.4	86	2867	0	52	52	0.12	0.01	0.01	1
7000	499	60	3.6	41	2128	0	19	19	0.04	0	0	1
7000	499	60	3.8	18	827	0	6	6	0	0	0.01	1
7000	499	60	4	12	326	0	4	4	0	0	0	1
7000	500	60	3	410	0	0	0.0	0.0	0.0	0.0	0.0	0
7000	500	60	3.2	167	0	0	0.0	0.0	0.0	0.0	0.0	0
7000	500	60	3.4	79	4920	0	49	49	0.11	0	0.02	1
7000	500	60	3.6	41	3689	0	19	19	0.04	0	0	1
7000	500	60	3.8	20	998	0	7	7	0	0	0	1
7000	500	60	4	12	359	0	4	4	0	0	0	1
7000	501	60	3	438	0	0	0.0	0.0	0.0	0.0	0.0	0
7000	501	60	3.2	199	0	0	0.0	0.0	0.0	0.0	0.0	0
7000	501	60	3.4	83	4693	0	55	55	0.14	0	0.02	1
7000	501	60	3.6	37	4658	0	20	20	0.05	0	0	1
7000	501	60	3.8	21	1291	0	8	8	0.01	0	0	1
7000	501	60	4	12	298	0	4	4	0	0	0	1
7000	502	60	3	490	0	0	0.0	0.0	0.0	0.0	0.0	0
7000	502	60	3.2	220	0	0	0.0	0.0	0.0	0.0	0.0	0
7000	502	60	3.4	95	9432	0	60	60	0.36	0.01	0	1
7000	502	60	3.6	45	10595	0	18	18	0.14	0.01	0	1
7000	502	60	3.8	27	6969	0	7	7	0.07	0.02	0	1
7000	502	60	4	18	3631	0	4	4	0.02	0	0.02	1
7000	503	60	3	482	0	0	0.0	0.0	0.0	0.0	0.0	0
7000	503	60	3.2	197	0	0	0.0	0.0	0.0	0.0	0.0	0
7000	503	60	3.4	91	2558	1	59.75	60	0.09	0.01	0.02	1
7000	503	60	3.6	41	2192	1	17.5	18	0.03	0	0.02	1
7000	503	60	3.8	17	1335	0	6	6	0.02	0.01	0	1
7000	503	60	4	11	332	0	3	3	0	0	0	1
7000	504	60	3	481	0	0	0.0	0.0	0.0	0.0	0.0	0
7000	504	60	3.2	201	0	0	0.0	0.0	0.0	0.0	0.0	0
7000	504	60	3.4	92	3158	0	63	63	0.09	0	0	1
7000	504	60	3.6	48	3100	0	28	28	0.04	0	0	1
7000	504	60	3.8	23	1566	0	10	10	0.01	0	0	1
7000	504	60	4	12	213	0	6	6	0	0	0	1
7000	505	60	3	442	0	0	0.0	0.0	0.0	0.0	0.0	0
7000	505	60	3.2	177	0	0	0.0	0.0	0.0	0.0	0.0	0
7000	505	60	3.4	80	4608	0	48	48	0.11	0.01	0	1
7000	505	60	3.6	41	3874	0	19	19	0.05	0	0	1
7000	505	60	3.8	18	1346	0	6	6	0	0	0	1
7000	505	60	4	11	386	0	3	3	0	0	0	1
7000	506	60	3	394	0	0	0.0	0.0	0.0	0.0	0.0	0
7000	506	60	3.2	167	0	0	0.0	0.0	0.0	0.0	0.0	0
7000	506	60	3.4	72	15172	0	36	36	0.4	0.02	0	1
7000	506	60	3.6	38	14577	0	13	13	0.17	0.02	0.08	1
7000	506	60	3.8	24	7524	0	7	7	0.05	0.01	0	1
7000	506	60	4	13	1295	0	3	3	0	0	0.02	1
7000	507	60	3	432	0	0	0.0	0.0	0.0	0.0	0.0	0
7000	507	60	3.2	168	0	0	0.0	0.0	0.0	0.0	0.0	0
7000	507	60	3.4	80	3859	0	50	50	0.09	0	0	1
7000	507	60	3.6	35	5246	0	13	13	0.04	0.01	0	1
7000	507	60	3.8	19	2234	1	5.5	6	0.02	0.01	0.13	1
7000	507	60	4	12	431	0	4	4	0	0	0	1
7000	508	60	3	459	0	0	0.0	0.0	0.0	0.0	0.0	0
7000	508	60	3.2	188	0	0	0.0	0.0	0.0	0.0	0.0	0
7000	508	60	3.4	90	4143	0	57	57	0.13	0	0	1
7000	508	60	3.6	44	2696	0	21	21	0.05	0	0	1
7000	508	60	3.8	22	1069	0	11	11	0.02	0	0	1
7000	508	60	4	11	279	0	4	4	0	0	0	1
7000	509	60	3	408	0	0	0.0	0.0	0.0	0.0	0.0	0
7000	509	60	3.2	176	0	0	0.0	0.0	0.0	0.0	0.0	0
7000	509	60	3.4	87	7752	0	52	52	0.3	0.01	0	1
7000	509	60	3.6	42	4784	0	23	23	0.09	0	0	1
7000	509	60	3.8	18	2255	0	6	6	0.03	0	0	1
7000	509	60	4	13	1247	0	3	3	0.01	0	0	1
7000	510	60	3	432	0	0	0.0	0.0	0.0	0.0	0.0	0
7000	510	60	3.2	191	0	0	0.0	0.0	0.0	0.0	0.0	0
7000	510	60	3.4	88	4191	0	55	55	0.13	0	0.02	1
7000	510	60	3.6	42	2348	0	22	22	0.04	0	0	1
7000	510	60	3.8	23	871	0	10	10	0	0	0.01	1
7000	510	60	4	9	215	0	2	2	0	0	0	1
7000	511	60	3	479	0	0	0.0	0.0	0.0	0.0	0.0	0
7000	511	60	3.2	204	0	0	0.0	0.0	0.0	0.0	0.0	0
7000	511	60	3.4	107	3368	0	67	67	0.19	0.01	0	1
7000	511	60	3.6	47	2858	0	20	20	0.1	0.01	0	1
7000	511	60	3.8	19	754	0	6	6	0	0	0	1
7000	511	60	4	11	402	0	2	2	0	0	0	1
7000	512	60	3	413	0	0	0.0	0.0	0.0	0.0	0.0	0
7000	512	60	3.2	201	0	0	0.0	0.0	0.0	0.0	0.0	0
7000	512	60	3.4	104	32042	0	52	52	1.37	0.03	0	1
7000	512	60	3.6	57	23121	1	22.5	23	0.72	0.03	0.26	1
7000	512	60	3.8	29	16997	0	9	9	0.27	0.01	0	1
7000	512	60	4	22	5217	0	7	7	0.06	0	0	1
7000	513	60	3	416	0	0	0.0	0.0	0.0	0.0	0.0	0
7000	513	60	3.2	185	0	0	0.0	0.0	0.0	0.0	0.0	0
7000	513	60	3.4	86	4050	0	56	56	0.12	0	0	1
7000	513	60	3.6	43	3491	0	23	23	0.04	0.01	0	1
7000	513	60	3.8	22	954	0	10	10	0	0	0	1
7000	513	60	4	11	319	0	5	5	0	0	0	1
7000	514	60	3	506	0	0	0.0	0.0	0.0	0.0	0.0	0
7000	514	60	3.2	216	0	0	0.0	0.0	0.0	0.0	0.0	0
7000	514	60	3.4	92	5473	0	54	54	0.18	0.01	0	1
7000	514	60	3.6	50	5056	0	23	23	0.09	0	0	1
7000	514	60	3.8	25	2046	0	11	11	0.02	0	0	1
7000	514	60	4	11	367	0	3	3	0	0	0	1
7000	515	60	3	444	0	0	0.0	0.0	0.0	0.0	0.0	0
7000	515	60	3.2	198	0	0	0.0	0.0	0.0	0.0	0.0	0
7000	515	60	3.4	98	9150	0	55	55	0.3	0.01	0.04	1
7000	515	60	3.6	47	7665	1	19	19	0.14	0.01	0.05	1
7000	515	60	3.8	27	3566	0	10	10	0.05	0	0	1
7000	515	60	4	13	324	0	4	4	0	0	0	1
7000	516	60	3	410	0	0	0.0	0.0	0.0	0.0	0.0	0
7000	516	60	3.2	149	0	0	0.0	0.0	0.0	0.0	0.0	0
7000	516	60	3.4	78	12988	1	34.25	35	0.46	0.03	0.13	1
7000	516	60	3.6	41	15729	0	15	15	0.28	0.02	0.16	1
7000	516	60	3.8	19	6081	0	4	4	0.04	0.01	0	1
7000	516	60	4	13	416	0	4	4	0	0	0	1
7000	517	60	3	463	0	0	0.0	0.0	0.0	0.0	0.0	0
7000	517	60	3.2	211	0	0	0.0	0.0	0.0	0.0	0.0	0
7000	517	60	3.4	95	6338	0	57	57	0.2	0	0	1
7000	517	60	3.6	50	6473	0	25	25	0.08	0.01	0	1
7000	517	60	3.8	26	2146	1	8.33333	9	0.01	0.01	0.02	1
7000	517	60	4	10	193	0	3	3	0	0	0	1
7000	518	60	3	444	0	0	0.0	0.0	0.0	0.0	0.0	0
7000	518	60	3.2	193	0	0	0.0	0.0	0.0	0.0	0.0	0
7000	518	60	3.4	84	1362	0	57	57	0.04	0	0.01	1
7000	518	60	3.6	33	635	0	16	16	0	0	0	1
7000	518	60	3.8	13	75	0	6	6	0	0	0	1
7000	518	60	4	3	3	0	3	3	0	0	0	1
7000	519	60	3	501	0	0	0.0	0.0	0.0	0.0	0.0	0
7000	519	60	3.2	225	0	0	0.0	0.0	0.0	0.0	0.0	0
7000	519	60	3.4	97	2480	0	62	62	0.11	0.01	0	1
7000	519	60	3.6	51	2310	0	26	26	0.06	0	0	1
7000	519	60	3.8	26	771	0	12	12	0.01	0	0	1
7000	519	60	4	11	92	0	5	5	0	0	0	1
7000	520	60	3	417	0	0	0.0	0.0	0.0	0.0	0.0	0
7000	520	60	3.2	190	0	0	0.0	0.0	0.0	0.0	0.0	0
7000	520	60	3.4	76	5873	0	44	44	0.27	0.01	0	1
7000	520	60	3.6	35	6114	0	13	13	0.1	0.01	0.03	1
7000	520	60	3.8	22	3568	0	6	6	0.03	0	0	1
7000	520	60	4	15	818	0	5	5	0	0	0	1
7000	521	60	3	438	0	0	0.0	0.0	0.0	0.0	0.0	0
7000	521	60	3.2	218	0	0	0.0	0.0	0.0	0.0	0.0	0
7000	521	60	3.4	120	41759	1	65.5	66	2.43	0.08	0.54	1
7000	521	60	3.6	61	45634	0	25	25	1.22	0.06	0.26	1
7000	521	60	3.8	38	31980	0	15	15	0.57	0.03	0	1
7000	521	60	4	21	6544	0	8	8	0.06	0.01	0	1
7000	522	60	3	418	0	0	0.0	0.0	0.0	0.0	0.0	0
7000	522	60	3.2	186	0	0	0.0	0.0	0.0	0.0	0.0	0
7000	522	60	3.4	85	5298	0	45	45	0.15	0.01	0.03	1
7000	522	60	3.6	40	4066	0	16	16	0.05	0	0.02	1
7000	522	60	3.8	19	1152	0	5	5	0	0	0	1
7000	522	60	4	12	431	0	3	3	0	0	0	1
7000	523	60	3	405	0	0	0.0	0.0	0.0	0.0	0.0	0
7000	523	60	3.2	161	0	0	0.0	0.0	0.0	0.0	0.0	0
7000	523	60	3.4	78	5604	0	48	48	0.2	0	0	1
7000	523	60	3.6	36	5103	0	15	15	0.08	0	0	1
7000	523	60	3.8	19	1482	1	5.33333	6	0.01	0.01	0.01	1
7000	523	60	4	11	244	0	5	5	0	0	0	1
7000	524	60	3	430	0	0	0.0	0.0	0.0	0.0	0.0	0
7000	524	60	3.2	197	0	0	0.0	0.0	0.0	0.0	0.0	0
7000	524	60	3.4	89	9920	0	50	50	0.24	0.02	0	1
7000	524	60	3.6	52	8760	1	21.75	22	0.11	0.02	0.2	1
7000	524	60	3.8	23	2727	1	6.5	7	0.01	0.01	0.02	1
7000	524	60	4	15	667	0	5	5	0	0	0	1
7000	525	60	3	503	0	0	0.0	0.0	0.0	0.0	0.0	0
7000	525	60	3.2	185	0	0	0.0	0.0	0.0	0.0	0.0	0
7000	525	60	3.4	91	7709	0	59	59	0.37	0	0.04	1
7000	525	60	3.6	48	8194	0	21	21	0.18	0	0.04	1
7000	525	60	3.8	28	5072	0	12	12	0.06	0	0	1
7000	525	60	4	19	1587	0	10	10	0.01	0	0	1
7000	526	60	3	435	0	0	0.0	0.0	0.0	0.0	0.0	0
7000	526	60	3.2	163	0	0	0.0	0.0	0.0	0.0	0.0	0
7000	526	60	3.4	77	1887	0	53	53	0.06	0.01	0	1
7000	526	60	3.6	28	1091	0	11	11	0.01	0	0	1
7000	526	60	3.8	13	331	0	5	5	0	0	0.01	1
7000	526	60	4	9	179	0	2	2	0	0	0	1
7000	527	60	3	430	0	0	0.0	0.0	0.0	0.0	0.0	0
7000	527	60	3.2	182	0	0	0.0	0.0	0.0	0.0	0.0	0
7000	527	60	3.4	76	4364	1	42.2	43	0.15	0	0.06	1
7000	527	60	3.6	37	4555	0	12	12	0.08	0.01	0	1
7000	527	60	3.8	21	2010	0	7	7	0.01	0.01	0	1
7000	527	60	4	13	1175	0	3	3	0	0	0	1
7000	528	60	3	442	0	0	0.0	0.0	0.0	0.0	0.0	0
7000	528	60	3.2	202	0	0	0.0	0.0	0.0	0.0	0.0	0
7000	528	60	3.4	93	3665	0	58	58	0.08	0	0	1
7000	528	60	3.6	41	3094	1	18	18	0.04	0	0.03	1
7000	528	60	3.8	20	1091	0	8	8	0.01	0	0	1
7000	528	60	4	10	131	0	5	5	0	0	0	1
7000	529	60	3	448	0	0	0.0	0.0	0.0	0.0	0.0	0
7000	529	60	3.2	187	0	0	0.0	0.0	0.0	0.0	0.0	0
7000	529	60	3.4	73	4718	0	43	43	0.08	0	0.02	1
7000	529	60	3.6	35	5021	0	14	14	0.07	0	0	1
7000	529	60	3.8	24	2164	0	9	9	0.02	0	0	1
7000	529	60	4	11	252	0	3	3	0	0	0	1
7000	530	60	3	388	0	0	0.0	0.0	0.0	0.0	0.0	0
7000	530	60	3.2	160	0	0	0.0	0.0	0.0	0.0	0.0	0
7000	530	60	3.4	71	4921	0	38	38	0.12	0.01	0	1
7000	530	60	3.6	40	3739	0	16	16	0.05	0.01	0	1
7000	530	60	3.8	19	720	0	10	10	0	0	0	1
7000	530	60	4	12	175	0	7	7	0	0	0	1
7000	531	60	3	430	0	0	0.0	0.0	0.0	0.0	0.0	0
7000	531	60	3.2	182	0	0	0.0	0.0	0.0	0.0	0.0	0
7000	531	60	3.4	98	10056	0	51	51	0.27	0.01	0	1
7000	531	60	3.6	53	7484	0	25	25	0.09	0.01	0	1
7000	531	60	3.8	25	4866	0	10	10	0.03	0	0	1
7000	531	60	4	20	3339	0	8	8	0.02	0	0	1
7000	532	60	3	469	0	0	0.0	0.0	0.0	0.0	0.0	0
7000	532	60	3.2	198	0	0	0.0	0.0	0.0	0.0	0.0	0
7000	532	60	3.4	84	2303	0	62	62	0.02	0.01	0	1
7000	532	60	3.6	48	2338	0	32	32	0.02	0	0	1
7000	532	60	3.8	25	1107	0	15	15	0	0	0.01	1
7000	532	60	4	13	249	0	7	7	0	0	0	1
7000	533	60	3	475	0	0	0.0	0.0	0.0	0.0	0.0	0
7000	533	60	3.2	209	0	0	0.0	0.0	0.0	0.0	0.0	0
7000	533	60	3.4	102	5711	1	59.5	60	0.25	0.02	0.06	1
7000	533	60	3.6	49	4436	0	21	21	0.07	0.01	0.02	1
7000	533	60	3.8	18	1421	0	5	5	0	0.01	0	1
7000	533	60	4	9	101	0	4	4	0	0	0	1
7000	534	60	3	449	0	0	0.0	0.0	0.0	0.0	0.0	0
7000	534	60	3.2	194	0	0	0.0	0.0	0.0	0.0	0.0	0
7000	534	60	3.4	101	13870	0	62	62	0.54	0.02	0.16	1
7000	534	60	3.6	52	19176	0	21	21	0.48	0.03	0.11	1
7000	534	60	3.8	28	10832	0	11	11	0.16	0.01	0	1
7000	534	60	4	18	2791	0	8	8	0.02	0	0	1
7000	535	60	3	393	0	0	0.0	0.0	0.0	0.0	0.0	0
7000	535	60	3.2	181	0	0	0.0	0.0	0.0	0.0	0.0	0
7000	535	60	3.4	92	8302	0	50	50	0.27	0.01	0	1
7000	535	60	3.6	34	3302	0	13	13	0.05	0	0	1
7000	535	60	3.8	17	1123	0	5	5	0	0	0	1
7000	535	60	4	9	259	0	2	2	0	0	0	1
7000	536	60	3	432	0	0	0.0	0.0	0.0	0.0	0.0	0
7000	536	60	3.2	196	0	0	0.0	0.0	0.0	0.0	0.0	0
7000	536	60	3.4	83	7924	0	53	53	0.16	0	0	1
7000	536	60	3.6	43	11277	0	23	23	0.07	0.01	0	1
7000	536	60	3.8	25	6642	0	11	11	0.03	0.01	0	1
7000	536	60	4	18	1610	0	7	7	0	0	0.01	1
7000	537	60	3	412	0	0	0.0	0.0	0.0	0.0	0.0	0
7000	537	60	3.2	186	0	0	0.0	0.0	0.0	0.0	0.0	0
7000	537	60	3.4	82	6560	0	50	50	0.25	0.01	0	1
7000	537	60	3.6	38	7920	0	16	16	0.17	0	0.05	1
7000	537	60	3.8	22	3016	0	8	8	0.03	0.01	0	1
7000	537	60	4	10	328	0	3	3	0	0	0	1
7000	538	60	3	467	0	0	0.0	0.0	0.0	0.0	0.0	0
7000	538	60	3.2	216	0	0	0.0	0.0	0.0	0.0	0.0	0
7000	538	60	3.4	91	5868	0	55	55	0.2	0	0	1
7000	538	60	3.6	46	5117	1	20.5	21	0.11	0.01	0.07	1
7000	538	60	3.8	24	643	0	13	13	0	0	0	1
7000	538	60	4	10	65	0	6	6	0	0	0	1
7000	539	60	3	472	0	0	0.0	0.0	0.0	0.0	0.0	0
7000	539	60	3.2	189	0	0	0.0	0.0	0.0	0.0	0.0	0
7000	539	60	3.4	84	2285	0	54	54	0.09	0	0.01	1
7000	539	60	3.6	37	2074	0	17	17	0.03	0	0	1
7000	539	60	3.8	20	484	0	8	8	0	0	0	1
7000	539	60	4	9	69	0	4	4	0	0	0	1
7000	540	60	3	444	0	0	0.0	0.0	0.0	0.0	0.0	0
7000	540	60	3.2	184	0	0	0.0	0.0	0.0	0.0	0.0	0
7000	540	60	3.4	91	5117	0	56	56	0.16	0	0	1
7000	540	60	3.6	38	2330	0	17	17	0.03	0	0.01	1
7000	540	60	3.8	16	651	0	5	5	0	0	0	1
7000	540	60	4	8	107	0	2	2	0	0	0	1
7000	541	60	3	439	0	0	0.0	0.0	0.0	0.0	0.0	0
7000	541	60	3.2	205	0	0	0.0	0.0	0.0	0.0	0.0	0
7000	541	60	3.4	98	2400	0	56	56	0.12	0.01	0	1
7000	541	60	3.6	44	1026	0	21	21	0.03	0	0	1
7000	541	60	3.8	14	281	0	5	5	0	0	0	1
7000	541	60	4	9	76	0	3	3	0	0	0	1
7000	542	60	3	413	0	0	0.0	0.0	0.0	0.0	0.0	0
7000	542	60	3.2	182	0	0	0.0	0.0	0.0	0.0	0.0	0
7000	542	60	3.4	85	12441	1	45.3333	46	0.5	0.01	0.15	1
7000	542	60	3.6	40	14949	1	13.0588	14	0.22	0.03	0.26	1
7000	542	60	3.8	23	8512	0	6	6	0.1	0.02	0	1
7000	542	60	4	17	2496	0	4	4	0.01	0	0	1
7000	543	60	3	434	0	0	0.0	0.0	0.0	0.0	0.0	0
7000	543	60	3.2	164	0	0	0.0	0.0	0.0	0.0	0.0	0
7000	543	60	3.4	84	1967	0	52	52	0.06	0	0	1
7000	543	60	3.6	34	1317	0	16	16	0.01	0.01	0	1
7000	543	60	3.8	16	627	0	6	6	0	0	0	1
7000	543	60	4	8	119	0	2	2	0	0	0	1
7000	544	60	3	486	0	0	0.0	0.0	0.0	0.0	0.0	0
7000	544	60	3.2	220	0	0	0.0	0.0	0.0	0.0	0.0	0
7000	544	60	3.4	93	3292	0	58	58	0.12	0	0	1
7000	544	60	3.6	45	3651	1	23.5	24	0.07	0.01	0.05	1
7000	544	60	3.8	21	2129	1	6.5	7	0.01	0.01	0.02	1
7000	544	60	4	12	368	0	3	3	0	0	0	1
7000	545	60	3	436	0	0	0.0	0.0	0.0	0.0	0.0	0
7000	545	60	3.2	178	0	0	0.0	0.0	0.0	0.0	0.0	0
7000	545	60	3.4	71	2750	0	44	44	0.07	0.01	0	1
7000	545	60	3.6	37	2180	0	21	21	0.03	0	0	1
7000	545	60	3.8	19	943	0	9	9	0	0	0	1
7000	545	60	4	12	334	0	5	5	0	0	0	1
7000	546	60	3	448	0	0	0.0	0.0	0.0	0.0	0.0	0
7000	546	60	3.2	193	0	0	0.0	0.0	0.0	0.0	0.0	0
7000	546	60	3.4	90	4253	1	48.5	49	0.11	0	0.08	1
7000	546	60	3.6	42	3565	0	18	18	0.05	0	0	1
7000	546	60	3.8	23	2081	1	8	8	0.01	0	0.01	1
7000	546	60	4	11	383	0	3	3	0	0	0	1
7000	547	60	3	461	0	0	0.0	0.0	0.0	0.0	0.0	0
7000	547	60	3.2	199	0	0	0.0	0.0	0.0	0.0	0.0	0
7000	547	60	3.4	92	4172	1	49.5	50	0.1	0	0.04	1
7000	547	60	3.6	46	2542	0	22	22	0.03	0	0	1
7000	547	60	3.8	21	701	0	8	8	0	0	0	1
7000	547	60	4	8	59	0	4	4	0	0	0	1
7000	548	60	3	395	0	0	0.0	0.0	0.0	0.0	0.0	0
7000	548	60	3.2	172	0	0	0.0	0.0	0.0	0.0	0.0	0
7000	548	60	3.4	74	7418	0	35	35	0.19	0.01	0	1
7000	548	60	3.6	34	5482	1	9.4	10	0.06	0.01	0.05	1
7000	548	60	3.8	19	2609	0	6	6	0.02	0	0.01	1
7000	548	60	4	11	288	1	2.25	3	0	0	0	1
7000	549	60	3	422	0	0	0.0	0.0	0.0	0.0	0.0	0
7000	549	60	3.2	194	0	0	0.0	0.0	0.0	0.0	0.0	0
7000	549	60	3.4	89	4056	0	48	48	0.18	0.01	0	1
7000	549	60	3.6	36	2238	0	17	17	0.02	0	0	1
7000	549	60	3.8	18	1074	0	5	5	0	0	0	1
7000	549	60	4	12	432	0	3	3	0	0	0	1
7000	550	60	3	475	0	0	0.0	0.0	0.0	0.0	0.0	0
7000	550	60	3.2	195	0	0	0.0	0.0	0.0	0.0	0.0	0
7000	550	60	3.4	77	1238	1	48.5	49	0.02	0	0.02	1
7000	550	60	3.6	37	740	0	19	19	0.01	0	0	1
7000	550	60	3.8	15	188	0	6	6	0	0	0	1
7000	550	60	4	8	102	0	2	2	0	0	0	1
7000	551	60	3	435	0	0	0.0	0.0	0.0	0.0	0.0	0
7000	551	60	3.2	180	0	0	0.0	0.0	0.0	0.0	0.0	0
7000	551	60	3.4	94	3768	0	64	64	0.15	0	0	1
7000	551	60	3.6	34	3825	0	18	18	0.05	0.01	0	1
7000	551	60	3.8	20	860	0	10	10	0	0	0	1
7000	551	60	4	10	146	0	5	5	0	0	0	1
7000	552	60	3	395	0	0	0.0	0.0	0.0	0.0	0.0	0
7000	552	60	3.2	177	0	0	0.0	0.0	0.0	0.0	0.0	0
7000	552	60	3.4	80	10391	0	39	39	0.39	0.01	0	1
7000	552	60	3.6	43	7334	0	20	20	0.13	0	0	1
7000	552	60	3.8	25	3039	0	12	12	0.04	0	0	1
7000	552	60	4	11	215	0	5	5	0	0	0	1
7000	553	60	3	417	0	0	0.0	0.0	0.0	0.0	0.0	0
7000	553	60	3.2	183	0	0	0.0	0.0	0.0	0.0	0.0	0
7000	553	60	3.4	82	2521	1	45.4	46	0.06	0.01	0.02	1
7000	553	60	3.6	35	1075	0	15	15	0.01	0	0	1
7000	553	60	3.8	15	267	0	5	5	0	0	0	1
7000	553	60	4	6	47	0	2	2	0	0	0	1
7000	554	60	3	429	0	0	0.0	0.0	0.0	0.0	0.0	0
7000	554	60	3.2	188	0	0	0.0	0.0	0.0	0.0	0.0	0
7000	554	60	3.4	83	9538	0	53	53	0.34	0.01	0	1
7000	554	60	3.6	42	6490	0	19	19	0.1	0	0	1
7000	554	60	3.8	21	1866	0	8	8	0.01	0	0	1
7000	554	60	4	11	623	1	2.5	3	0	0	0.01	1
7000	555	60	3	412	0	0	0.0	0.0	0.0	0.0	0.0	0
7000	555	60	3.2	190	0	0	0.0	0.0	0.0	0.0	0.0	0
7000	555	60	3.4	87	5528	0	48	48	0.2	0	0	1
7000	555	60	3.6	38	3953	0	15	15	0.05	0	0	1
7000	555	60	3.8	20	1624	0	6	6	0.01	0	0	1
7000	555	60	4	12	307	0	4	4	0	0	0	1
7000	556	60	3	432	0	0	0.0	0.0	0.0	0.0	0.0	0
7000	556	60	3.2	172	0	0	0.0	0.0	0.0	0.0	0.0	0
7000	556	60	3.4	76	3788	1	45	45	0.11	0.01	0.01	1
7000	556	60	3.6	37	3674	0	15	15	0.06	0	0.04	1
7000	556	60	3.8	22	1980	0	9	9	0.02	0	0	1
7000	556	60	4	8	127	0	2	2	0	0	0	1
7000	557	60	3	431	0	0	0.0	0.0	0.0	0.0	0.0	0
7000	557	60	3.2	178	0	0	0.0	0.0	0.0	0.0	0.0	0
7000	557	60	3.4	88	13161	0	50	50	0.49	0.01	0.05	1
7000	557	60	3.6	41	14031	0	14	14	0.27	0.02	0	1
7000	557	60	3.8	21	6514	0	5	5	0.04	0	0	1
7000	557	60	4	14	1786	0	4	4	0	0	0	1
7000	558	60	3	420	0	0	0.0	0.0	0.0	0.0	0.0	0
7000	558	60	3.2	170	0	0	0.0	0.0	0.0	0.0	0.0	0
7000	558	60	3.4	77	8650	0	41	41	0.19	0	0	1
7000	558	60	3.6	39	11737	0	15	15	0.09	0.01	0	1
7000	558	60	3.8	24	6454	0	7	7	0.04	0	0.06	1
7000	558	60	4	12	863	0	3	3	0	0	0	1
7000	559	60	3	493	0	0	0.0	0.0	0.0	0.0	0.0	0
7000	559	60	3.2	224	0	0	0.0	0.0	0.0	0.0	0.0	0
7000	559	60	3.4	108	8001	0	65	65	0.19	0	0	1
7000	559	60	3.6	53	8064	0	21	21	0.1	0.01	0.05	1
7000	559	60	3.8	26	4295	0	8	8	0.03	0	0.03	1
7000	559	60	4	18	3050	0	4	4	0.01	0	0	1
7000	560	60	3	483	0	0	0.0	0.0	0.0	0.0	0.0	0
7000	560	60	3.2	192	0	0	0.0	0.0	0.0	0.0	0.0	0
7000	560	60	3.4	77	1097	1	48.6667	49	0.02	0	0.01	1
7000	560	60	3.6	32	927	0	16	16	0	0	0	1
7000	560	60	3.8	15	484	0	5	5	0	0	0	1
7000	560	60	4	10	223	0	3	3	0	0	0	1
7000	561	60	3	395	0	0	0.0	0.0	0.0	0.0	0.0	0
7000	561	60	3.2	185	0	0	0.0	0.0	0.0	0.0	0.0	0
7000	561	60	3.4	79	5952	0	45	45	0.16	0.01	0	1
7000	561	60	3.6	37	4285	0	14	14	0.08	0	0.03	1
7000	561	60	3.8	16	766	0	4	4	0	0	0	1
7000	561	60	4	12	326	0	5	5	0	0	0	1
7000	562	60	3	456	0	0	0.0	0.0	0.0	0.0	0.0	0
7000	562	60	3.2	189	0	0	0.0	0.0	0.0	0.0	0.0	0
7000	562	60	3.4	79	2174	0	52	52	0.04	0	0	1
7000	562	60	3.6	31	1962	0	15	15	0.01	0	0	1
7000	562	60	3.8	15	1296	0	5	5	0	0	0	1
7000	562	60	4	12	477	1	3.5	4	0	0	0.01	1
7000	563	60	3	448	0	0	0.0	0.0	0.0	0.0	0.0	0
7000	563	60	3.2	182	0	0	0.0	0.0	0.0	0.0	0.0	0
7000	563	60	3.4	81	7323	1	42.5	43	0.21	0.01	0.05	1
7000	563	60	3.6	40	9788	0	14	14	0.12	0.01	0.05	1
7000	563	60	3.8	22	7351	0	6	6	0.06	0	0.05	1
7000	563	60	4	15	1935	0	4	4	0.01	0	0.02	1
7000	564	60	3	393	0	0	0.0	0.0	0.0	0.0	0.0	0
7000	564	60	3.2	174	0	0	0.0	0.0	0.0	0.0	0.0	0
7000	564	60	3.4	90	18157	1	38.8	39	0.69	0.04	0.95	1
7000	564	60	3.6	47	15906	0	16	16	0.52	0.03	0	1
7000	564	60	3.8	24	8976	0	7	7	0.08	0.01	0	1
7000	564	60	4	16	2770	0	4	4	0.02	0	0	1
7000	565	60	3	414	0	0	0.0	0.0	0.0	0.0	0.0	0
7000	565	60	3.2	188	0	0	0.0	0.0	0.0	0.0	0.0	0
7000	565	60	3.4	83	12264	0	46	46	0.37	0.01	0.06	1
7000	565	60	3.6	53	14558	0	25	25	0.24	0.02	0	1
7000	565	60	3.8	28	7292	0	10	10	0.06	0	0	1
7000	565	60	4	16	1175	0	5	5	0	0	0	1
7000	566	60	3	437	0	0	0.0	0.0	0.0	0.0	0.0	0
7000	566	60	3.2	201	0	0	0.0	0.0	0.0	0.0	0.0	0
7000	566	60	3.4	85	4638	0	46	46	0.1	0	0	1
7000	566	60	3.6	42	3917	0	18	18	0.05	0	0	1
7000	566	60	3.8	20	1077	0	7	7	0	0	0	1
7000	566	60	4	8	44	0	4	4	0	0	0	1
7000	567	60	3	394	0	0	0.0	0.0	0.0	0.0	0.0	0
7000	567	60	3.2	175	0	0	0.0	0.0	0.0	0.0	0.0	0
7000	567	60	3.4	81	11504	0	37	37	0.39	0.02	0.08	1
7000	567	60	3.6	36	7960	0	12	12	0.11	0	0.05	1
7000	567	60	3.8	21	3467	0	5	5	0.02	0	0	1
7000	567	60	4	15	1199	0	4	4	0.01	0.01	0	1
7000	568	60	3	443	0	0	0.0	0.0	0.0	0.0	0.0	0
7000	568	60	3.2	203	0	0	0.0	0.0	0.0	0.0	0.0	0
7000	568	60	3.4	94	9645	0	58	58	0.17	0.02	0.05	1
7000	568	60	3.6	51	10636	0	24	24	0.11	0.01	0.06	1
7000	568	60	3.8	24	4772	1	6.5	7	0.03	0	0.16	1
7000	568	60	4	14	822	0	4	4	0	0	0	1
7000	569	60	3	420	0	0	0.0	0.0	0.0	0.0	0.0	0
7000	569	60	3.2	172	0	0	0.0	0.0	0.0	0.0	0.0	0
7000	569	60	3.4	77	8567	0	40	40	0.26	0.01	0	1
7000	569	60	3.6	38	9716	1	14.2	15	0.14	0.01	0.09	1
7000	569	60	3.8	21	5656	0	5	5	0.03	0.01	0.03	1
7000	569	60	4	11	377	0	3	3	0	0	0	1
7000	570	60	3	359	0	0	0.0	0.0	0.0	0.0	0.0	0
7000	570	60	3.2	147	0	0	0.0	0.0	0.0	0.0	0.0	0
7000	570	60	3.4	60	9632	1	24	24	0.16	0.02	0.3	1
7000	570	60	3.6	30	7719	0	10	10	0.06	0.01	0.06	1
7000	570	60	3.8	17	2591	0	4	4	0.01	0.01	0	1
7000	570	60	4	10	255	0	3	3	0	0	0	1
7000	571	60	3	405	0	0	0.0	0.0	0.0	0.0	0.0	0
7000	571	60	3.2	177	0	0	0.0	0.0	0.0	0.0	0.0	0
7000	571	60	3.4	81	11129	0	45	45	0.34	0.01	0.06	1
7000	571	60	3.6	44	11982	1	16	16	0.2	0.02	0.07	1
7000	571	60	3.8	21	3432	0	5	5	0.03	0.01	0	1
7000	571	60	4	12	275	0	4	4	0	0	0	1
7000	572	60	3	426	0	0	0.0	0.0	0.0	0.0	0.0	0
7000	572	60	3.2	182	0	0	0.0	0.0	0.0	0.0	0.0	0
7000	572	60	3.4	76	7330	1	41.5	42	0.2	0.01	0.07	1
7000	572	60	3.6	38	7124	0	16	16	0.13	0.01	0.04	1
7000	572	60	3.8	23	3217	0	7	7	0.03	0	0.02	1
7000	572	60	4	12	515	0	4	4	0	0	0	1
7000	573	60	3	418	0	0	0.0	0.0	0.0	0.0	0.0	0
7000	573	60	3.2	181	0	0	0.0	0.0	0.0	0.0	0.0	0
7000	573	60	3.4	73	2528	0	45	45	0.06	0	0	1
7000	573	60	3.6	34	1445	0	15	15	0.02	0	0	1
7000	573	60	3.8	14	274	0	5	5	0	0	0	1
7000	573	60	4	8	87	0	3	3	0	0	0	1
7000	574	60	3	470	0	0	0.0	0.0	0.0	0.0	0.0	0
7000	574	60	3.2	207	0	0	0.0	0.0	0.0	0.0	0.0	0
7000	574	60	3.4	95	4026	0	62	62	0.14	0	0	1
7000	574	60	3.6	41	3365	0	22	22	0.06	0.01	0	1
7000	574	60	3.8	24	1044	0	12	12	0	0.01	0	1
7000	574	60	4	13	244	0	7	7	0	0	0	1
7000	575	60	3	401	0	0	0.0	0.0	0.0	0.0	0.0	0
7000	575	60	3.2	170	0	0	0.0	0.0	0.0	0.0	0.0	0
7000	575	60	3.4	79	8299	1	37.6	38	0.18	0.02	0.21	1
7000	575	60	3.6	39	7153	0	13	13	0.14	0.01	0.06	1
7000	575	60	3.8	19	2576	0	6	6	0.01	0	0.01	1
7000	575	60	4	9	143	0	3	3	0	0	0	1
7000	576	60	3	436	0	0	0.0	0.0	0.0	0.0	0.0	0
7000	576	60	3.2	202	0	0	0.0	0.0	0.0	0.0	0.0	0
7000	576	60	3.4	85	7240	0	44	44	0.23	0	0.03	1
7000	576	60	3.6	47	6231	0	19	19	0.09	0.01	0	1
7000	576	60	3.8	26	2408	0	9	9	0.02	0	0	1
7000	576	60	4	13	282	0	5	5	0	0	0	1
7000	577	60	3	414	0	0	0.0	0.0	0.0	0.0	0.0	0
7000	577	60	3.2	179	0	0	0.0	0.0	0.0	0.0	0.0	0
7000	577	60	3.4	84	8346	0	51	51	0.3	0.01	0	1
7000	577	60	3.6	37	10526	0	12	12	0.16	0.02	0.09	1
7000	577	60	3.8	21	3979	0	6	6	0.02	0	0	1
7000	577	60	4	13	424	0	6	6	0	0	0	1
7000	578	60	3	413	0	0	0.0	0.0	0.0	0.0	0.0	0
7000	578	60	3.2	176	0	0	0.0	0.0	0.0	0.0	0.0	0
7000	578	60	3.4	86	11984	0	43	43	0.34	0.02	0.08	1
7000	578	60	3.6	55	11387	0	20	20	0.21	0.02	0	1
7000	578	60	3.8	24	5735	0	7	7	0.04	0	0	1
7000	578	60	4	16	1718	0	5	5	0.01	0	0	1
7000	579	60	3	427	0	0	0.0	0.0	0.0	0.0	0.0	0
7000	579	60	3.2	187	0	0	0.0	0.0	0.0	0.0	0.0	0
7000	579	60	3.4	86	11720	0	49	49	0.63	0.02	0.06	1
7000	579	60	3.6	42	12707	0	15	15	0.23	0.03	0	1
7000	579	60	3.8	26	10360	0	7	7	0.08	0.02	0.05	1
7000	579	60	4	15	2056	0	4	4	0.01	0	0	1
7000	580	60	3	485	0	0	0.0	0.0	0.0	0.0	0.0	0
7000	580	60	3.2	189	0	0	0.0	0.0	0.0	0.0	0.0	0
7000	580	60	3.4	89	4415	0	60	60	0.1	0	0	1
7000	580	60	3.6	40	4124	0	18	18	0.04	0.01	0	1
7000	580	60	3.8	20	1758	0	6	6	0	0.01	0	1
7000	580	60	4	11	327	0	4	4	0	0	0	1
7000	581	60	3	402	0	0	0.0	0.0	0.0	0.0	0.0	0
7000	581	60	3.2	165	0	0	0.0	0.0	0.0	0.0	0.0	0
7000	581	60	3.4	74	13269	0	40	40	0.7	0.01	0	1
7000	581	60	3.6	38	15077	0	11	11	0.27	0.02	0	1
7000	581	60	3.8	26	9953	0	6	6	0.11	0.01	0.05	1
7000	581	60	4	13	1119	0	3	3	0	0	0	1
7000	582	60	3	396	0	0	0.0	0.0	0.0	0.0	0.0	0
7000	582	60	3.2	190	0	0	0.0	0.0	0.0	0.0	0.0	0
7000	582	60	3.4	99	7735	0	60	60	0.22	0	0.03	1
7000	582	60	3.6	46	5173	0	21	21	0.07	0	0	1
7000	582	60	3.8	22	827	0	12	12	0	0	0	1
7000	582	60	4	12	184	0	5	5	0	0	0	1
7000	583	60	3	426	0	0	0.0	0.0	0.0	0.0	0.0	0
7000	583	60	3.2	181	0	0	0.0	0.0	0.0	0.0	0.0	0
7000	583	60	3.4	79	2761	0	50	50	0.07	0	0	1
7000	583	60	3.6	33	1326	0	16	16	0.02	0.01	0	1
7000	583	60	3.8	18	413	0	7	7	0	0	0	1
7000	583	60	4	7	32	0	3	3	0	0	0	1
7000	584	60	3	378	0	0	0.0	0.0	0.0	0.0	0.0	0
7000	584	60	3.2	152	0	0	0.0	0.0	0.0	0.0	0.0	0
7000	584	60	3.4	62	3751	1	28	28	0.08	0.01	0.01	1
7000	584	60	3.6	29	1471	0	10	10	0.01	0.01	0	1
7000	584	60	3.8	8	49	0	3	3	0	0	0	1
7000	584	60	4	4	15	0	1	1	0	0	0	1
7000	585	60	3	438	0	0	0.0	0.0	0.0	0.0	0.0	0
7000	585	60	3.2	201	0	0	0.0	0.0	0.0	0.0	0.0	0
7000	585	60	3.4	97	5273	0	59	59	0.19	0	0.04	1
7000	585	60	3.6	47	2317	1	23.5	24	0.03	0	0.02	1
7000	585	60	3.8	19	636	0	7	7	0	0	0	1
7000	585	60	4	8	83	0	3	3	0	0	0	1
7000	586	60	3	391	0	0	0.0	0.0	0.0	0.0	0.0	0
7000	586	60	3.2	181	0	0	0.0	0.0	0.0	0.0	0.0	0
7000	586	60	3.4	91	17298	0	44	44	0.44	0.03	0.13	1
7000	586	60	3.6	47	16341	0	15	15	0.36	0.03	0	1
7000	586	60	3.8	23	6370	0	7	7	0.03	0.01	0	1
7000	586	60	4	15	2118	0	3	3	0.01	0	0	1
7000	587	60	3	458	0	0	0.0	0.0	0.0	0.0	0.0	0
7000	587	60	3.2	178	0	0	0.0	0.0	0.0	0.0	0.0	0
7000	587	60	3.4	82	9570	0	46	46	0.5	0.02	0.05	1
7000	587	60	3.6	44	8902	0	19	19	0.2	0.01	0.09	1
7000	587	60	3.8	25	4451	0	9	9	0.08	0.01	0	1
7000	587	60	4	13	1727	0	3	3	0.01	0	0	1
7000	588	60	3	454	0	0	0.0	0.0	0.0	0.0	0.0	0
7000	588	60	3.2	173	0	0	0.0	0.0	0.0	0.0	0.0	0
7000	588	60	3.4	77	3811	0	52	52	0.14	0.01	0	1
7000	588	60	3.6	36	4713	0	17	17	0.08	0.01	0	1
7000	588	60	3.8	21	1419	0	8	8	0.01	0	0	1
7000	588	60	4	9	84	0	4	4	0	0	0	1
7000	589	60	3	447	0	0	0.0	0.0	0.0	0.0	0.0	0
7000	589	60	3.2	188	0	0	0.0	0.0	0.0	0.0	0.0	0
7000	589	60	3.4	81	3289	0	51	51	0.14	0	0	1
7000	589	60	3.6	42	2289	0	25	25	0.05	0.01	0	1
7000	589	60	3.8	17	926	0	8	8	0	0	0	1
7000	589	60	4	9	143	0	4	4	0	0	0	1
7000	590	60	3	369	0	0	0.0	0.0	0.0	0.0	0.0	0
7000	590	60	3.2	161	0	0	0.0	0.0	0.0	0.0	0.0	0
7000	590	60	3.4	81	10330	0	42	42	0.45	0.02	0	1
7000	590	60	3.6	47	11911	1	16.8571	17	0.24	0.02	0.23	1
7000	590	60	3.8	23	5081	1	6.5	7	0.03	0	0.05	1
7000	590	60	4	12	511	0	4	4	0	0	0	1
7000	591	60	3	418	0	0	0.0	0.0	0.0	0.0	0.0	0
7000	591	60	3.2	183	0	0	0.0	0.0	0.0	0.0	0.0	0
7000	591	60	3.4	71	8714	0	33	33	0.24	0.02	0	1
7000	591	60	3.6	40	8227	0	13	13	0.11	0.01	0.05	1
7000	591	60	3.8	20	1050	0	9	9	0	0	0.01	1
7000	591	60	4	11	270	0	3	3	0	0	0	1
7000	592	60	3	409	0	0	0.0	0.0	0.0	0.0	0.0	0
7000	592	60	3.2	168	0	0	0.0	0.0	0.0	0.0	0.0	0
7000	592	60	3.4	62	4780	0	31	31	0.14	0	0	1
7000	592	60	3.6	37	3815	1	11.5	12	0.06	0.01	0.32	1
7000	592	60	3.8	20	1530	0	7	7	0	0	0	1
7000	592	60	4	13	799	0	4	4	0	0	0	1
7000	593	60	3	438	0	0	0.0	0.0	0.0	0.0	0.0	0
7000	593	60	3.2	191	0	0	0.0	0.0	0.0	0.0	0.0	0
7000	593	60	3.4	93	34157	0	52	52	1.42	0.04	0.17	1
7000	593	60	3.6	47	42876	0	17	17	0.86	0.05	0.44	1
7000	593	60	3.8	33	30044	0	10	10	0.45	0.02	0.16	1
7000	593	60	4	17	3633	0	4	4	0.02	0	0	1
7000	594	60	3	455	0	0	0.0	0.0	0.0	0.0	0.0	0
7000	594	60	3.2	210	0	0	0.0	0.0	0.0	0.0	0.0	0
7000	594	60	3.4	101	8129	0	57	57	0.35	0.01	0	1
7000	594	60	3.6	46	7089	1	16.1667	17	0.15	0.01	0.14	1
7000	594	60	3.8	26	3210	0	8	8	0.03	0	0	1
7000	594	60	4	10	479	0	2	2	0	0	0	1
7000	595	60	3	503	0	0	0.0	0.0	0.0	0.0	0.0	0
7000	595	60	3.2	203	0	0	0.0	0.0	0.0	0.0	0.0	0
7000	595	60	3.4	91	5342	0	62	62	0.17	0.01	0	1
7000	595	60	3.6	47	4666	0	22	22	0.07	0	0	1
7000	595	60	3.8	24	1805	0	10	10	0.01	0	0	1
7000	595	60	4	14	451	0	5	5	0	0	0	1
7000	596	60	3	443	0	0	0.0	0.0	0.0	0.0	0.0	0
7000	596	60	3.2	197	0	0	0.0	0.0	0.0	0.0	0.0	0
7000	596	60	3.4	99	5016	0	53	53	0.22	0.01	0	1
7000	596	60	3.6	53	4045	0	23	23	0.08	0	0	1
7000	596	60	3.8	27	1035	0	14	14	0.01	0	0	1
7000	596	60	4	11	143	0	5	5	0	0	0	1
7000	597	60	3	463	0	0	0.0	0.0	0.0	0.0	0.0	0
7000	597	60	3.2	207	0	0	0.0	0.0	0.0	0.0	0.0	0
7000	597	60	3.4	92	5782	0	54	54	0.2	0	0.02	1
7000	597	60	3.6	44	4168	0	16	16	0.06	0.01	0.01	1
7000	597	60	3.8	18	1083	1	5.5	6	0	0.01	0.01	1
7000	597	60	4	10	146	0	4	4	0	0	0	1
7000	598	60	3	367	0	0	0.0	0.0	0.0	0.0	0.0	0
7000	598	60	3.2	180	0	0	0.0	0.0	0.0	0.0	0.0	0
7000	598	60	3.4	93	25186	0	44	44	0.6	0.04	0	1
7000	598	60	3.6	49	18528	0	16	16	0.28	0.03	0.49	1
7000	598	60	3.8	21	4514	0	5	5	0.04	0.01	0	1
7000	598	60	4	13	881	0	4	4	0	0	0	1
7000	599	60	3	491	0	0	0.0	0.0	0.0	0.0	0.0	0
7000	599	60	3.2	202	0	0	0.0	0.0	0.0	0.0	0.0	0
7000	599	60	3.4	91	4350	0	64	64	0.15	0	0	1
7000	599	60	3.6	47	4672	0	27	27	0.08	0.01	0.03	1
7000	599	60	3.8	22	2057	0	8	8	0.01	0.01	0	1
7000	599	60	4	10	121	0	3	3	0	0	0	1
7000	600	60	3	468	0	0	0.0	0.0	0.0	0.0	0.0	0
7000	600	60	3.2	209	0	0	0.0	0.0	0.0	0.0	0.0	0
7000	600	60	3.4	79	8296	0	49	49	0.16	0.01	0	1
7000	600	60	3.6	43	11451	0	19	19	0.1	0.01	0.09	1
7000	600	60	3.8	30	5946	0	10	10	0.05	0	0.04	1
7000	600	60	4	18	1125	0	7	7	0	0	0	1
7000	601	60	3	449	0	0	0.0	0.0	0.0	0.0	0.0	0
7000	601	60	3.2	212	0	0	0.0	0.0	0.0	0.0	0.0	0
7000	601	60	3.4	94	10949	1	51.3333	52	0.53	0.01	0.14	1
7000	601	60	3.6	51	8117	1	19.6667	20	0.2	0.01	0.09	1
7000	601	60	3.8	28	2407	0	9	9	0.04	0.01	0.01	1
7000	601	60	4	13	419	0	4	4	0	0	0	1
7000	602	60	3	476	0	0	0.0	0.0	0.0	0.0	0.0	0
7000	602	60	3.2	188	0	0	0.0	0.0	0.0	0.0	0.0	0
7000	602	60	3.4	70	1330	0	42	42	0.03	0	0.01	1
7000	602	60	3.6	33	1090	0	15	15	0.01	0	0	1
7000	602	60	3.8	16	499	0	5	5	0	0	0	1
7000	602	60	4	7	27	0	4	4	0	0	0	1
7000	603	60	3	435	0	0	0.0	0.0	0.0	0.0	0.0	0
7000	603	60	3.2	194	0	0	0.0	0.0	0.0	0.0	0.0	0
7000	603	60	3.4	85	2895	0	54	54	0.15	0	0	1
7000	603	60	3.6	42	2232	0	20	20	0.04	0	0.01	1
7000	603	60	3.8	22	954	0	9	9	0.01	0	0	1
7000	603	60	4	10	111	0	3	3	0	0	0	1
7000	604	60	3	456	0	0	0.0	0.0	0.0	0.0	0.0	0
7000	604	60	3.2	179	0	0	0.0	0.0	0.0	0.0	0.0	0
7000	604	60	3.4	82	2716	0	46	46	0.08	0.01	0.01	1
7000	604	60	3.6	34	1276	0	16	16	0.01	0	0	1
7000	604	60	3.8	12	416	0	3	3	0	0	0	1
7000	604	60	4	6	63	0	1	1	0	0	0	1
7000	605	60	3	428	0	0	0.0	0.0	0.0	0.0	0.0	0
7000	605	60	3.2	203	0	0	0.0	0.0	0.0	0.0	0.0	0
7000	605	60	3.4	91	8977	0	52	52	0.37	0.01	0.05	1
7000	605	60	3.6	45	5733	0	20	20	0.1	0.01	0	1
7000	605	60	3.8	20	1852	0	6	6	0.01	0	0	1
7000	605	60	4	11	280	0	4	4	0	0	0	1
7000	606	60	3	474	0	0	0.0	0.0	0.0	0.0	0.0	0
7000	606	60	3.2	185	0	0	0.0	0.0	0.0	0.0	0.0	0
7000	606	60	3.4	94	14792	1	51.5	52	0.27	0.02	0.13	1
7000	606	60	3.6	55	17081	0	22	22	0.16	0.03	0	1
7000	606	60	3.8	30	8927	1	8.66667	9	0.06	0.01	0.08	1
7000	606	60	4	18	3940	0	5	5	0.01	0.01	0	1
7000	607	60	3	563	0	0	0.0	0.0	0.0	0.0	0.0	0
7000	607	60	3.2	236	0	0	0.0	0.0	0.0	0.0	0.0	0
7000	607	60	3.4	97	1331	0	73	73	0.03	0	0	1
7000	607	60	3.6	48	1163	0	27	27	0.01	0	0	1
7000	607	60	3.8	23	534	0	12	12	0	0	0.01	1
7000	607	60	4	12	189	0	6	6	0	0	0	1
7000	608	60	3	428	0	0	0.0	0.0	0.0	0.0	0.0	0
7000	608	60	3.2	158	0	0	0.0	0.0	0.0	0.0	0.0	0
7000	608	60	3.4	74	2768	1	40.3333	41	0.08	0.01	0.02	1
7000	608	60	3.6	39	2060	1	17.2	18	0.02	0.01	0.02	1
7000	608	60	3.8	14	527	0	4	4	0	0	0	1
7000	608	60	4	6	47	0	2	2	0	0	0	1
7000	609	60	3	438	0	0	0.0	0.0	0.0	0.0	0.0	0
7000	609	60	3.2	200	0	0	0.0	0.0	0.0	0.0	0.0	0
7000	609	60	3.4	91	4420	1	47.5882	48	0.08	0.01	0.06	1
7000	609	60	3.6	39	4077	0	14	14	0.03	0	0	1
7000	609	60	3.8	22	1780	0	7	7	0.01	0	0	1
7000	609	60	4	10	443	0	2	2	0	0	0	1
7000	610	60	3	442	0	0	0.0	0.0	0.0	0.0	0.0	0
7000	610	60	3.2	188	0	0	0.0	0.0	0.0	0.0	0.0	0
7000	610	60	3.4	86	3455	0	56	56	0.1	0	0	1
7000	610	60	3.6	36	3423	0	16	16	0.07	0.01	0	1
7000	610	60	3.8	25	1357	0	11	11	0.01	0	0	1
7000	610	60	4	13	287	0	6	6	0	0	0	1
7000	611	60	3	394	0	0	0.0	0.0	0.0	0.0	0.0	0
7000	611	60	3.2	173	0	0	0.0	0.0	0.0	0.0	0.0	0
7000	611	60	3.4	89	46406	0	44	44	1.13	0.06	0	1
7000	611	60	3.6	57	44132	0	25	25	0.78	0.07	0	1
7000	611	60	3.8	32	12736	0	13	13	0.16	0.02	0	1
7000	611	60	4	17	1702	0	6	6	0.01	0	0.01	1
7000	612	60	3	471	0	0	0.0	0.0	0.0	0.0	0.0	0
7000	612	60	3.2	220	0	0	0.0	0.0	0.0	0.0	0.0	0
7000	612	60	3.4	104	2406	0	64	64	0.08	0	0.01	1
7000	612	60	3.6	37	1377	0	16	16	0.02	0	0.01	1
7000	612	60	3.8	19	311	0	10	10	0	0	0	1
7000	612	60	4	8	43	0	4	4	0	0	0	1
7000	613	60	3	410	0	0	0.0	0.0	0.0	0.0	0.0	0
7000	613	60	3.2	203	0	0	0.0	0.0	0.0	0.0	0.0	0
7000	613	60	3.4	95	7126	0	67	67	0.31	0	0.04	1
7000	613	60	3.6	56	4336	0	35	35	0.13	0.01	0	1
7000	613	60	3.8	22	1806	0	12	12	0.02	0	0	1
7000	613	60	4	17	822	0	9	9	0	0	0	1
7000	614	60	3	422	0	0	0.0	0.0	0.0	0.0	0.0	0
7000	614	60	3.2	205	0	0	0.0	0.0	0.0	0.0	0.0	0
7000	614	60	3.4	82	4532	0	43	43	0.11	0.01	0.02	1
7000	614	60	3.6	43	4397	0	20	20	0.05	0	0	1
7000	614	60	3.8	23	1136	0	10	10	0.01	0	0.01	1
7000	614	60	4	10	125	0	4	4	0	0	0	1
7000	615	60	3	482	0	0	0.0	0.0	0.0	0.0	0.0	0
7000	615	60	3.2	189	0	0	0.0	0.0	0.0	0.0	0.0	0
7000	615	60	3.4	89	3019	0	59	59	0.12	0	0	1
7000	615	60	3.6	44	1857	0	24	24	0.03	0.01	0	1
7000	615	60	3.8	20	373	0	9	9	0	0	0	1
7000	615	60	4	7	79	0	2	2	0	0	0	1
7000	616	60	3	399	0	0	0.0	0.0	0.0	0.0	0.0	0
7000	616	60	3.2	185	0	0	0.0	0.0	0.0	0.0	0.0	0
7000	616	60	3.4	91	7534	0	51	51	0.22	0.02	0.04	1
7000	616	60	3.6	38	8036	0	14	14	0.09	0.02	0	1
7000	616	60	3.8	23	2315	0	7	7	0.01	0.01	0	1
7000	616	60	4	10	287	0	3	3	0	0	0	1
7000	617	60	3	431	0	0	0.0	0.0	0.0	0.0	0.0	0
7000	617	60	3.2	185	0	0	0.0	0.0	0.0	0.0	0.0	0
7000	617	60	3.4	85	4396	0	47	47	0.11	0.01	0	1
7000	617	60	3.6	41	2382	1	17.2	18	0.02	0.01	0.03	1
7000	617	60	3.8	16	274	0	7	7	0	0	0	1
7000	617	60	4	7	81	0	2	2	0	0	0	1
7000	618	60	3	416	0	0	0.0	0.0	0.0	0.0	0.0	0
7000	618	60	3.2	177	0	0	0.0	0.0	0.0	0.0	0.0	0
7000	618	60	3.4	83	13127	0	39	39	0.56	0.03	0.11	1
7000	618	60	3.6	44	11619	0	15	15	0.39	0.02	0.08	1
7000	618	60	3.8	20	4721	0	5	5	0.03	0.01	0.02	1
7000	618	60	4	10	467	0	2	2	0	0	0	1
7000	619	60	3	453	0	0	0.0	0.0	0.0	0.0	0.0	0
7000	619	60	3.2	207	0	0	0.0	0.0	0.0	0.0	0.0	0
7000	619	60	3.4	94	4010	0	53	53	0.11	0	0.02	1
7000	619	60	3.6	35	3153	0	14	14	0.03	0	0	1
7000	619	60	3.8	21	1920	0	9	9	0.02	0	0	1
7000	619	60	4	10	359	0	2	2	0	0	0.01	1
7000	620	60	3	426	0	0	0.0	0.0	0.0	0.0	0.0	0
7000	620	60	3.2	191	0	0	0.0	0.0	0.0	0.0	0.0	0
7000	620	60	3.4	85	4266	0	48	48	0.08	0	0	1
7000	620	60	3.6	36	3175	0	15	15	0.03	0.01	0	1
7000	620	60	3.8	19	1589	0	6	6	0.01	0	0	1
7000	620	60	4	8	44	0	3	3	0	0	0	1
7000	621	60	3	453	0	0	0.0	0.0	0.0	0.0	0.0	0
7000	621	60	3.2	193	0	0	0.0	0.0	0.0	0.0	0.0	0
7000	621	60	3.4	84	5052	0	54	54	0.13	0	0	1
7000	621	60	3.6	38	5529	0	16	16	0.09	0.01	0	1
7000	621	60	3.8	24	3119	0	7	7	0.02	0.01	0	1
7000	621	60	4	12	369	0	3	3	0	0	0	1
7000	622	60	3	419	0	0	0.0	0.0	0.0	0.0	0.0	0
7000	622	60	3.2	177	0	0	0.0	0.0	0.0	0.0	0.0	0
7000	622	60	3.4	81	10854	0	38	38	0.27	0.02	0	1
7000	622	60	3.6	49	8660	0	19	19	0.16	0.01	0	1
7000	622	60	3.8	24	2243	0	8	8	0.01	0	0	1
7000	622	60	4	9	97	0	3	3	0	0	0	1
7000	623	60	3	432	0	0	0.0	0.0	0.0	0.0	0.0	0
7000	623	60	3.2	180	0	0	0.0	0.0	0.0	0.0	0.0	0
7000	623	60	3.4	82	7218	1	45.6667	46	0.31	0.01	0.09	1
7000	623	60	3.6	32	8020	0	12	12	0.12	0.01	0.04	1
7000	623	60	3.8	24	4717	0	8	8	0.04	0.01	0	1
7000	623	60	4	17	2559	0	4	4	0.02	0	0	1
7000	624	60	3	418	0	0	0.0	0.0	0.0	0.0	0.0	0
7000	624	60	3.2	192	0	0	0.0	0.0	0.0	0.0	0.0	0
7000	624	60	3.4	88	9403	1	50.5	51	0.33	0.01	0.1	1
7000	624	60	3.6	45	8403	1	18.5	19	0.16	0	0.22	1
7000	624	60	3.8	26	3133	0	8	8	0.02	0.01	0	1
7000	624	60	4	13	479	0	4	4	0	0	0	1
7000	625	60	3	449	0	0	0.0	0.0	0.0	0.0	0.0	0
7000	625	60	3.2	184	0	0	0.0	0.0	0.0	0.0	0.0	0
7000	625	60	3.4	74	3202	1	45.25	46	0.14	0.01	0.08	1
7000	625	60	3.6	37	2779	0	17	17	0.07	0	0.04	1
7000	625	60	3.8	19	1476	0	9	9	0.01	0	0	1
7000	625	60	4	13	333	0	6	6	0	0	0	1
7000	626	60	3	442	0	0	0.0	0.0	0.0	0.0	0.0	0
7000	626	60	3.2	186	0	0	0.0	0.0	0.0	0.0	0.0	0
7000	626	60	3.4	89	2316	0	54	54	0.13	0	0	1
7000	626	60	3.6	40	1156	0	19	19	0.02	0	0.02	1
7000	626	60	3.8	16	294	0	7	7	0	0	0	1
7000	626	60	4	7	48	0	3	3	0	0	0	1
7000	627	60	3	431	0	0	0.0	0.0	0.0	0.0	0.0	0
7000	627	60	3.2	187	0	0	0.0	0.0	0.0	0.0	0.0	0
7000	627	60	3.4	88	5658	1	50.3333	51	0.19	0.01	0.1	1
7000	627	60	3.6	43	5885	1	16.4286	17	0.11	0.01	0.1	1
7000	627	60	3.8	27	3282	0	7	7	0.03	0.01	0	1
7000	627	60	4	12	416	0	3	3	0	0	0.03	1
7000	628	60	3	418	0	0	0.0	0.0	0.0	0.0	0.0	0
7000	628	60	3.2	174	0	0	0.0	0.0	0.0	0.0	0.0	0
7000	628	60	3.4	77	5235	1	42.1667	43	0.14	0.01	0.08	1
7000	628	60	3.6	40	4638	1	14.5	15	0.08	0.01	0.11	1
7000	628	60	3.8	24	2455	0	9	9	0.02	0.01	0	1
7000	628	60	4	10	124	0	4	4	0	0	0	1
7000	629	60	3	427	0	0	0.0	0.0	0.0	0.0	0.0	0
7000	629	60	3.2	161	0	0	0.0	0.0	0.0	0.0	0.0	0
7000	629	60	3.4	78	2174	1	45.5	46	0.09	0.01	0.03	1
7000	629	60	3.6	33	1499	1	13.3333	14	0.02	0.01	0.02	1
7000	629	60	3.8	17	577	0	5	5	0	0	0	1
7000	629	60	4	10	283	0	3	3	0	0	0	1
7000	630	60	3	504	0	0	0.0	0.0	0.0	0.0	0.0	0
7000	630	60	3.2	206	0	0	0.0	0.0	0.0	0.0	0.0	0
7000	630	60	3.4	82	801	0	59	59	0.03	0	0	1
7000	630	60	3.6	33	576	0	18	18	0	0	0	1
7000	630	60	3.8	14	290	0	5	5	0	0	0	1
7000	630	60	4	7	71	0	2	2	0	0	0	1
7000	631	60	3	399	0	0	0.0	0.0	0.0	0.0	0.0	0
7000	631	60	3.2	189	0	0	0.0	0.0	0.0	0.0	0.0	0
7000	631	60	3.4	76	6490	1	36.0769	37	0.37	0.01	0.1	1
7000	631	60	3.6	38	5426	0	13	13	0.1	0.01	0	1
7000	631	60	3.8	21	1223	0	9	9	0.01	0	0	1
7000	631	60	4	10	83	0	5	5	0	0	0	1
7000	632	60	3	424	0	0	0.0	0.0	0.0	0.0	0.0	0
7000	632	60	3.2	174	0	0	0.0	0.0	0.0	0.0	0.0	0
7000	632	60	3.4	82	5941	1	41.5	42	0.26	0.01	0.09	1
7000	632	60	3.6	42	4617	0	14	14	0.12	0.01	0.04	1
7000	632	60	3.8	19	2436	1	4.75	5	0.03	0	0.03	1
7000	632	60	4	12	674	1	2.5	3	0	0.01	0.02	1
7000	633	60	3	374	0	0	0.0	0.0	0.0	0.0	0.0	0
7000	633	60	3.2	143	0	0	0.0	0.0	0.0	0.0	0.0	0
7000	633	60	3.4	76	28875	0	38	38	0.98	0.07	0.21	1
7000	633	60	3.6	44	34846	0	17	17	1.05	0.09	0	1
7000	633	60	3.8	25	15290	0	8	8	0.17	0.04	0.12	1
7000	633	60	4	14	1588	0	4	4	0.01	0	0.04	1
7000	634	60	3	420	0	0	0.0	0.0	0.0	0.0	0.0	0
7000	634	60	3.2	187	0	0	0.0	0.0	0.0	0.0	0.0	0
7000	634	60	3.4	105	12245	0	62	62	0.52	0.02	0	1
7000	634	60	3.6	51	10706	0	21	21	0.2	0.01	0.08	1
7000	634	60	3.8	31	5075	0	12	12	0.06	0	0	1
7000	634	60	4	17	378	0	7	7	0	0	0	1
7000	635	60	3	515	0	0	0.0	0.0	0.0	0.0	0.0	0
7000	635	60	3.2	215	0	0	0.0	0.0	0.0	0.0	0.0	0
7000	635	60	3.4	89	1392	0	69	69	0.04	0	0	1
7000	635	60	3.6	44	1015	0	28	28	0.01	0	0	1
7000	635	60	3.8	17	196	0	11	11	0	0	0	1
7000	635	60	4	7	34	0	4	4	0	0	0	1
7000	636	60	3	382	0	0	0.0	0.0	0.0	0.0	0.0	0
7000	636	60	3.2	175	0	0	0.0	0.0	0.0	0.0	0.0	0
7000	636	60	3.4	78	10113	1	42.5	43	0.25	0.01	0.09	1
7000	636	60	3.6	47	10851	1	19.3333	20	0.12	0.01	0.11	1
7000	636	60	3.8	24	2617	0	8	8	0.05	0.01	0	1
7000	636	60	4	11	366	0	3	3	0	0	0	1
7000	637	60	3	420	0	0	0.0	0.0	0.0	0.0	0.0	0
7000	637	60	3.2	190	0	0	0.0	0.0	0.0	0.0	0.0	0
7000	637	60	3.4	82	9880	0	44	44	0.37	0.01	0	1
7000	637	60	3.6	41	7772	0	16	16	0.11	0.01	0	1
7000	637	60	3.8	23	2509	0	6	6	0.02	0	0	1
7000	637	60	4	11	239	0	3	3	0	0	0	1
7000	638	60	3	469	0	0	0.0	0.0	0.0	0.0	0.0	0
7000	638	60	3.2	217	0	0	0.0	0.0	0.0	0.0	0.0	0
7000	638	60	3.4	96	4468	1	58.6	59	0.09	0.01	0.05	1
7000	638	60	3.6	36	4635	0	14	14	0.09	0.01	0.05	1
7000	638	60	3.8	20	2321	0	6	6	0.01	0	0	1
7000	638	60	4	15	808	0	4	4	0	0	0	1
7000	639	60	3	423	0	0	0.0	0.0	0.0	0.0	0.0	0
7000	639	60	3.2	180	0	0	0.0	0.0	0.0	0.0	0.0	0
7000	639	60	3.4	82	2417	1	49.5	50	0.08	0.01	0.02	1
7000	639	60	3.6	28	1839	0	9	9	0.02	0	0.09	1
7000	639	60	3.8	14	426	0	6	6	0	0	0.01	1
7000	639	60	4	7	49	0	2	2	0	0	0	1
7000	640	60	3	444	0	0	0.0	0.0	0.0	0.0	0.0	0
7000	640	60	3.2	193	0	0	0.0	0.0	0.0	0.0	0.0	0
7000	640	60	3.4	83	8338	0	50	50	0.26	0.01	0.06	1
7000	640	60	3.6	37	7550	0	13	13	0.13	0.01	0.05	1
7000	640	60	3.8	20	2590	0	6	6	0.02	0	0.02	1
7000	640	60	4	11	193	0	5	5	0	0	0	1
7000	641	60	3	421	0	0	0.0	0.0	0.0	0.0	0.0	0
7000	641	60	3.2	202	0	0	0.0	0.0	0.0	0.0	0.0	0
7000	641	60	3.4	104	6628	0	65	65	0.23	0.01	0.04	1
7000	641	60	3.6	47	4842	0	23	23	0.05	0.01	0	1
7000	641	60	3.8	23	1682	0	8	8	0.01	0	0	1
7000	641	60	4	11	215	0	4	4	0	0	0	1
7000	642	60	3	465	0	0	0.0	0.0	0.0	0.0	0.0	0
7000	642	60	3.2	202	0	0	0.0	0.0	0.0	0.0	0.0	0
7000	642	60	3.4	99	8585	0	61	61	0.25	0	0	1
7000	642	60	3.6	47	8334	0	24	24	0.15	0	0	1
7000	642	60	3.8	26	4338	0	9	9	0.04	0	0	1
7000	642	60	4	18	852	0	7	7	0.01	0	0	1
7000	643	60	3	406	0	0	0.0	0.0	0.0	0.0	0.0	0
7000	643	60	3.2	156	0	0	0.0	0.0	0.0	0.0	0.0	0
7000	643	60	3.4	72	9846	0	39	39	0.24	0.01	0	1
7000	643	60	3.6	37	9268	0	14	14	0.12	0.01	0	1
7000	643	60	3.8	19	4818	0	4	4	0.03	0	0	1
7000	643	60	4	13	2159	0	2	2	0.02	0	0	1
7000	644	60	3	461	0	0	0.0	0.0	0.0	0.0	0.0	0
7000	644	60	3.2	176	0	0	0.0	0.0	0.0	0.0	0.0	0
7000	644	60	3.4	84	3428	0	54	54	0.1	0	0.02	1
7000	644	60	3.6	39	2309	0	20	20	0.03	0	0	1
7000	644	60	3.8	20	668	0	9	9	0	0	0	1
7000	644	60	4	9	173	0	2	2	0	0	0	1
7000	645	60	3	397	0	0	0.0	0.0	0.0	0.0	0.0	0
7000	645	60	3.2	190	0	0	0.0	0.0	0.0	0.0	0.0	0
7000	645	60	3.4	87	7002	0	51	51	0.24	0	0.04	1
7000	645	60	3.6	40	5658	0	16	16	0.1	0	0	1
7000	645	60	3.8	20	2316	0	6	6	0.02	0	0	1
7000	645	60	4	9	191	0	3	3	0	0	0	1
7000	646	60	3	435	0	0	0.0	0.0	0.0	0.0	0.0	0
7000	646	60	3.2	190	0	0	0.0	0.0	0.0	0.0	0.0	0
7000	646	60	3.4	73	2120	0	42	42	0.06	0.01	0	1
7000	646	60	3.6	35	1321	0	17	17	0.02	0	0	1
7000	646	60	3.8	15	466	0	6	6	0	0	0	1
7000	646	60	4	8	127	0	3	3	0	0	0	1
7000	647	60	3	458	0	0	0.0	0.0	0.0	0.0	0.0	0
7000	647	60	3.2	173	0	0	0.0	0.0	0.0	0.0	0.0	0
7000	647	60	3.4	81	4711	1	44.6667	45	0.17	0.01	0.07	1
7000	647	60	3.6	40	5038	1	13.5455	14	0.07	0.01	0.05	1
7000	647	60	3.8	24	2805	0	6	6	0.06	0	0.15	1
7000	647	60	4	14	522	0	4	4	0	0	0	1
7000	648	60	3	427	0	0	0.0	0.0	0.0	0.0	0.0	0
7000	648	60	3.2	190	0	0	0.0	0.0	0.0	0.0	0.0	0
7000	648	60	3.4	85	14377	0	47	47	0.33	0.01	0	1
7000	648	60	3.6	48	12907	0	19	19	0.16	0.02	0.09	1
7000	648	60	3.8	22	7348	0	6	6	0.07	0.01	0.07	1
7000	648	60	4	16	4755	0	3	3	0.02	0	0.18	1
7000	649	60	3	395	0	0	0.0	0.0	0.0	0.0	0.0	0
7000	649	60	3.2	190	0	0	0.0	0.0	0.0	0.0	0.0	0
7000	649	60	3.4	97	16709	0	43	43	0.59	0.04	0	1
7000	649	60	3.6	54	15725	1	15.4	16	0.31	0.04	0.18	1
7000	649	60	3.8	23	3955	0	6	6	0.03	0	0	1
7000	649	60	4	12	509	0	4	4	0	0	0	1
7000	650	60	3	432	0	0	0.0	0.0	0.0	0.0	0.0	0
7000	650	60	3.2	172	0	0	0.0	0.0	0.0	0.0	0.0	0
7000	650	60	3.4	79	15620	0	47	47	0.2	0.02	0	1
7000	650	60	3.6	37	19665	0	13	13	0.13	0.01	0.44	1
7000	650	60	3.8	27	17859	0	7	7	0.16	0.01	0.14	1
7000	650	60	4	22	5753	0	7	7	0.06	0.01	0	1
