8000	301	40	3	138	0	0	0.0	0.0	0.0	0.0	0.0	0
8000	301	40	3.2	57	409	0	43	43	0	0	0	1
8000	301	40	3.4	25	414	0	12	12	0	0	0	1
8000	301	40	3.6	16	187	0	7	7	0	0	0	1
8000	301	40	3.8	6	47	0	2	2	0	0	0	1
8000	301	40	4	5	31	0	1	1	0	0	0	1
8000	302	40	3	172	0	0	0.0	0.0	0.0	0.0	0.0	0
8000	302	40	3.2	67	174	0	55	55	0	0	0	1
8000	302	40	3.4	24	119	0	16	16	0	0	0	1
8000	302	40	3.6	12	62	0	6	6	0	0	0	1
8000	302	40	3.8	8	47	0	4	4	0	0	0	1
8000	302	40	4	5	23	0	2	2	0	0	0	1
8000	303	40	3	137	0	0	0.0	0.0	0.0	0.0	0.0	0
8000	303	40	3.2	59	220	0	47	47	0	0	0	1
8000	303	40	3.4	28	147	0	19	19	0	0	0	1
8000	303	40	3.6	11	51	0	7	7	0	0	0	1
8000	303	40	3.8	4	15	0	1	1	0	0	0	1
8000	303	40	4	4	15	0	1	1	0	0	0	1
8000	304	40	3	151	0	0	0.0	0.0	0.0	0.0	0.0	0
8000	304	40	3.2	67	284	0	53	53	0	0	0	1
8000	304	40	3.4	24	167	0	15	15	0	0	0	1
8000	304	40	3.6	11	60	0	5	5	0	0	0	1
8000	304	40	3.8	6	23	0	3	3	0	0	0	1
8000	304	40	4	5	10	0	3	3	0	0	0	1
8000	305	40	3	145	0	0	0.0	0.0	0.0	0.0	0.0	0
8000	305	40	3.2	57	150	0	46	46	0	0	0	1
8000	305	40	3.4	23	107	0	16	16	0	0	0	1
8000	305	40	3.6	11	77	0	5	5	0	0	0	1
8000	305	40	3.8	5	23	0	2	2	0	0	0	1
8000	305	40	4	4	9	0	2	2	0	0	0	1
8000	306	40	3	168	0	0	0.0	0.0	0.0	0.0	0.0	0
8000	306	40	3.2	60	307	1	44.5	45	0	0	0	1
8000	306	40	3.4	30	289	0	17	17	0	0	0	1
8000	306	40	3.6	17	180	0	8	8	0	0	0	1
8000	306	40	3.8	5	16	0	2	2	0	0	0	1
8000	306	40	4	2	3	0	1	1	0	0	0	1
8000	307	40	3	177	0	0	0.0	0.0	0.0	0.0	0.0	0
8000	307	40	3.2	68	312	0	55	55	0.01	0	0	1
8000	307	40	3.4	30	256	0	18	18	0	0	0	1
8000	307	40	3.6	15	96	0	9	9	0	0	0	1
8000	307	40	3.8	6	35	0	2	2	0	0	0	1
8000	307	40	4	5	31	0	1	1	0	0	0	1
8000	308	40	3	182	0	0	0.0	0.0	0.0	0.0	0.0	0
8000	308	40	3.2	71	134	0	67	67	0	0	0	1
8000	308	40	3.4	29	87	0	23	23	0	0	0	1
8000	308	40	3.6	12	31	0	9	9	0	0	0	1
8000	308	40	3.8	4	8	0	2	2	0	0	0	1
8000	308	40	4	2	3	0	1	1	0	0	0	1
8000	309	40	3	146	0	0	0.0	0.0	0.0	0.0	0.0	0
8000	309	40	3.2	56	298	0	46	46	0	0	0	1
8000	309	40	3.4	27	280	0	16	16	0	0	0	1
8000	309	40	3.6	13	213	0	5	5	0	0	0	1
8000	309	40	3.8	9	85	0	4	4	0	0	0	1
8000	309	40	4	5	23	0	2	2	0	0	0	1
8000	310	40	3	139	0	0	0.0	0.0	0.0	0.0	0.0	0
8000	310	40	3.2	47	209	0	34	34	0	0	0	1
8000	310	40	3.4	23	131	0	13	13	0	0	0	1
8000	310	40	3.6	9	58	0	4	4	0	0	0	1
8000	310	40	3.8	5	17	0	2	2	0	0	0	1
8000	310	40	4	1	1	0	1	1	0	0	0	1
8000	311	40	3	133	0	0	0.0	0.0	0.0	0.0	0.0	0
8000	311	40	3.2	56	310	1	41.5	42	0	0	0.01	1
8000	311	40	3.4	25	274	1	13.5	14	0	0	0	1
8000	311	40	3.6	14	194	0	5	5	0	0	0	1
8000	311	40	3.8	8	111	0	3	3	0	0	0	1
8000	311	40	4	6	47	0	2	2	0	0	0	1
8000	312	40	3	174	0	0	0.0	0.0	0.0	0.0	0.0	0
8000	312	40	3.2	67	360	0	57	57	0	0	0	1
8000	312	40	3.4	32	369	0	22	22	0	0	0	1
8000	312	40	3.6	21	307	0	14	14	0	0	0	1
8000	312	40	3.8	12	335	0	6	6	0	0	0	1
8000	312	40	4	10	104	0	6	6	0	0	0	1
8000	313	40	3	132	0	0	0.0	0.0	0.0	0.0	0.0	0
8000	313	40	3.2	42	183	1	30.5	31	0	0	0	1
8000	313	40	3.4	19	143	0	10	10	0	0	0	1
8000	313	40	3.6	8	50	0	4	4	0	0	0	1
8000	313	40	3.8	5	23	0	2	2	0	0	0	1
8000	313	40	4	3	7	0	1	1	0	0	0	1
8000	314	40	3	131	0	0	0.0	0.0	0.0	0.0	0.0	0
8000	314	40	3.2	57	404	0	39	39	0.01	0	0	1
8000	314	40	3.4	24	284	0	13	13	0	0	0	1
8000	314	40	3.6	11	130	0	4	4	0	0	0	1
8000	314	40	3.8	7	53	0	2	2	0	0	0	1
8000	314	40	4	1	1	0	1	1	0	0	0	1
8000	315	40	3	146	0	0	0.0	0.0	0.0	0.0	0.0	0
8000	315	40	3.2	60	427	0	43	43	0.01	0	0	1
8000	315	40	3.4	26	336	0	14	14	0	0	0	1
8000	315	40	3.6	11	231	0	4	4	0	0	0	1
8000	315	40	3.8	10	184	0	3	3	0	0	0	1
8000	315	40	4	9	159	0	3	3	0	0	0	1
8000	316	40	3	148	0	0	0.0	0.0	0.0	0.0	0.0	0
8000	316	40	3.2	62	463	0	48	48	0.01	0	0	1
8000	316	40	3.4	33	452	0	23	23	0	0	0	1
8000	316	40	3.6	14	242	0	6	6	0	0	0	1
8000	316	40	3.8	5	23	0	2	2	0	0	0	1
8000	316	40	4	3	7	0	1	1	0	0	0	1
8000	317	40	3	222	0	0	0.0	0.0	0.0	0.0	0.0	0
8000	317	40	3.2	93	207	0	83	83	0	0	0	1
8000	317	40	3.4	38	138	0	30	30	0	0	0	1
8000	317	40	3.6	14	68	1	8	8	0	0	0	1
8000	317	40	3.8	5	18	0	2	2	0	0	0	1
8000	317	40	4	4	7	1	2.5	3	0	0	0	1
8000	318	40	3	154	0	0	0.0	0.0	0.0	0.0	0.0	0
8000	318	40	3.2	59	177	0	49	49	0	0	0	1
8000	318	40	3.4	21	119	0	12	12	0	0	0	1
8000	318	40	3.6	9	44	0	4	4	0	0	0	1
8000	318	40	3.8	3	7	0	1	1	0	0	0	1
8000	318	40	4	3	5	0	2	2	0	0	0	1
8000	319	40	3	129	0	0	0.0	0.0	0.0	0.0	0.0	0
8000	319	40	3.2	52	150	0	41	41	0	0	0	1
8000	319	40	3.4	21	92	0	12	12	0	0	0	1
8000	319	40	3.6	9	39	0	4	4	0	0	0	1
8000	319	40	3.8	5	15	0	3	3	0	0	0	1
8000	319	40	4	3	5	0	2	2	0	0	0	1
8000	320	40	3	145	0	0	0.0	0.0	0.0	0.0	0.0	0
8000	320	40	3.2	64	373	0	51	51	0.01	0	0	1
8000	320	40	3.4	25	336	0	13	13	0	0	0	1
8000	320	40	3.6	11	178	0	4	4	0	0	0	1
8000	320	40	3.8	6	27	0	3	3	0	0	0	1
8000	320	40	4	3	7	0	1	1	0	0	0	1
8000	321	40	3	162	0	0	0.0	0.0	0.0	0.0	0.0	0
8000	321	40	3.2	66	423	0	52	52	0.01	0	0	1
8000	321	40	3.4	34	317	0	22	22	0	0	0	1
8000	321	40	3.6	17	223	0	8	8	0	0	0	1
8000	321	40	3.8	9	89	0	4	4	0	0	0	1
8000	321	40	4	6	19	0	3	3	0	0	0	1
8000	322	40	3	158	0	0	0.0	0.0	0.0	0.0	0.0	0
8000	322	40	3.2	72	724	0	51	51	0.02	0	0	1
8000	322	40	3.4	35	677	0	20	20	0	0	0	1
8000	322	40	3.6	17	379	0	8	8	0	0	0	1
8000	322	40	3.8	11	131	0	4	4	0	0	0	1
8000	322	40	4	5	23	0	2	2	0	0	0	1
8000	323	40	3	202	0	0	0.0	0.0	0.0	0.0	0.0	0
8000	323	40	3.2	88	412	0	76	76	0.01	0	0	1
8000	323	40	3.4	38	296	0	28	28	0	0	0	1
8000	323	40	3.6	16	92	0	8	8	0	0	0	1
8000	323	40	3.8	8	35	0	4	4	0	0	0	1
8000	323	40	4	3	7	0	1	1	0	0	0	1
8000	324	40	3	168	0	0	0.0	0.0	0.0	0.0	0.0	0
8000	324	40	3.2	66	99	1	59.5	60	0	0	0.01	1
8000	324	40	3.4	24	55	0	19	19	0	0	0	1
8000	324	40	3.6	10	33	0	5	5	0	0	0	1
8000	324	40	3.8	6	22	1	2.5	3	0	0	0	1
8000	324	40	4	5	17	0	2	2	0	0	0	1
8000	325	40	3	162	0	0	0.0	0.0	0.0	0.0	0.0	0
8000	325	40	3.2	62	159	0	52	52	0	0	0	1
8000	325	40	3.4	27	106	0	18	18	0	0	0	1
8000	325	40	3.6	10	35	0	5	5	0	0	0	1
8000	325	40	3.8	3	5	0	2	2	0	0	0	1
8000	325	40	4	0	0	0	0.0	0.0	0.0	0.0	0.0	0
8000	326	40	3	139	0	0	0.0	0.0	0.0	0.0	0.0	0
8000	326	40	3.2	60	1008	0	38	38	0.03	0	0	1
8000	326	40	3.4	30	1176	0	14	14	0.02	0	0	1
8000	326	40	3.6	19	799	0	7	7	0.01	0	0	1
8000	326	40	3.8	11	359	0	3	3	0	0	0	1
8000	326	40	4	8	127	0	3	3	0	0	0	1
8000	327	40	3	145	0	0	0.0	0.0	0.0	0.0	0.0	0
8000	327	40	3.2	66	509	0	51	51	0.01	0	0	1
8000	327	40	3.4	28	399	0	17	17	0	0	0	1
8000	327	40	3.6	14	223	0	6	6	0	0	0	1
8000	327	40	3.8	7	71	0	2	2	0	0	0	1
8000	327	40	4	4	11	0	2	2	0	0	0	1
8000	328	40	3	143	0	0	0.0	0.0	0.0	0.0	0.0	0
8000	328	40	3.2	60	204	0	49	49	0	0	0	1
8000	328	40	3.4	25	151	0	18	18	0	0	0	1
8000	328	40	3.6	10	62	0	5	5	0	0	0	1
8000	328	40	3.8	4	15	0	1	1	0	0	0	1
8000	328	40	4	2	3	0	1	1	0	0	0	1
8000	329	40	3	164	0	0	0.0	0.0	0.0	0.0	0.0	0
8000	329	40	3.2	68	280	0	50	50	0	0	0	1
8000	329	40	3.4	33	200	0	20	20	0	0	0	1
8000	329	40	3.6	8	33	0	4	4	0	0	0	1
8000	329	40	3.8	3	5	0	2	2	0	0	0	1
8000	329	40	4	2	3	0	1	1	0	0	0	1
8000	330	40	3	147	0	0	0.0	0.0	0.0	0.0	0.0	0
8000	330	40	3.2	66	804	0	43	43	0.01	0	0.01	1
8000	330	40	3.4	32	677	1	15.5	16	0	0	0.01	1
8000	330	40	3.6	15	308	0	5	5	0	0	0	1
8000	330	40	3.8	7	39	0	3	3	0	0	0	1
8000	330	40	4	4	15	0	1	1	0	0	0	1
8000	331	40	3	145	0	0	0.0	0.0	0.0	0.0	0.0	0
8000	331	40	3.2	61	558	0	45	45	0.02	0	0	1
8000	331	40	3.4	30	530	0	17	17	0.01	0	0	1
8000	331	40	3.6	18	365	0	8	8	0	0	0	1
8000	331	40	3.8	10	267	0	4	4	0	0	0	1
8000	331	40	4	9	223	0	3	3	0	0	0	1
8000	332	40	3	149	0	0	0.0	0.0	0.0	0.0	0.0	0
8000	332	40	3.2	69	796	0	47	47	0.02	0.01	0	1
8000	332	40	3.4	39	708	0	21	21	0.01	0	0	1
8000	332	40	3.6	18	397	0	7	7	0	0	0	1
8000	332	40	3.8	11	107	0	4	4	0	0	0	1
8000	332	40	4	6	35	0	2	2	0	0	0	1
8000	333	40	3	138	0	0	0.0	0.0	0.0	0.0	0.0	0
8000	333	40	3.2	62	274	0	48	48	0	0	0	1
8000	333	40	3.4	24	271	0	11	11	0	0	0	1
8000	333	40	3.6	11	90	0	4	4	0	0	0	1
8000	333	40	3.8	7	43	0	3	3	0	0	0	1
8000	333	40	4	2	3	0	1	1	0	0	0	1
8000	334	40	3	155	0	0	0.0	0.0	0.0	0.0	0.0	0
8000	334	40	3.2	61	224	0	51	51	0	0	0	1
8000	334	40	3.4	26	125	0	19	19	0	0	0	1
8000	334	40	3.6	11	55	0	6	6	0	0	0	1
8000	334	40	3.8	4	9	0	2	2	0	0	0	1
8000	334	40	4	1	1	0	1	1	0	0	0	1
8000	335	40	3	143	0	0	0.0	0.0	0.0	0.0	0.0	0
8000	335	40	3.2	55	370	0	39	39	0	0	0	1
8000	335	40	3.4	29	272	0	19	19	0	0	0	1
8000	335	40	3.6	14	134	0	8	8	0	0	0	1
8000	335	40	3.8	4	15	0	1	1	0	0	0	1
8000	335	40	4	2	3	0	1	1	0	0	0	1
8000	336	40	3	136	0	0	0.0	0.0	0.0	0.0	0.0	0
8000	336	40	3.2	50	230	0	38	38	0	0	0	1
8000	336	40	3.4	21	195	1	10.25	11	0	0	0	1
8000	336	40	3.6	9	88	1	2.625	3	0	0	0	1
8000	336	40	3.8	6	23	0	3	3	0	0	0	1
8000	336	40	4	1	1	0	1	1	0	0	0	1
8000	337	40	3	162	0	0	0.0	0.0	0.0	0.0	0.0	0
8000	337	40	3.2	65	375	0	51	51	0	0	0	1
8000	337	40	3.4	30	344	0	18	18	0	0	0	1
8000	337	40	3.6	14	209	0	5	5	0	0	0	1
8000	337	40	3.8	7	51	0	3	3	0	0	0	1
8000	337	40	4	6	47	0	2	2	0	0	0	1
8000	338	40	3	157	0	0	0.0	0.0	0.0	0.0	0.0	0
8000	338	40	3.2	71	372	0	54	54	0.01	0	0	1
8000	338	40	3.4	33	192	0	25	25	0	0	0	1
8000	338	40	3.6	14	92	0	7	7	0	0	0	1
8000	338	40	3.8	8	35	0	5	5	0	0	0	1
8000	338	40	4	4	7	0	3	3	0	0	0	1
8000	339	40	3	169	0	0	0.0	0.0	0.0	0.0	0.0	0
8000	339	40	3.2	61	174	0	48	48	0	0	0	1
8000	339	40	3.4	30	135	0	19	19	0	0	0	1
8000	339	40	3.6	12	51	0	6	6	0	0	0	1
8000	339	40	3.8	7	20	0	4	4	0	0	0	1
8000	339	40	4	5	14	0	2	2	0	0	0	1
8000	340	40	3	149	0	0	0.0	0.0	0.0	0.0	0.0	0
8000	340	40	3.2	61	259	0	48	48	0.01	0	0.02	1
8000	340	40	3.4	26	244	0	15	15	0	0	0	1
8000	340	40	3.6	13	86	0	8	8	0	0	0	1
8000	340	40	3.8	7	39	0	4	4	0	0	0	1
8000	340	40	4	7	39	0	4	4	0	0	0	1
8000	341	40	3	142	0	0	0.0	0.0	0.0	0.0	0.0	0
8000	341	40	3.2	65	463	0	48	48	0.01	0	0	1
8000	341	40	3.4	32	333	0	19	19	0	0	0	1
8000	341	40	3.6	12	119	0	6	6	0	0	0	1
8000	341	40	3.8	7	47	0	3	3	0	0	0	1
8000	341	40	4	5	23	0	2	2	0	0	0	1
8000	342	40	3	125	344	0	111	111	0.02	0	0	1
8000	342	40	3.2	47	367	0	34	34	0	0	0	1
8000	342	40	3.4	26	365	0	14	14	0	0	0	1
8000	342	40	3.6	13	163	1	5.5	6	0	0	0	1
8000	342	40	3.8	7	71	0	2	2	0	0	0	1
8000	342	40	4	4	15	0	1	1	0	0	0	1
8000	343	40	3	178	0	0	0.0	0.0	0.0	0.0	0.0	0
8000	343	40	3.2	78	335	0	67	67	0.01	0	0	1
8000	343	40	3.4	35	333	0	26	26	0	0	0.01	1
8000	343	40	3.6	17	169	0	9	9	0	0	0	1
8000	343	40	3.8	5	17	0	2	2	0	0	0	1
8000	343	40	4	3	7	0	1	1	0	0	0	1
8000	344	40	3	145	0	0	0.0	0.0	0.0	0.0	0.0	0
8000	344	40	3.2	68	292	0	56	56	0	0	0	1
8000	344	40	3.4	26	210	0	16	16	0	0	0	1
8000	344	40	3.6	12	141	0	5	5	0	0	0	1
8000	344	40	3.8	7	57	0	2	2	0	0	0	1
8000	344	40	4	5	23	0	2	2	0	0	0	1
8000	345	40	3	164	0	0	0.0	0.0	0.0	0.0	0.0	0
8000	345	40	3.2	72	291	0	57	57	0.01	0	0	1
8000	345	40	3.4	34	274	0	23	23	0	0	0	1
8000	345	40	3.6	15	192	0	7	7	0	0	0	1
8000	345	40	3.8	8	109	0	2	2	0	0	0	1
8000	345	40	4	6	63	0	1	1	0	0	0	1
8000	346	40	3	141	0	0	0.0	0.0	0.0	0.0	0.0	0
8000	346	40	3.2	59	258	0	45	45	0	0.01	0	1
8000	346	40	3.4	28	250	0	17	17	0	0	0	1
8000	346	40	3.6	14	134	1	5.22222	6	0	0	0.01	1
8000	346	40	3.8	4	15	0	1	1	0	0	0	1
8000	346	40	4	2	3	0	1	1	0	0	0	1
8000	347	40	3	133	0	0	0.0	0.0	0.0	0.0	0.0	0
8000	347	40	3.2	51	339	0	38	38	0	0	0	1
8000	347	40	3.4	22	331	1	11.3333	12	0	0	0.01	1
8000	347	40	3.6	13	224	0	4	4	0	0	0	1
8000	347	40	3.8	6	38	0	2	2	0	0	0	1
8000	347	40	4	5	31	0	1	1	0	0	0	1
8000	348	40	3	141	0	0	0.0	0.0	0.0	0.0	0.0	0
8000	348	40	3.2	60	393	1	40.5	41	0.01	0	0.01	1
8000	348	40	3.4	31	325	0	16	16	0	0	0	1
8000	348	40	3.6	11	40	0	6	6	0	0	0	1
8000	348	40	3.8	7	17	0	4	4	0	0	0	1
8000	348	40	4	4	7	0	3	3	0	0	0	1
8000	349	40	3	143	0	0	0.0	0.0	0.0	0.0	0.0	0
8000	349	40	3.2	71	226	0	60	60	0	0	0	1
8000	349	40	3.4	27	155	0	21	21	0	0	0	1
8000	349	40	3.6	11	90	0	6	6	0	0	0	1
8000	349	40	3.8	8	71	0	3	3	0	0	0	1
8000	349	40	4	6	23	0	3	3	0	0	0	1
8000	350	40	3	173	0	0	0.0	0.0	0.0	0.0	0.0	0
8000	350	40	3.2	61	160	0	52	52	0	0	0	1
8000	350	40	3.4	24	143	0	17	17	0	0	0	1
8000	350	40	3.6	15	81	0	9	9	0	0	0	1
8000	350	40	3.8	10	36	0	7	7	0	0	0	1
8000	350	40	4	6	10	0	5	5	0	0	0	1
8000	351	40	3	147	0	0	0.0	0.0	0.0	0.0	0.0	0
8000	351	40	3.2	66	876	1	45.2	46	0.01	0.01	0	1
8000	351	40	3.4	30	995	0	16	16	0.01	0	0	1
8000	351	40	3.6	17	931	0	5	5	0	0	0	1
8000	351	40	3.8	8	83	0	3	3	0	0	0	1
8000	351	40	4	6	39	0	2	2	0	0	0	1
8000	352	40	3	194	0	0	0.0	0.0	0.0	0.0	0.0	0
8000	352	40	3.2	82	259	0	69	69	0	0	0	1
8000	352	40	3.4	39	189	0	29	29	0	0	0	1
8000	352	40	3.6	19	99	0	12	12	0	0	0	1
8000	352	40	3.8	7	13	0	5	5	0	0	0	1
8000	352	40	4	1	1	0	1	1	0	0	0	1
8000	353	40	3	143	0	0	0.0	0.0	0.0	0.0	0.0	0
8000	353	40	3.2	54	387	0	40	40	0	0	0	1
8000	353	40	3.4	24	257	0	14	14	0	0	0	1
8000	353	40	3.6	13	102	0	6	6	0	0	0	1
8000	353	40	3.8	4	15	0	1	1	0	0	0	1
8000	353	40	4	1	1	0	1	1	0	0	0	1
8000	354	40	3	160	0	0	0.0	0.0	0.0	0.0	0.0	0
8000	354	40	3.2	65	259	0	54	54	0	0	0	1
8000	354	40	3.4	26	166	0	18	18	0	0	0	1
8000	354	40	3.6	11	119	0	5	5	0	0	0	1
8000	354	40	3.8	9	71	0	4	4	0	0	0	1
8000	354	40	4	7	47	0	3	3	0	0	0	1
8000	355	40	3	144	0	0	0.0	0.0	0.0	0.0	0.0	0
8000	355	40	3.2	66	542	0	47	47	0.01	0	0	1
8000	355	40	3.4	40	384	0	26	26	0	0	0	1
8000	355	40	3.6	16	87	0	10	10	0	0	0	1
8000	355	40	3.8	6	11	0	5	5	0	0	0	1
8000	355	40	4	4	7	0	3	3	0	0	0	1
8000	356	40	3	152	0	0	0.0	0.0	0.0	0.0	0.0	0
8000	356	40	3.2	57	201	0	47	47	0	0	0	1
8000	356	40	3.4	22	214	0	13	13	0	0	0	1
8000	356	40	3.6	12	106	0	5	5	0	0	0	1
8000	356	40	3.8	7	25	0	4	4	0	0	0	1
8000	356	40	4	4	15	0	1	1	0	0	0	1
8000	357	40	3	175	0	0	0.0	0.0	0.0	0.0	0.0	0
8000	357	40	3.2	78	490	1	59.5	60	0.01	0	0.01	1
8000	357	40	3.4	37	448	0	20	20	0	0	0	1
8000	357	40	3.6	16	142	0	8	8	0	0	0	1
8000	357	40	3.8	9	63	0	4	4	0	0	0	1
8000	357	40	4	6	23	0	3	3	0	0	0	1
8000	358	40	3	142	0	0	0.0	0.0	0.0	0.0	0.0	0
8000	358	40	3.2	70	467	0	57	57	0.01	0	0	1
8000	358	40	3.4	31	363	0	20	20	0	0	0	1
8000	358	40	3.6	16	201	0	7	7	0	0	0	1
8000	358	40	3.8	6	29	0	2	2	0	0	0	1
8000	358	40	4	2	3	0	1	1	0	0	0	1
8000	359	40	3	138	0	0	0.0	0.0	0.0	0.0	0.0	0
8000	359	40	3.2	54	557	0	38	38	0	0	0	1
8000	359	40	3.4	29	553	0	15	15	0	0	0	1
8000	359	40	3.6	14	349	0	6	6	0	0	0	1
8000	359	40	3.8	10	303	0	3	3	0	0	0	1
8000	359	40	4	7	127	0	1	1	0	0	0	1
8000	360	40	3	164	0	0	0.0	0.0	0.0	0.0	0.0	0
8000	360	40	3.2	79	272	0	69	69	0	0	0	1
8000	360	40	3.4	35	198	0	28	28	0	0	0	1
8000	360	40	3.6	16	62	0	12	12	0	0	0	1
8000	360	40	3.8	6	31	0	3	3	0	0	0	1
8000	360	40	4	5	15	0	3	3	0	0	0	1
8000	361	40	3	156	0	0	0.0	0.0	0.0	0.0	0.0	0
8000	361	40	3.2	70	343	0	54	54	0	0	0	1
8000	361	40	3.4	30	366	0	18	18	0	0	0	1
8000	361	40	3.6	19	244	0	9	9	0	0	0	1
8000	361	40	3.8	10	53	0	6	6	0	0	0	1
8000	361	40	4	6	23	0	3	3	0	0	0	1
8000	362	40	3	126	352	0	110	110	0.01	0	0	1
8000	362	40	3.2	58	401	0	40	40	0	0	0	1
8000	362	40	3.4	31	271	0	17	17	0	0	0	1
8000	362	40	3.6	9	23	0	7	7	0	0	0	1
8000	362	40	3.8	4	7	0	3	3	0	0	0	1
8000	362	40	4	1	1	0	1	1	0	0	0	1
8000	363	40	3	168	0	0	0.0	0.0	0.0	0.0	0.0	0
8000	363	40	3.2	73	398	0	60	60	0.02	0	0	1
8000	363	40	3.4	26	354	0	14	14	0	0	0	1
8000	363	40	3.6	13	293	0	5	5	0	0	0	1
8000	363	40	3.8	9	123	0	3	3	0	0	0	1
8000	363	40	4	4	15	0	1	1	0	0	0	1
8000	364	40	3	161	0	0	0.0	0.0	0.0	0.0	0.0	0
8000	364	40	3.2	66	193	0	52	52	0	0	0	1
8000	364	40	3.4	32	147	0	21	21	0	0	0	1
8000	364	40	3.6	13	66	0	8	8	0	0	0	1
8000	364	40	3.8	5	11	0	3	3	0	0	0	1
8000	364	40	4	4	8	0	2	2	0	0	0	1
8000	365	40	3	138	0	0	0.0	0.0	0.0	0.0	0.0	0
8000	365	40	3.2	62	358	1	45.25	46	0.01	0	0	1
8000	365	40	3.4	21	273	1	8.33333	9	0	0	0	1
8000	365	40	3.6	10	176	0	3	3	0	0	0	1
8000	365	40	3.8	7	55	0	2	2	0	0	0	1
8000	365	40	4	2	3	0	1	1	0	0	0	1
8000	366	40	3	166	0	0	0.0	0.0	0.0	0.0	0.0	0
8000	366	40	3.2	61	142	0	51	51	0	0	0	1
8000	366	40	3.4	26	94	0	19	19	0	0	0	1
8000	366	40	3.6	11	36	0	7	7	0	0	0	1
8000	366	40	3.8	6	19	0	3	3	0	0	0	1
8000	366	40	4	2	3	0	1	1	0	0	0	1
8000	367	40	3	146	0	0	0.0	0.0	0.0	0.0	0.0	0
8000	367	40	3.2	63	163	0	54	54	0	0	0	1
8000	367	40	3.4	26	97	0	19	19	0	0	0	1
8000	367	40	3.6	12	42	0	8	8	0	0	0	1
8000	367	40	3.8	7	18	0	5	5	0	0	0	1
8000	367	40	4	3	5	0	2	2	0	0	0	1
8000	368	40	3	168	0	0	0.0	0.0	0.0	0.0	0.0	0
8000	368	40	3.2	58	162	0	46	46	0	0	0	1
8000	368	40	3.4	26	99	0	17	17	0	0	0	1
8000	368	40	3.6	10	31	0	6	6	0	0	0	1
8000	368	40	3.8	3	5	0	2	2	0	0	0	1
8000	368	40	4	1	1	0	1	1	0	0	0	1
8000	369	40	3	168	0	0	0.0	0.0	0.0	0.0	0.0	0
8000	369	40	3.2	79	1002	0	54	54	0.03	0	0	1
8000	369	40	3.4	39	856	0	19	19	0.01	0	0	1
8000	369	40	3.6	19	250	0	8	8	0	0	0	1
8000	369	40	3.8	7	47	0	3	3	0	0	0	1
8000	369	40	4	4	15	0	1	1	0	0	0	1
8000	370	40	3	142	0	0	0.0	0.0	0.0	0.0	0.0	0
8000	370	40	3.2	64	221	0	49	49	0	0	0	1
8000	370	40	3.4	26	149	0	15	15	0	0	0	1
8000	370	40	3.6	11	50	0	6	6	0	0	0	1
8000	370	40	3.8	7	28	0	3	3	0	0	0	1
8000	370	40	4	1	1	0	1	1	0	0	0	1
8000	371	40	3	147	0	0	0.0	0.0	0.0	0.0	0.0	0
8000	371	40	3.2	63	227	0	50	50	0	0	0	1
8000	371	40	3.4	24	100	0	15	15	0	0	0	1
8000	371	40	3.6	9	28	0	5	5	0	0	0	1
8000	371	40	3.8	3	5	0	2	2	0	0	0	1
8000	371	40	4	0	0	0	0.0	0.0	0.0	0.0	0.0	0
8000	372	40	3	132	0	0	0.0	0.0	0.0	0.0	0.0	0
8000	372	40	3.2	65	915	0	46	46	0.02	0	0	1
8000	372	40	3.4	34	692	0	21	21	0.01	0	0	1
8000	372	40	3.6	19	317	0	11	11	0	0	0	1
8000	372	40	3.8	7	47	0	3	3	0	0	0	1
8000	372	40	4	3	7	0	1	1	0	0	0	1
8000	373	40	3	172	0	0	0.0	0.0	0.0	0.0	0.0	0
8000	373	40	3.2	66	272	0	54	54	0.01	0	0	1
8000	373	40	3.4	30	227	0	21	21	0	0	0	1
8000	373	40	3.6	12	126	0	7	7	0	0	0	1
8000	373	40	3.8	9	84	0	4	4	0	0	0	1
8000	373	40	4	5	23	0	2	2	0	0	0	1
8000	374	40	3	149	0	0	0.0	0.0	0.0	0.0	0.0	0
8000	374	40	3.2	53	204	0	45	45	0	0	0	1
8000	374	40	3.4	26	199	0	18	18	0	0	0	1
8000	374	40	3.6	14	111	0	7	7	0	0	0	1
8000	374	40	3.8	5	29	1	1.33333	2	0	0	0	1
8000	374	40	4	4	8	0	2	2	0	0	0	1
8000	375	40	3	164	0	0	0.0	0.0	0.0	0.0	0.0	0
8000	375	40	3.2	78	605	0	58	58	0.01	0	0	1
8000	375	40	3.4	45	660	0	27	27	0.01	0	0	1
8000	375	40	3.6	20	416	0	8	8	0	0	0	1
8000	375	40	3.8	9	90	0	3	3	0	0	0	1
8000	375	40	4	5	23	0	2	2	0	0	0	1
8000	376	40	3	159	0	0	0.0	0.0	0.0	0.0	0.0	0
8000	376	40	3.2	76	1096	0	54	54	0.06	0	0	1
8000	376	40	3.4	40	1106	1	20.5	21	0.04	0	0.03	1
8000	376	40	3.6	18	637	0	5	5	0	0	0	1
8000	376	40	3.8	12	260	0	4	4	0	0	0	1
8000	376	40	4	8	71	0	3	3	0	0	0	1
8000	377	40	3	164	0	0	0.0	0.0	0.0	0.0	0.0	0
8000	377	40	3.2	71	349	0	57	57	0.01	0	0	1
8000	377	40	3.4	31	324	0	18	18	0.01	0	0	1
8000	377	40	3.6	13	143	0	6	6	0	0	0	1
8000	377	40	3.8	9	37	0	5	5	0	0	0	1
8000	377	40	4	5	9	0	4	4	0	0	0	1
8000	378	40	3	162	0	0	0.0	0.0	0.0	0.0	0.0	0
8000	378	40	3.2	69	235	0	57	57	0	0	0	1
8000	378	40	3.4	22	125	0	12	12	0	0	0	1
8000	378	40	3.6	9	37	0	4	4	0	0	0	1
8000	378	40	3.8	4	9	0	2	2	0	0	0	1
8000	378	40	4	2	3	0	1	1	0	0	0	1
8000	379	40	3	175	0	0	0.0	0.0	0.0	0.0	0.0	0
8000	379	40	3.2	67	424	0	49	49	0.01	0	0	1
8000	379	40	3.4	35	445	0	21	21	0	0.01	0	1
8000	379	40	3.6	20	204	0	11	11	0	0	0	1
8000	379	40	3.8	9	89	0	4	4	0	0	0	1
8000	379	40	4	7	39	0	3	3	0	0	0	1
8000	380	40	3	140	0	0	0.0	0.0	0.0	0.0	0.0	0
8000	380	40	3.2	53	237	0	39	39	0	0	0	1
8000	380	40	3.4	21	144	0	11	11	0	0	0	1
8000	380	40	3.6	8	70	0	3	3	0	0	0	1
8000	380	40	3.8	5	23	0	2	2	0	0	0	1
8000	380	40	4	4	15	0	1	1	0	0	0	1
8000	381	40	3	173	0	0	0.0	0.0	0.0	0.0	0.0	0
8000	381	40	3.2	64	296	0	50	50	0.01	0	0	1
8000	381	40	3.4	31	311	0	18	18	0	0	0.03	1
8000	381	40	3.6	16	204	0	8	8	0	0	0	1
8000	381	40	3.8	9	78	0	4	4	0	0	0	1
8000	381	40	4	6	23	0	3	3	0	0	0	1
8000	382	40	3	155	0	0	0.0	0.0	0.0	0.0	0.0	0
8000	382	40	3.2	61	368	0	43	43	0.01	0	0	1
8000	382	40	3.4	25	275	0	12	12	0	0	0	1
8000	382	40	3.6	15	194	0	5	5	0	0	0	1
8000	382	40	3.8	10	75	0	4	4	0	0	0	1
8000	382	40	4	6	35	0	2	2	0	0	0	1
8000	383	40	3	127	416	0	110	110	0.03	0	0	1
8000	383	40	3.2	55	519	0	36	36	0.01	0	0	1
8000	383	40	3.4	27	392	0	13	13	0	0	0	1
8000	383	40	3.6	16	232	0	6	6	0	0	0	1
8000	383	40	3.8	7	35	0	3	3	0	0	0	1
8000	383	40	4	3	5	0	2	2	0	0	0	1
8000	384	40	3	178	0	0	0.0	0.0	0.0	0.0	0.0	0
8000	384	40	3.2	80	550	0	62	62	0.01	0	0	1
8000	384	40	3.4	39	485	0	24	24	0	0	0	1
8000	384	40	3.6	19	239	0	9	9	0	0	0	1
8000	384	40	3.8	11	101	0	6	6	0	0	0	1
8000	384	40	4	5	19	0	2	2	0	0	0	1
8000	385	40	3	154	0	0	0.0	0.0	0.0	0.0	0.0	0
8000	385	40	3.2	61	156	0	50	50	0	0	0	1
8000	385	40	3.4	28	140	0	19	19	0	0	0	1
8000	385	40	3.6	15	107	0	8	8	0	0	0	1
8000	385	40	3.8	8	39	0	3	3	0	0	0	1
8000	385	40	4	6	14	0	4	4	0	0	0	1
8000	386	40	3	171	0	0	0.0	0.0	0.0	0.0	0.0	0
8000	386	40	3.2	82	1141	0	65	65	0.03	0	0	1
8000	386	40	3.4	47	1433	0	34	34	0.02	0	0	1
8000	386	40	3.6	30	1285	0	17	17	0.01	0	0	1
8000	386	40	3.8	16	380	0	9	9	0	0	0	1
8000	386	40	4	9	47	0	6	6	0	0	0	1
8000	387	40	3	133	0	0	0.0	0.0	0.0	0.0	0.0	0
8000	387	40	3.2	65	803	0	48	48	0.02	0	0	1
8000	387	40	3.4	33	956	0	17	17	0.02	0.01	0	1
8000	387	40	3.6	15	492	0	5	5	0	0	0	1
8000	387	40	3.8	10	125	0	4	4	0	0	0	1
8000	387	40	4	5	23	0	2	2	0	0	0	1
8000	388	40	3	138	0	0	0.0	0.0	0.0	0.0	0.0	0
8000	388	40	3.2	63	703	0	43	43	0.01	0	0	1
8000	388	40	3.4	34	537	0	20	20	0	0	0	1
8000	388	40	3.6	13	143	0	6	6	0	0	0	1
8000	388	40	3.8	7	46	1	2.33333	3	0	0	0	1
8000	388	40	4	2	3	0	1	1	0	0	0	1
8000	389	40	3	152	0	0	0.0	0.0	0.0	0.0	0.0	0
8000	389	40	3.2	65	244	0	56	56	0	0	0	1
8000	389	40	3.4	32	269	0	23	23	0	0	0	1
8000	389	40	3.6	16	112	0	11	11	0	0	0	1
8000	389	40	3.8	10	73	0	6	6	0	0	0	1
8000	389	40	4	5	8	0	4	4	0	0	0	1
8000	390	40	3	167	0	0	0.0	0.0	0.0	0.0	0.0	0
8000	390	40	3.2	65	780	0	48	48	0.01	0	0.01	1
8000	390	40	3.4	32	1148	0	16	16	0	0.01	0	1
8000	390	40	3.6	21	632	0	10	10	0	0	0	1
8000	390	40	3.8	9	323	0	2	2	0	0	0	1
8000	390	40	4	8	229	1	1.33333	2	0	0	0.01	1
8000	391	40	3	154	0	0	0.0	0.0	0.0	0.0	0.0	0
8000	391	40	3.2	69	571	0	47	47	0.02	0	0	1
8000	391	40	3.4	37	513	0	19	19	0.01	0	0	1
8000	391	40	3.6	18	226	0	9	9	0	0	0	1
8000	391	40	3.8	9	90	0	3	3	0	0	0	1
8000	391	40	4	3	7	0	1	1	0	0	0	1
8000	392	40	3	143	0	0	0.0	0.0	0.0	0.0	0.0	0
8000	392	40	3.2	48	562	0	32	32	0.01	0	0	1
8000	392	40	3.4	28	736	0	13	13	0.01	0	0	1
8000	392	40	3.6	17	432	0	7	7	0	0	0	1
8000	392	40	3.8	10	135	0	4	4	0	0	0	1
8000	392	40	4	5	23	0	2	2	0	0	0	1
8000	393	40	3	159	0	0	0.0	0.0	0.0	0.0	0.0	0
8000	393	40	3.2	68	564	0	52	52	0.01	0	0	1
8000	393	40	3.4	35	492	0	21	21	0	0	0	1
8000	393	40	3.6	13	241	0	6	6	0	0	0	1
8000	393	40	3.8	8	119	0	2	2	0	0	0	1
8000	393	40	4	5	31	0	1	1	0	0	0	1
8000	394	40	3	172	0	0	0.0	0.0	0.0	0.0	0.0	0
8000	394	40	3.2	68	343	0	55	55	0	0.01	0	1
8000	394	40	3.4	27	361	0	17	17	0	0	0	1
8000	394	40	3.6	13	231	0	5	5	0	0	0	1
8000	394	40	3.8	7	42	0	3	3	0	0	0	1
8000	394	40	4	5	23	0	2	2	0	0	0	1
8000	395	40	3	174	0	0	0.0	0.0	0.0	0.0	0.0	0
8000	395	40	3.2	76	285	0	60	60	0.01	0	0	1
8000	395	40	3.4	30	197	0	18	18	0	0	0	1
8000	395	40	3.6	15	73	0	8	8	0	0	0	1
8000	395	40	3.8	6	25	0	3	3	0	0	0	1
8000	395	40	4	3	7	0	1	1	0	0	0	1
8000	396	40	3	166	0	0	0.0	0.0	0.0	0.0	0.0	0
8000	396	40	3.2	72	424	0	58	58	0.02	0	0	1
8000	396	40	3.4	32	390	0	19	19	0	0	0	1
8000	396	40	3.6	15	148	0	9	9	0	0	0	1
8000	396	40	3.8	6	22	0	3	3	0	0	0	1
8000	396	40	4	4	11	0	2	2	0	0	0	1
8000	397	40	3	137	0	0	0.0	0.0	0.0	0.0	0.0	0
8000	397	40	3.2	53	371	0	36	36	0.01	0	0	1
8000	397	40	3.4	26	379	0	13	13	0	0	0.01	1
8000	397	40	3.6	12	139	1	4.66667	5	0	0	0	1
8000	397	40	3.8	6	47	0	2	2	0	0	0	1
8000	397	40	4	3	7	0	1	1	0	0	0	1
8000	398	40	3	150	0	0	0.0	0.0	0.0	0.0	0.0	0
8000	398	40	3.2	66	295	0	50	50	0	0	0	1
8000	398	40	3.4	25	216	0	16	16	0	0	0	1
8000	398	40	3.6	11	61	0	5	5	0	0	0	1
8000	398	40	3.8	5	18	0	2	2	0	0	0	1
8000	398	40	4	4	15	0	1	1	0	0	0	1
8000	399	40	3	164	0	0	0.0	0.0	0.0	0.0	0.0	0
8000	399	40	3.2	77	251	0	65	65	0.01	0	0	1
8000	399	40	3.4	23	194	0	14	14	0	0	0	1
8000	399	40	3.6	12	115	1	6	6	0	0	0	1
8000	399	40	3.8	6	27	0	2	2	0	0	0	1
8000	399	40	4	3	7	0	1	1	0	0	0	1
8000	400	40	3	146	0	0	0.0	0.0	0.0	0.0	0.0	0
8000	400	40	3.2	73	1658	0	55	55	0.04	0	0	1
8000	400	40	3.4	44	1589	0	29	29	0.02	0	0	1
8000	400	40	3.6	28	929	0	18	18	0.01	0	0	1
8000	400	40	3.8	12	95	0	7	7	0	0	0	1
8000	400	40	4	8	23	0	5	5	0	0	0	1
8000	401	40	3	155	0	0	0.0	0.0	0.0	0.0	0.0	0
8000	401	40	3.2	72	277	0	57	57	0.01	0	0	1
8000	401	40	3.4	29	143	0	19	19	0	0	0	1
8000	401	40	3.6	11	78	0	5	5	0	0	0	1
8000	401	40	3.8	8	47	0	3	3	0	0	0	1
8000	401	40	4	5	17	0	2	2	0	0	0	1
8000	402	40	3	157	0	0	0.0	0.0	0.0	0.0	0.0	0
8000	402	40	3.2	67	161	0	58	58	0	0	0	1
8000	402	40	3.4	25	114	0	17	17	0	0	0	1
8000	402	40	3.6	11	65	1	5	5	0	0	0	1
8000	402	40	3.8	5	17	0	2	2	0	0	0	1
8000	402	40	4	2	3	0	1	1	0	0	0	1
8000	403	40	3	132	0	0	0.0	0.0	0.0	0.0	0.0	0
8000	403	40	3.2	54	285	0	39	39	0	0	0	1
8000	403	40	3.4	22	247	0	12	12	0	0	0	1
8000	403	40	3.6	10	174	0	3	3	0	0	0	1
8000	403	40	3.8	7	39	0	3	3	0	0	0	1
8000	403	40	4	3	7	0	1	1	0	0	0	1
8000	404	40	3	195	0	0	0.0	0.0	0.0	0.0	0.0	0
8000	404	40	3.2	92	599	0	73	73	0.01	0	0	1
8000	404	40	3.4	44	730	0	27	27	0	0	0	1
8000	404	40	3.6	25	469	0	12	12	0	0	0	1
8000	404	40	3.8	17	295	0	8	8	0	0	0	1
8000	404	40	4	10	109	0	5	5	0	0	0	1
8000	405	40	3	196	0	0	0.0	0.0	0.0	0.0	0.0	0
8000	405	40	3.2	86	222	0	75	75	0	0	0	1
8000	405	40	3.4	34	180	0	24	24	0	0	0	1
8000	405	40	3.6	16	72	0	11	11	0	0	0	1
8000	405	40	3.8	7	17	0	5	5	0	0	0	1
8000	405	40	4	5	11	0	3	3	0	0	0	1
8000	406	40	3	145	0	0	0.0	0.0	0.0	0.0	0.0	0
8000	406	40	3.2	57	172	0	43	43	0	0	0	1
8000	406	40	3.4	27	79	0	19	19	0	0	0	1
8000	406	40	3.6	11	36	0	7	7	0	0	0	1
8000	406	40	3.8	3	5	0	2	2	0	0	0	1
8000	406	40	4	1	1	0	1	1	0	0	0	1
8000	407	40	3	152	0	0	0.0	0.0	0.0	0.0	0.0	0
8000	407	40	3.2	55	242	0	45	45	0	0	0	1
8000	407	40	3.4	30	227	0	21	21	0	0	0	1
8000	407	40	3.6	16	127	0	10	10	0	0	0	1
8000	407	40	3.8	6	27	0	3	3	0	0	0	1
8000	407	40	4	4	11	0	2	2	0	0	0	1
8000	408	40	3	141	0	0	0.0	0.0	0.0	0.0	0.0	0
8000	408	40	3.2	60	409	0	46	46	0.01	0	0	1
8000	408	40	3.4	27	326	0	18	18	0	0	0	1
8000	408	40	3.6	13	119	1	7.5	8	0	0	0	1
8000	408	40	3.8	6	55	1	1.5	2	0	0	0	1
8000	408	40	4	4	13	1	1.5	2	0	0	0	1
8000	409	40	3	159	0	0	0.0	0.0	0.0	0.0	0.0	0
8000	409	40	3.2	56	156	0	47	47	0	0	0	1
8000	409	40	3.4	24	136	0	15	15	0	0	0	1
8000	409	40	3.6	12	89	0	6	6	0	0	0	1
8000	409	40	3.8	9	50	0	4	4	0	0	0	1
8000	409	40	4	4	7	0	3	3	0	0	0	1
8000	410	40	3	156	0	0	0.0	0.0	0.0	0.0	0.0	0
8000	410	40	3.2	62	284	0	52	52	0	0	0.01	1
8000	410	40	3.4	26	269	1	15.5	16	0	0	0	1
8000	410	40	3.6	12	138	0	6	6	0	0	0	1
8000	410	40	3.8	7	63	0	2	2	0	0	0	1
8000	410	40	4	4	15	0	1	1	0	0	0	1
8000	411	40	3	181	0	0	0.0	0.0	0.0	0.0	0.0	0
8000	411	40	3.2	73	610	0	50	50	0.03	0	0	1
8000	411	40	3.4	37	534	0	17	17	0	0.01	0	1
8000	411	40	3.6	20	254	0	9	9	0	0	0	1
8000	411	40	3.8	8	48	0	3	3	0	0	0	1
8000	411	40	4	4	8	0	2	2	0	0	0	1
8000	412	40	3	167	0	0	0.0	0.0	0.0	0.0	0.0	0
8000	412	40	3.2	75	350	0	59	59	0.01	0	0	1
8000	412	40	3.4	34	259	0	22	22	0	0	0	1
8000	412	40	3.6	13	116	0	6	6	0	0	0	1
8000	412	40	3.8	6	30	0	2	2	0	0	0	1
8000	412	40	4	3	5	0	2	2	0	0	0	1
8000	413	40	3	156	0	0	0.0	0.0	0.0	0.0	0.0	0
8000	413	40	3.2	69	560	0	51	51	0.01	0	0	1
8000	413	40	3.4	40	599	0	25	25	0.01	0	0	1
8000	413	40	3.6	18	208	0	10	10	0	0	0	1
8000	413	40	3.8	7	39	1	2.5	3	0	0	0	1
8000	413	40	4	3	7	0	1	1	0	0	0	1
8000	414	40	3	132	0	0	0.0	0.0	0.0	0.0	0.0	0
8000	414	40	3.2	59	416	1	42.3333	43	0.01	0	0	1
8000	414	40	3.4	30	354	0	16	16	0	0	0	1
8000	414	40	3.6	13	131	0	6	6	0	0	0	1
8000	414	40	3.8	6	52	1	1.5	2	0	0	0	1
8000	414	40	4	4	15	0	1	1	0	0	0	1
8000	415	40	3	160	0	0	0.0	0.0	0.0	0.0	0.0	0
8000	415	40	3.2	76	427	0	65	65	0.01	0	0	1
8000	415	40	3.4	33	373	0	24	24	0	0	0	1
8000	415	40	3.6	14	220	0	7	7	0	0	0	1
8000	415	40	3.8	8	31	0	4	4	0	0	0	1
8000	415	40	4	4	11	0	2	2	0	0	0	1
8000	416	40	3	161	0	0	0.0	0.0	0.0	0.0	0.0	0
8000	416	40	3.2	71	263	0	57	57	0.01	0	0	1
8000	416	40	3.4	28	185	0	17	17	0	0	0	1
8000	416	40	3.6	12	72	0	5	5	0	0	0	1
8000	416	40	3.8	5	31	0	1	1	0	0	0	1
8000	416	40	4	4	15	0	1	1	0	0	0	1
8000	417	40	3	150	0	0	0.0	0.0	0.0	0.0	0.0	0
8000	417	40	3.2	62	231	0	46	46	0	0	0	1
8000	417	40	3.4	31	194	0	19	19	0	0	0	1
8000	417	40	3.6	15	114	0	7	7	0	0	0	1
8000	417	40	3.8	7	25	0	4	4	0	0	0	1
8000	417	40	4	2	3	0	1	1	0	0	0	1
8000	418	40	3	157	0	0	0.0	0.0	0.0	0.0	0.0	0
8000	418	40	3.2	61	468	0	49	49	0	0.01	0	1
8000	418	40	3.4	25	552	0	13	13	0	0	0	1
8000	418	40	3.6	17	302	0	8	8	0	0	0	1
8000	418	40	3.8	7	42	0	3	3	0	0	0	1
8000	418	40	4	4	15	0	1	1	0	0	0	1
8000	419	40	3	152	0	0	0.0	0.0	0.0	0.0	0.0	0
8000	419	40	3.2	52	522	0	39	39	0	0	0	1
8000	419	40	3.4	23	491	0	10	10	0	0	0	1
8000	419	40	3.6	18	278	0	8	8	0	0	0	1
8000	419	40	3.8	10	119	0	4	4	0	0	0	1
8000	419	40	4	8	95	0	3	3	0	0	0	1
8000	420	40	3	158	0	0	0.0	0.0	0.0	0.0	0.0	0
8000	420	40	3.2	74	1265	0	55	55	0.05	0	0	1
8000	420	40	3.4	29	1193	0	13	13	0.01	0	0	1
8000	420	40	3.6	20	857	0	7	7	0	0	0	1
8000	420	40	3.8	13	188	0	6	6	0	0	0	1
8000	420	40	4	8	71	0	3	3	0	0	0	1
8000	421	40	3	142	0	0	0.0	0.0	0.0	0.0	0.0	0
8000	421	40	3.2	65	468	0	49	49	0.01	0	0	1
8000	421	40	3.4	30	502	0	18	18	0	0	0	1
8000	421	40	3.6	16	360	0	7	7	0	0	0	1
8000	421	40	3.8	10	112	0	4	4	0	0	0	1
8000	421	40	4	6	47	0	2	2	0	0	0	1
8000	422	40	3	154	0	0	0.0	0.0	0.0	0.0	0.0	0
8000	422	40	3.2	62	396	1	43.5	44	0.01	0	0	1
8000	422	40	3.4	24	291	1	11.6667	12	0	0	0.01	1
8000	422	40	3.6	11	94	0	5	5	0	0	0	1
8000	422	40	3.8	5	23	0	2	2	0	0	0	1
8000	422	40	4	3	7	0	1	1	0	0	0	1
8000	423	40	3	147	0	0	0.0	0.0	0.0	0.0	0.0	0
8000	423	40	3.2	59	256	0	47	47	0	0	0.01	1
8000	423	40	3.4	26	232	0	16	16	0	0	0	1
8000	423	40	3.6	14	95	0	7	7	0	0	0	1
8000	423	40	3.8	4	9	0	2	2	0	0	0	1
8000	423	40	4	2	3	0	1	1	0	0	0	1
8000	424	40	3	151	0	0	0.0	0.0	0.0	0.0	0.0	0
8000	424	40	3.2	63	874	1	42.5	43	0.02	0.01	0	1
8000	424	40	3.4	39	1019	0	23	23	0.01	0	0	1
8000	424	40	3.6	19	827	0	7	7	0	0	0	1
8000	424	40	3.8	9	148	0	4	4	0	0	0	1
8000	424	40	4	8	127	0	3	3	0	0	0	1
8000	425	40	3	175	0	0	0.0	0.0	0.0	0.0	0.0	0
8000	425	40	3.2	66	325	0	54	54	0.01	0	0	1
8000	425	40	3.4	32	336	0	20	20	0	0	0	1
8000	425	40	3.6	15	307	1	4.66667	5	0	0	0	1
8000	425	40	3.8	11	157	1	3.5	4	0	0	0	1
8000	425	40	4	6	31	0	3	3	0	0	0	1
8000	426	40	3	161	0	0	0.0	0.0	0.0	0.0	0.0	0
8000	426	40	3.2	70	504	0	50	50	0.01	0	0	1
8000	426	40	3.4	37	418	0	22	22	0	0	0	1
8000	426	40	3.6	15	138	0	9	9	0	0	0	1
8000	426	40	3.8	5	31	0	1	1	0	0	0	1
8000	426	40	4	4	15	0	1	1	0	0	0	1
8000	427	40	3	145	0	0	0.0	0.0	0.0	0.0	0.0	0
8000	427	40	3.2	59	481	0	43	43	0	0.01	0	1
8000	427	40	3.4	33	451	0	20	20	0	0	0	1
8000	427	40	3.6	18	176	0	9	9	0	0	0	1
8000	427	40	3.8	6	18	0	3	3	0	0	0	1
8000	427	40	4	3	5	0	2	2	0	0	0	1
8000	428	40	3	148	0	0	0.0	0.0	0.0	0.0	0.0	0
8000	428	40	3.2	57	490	0	40	40	0.01	0	0	1
8000	428	40	3.4	26	487	0	14	14	0	0	0	1
8000	428	40	3.6	14	329	0	5	5	0	0	0	1
8000	428	40	3.8	9	82	0	4	4	0	0	0	1
8000	428	40	4	6	31	0	3	3	0	0	0	1
8000	429	40	3	147	0	0	0.0	0.0	0.0	0.0	0.0	0
8000	429	40	3.2	65	212	0	51	51	0	0	0	1
8000	429	40	3.4	19	105	1	9.5	10	0	0	0	1
8000	429	40	3.6	10	52	0	4	4	0	0	0	1
8000	429	40	3.8	5	11	0	3	3	0	0	0	1
8000	429	40	4	1	1	0	1	1	0	0	0	1
8000	430	40	3	156	0	0	0.0	0.0	0.0	0.0	0.0	0
8000	430	40	3.2	62	188	0	48	48	0	0	0	1
8000	430	40	3.4	24	120	0	14	14	0	0	0	1
8000	430	40	3.6	12	41	0	7	7	0	0	0	1
8000	430	40	3.8	6	20	0	3	3	0	0	0	1
8000	430	40	4	2	3	0	1	1	0	0	0	1
8000	431	40	3	145	0	0	0.0	0.0	0.0	0.0	0.0	0
8000	431	40	3.2	62	461	0	45	45	0.02	0	0	1
8000	431	40	3.4	30	350	0	18	18	0	0	0	1
8000	431	40	3.6	17	125	0	9	9	0	0	0	1
8000	431	40	3.8	8	23	0	5	5	0	0	0	1
8000	431	40	4	3	3	0	3	3	0	0	0	1
8000	432	40	3	144	0	0	0.0	0.0	0.0	0.0	0.0	0
8000	432	40	3.2	69	555	1	50.5	51	0.03	0	0.01	1
8000	432	40	3.4	32	591	0	19	19	0	0	0	1
8000	432	40	3.6	15	428	0	5	5	0	0	0	1
8000	432	40	3.8	8	102	0	3	3	0	0	0	1
8000	432	40	4	4	15	0	1	1	0	0	0	1
8000	433	40	3	145	0	0	0.0	0.0	0.0	0.0	0.0	0
8000	433	40	3.2	71	359	0	57	57	0.01	0	0	1
8000	433	40	3.4	32	323	0	21	21	0	0	0	1
8000	433	40	3.6	19	100	0	13	13	0	0	0	1
8000	433	40	3.8	12	45	0	9	9	0	0	0	1
8000	433	40	4	6	14	0	4	4	0	0	0	1
8000	434	40	3	164	0	0	0.0	0.0	0.0	0.0	0.0	0
8000	434	40	3.2	89	925	0	70	70	0.02	0	0	1
8000	434	40	3.4	40	874	0	24	24	0	0	0.01	1
8000	434	40	3.6	24	651	0	13	13	0	0	0	1
8000	434	40	3.8	11	95	0	4	4	0	0	0	1
8000	434	40	4	4	8	0	2	2	0	0	0	1
8000	435	40	3	145	0	0	0.0	0.0	0.0	0.0	0.0	0
8000	435	40	3.2	71	222	0	60	60	0	0	0	1
8000	435	40	3.4	26	143	0	17	17	0	0	0	1
8000	435	40	3.6	12	138	0	5	5	0	0	0	1
8000	435	40	3.8	10	119	0	4	4	0	0	0	1
8000	435	40	4	7	89	0	2	2	0	0	0	1
8000	436	40	3	160	0	0	0.0	0.0	0.0	0.0	0.0	0
8000	436	40	3.2	63	182	0	54	54	0	0	0	1
8000	436	40	3.4	22	133	0	15	15	0	0	0	1
8000	436	40	3.6	9	77	0	4	4	0	0	0	1
8000	436	40	3.8	6	25	0	3	3	0	0	0	1
8000	436	40	4	3	7	0	1	1	0	0	0	1
8000	437	40	3	139	0	0	0.0	0.0	0.0	0.0	0.0	0
8000	437	40	3.2	65	599	0	46	46	0.01	0	0	1
8000	437	40	3.4	33	606	0	16	16	0.01	0	0	1
8000	437	40	3.6	17	345	0	6	6	0	0	0	1
8000	437	40	3.8	9	60	0	4	4	0	0	0	1
8000	437	40	4	7	47	0	3	3	0	0	0	1
8000	438	40	3	148	0	0	0.0	0.0	0.0	0.0	0.0	0
8000	438	40	3.2	76	552	0	61	61	0.01	0	0	1
8000	438	40	3.4	44	556	0	33	33	0	0	0	1
8000	438	40	3.6	24	311	0	16	16	0	0	0	1
8000	438	40	3.8	13	63	0	10	10	0	0	0	1
8000	438	40	4	7	13	0	6	6	0	0	0	1
8000	439	40	3	171	0	0	0.0	0.0	0.0	0.0	0.0	0
8000	439	40	3.2	71	281	0	57	57	0.01	0	0	1
8000	439	40	3.4	34	209	0	22	22	0	0	0	1
8000	439	40	3.6	16	123	0	8	8	0	0	0	1
8000	439	40	3.8	7	19	0	5	5	0	0	0	1
8000	439	40	4	2	3	0	1	1	0	0	0	1
8000	440	40	3	165	0	0	0.0	0.0	0.0	0.0	0.0	0
8000	440	40	3.2	70	329	0	56	56	0	0	0	1
8000	440	40	3.4	28	344	0	15	15	0	0	0	1
8000	440	40	3.6	16	219	0	7	7	0	0	0	1
8000	440	40	3.8	8	95	0	3	3	0	0	0	1
8000	440	40	4	6	31	0	3	3	0	0	0	1
8000	441	40	3	155	0	0	0.0	0.0	0.0	0.0	0.0	0
8000	441	40	3.2	74	433	0	59	59	0	0	0	1
8000	441	40	3.4	35	389	0	23	23	0	0	0	1
8000	441	40	3.6	19	126	0	10	10	0	0	0	1
8000	441	40	3.8	7	17	0	4	4	0	0	0	1
8000	441	40	4	2	3	0	1	1	0	0	0	1
8000	442	40	3	185	0	0	0.0	0.0	0.0	0.0	0.0	0
8000	442	40	3.2	68	244	0	58	58	0.01	0	0	1
8000	442	40	3.4	30	221	0	19	19	0	0	0	1
8000	442	40	3.6	15	145	1	7.33333	8	0	0	0	1
8000	442	40	3.8	6	43	0	2	2	0	0	0	1
8000	442	40	4	4	15	0	1	1	0	0	0	1
8000	443	40	3	131	0	0	0.0	0.0	0.0	0.0	0.0	0
8000	443	40	3.2	49	240	0	36	36	0	0	0	1
8000	443	40	3.4	26	198	0	16	16	0	0	0	1
8000	443	40	3.6	11	58	0	6	6	0	0	0	1
8000	443	40	3.8	5	16	0	2	2	0	0	0	1
8000	443	40	4	1	1	0	1	1	0	0	0	1
8000	444	40	3	145	0	0	0.0	0.0	0.0	0.0	0.0	0
8000	444	40	3.2	61	222	0	49	49	0.01	0	0	1
8000	444	40	3.4	27	187	0	18	18	0	0	0	1
8000	444	40	3.6	13	95	0	7	7	0	0	0	1
8000	444	40	3.8	7	59	0	2	2	0	0	0	1
8000	444	40	4	3	7	0	1	1	0	0	0	1
8000	445	40	3	154	0	0	0.0	0.0	0.0	0.0	0.0	0
8000	445	40	3.2	70	489	1	50.5	51	0.01	0	0	1
8000	445	40	3.4	36	428	0	22	22	0	0	0	1
8000	445	40	3.6	18	314	0	9	9	0	0	0	1
8000	445	40	3.8	9	83	0	3	3	0	0	0	1
8000	445	40	4	2	3	0	1	1	0	0	0	1
8000	446	40	3	136	0	0	0.0	0.0	0.0	0.0	0.0	0
8000	446	40	3.2	55	237	1	41.5	42	0	0	0.01	1
8000	446	40	3.4	21	172	0	12	12	0	0	0	1
8000	446	40	3.6	11	142	1	3.33333	4	0	0	0	1
8000	446	40	3.8	7	39	0	4	4	0	0	0	1
8000	446	40	4	3	5	0	2	2	0	0	0	1
8000	447	40	3	153	0	0	0.0	0.0	0.0	0.0	0.0	0
8000	447	40	3.2	70	477	0	52	52	0.01	0	0	1
8000	447	40	3.4	31	417	1	16.5	17	0	0	0	1
8000	447	40	3.6	14	189	0	6	6	0	0	0	1
8000	447	40	3.8	8	94	0	3	3	0	0	0	1
8000	447	40	4	5	23	0	2	2	0	0	0	1
8000	448	40	3	142	0	0	0.0	0.0	0.0	0.0	0.0	0
8000	448	40	3.2	64	281	0	47	47	0	0	0	1
8000	448	40	3.4	29	249	0	15	15	0	0	0	1
8000	448	40	3.6	12	77	0	5	5	0	0	0	1
8000	448	40	3.8	5	7	0	4	4	0	0	0	1
8000	448	40	4	1	1	0	1	1	0	0	0	1
8000	449	40	3	158	0	0	0.0	0.0	0.0	0.0	0.0	0
8000	449	40	3.2	60	224	1	46.5	47	0	0	0.01	1
8000	449	40	3.4	27	171	0	15	15	0	0	0	1
8000	449	40	3.6	10	59	0	4	4	0	0	0	1
8000	449	40	3.8	9	26	0	5	5	0	0	0	1
8000	449	40	4	3	7	0	1	1	0	0	0	1
8000	450	40	3	168	0	0	0.0	0.0	0.0	0.0	0.0	0
8000	450	40	3.2	70	275	0	58	58	0	0	0.01	1
8000	450	40	3.4	34	257	0	24	24	0	0	0	1
8000	450	40	3.6	13	95	0	7	7	0	0	0	1
8000	450	40	3.8	9	62	1	3.5	4	0	0	0	1
8000	450	40	4	7	37	0	3	3	0	0	0	1
8000	451	40	3	147	0	0	0.0	0.0	0.0	0.0	0.0	0
8000	451	40	3.2	55	161	0	46	46	0	0	0	1
8000	451	40	3.4	25	128	0	17	17	0	0	0	1
8000	451	40	3.6	10	57	0	5	5	0	0	0	1
8000	451	40	3.8	5	11	0	3	3	0	0	0	1
8000	451	40	4	2	3	0	1	1	0	0	0	1
8000	452	40	3	182	0	0	0.0	0.0	0.0	0.0	0.0	0
8000	452	40	3.2	71	301	0	58	58	0	0.01	0	1
8000	452	40	3.4	37	226	0	26	26	0	0	0	1
8000	452	40	3.6	15	92	0	9	9	0	0	0	1
8000	452	40	3.8	8	51	0	3	3	0	0	0	1
8000	452	40	4	5	21	0	2	2	0	0	0	1
8000	453	40	3	147	0	0	0.0	0.0	0.0	0.0	0.0	0
8000	453	40	3.2	53	235	0	41	41	0	0	0.01	1
8000	453	40	3.4	22	268	0	12	12	0	0	0	1
8000	453	40	3.6	11	142	0	4	4	0	0	0	1
8000	453	40	3.8	7	44	0	2	2	0	0	0	1
8000	453	40	4	3	7	0	1	1	0	0	0	1
8000	454	40	3	154	0	0	0.0	0.0	0.0	0.0	0.0	0
8000	454	40	3.2	64	205	0	49	49	0	0	0	1
8000	454	40	3.4	28	171	0	16	16	0	0	0	1
8000	454	40	3.6	16	100	0	7	7	0	0	0	1
8000	454	40	3.8	7	15	0	5	5	0	0	0	1
8000	454	40	4	2	3	0	1	1	0	0	0	1
8000	455	40	3	139	0	0	0.0	0.0	0.0	0.0	0.0	0
8000	455	40	3.2	61	280	0	47	47	0	0	0	1
8000	455	40	3.4	31	264	0	19	19	0	0	0	1
8000	455	40	3.6	13	120	0	5	5	0	0	0	1
8000	455	40	3.8	6	18	0	3	3	0	0	0	1
8000	455	40	4	0	0	0	0.0	0.0	0.0	0.0	0.0	0
8000	456	40	3	163	0	0	0.0	0.0	0.0	0.0	0.0	0
8000	456	40	3.2	73	233	0	63	63	0	0	0	1
8000	456	40	3.4	28	156	0	22	22	0	0	0	1
8000	456	40	3.6	16	124	0	10	10	0	0	0	1
8000	456	40	3.8	8	20	0	5	5	0	0	0	1
8000	456	40	4	3	7	0	1	1	0	0	0	1
8000	457	40	3	156	0	0	0.0	0.0	0.0	0.0	0.0	0
8000	457	40	3.2	66	357	0	48	48	0.01	0	0	1
8000	457	40	3.4	34	292	0	20	20	0	0	0	1
8000	457	40	3.6	17	198	0	7	7	0	0	0	1
8000	457	40	3.8	10	56	0	5	5	0	0	0	1
8000	457	40	4	3	7	0	1	1	0	0	0	1
8000	458	40	3	129	0	0	0.0	0.0	0.0	0.0	0.0	0
8000	458	40	3.2	58	241	0	44	44	0	0	0	1
8000	458	40	3.4	21	184	0	13	13	0	0	0	1
8000	458	40	3.6	11	100	1	4.25	5	0	0	0	1
8000	458	40	3.8	6	47	0	2	2	0	0	0	1
8000	458	40	4	4	11	0	2	2	0	0	0	1
8000	459	40	3	166	0	0	0.0	0.0	0.0	0.0	0.0	0
8000	459	40	3.2	66	250	1	53.6667	54	0	0	0	1
8000	459	40	3.4	34	223	1	22.3333	23	0	0	0	1
8000	459	40	3.6	12	91	0	5	5	0	0	0	1
8000	459	40	3.8	4	15	0	1	1	0	0	0	1
8000	459	40	4	3	7	0	1	1	0	0	0	1
8000	460	40	3	162	0	0	0.0	0.0	0.0	0.0	0.0	0
8000	460	40	3.2	62	421	0	47	47	0.01	0	0	1
8000	460	40	3.4	34	439	0	19	19	0	0	0	1
8000	460	40	3.6	19	418	0	8	8	0	0	0.01	1
8000	460	40	3.8	9	83	1	3.33333	4	0	0	0	1
8000	460	40	4	4	11	0	2	2	0	0	0	1
8000	461	40	3	159	0	0	0.0	0.0	0.0	0.0	0.0	0
8000	461	40	3.2	61	116	0	53	53	0	0	0	1
8000	461	40	3.4	18	48	0	14	14	0	0	0	1
8000	461	40	3.6	7	29	0	3	3	0	0	0	1
8000	461	40	3.8	3	5	0	2	2	0	0	0	1
8000	461	40	4	2	3	0	1	1	0	0	0	1
8000	462	40	3	160	0	0	0.0	0.0	0.0	0.0	0.0	0
8000	462	40	3.2	75	474	0	56	56	0.01	0	0	1
8000	462	40	3.4	28	466	0	13	13	0	0	0.01	1
8000	462	40	3.6	15	218	0	5	5	0	0	0	1
8000	462	40	3.8	7	38	1	2.5	3	0	0	0	1
8000	462	40	4	2	3	0	1	1	0	0	0	1
8000	463	40	3	131	0	0	0.0	0.0	0.0	0.0	0.0	0
8000	463	40	3.2	55	356	1	38.6667	39	0	0	0	1
8000	463	40	3.4	23	261	0	12	12	0	0	0	1
8000	463	40	3.6	12	143	1	4.2	5	0	0	0	1
8000	463	40	3.8	5	14	0	3	3	0	0	0	1
8000	463	40	4	3	5	0	2	2	0	0	0	1
8000	464	40	3	192	0	0	0.0	0.0	0.0	0.0	0.0	0
8000	464	40	3.2	74	367	0	61	61	0.02	0	0	1
8000	464	40	3.4	35	372	0	23	23	0	0	0	1
8000	464	40	3.6	19	296	0	9	9	0	0	0	1
8000	464	40	3.8	11	102	0	5	5	0	0	0	1
8000	464	40	4	4	15	0	1	1	0	0	0	1
8000	465	40	3	152	0	0	0.0	0.0	0.0	0.0	0.0	0
8000	465	40	3.2	62	169	0	51	51	0	0	0	1
8000	465	40	3.4	21	117	0	12	12	0	0	0	1
8000	465	40	3.6	11	45	0	6	6	0	0	0	1
8000	465	40	3.8	2	3	0	1	1	0	0	0	1
8000	465	40	4	2	3	0	1	1	0	0	0	1
8000	466	40	3	148	0	0	0.0	0.0	0.0	0.0	0.0	0
8000	466	40	3.2	61	773	0	41	41	0.01	0	0	1
8000	466	40	3.4	29	866	0	15	15	0	0.01	0	1
8000	466	40	3.6	18	535	0	10	10	0	0	0	1
8000	466	40	3.8	11	139	0	6	6	0	0	0	1
8000	466	40	4	8	35	0	5	5	0	0	0	1
8000	467	40	3	167	0	0	0.0	0.0	0.0	0.0	0.0	0
8000	467	40	3.2	79	359	0	68	68	0	0	0	1
8000	467	40	3.4	36	226	0	28	28	0	0	0	1
8000	467	40	3.6	19	141	0	12	12	0	0	0	1
8000	467	40	3.8	9	35	0	6	6	0	0	0	1
8000	467	40	4	3	7	0	1	1	0	0	0	1
8000	468	40	3	159	0	0	0.0	0.0	0.0	0.0	0.0	0
8000	468	40	3.2	78	672	0	57	57	0.01	0	0	1
8000	468	40	3.4	38	565	0	23	23	0	0	0.01	1
8000	468	40	3.6	16	160	0	7	7	0	0	0	1
8000	468	40	3.8	8	54	0	3	3	0	0	0	1
8000	468	40	4	5	23	0	2	2	0	0	0	1
8000	469	40	3	148	0	0	0.0	0.0	0.0	0.0	0.0	0
8000	469	40	3.2	61	515	0	44	44	0.01	0	0	1
8000	469	40	3.4	29	495	0	15	15	0	0	0	1
8000	469	40	3.6	18	345	0	8	8	0	0	0	1
8000	469	40	3.8	9	111	0	3	3	0	0	0	1
8000	469	40	4	6	47	0	2	2	0	0	0	1
8000	470	40	3	157	0	0	0.0	0.0	0.0	0.0	0.0	0
8000	470	40	3.2	56	211	0	43	43	0	0	0	1
8000	470	40	3.4	26	195	0	14	14	0	0	0	1
8000	470	40	3.6	12	82	0	6	6	0	0	0	1
8000	470	40	3.8	2	3	0	1	1	0	0	0	1
8000	470	40	4	1	1	0	1	1	0	0	0	1
8000	471	40	3	157	0	0	0.0	0.0	0.0	0.0	0.0	0
8000	471	40	3.2	70	152	0	63	63	0	0	0	1
8000	471	40	3.4	27	96	0	21	21	0	0	0	1
8000	471	40	3.6	9	21	0	7	7	0	0	0	1
8000	471	40	3.8	5	8	0	4	4	0	0	0	1
8000	471	40	4	4	7	0	3	3	0	0	0	1
8000	472	40	3	171	0	0	0.0	0.0	0.0	0.0	0.0	0
8000	472	40	3.2	69	212	0	58	58	0	0	0	1
8000	472	40	3.4	31	170	0	21	21	0	0	0	1
8000	472	40	3.6	13	43	0	8	8	0	0	0	1
8000	472	40	3.8	5	13	0	3	3	0	0	0	1
8000	472	40	4	4	9	0	2	2	0	0	0	1
8000	473	40	3	127	578	0	108	108	0.03	0	0	1
8000	473	40	3.2	67	738	0	46	46	0.01	0	0	1
8000	473	40	3.4	31	611	0	15	15	0	0	0	1
8000	473	40	3.6	16	326	0	7	7	0	0	0	1
8000	473	40	3.8	6	47	0	2	2	0	0	0	1
8000	473	40	4	5	23	0	2	2	0	0	0	1
8000	474	40	3	154	0	0	0.0	0.0	0.0	0.0	0.0	0
8000	474	40	3.2	65	239	0	53	53	0	0	0	1
8000	474	40	3.4	28	216	0	18	18	0	0	0	1
8000	474	40	3.6	10	139	0	3	3	0	0	0	1
8000	474	40	3.8	7	45	1	2.5	3	0	0	0	1
8000	474	40	4	2	3	0	1	1	0	0	0	1
8000	475	40	3	147	0	0	0.0	0.0	0.0	0.0	0.0	0
8000	475	40	3.2	55	367	0	42	42	0	0	0	1
8000	475	40	3.4	27	450	0	14	14	0	0	0	1
8000	475	40	3.6	19	225	0	8	8	0	0	0	1
8000	475	40	3.8	11	115	0	4	4	0	0	0	1
8000	475	40	4	3	5	0	2	2	0	0	0	1
8000	476	40	3	168	0	0	0.0	0.0	0.0	0.0	0.0	0
8000	476	40	3.2	71	450	0	57	57	0.01	0	0.01	1
8000	476	40	3.4	30	495	0	19	19	0	0	0	1
8000	476	40	3.6	18	304	0	8	8	0	0	0	1
8000	476	40	3.8	10	67	0	5	5	0	0	0	1
8000	476	40	4	5	17	0	2	2	0	0	0	1
8000	477	40	3	164	0	0	0.0	0.0	0.0	0.0	0.0	0
8000	477	40	3.2	69	434	0	50	50	0.01	0	0	1
8000	477	40	3.4	36	332	0	21	21	0	0	0	1
8000	477	40	3.6	15	162	0	6	6	0	0	0	1
8000	477	40	3.8	8	79	0	3	3	0	0	0	1
8000	477	40	4	7	39	0	3	3	0	0	0	1
8000	478	40	3	140	0	0	0.0	0.0	0.0	0.0	0.0	0
8000	478	40	3.2	69	680	0	52	52	0.01	0	0	1
8000	478	40	3.4	28	543	0	15	15	0	0	0	1
8000	478	40	3.6	18	204	0	12	12	0	0	0	1
8000	478	40	3.8	9	83	0	4	4	0	0	0	1
8000	478	40	4	5	23	0	2	2	0	0	0	1
8000	479	40	3	130	0	0	0.0	0.0	0.0	0.0	0.0	0
8000	479	40	3.2	56	245	0	44	44	0	0	0	1
8000	479	40	3.4	24	232	0	16	16	0	0	0	1
8000	479	40	3.6	14	162	0	7	7	0	0	0	1
8000	479	40	3.8	6	35	0	2	2	0	0	0	1
8000	479	40	4	2	3	0	1	1	0	0	0	1
8000	480	40	3	154	0	0	0.0	0.0	0.0	0.0	0.0	0
8000	480	40	3.2	73	871	0	54	54	0.02	0	0.01	1
8000	480	40	3.4	31	1101	0	15	15	0.01	0	0	1
8000	480	40	3.6	18	916	0	8	8	0	0	0	1
8000	480	40	3.8	12	182	0	4	4	0	0	0	1
8000	480	40	4	8	87	0	3	3	0	0	0	1
8000	481	40	3	151	0	0	0.0	0.0	0.0	0.0	0.0	0
8000	481	40	3.2	62	210	0	50	50	0	0	0	1
8000	481	40	3.4	27	142	0	18	18	0	0	0	1
8000	481	40	3.6	10	38	0	7	7	0	0	0	1
8000	481	40	3.8	5	11	0	3	3	0	0	0	1
8000	481	40	4	2	2	0	2	2	0	0	0	1
8000	482	40	3	143	0	0	0.0	0.0	0.0	0.0	0.0	0
8000	482	40	3.2	54	244	1	39.5	40	0	0	0.01	1
8000	482	40	3.4	26	173	0	15	15	0	0	0	1
8000	482	40	3.6	13	59	0	7	7	0	0	0	1
8000	482	40	3.8	7	24	0	4	4	0	0	0	1
8000	482	40	4	2	2	0	2	2	0	0	0	1
8000	483	40	3	124	244	0	113	113	0.01	0	0	1
8000	483	40	3.2	43	213	0	31	31	0	0	0	1
8000	483	40	3.4	23	159	0	13	13	0	0	0	1
8000	483	40	3.6	8	42	0	3	3	0	0	0	1
8000	483	40	3.8	2	3	0	1	1	0	0	0	1
8000	483	40	4	0	0	0	0.0	0.0	0.0	0.0	0.0	0
8000	484	40	3	153	0	0	0.0	0.0	0.0	0.0	0.0	0
8000	484	40	3.2	56	190	0	47	47	0	0	0	1
8000	484	40	3.4	22	169	0	14	14	0	0	0	1
8000	484	40	3.6	10	52	0	6	6	0	0	0	1
8000	484	40	3.8	5	15	0	3	3	0	0	0	1
8000	484	40	4	4	9	0	2	2	0	0	0	1
8000	485	40	3	151	0	0	0.0	0.0	0.0	0.0	0.0	0
8000	485	40	3.2	73	761	1	50.5	51	0.02	0	0.01	1
8000	485	40	3.4	35	701	0	16	16	0	0	0.01	1
8000	485	40	3.6	16	216	0	8	8	0	0	0	1
8000	485	40	3.8	9	39	0	4	4	0	0	0	1
8000	485	40	4	5	17	0	2	2	0	0	0	1
8000	486	40	3	167	0	0	0.0	0.0	0.0	0.0	0.0	0
8000	486	40	3.2	58	181	0	47	47	0	0	0	1
8000	486	40	3.4	29	166	0	19	19	0	0	0	1
8000	486	40	3.6	16	109	0	8	8	0	0	0	1
8000	486	40	3.8	9	67	0	4	4	0	0	0	1
8000	486	40	4	6	23	0	3	3	0	0	0	1
8000	487	40	3	132	0	0	0.0	0.0	0.0	0.0	0.0	0
8000	487	40	3.2	58	539	0	41	41	0.01	0	0	1
8000	487	40	3.4	27	566	0	14	14	0.01	0	0	1
8000	487	40	3.6	16	296	0	6	6	0	0	0	1
8000	487	40	3.8	4	11	0	2	2	0	0	0	1
8000	487	40	4	1	1	0	1	1	0	0	0	1
8000	488	40	3	170	0	0	0.0	0.0	0.0	0.0	0.0	0
8000	488	40	3.2	68	426	0	51	51	0.01	0	0	1
8000	488	40	3.4	30	367	0	15	15	0	0	0	1
8000	488	40	3.6	16	204	0	7	7	0	0	0	1
8000	488	40	3.8	6	31	0	3	3	0	0	0	1
8000	488	40	4	3	7	0	1	1	0	0	0	1
8000	489	40	3	150	0	0	0.0	0.0	0.0	0.0	0.0	0
8000	489	40	3.2	58	318	0	44	44	0	0	0	1
8000	489	40	3.4	23	256	0	12	12	0	0	0	1
8000	489	40	3.6	10	104	0	4	4	0	0	0	1
8000	489	40	3.8	5	18	0	2	2	0	0	0	1
8000	489	40	4	4	15	0	1	1	0	0	0	1
8000	490	40	3	176	0	0	0.0	0.0	0.0	0.0	0.0	0
8000	490	40	3.2	72	183	1	61.6667	62	0	0	0	1
8000	490	40	3.4	32	148	0	23	23	0	0	0	1
8000	490	40	3.6	15	101	0	8	8	0	0	0	1
8000	490	40	3.8	7	35	0	3	3	0	0	0	1
8000	490	40	4	3	5	0	2	2	0	0	0	1
8000	491	40	3	144	0	0	0.0	0.0	0.0	0.0	0.0	0
8000	491	40	3.2	69	320	0	53	53	0	0	0	1
8000	491	40	3.4	32	260	0	21	21	0	0	0	1
8000	491	40	3.6	12	124	0	5	5	0	0	0	1
8000	491	40	3.8	5	26	1	1.5	2	0	0	0	1
8000	491	40	4	4	15	0	1	1	0	0	0	1
8000	492	40	3	178	0	0	0.0	0.0	0.0	0.0	0.0	0
8000	492	40	3.2	65	261	0	52	52	0	0.01	0	1
8000	492	40	3.4	27	223	0	16	16	0	0	0	1
8000	492	40	3.6	11	136	1	3.25	4	0	0	0	1
8000	492	40	3.8	7	32	0	3	3	0	0	0	1
8000	492	40	4	3	5	0	2	2	0	0	0	1
8000	493	40	3	150	0	0	0.0	0.0	0.0	0.0	0.0	0
8000	493	40	3.2	65	385	0	48	48	0.01	0	0	1
8000	493	40	3.4	31	358	0	17	17	0	0	0	1
8000	493	40	3.6	16	181	0	7	7	0	0	0	1
8000	493	40	3.8	6	23	0	3	3	0	0	0	1
8000	493	40	4	4	11	0	2	2	0	0	0	1
8000	494	40	3	123	382	0	112	112	0.01	0	0	1
8000	494	40	3.2	48	377	0	36	36	0	0	0	1
8000	494	40	3.4	23	271	0	12	12	0	0	0	1
8000	494	40	3.6	12	123	0	6	6	0	0	0	1
8000	494	40	3.8	7	63	0	3	3	0	0	0	1
8000	494	40	4	5	31	0	1	1	0	0	0	1
8000	495	40	3	173	0	0	0.0	0.0	0.0	0.0	0.0	0
8000	495	40	3.2	70	385	0	58	58	0.01	0	0	1
8000	495	40	3.4	29	357	0	19	19	0	0	0	1
8000	495	40	3.6	15	148	0	9	9	0	0	0	1
8000	495	40	3.8	9	99	0	3	3	0	0	0	1
8000	495	40	4	6	42	0	2	2	0	0	0	1
8000	496	40	3	169	0	0	0.0	0.0	0.0	0.0	0.0	0
8000	496	40	3.2	77	488	1	58.3333	59	0.02	0	0	1
8000	496	40	3.4	34	511	0	19	19	0	0	0	1
8000	496	40	3.6	17	342	1	6.66667	7	0	0	0	1
8000	496	40	3.8	10	127	0	4	4	0	0	0	1
8000	496	40	4	2	3	0	1	1	0	0	0	1
8000	497	40	3	143	0	0	0.0	0.0	0.0	0.0	0.0	0
8000	497	40	3.2	55	157	1	42.5	43	0	0	0	1
8000	497	40	3.4	20	52	0	14	14	0	0	0	1
8000	497	40	3.6	6	19	0	4	4	0	0	0	1
8000	497	40	3.8	5	15	0	3	3	0	0	0	1
8000	497	40	4	4	11	0	2	2	0	0	0	1
8000	498	40	3	140	0	0	0.0	0.0	0.0	0.0	0.0	0
8000	498	40	3.2	66	180	0	54	54	0.01	0	0	1
8000	498	40	3.4	24	100	0	16	16	0	0	0	1
8000	498	40	3.6	10	50	0	5	5	0	0	0	1
8000	498	40	3.8	5	13	0	3	3	0	0	0	1
8000	498	40	4	4	11	0	2	2	0	0	0	1
8000	499	40	3	194	0	0	0.0	0.0	0.0	0.0	0.0	0
8000	499	40	3.2	92	405	0	76	76	0.01	0	0	1
8000	499	40	3.4	37	306	0	24	24	0	0	0	1
8000	499	40	3.6	17	103	0	9	9	0	0	0	1
8000	499	40	3.8	8	59	0	4	4	0	0	0	1
8000	499	40	4	5	23	0	2	2	0	0	0	1
8000	500	40	3	145	0	0	0.0	0.0	0.0	0.0	0.0	0
8000	500	40	3.2	56	269	0	42	42	0	0	0	1
8000	500	40	3.4	21	216	0	10	10	0	0	0	1
8000	500	40	3.6	10	82	0	4	4	0	0	0	1
8000	500	40	3.8	4	15	0	1	1	0	0	0	1
8000	500	40	4	4	15	0	1	1	0	0	0	1
8000	501	40	3	151	0	0	0.0	0.0	0.0	0.0	0.0	0
8000	501	40	3.2	61	261	0	48	48	0	0	0	1
8000	501	40	3.4	27	217	0	14	14	0	0	0	1
8000	501	40	3.6	11	108	0	4	4	0	0	0	1
8000	501	40	3.8	5	11	0	3	3	0	0	0	1
8000	501	40	4	3	7	0	1	1	0	0	0	1
8000	502	40	3	160	0	0	0.0	0.0	0.0	0.0	0.0	0
8000	502	40	3.2	66	253	0	52	52	0	0	0	1
8000	502	40	3.4	26	253	0	15	15	0	0	0	1
8000	502	40	3.6	12	230	1	3.5	4	0	0	0	1
8000	502	40	3.8	10	119	0	3	3	0	0	0	1
8000	502	40	4	8	71	0	3	3	0	0	0	1
8000	503	40	3	173	0	0	0.0	0.0	0.0	0.0	0.0	0
8000	503	40	3.2	65	127	0	57	57	0	0	0	1
8000	503	40	3.4	28	93	0	20	20	0	0	0	1
8000	503	40	3.6	12	35	0	7	7	0	0	0	1
8000	503	40	3.8	4	6	0	3	3	0	0	0	1
8000	503	40	4	2	3	0	1	1	0	0	0	1
8000	504	40	3	155	0	0	0.0	0.0	0.0	0.0	0.0	0
8000	504	40	3.2	65	181	0	53	53	0	0	0	1
8000	504	40	3.4	29	147	0	22	22	0	0	0	1
8000	504	40	3.6	14	105	0	7	7	0	0	0	1
8000	504	40	3.8	10	26	0	6	6	0	0	0	1
8000	504	40	4	5	9	0	3	3	0	0	0	1
8000	505	40	3	172	0	0	0.0	0.0	0.0	0.0	0.0	0
8000	505	40	3.2	75	474	0	61	61	0.01	0	0	1
8000	505	40	3.4	31	437	0	21	21	0	0	0	1
8000	505	40	3.6	16	214	0	8	8	0	0	0	1
8000	505	40	3.8	9	55	0	5	5	0	0	0	1
8000	505	40	4	3	7	0	1	1	0	0	0	1
8000	506	40	3	152	0	0	0.0	0.0	0.0	0.0	0.0	0
8000	506	40	3.2	64	1466	0	45	45	0.03	0	0.01	1
8000	506	40	3.4	33	1439	0	17	17	0.01	0	0	1
8000	506	40	3.6	18	955	1	5.33333	6	0.01	0	0.01	1
8000	506	40	3.8	13	395	0	4	4	0	0	0	1
8000	506	40	4	6	27	0	3	3	0	0	0	1
8000	507	40	3	146	0	0	0.0	0.0	0.0	0.0	0.0	0
8000	507	40	3.2	56	302	0	43	43	0	0	0	1
8000	507	40	3.4	27	347	0	16	16	0	0	0	1
8000	507	40	3.6	18	246	0	9	9	0	0	0	1
8000	507	40	3.8	7	35	0	4	4	0	0	0	1
8000	507	40	4	5	19	0	2	2	0	0	0	1
8000	508	40	3	167	0	0	0.0	0.0	0.0	0.0	0.0	0
8000	508	40	3.2	71	448	0	54	54	0.01	0	0	1
8000	508	40	3.4	36	422	0	21	21	0	0	0	1
8000	508	40	3.6	17	112	0	11	11	0	0	0	1
8000	508	40	3.8	7	29	0	4	4	0	0	0	1
8000	508	40	4	5	17	0	2	2	0	0	0	1
8000	509	40	3	146	0	0	0.0	0.0	0.0	0.0	0.0	0
8000	509	40	3.2	62	277	0	45	45	0.01	0	0	1
8000	509	40	3.4	30	176	0	18	18	0	0	0	1
8000	509	40	3.6	11	89	0	5	5	0	0	0	1
8000	509	40	3.8	7	39	0	3	3	0	0	0	1
8000	509	40	4	6	31	0	3	3	0	0	0	1
8000	510	40	3	165	0	0	0.0	0.0	0.0	0.0	0.0	0
8000	510	40	3.2	75	399	0	61	61	0	0	0	1
8000	510	40	3.4	39	333	0	27	27	0	0	0	1
8000	510	40	3.6	19	169	0	12	12	0	0	0	1
8000	510	40	3.8	9	65	0	4	4	0	0	0	1
8000	510	40	4	6	63	0	1	1	0	0	0	1
8000	511	40	3	141	0	0	0.0	0.0	0.0	0.0	0.0	0
8000	511	40	3.2	69	294	0	52	52	0.01	0	0	1
8000	511	40	3.4	37	233	0	26	26	0	0	0	1
8000	511	40	3.6	15	131	0	7	7	0	0	0	1
8000	511	40	3.8	7	32	0	4	4	0	0	0	1
8000	511	40	4	4	14	1	1.33333	2	0	0	0	1
8000	512	40	3	150	0	0	0.0	0.0	0.0	0.0	0.0	0
8000	512	40	3.2	74	1703	0	49	49	0.04	0	0	1
8000	512	40	3.4	42	1457	0	24	24	0.05	0	0	1
8000	512	40	3.6	20	494	0	9	9	0	0	0	1
8000	512	40	3.8	12	209	0	6	6	0	0	0	1
8000	512	40	4	8	47	0	5	5	0	0	0	1
8000	513	40	3	131	0	0	0.0	0.0	0.0	0.0	0.0	0
8000	513	40	3.2	54	204	0	43	43	0	0	0	1
8000	513	40	3.4	20	128	0	12	12	0	0	0	1
8000	513	40	3.6	10	44	0	6	6	0	0	0	1
8000	513	40	3.8	5	9	0	4	4	0	0	0	1
8000	513	40	4	2	3	0	1	1	0	0	0	1
8000	514	40	3	196	0	0	0.0	0.0	0.0	0.0	0.0	0
8000	514	40	3.2	85	330	0	71	71	0	0	0	1
8000	514	40	3.4	40	283	0	28	28	0	0	0	1
8000	514	40	3.6	18	111	0	10	10	0	0	0	1
8000	514	40	3.8	8	35	0	5	5	0	0	0	1
8000	514	40	4	4	11	0	2	2	0	0	0	1
8000	515	40	3	146	0	0	0.0	0.0	0.0	0.0	0.0	0
8000	515	40	3.2	58	205	1	42.6667	43	0	0	0	1
8000	515	40	3.4	26	173	0	15	15	0	0	0	1
8000	515	40	3.6	11	54	0	6	6	0	0	0	1
8000	515	40	3.8	7	35	0	4	4	0	0	0	1
8000	515	40	4	3	5	0	2	2	0	0	0	1
8000	516	40	3	141	0	0	0.0	0.0	0.0	0.0	0.0	0
8000	516	40	3.2	48	609	1	35.5	36	0.01	0	0	1
8000	516	40	3.4	23	627	0	10	10	0	0	0	1
8000	516	40	3.6	11	428	1	2.125	3	0	0	0.01	1
8000	516	40	3.8	8	144	0	2	2	0	0	0	1
8000	516	40	4	2	3	0	1	1	0	0	0	1
8000	517	40	3	168	0	0	0.0	0.0	0.0	0.0	0.0	0
8000	517	40	3.2	79	486	0	65	65	0.01	0	0	1
8000	517	40	3.4	30	537	0	17	17	0	0	0	1
8000	517	40	3.6	17	448	0	7	7	0	0	0	1
8000	517	40	3.8	10	94	0	4	4	0	0	0	1
8000	517	40	4	6	29	0	2	2	0	0	0	1
8000	518	40	3	168	0	0	0.0	0.0	0.0	0.0	0.0	0
8000	518	40	3.2	72	196	0	61	61	0	0	0	1
8000	518	40	3.4	23	91	0	15	15	0	0	0	1
8000	518	40	3.6	12	51	0	7	7	0	0	0	1
8000	518	40	3.8	4	6	0	3	3	0	0	0	1
8000	518	40	4	1	1	0	1	1	0	0	0	1
8000	519	40	3	186	0	0	0.0	0.0	0.0	0.0	0.0	0
8000	519	40	3.2	92	218	0	79	79	0	0.01	0	1
8000	519	40	3.4	32	158	1	20.5	21	0	0	0	1
8000	519	40	3.6	15	107	0	8	8	0	0	0	1
8000	519	40	3.8	7	39	0	3	3	0	0	0	1
8000	519	40	4	3	4	0	2	2	0	0	0	1
8000	520	40	3	185	0	0	0.0	0.0	0.0	0.0	0.0	0
8000	520	40	3.2	87	209	0	76	76	0	0	0	1
8000	520	40	3.4	38	164	0	28	28	0	0	0	1
8000	520	40	3.6	16	80	0	9	9	0	0	0	1
8000	520	40	3.8	8	42	0	4	4	0	0	0	1
8000	520	40	4	5	10	0	3	3	0	0	0	1
8000	521	40	3	159	0	0	0.0	0.0	0.0	0.0	0.0	0
8000	521	40	3.2	84	1557	0	60	60	0.06	0	0	1
8000	521	40	3.4	46	1510	0	29	29	0.02	0	0	1
8000	521	40	3.6	22	677	0	11	11	0	0	0	1
8000	521	40	3.8	15	323	0	8	8	0	0	0	1
8000	521	40	4	5	23	0	2	2	0	0	0	1
8000	522	40	3	132	0	0	0.0	0.0	0.0	0.0	0.0	0
8000	522	40	3.2	66	574	1	47.5	48	0.01	0	0.01	1
8000	522	40	3.4	32	551	0	16	16	0.01	0	0.01	1
8000	522	40	3.6	16	297	0	6	6	0	0	0	1
8000	522	40	3.8	9	143	0	3	3	0	0	0	1
8000	522	40	4	7	41	0	3	3	0	0	0	1
8000	523	40	3	149	0	0	0.0	0.0	0.0	0.0	0.0	0
8000	523	40	3.2	51	498	0	33	33	0	0	0	1
8000	523	40	3.4	31	474	0	16	16	0	0	0	1
8000	523	40	3.6	17	269	0	7	7	0	0	0	1
8000	523	40	3.8	9	96	0	3	3	0	0	0	1
8000	523	40	4	4	11	0	2	2	0	0	0	1
8000	524	40	3	147	0	0	0.0	0.0	0.0	0.0	0.0	0
8000	524	40	3.2	72	1146	0	52	52	0.03	0	0	1
8000	524	40	3.4	38	1374	0	18	18	0.01	0	0	1
8000	524	40	3.6	19	680	0	7	7	0	0	0	1
8000	524	40	3.8	10	255	0	3	3	0	0	0	1
8000	524	40	4	6	63	0	1	1	0	0	0	1
8000	525	40	3	176	0	0	0.0	0.0	0.0	0.0	0.0	0
8000	525	40	3.2	82	498	0	68	68	0.02	0	0	1
8000	525	40	3.4	44	628	0	30	30	0.01	0	0	1
8000	525	40	3.6	26	556	0	15	15	0	0	0	1
8000	525	40	3.8	17	265	0	9	9	0	0	0	1
8000	525	40	4	8	15	0	7	7	0	0	0	1
8000	526	40	3	153	0	0	0.0	0.0	0.0	0.0	0.0	0
8000	526	40	3.2	56	122	0	49	49	0	0	0	1
8000	526	40	3.4	19	82	0	12	12	0	0	0	1
8000	526	40	3.6	9	25	0	6	6	0	0	0	1
8000	526	40	3.8	3	7	0	1	1	0	0	0	1
8000	526	40	4	2	3	0	1	1	0	0	0	1
8000	527	40	3	157	0	0	0.0	0.0	0.0	0.0	0.0	0
8000	527	40	3.2	61	201	0	49	49	0	0	0	1
8000	527	40	3.4	27	162	0	18	18	0	0	0	1
8000	527	40	3.6	9	23	0	5	5	0	0	0	1
8000	527	40	3.8	4	7	0	3	3	0	0	0	1
8000	527	40	4	4	7	0	3	3	0	0	0	1
8000	528	40	3	166	0	0	0.0	0.0	0.0	0.0	0.0	0
8000	528	40	3.2	71	440	0	50	50	0	0.01	0	1
8000	528	40	3.4	36	357	1	20.5	21	0	0	0.01	1
8000	528	40	3.6	16	139	0	9	9	0	0	0	1
8000	528	40	3.8	6	35	0	2	2	0	0	0	1
8000	528	40	4	1	1	0	1	1	0	0	0	1
8000	529	40	3	141	0	0	0.0	0.0	0.0	0.0	0.0	0
8000	529	40	3.2	56	390	1	42.5	43	0	0	0.01	1
8000	529	40	3.4	24	354	0	12	12	0	0	0	1
8000	529	40	3.6	14	213	1	4.5	5	0	0	0	1
8000	529	40	3.8	8	45	0	4	4	0	0	0	1
8000	529	40	4	3	5	0	2	2	0	0	0	1
8000	530	40	3	124	332	0	110	110	0.01	0	0	1
8000	530	40	3.2	44	354	1	29	29	0	0	0.01	1
8000	530	40	3.4	21	320	1	8.33333	9	0.01	0	0	1
8000	530	40	3.6	10	127	0	3	3	0	0	0	1
8000	530	40	3.8	6	39	0	2	2	0	0	0	1
8000	530	40	4	5	31	0	1	1	0	0	0	1
8000	531	40	3	164	0	0	0.0	0.0	0.0	0.0	0.0	0
8000	531	40	3.2	67	460	0	47	47	0.01	0	0	1
8000	531	40	3.4	41	406	0	25	25	0.01	0	0	1
8000	531	40	3.6	17	163	0	7	7	0	0	0	1
8000	531	40	3.8	8	71	0	3	3	0	0	0	1
8000	531	40	4	8	57	0	3	3	0	0	0	1
8000	532	40	3	144	0	0	0.0	0.0	0.0	0.0	0.0	0
8000	532	40	3.2	57	290	0	46	46	0	0	0	1
8000	532	40	3.4	24	251	0	16	16	0	0	0	1
8000	532	40	3.6	14	175	0	8	8	0	0	0	1
8000	532	40	3.8	7	61	0	3	3	0	0	0	1
8000	532	40	4	4	10	0	2	2	0	0	0	1
8000	533	40	3	182	0	0	0.0	0.0	0.0	0.0	0.0	0
8000	533	40	3.2	91	471	0	71	71	0.02	0	0	1
8000	533	40	3.4	41	587	0	23	23	0.01	0	0	1
8000	533	40	3.6	16	242	0	7	7	0	0	0	1
8000	533	40	3.8	7	43	0	3	3	0	0	0	1
8000	533	40	4	2	3	0	1	1	0	0	0	1
8000	534	40	3	165	0	0	0.0	0.0	0.0	0.0	0.0	0
8000	534	40	3.2	73	638	0	59	59	0.03	0	0.01	1
8000	534	40	3.4	32	778	1	17.5	18	0.02	0	0.01	1
8000	534	40	3.6	21	725	0	10	10	0	0	0	1
8000	534	40	3.8	15	407	0	7	7	0	0	0	1
8000	534	40	4	12	239	0	5	5	0	0	0	1
8000	535	40	3	152	0	0	0.0	0.0	0.0	0.0	0.0	0
8000	535	40	3.2	70	309	0	55	55	0.01	0	0	1
8000	535	40	3.4	29	222	0	16	16	0	0	0	1
8000	535	40	3.6	11	60	0	7	7	0	0	0	1
8000	535	40	3.8	5	23	0	2	2	0	0	0	1
8000	535	40	4	3	7	0	1	1	0	0	0	1
8000	536	40	3	142	0	0	0.0	0.0	0.0	0.0	0.0	0
8000	536	40	3.2	61	427	0	48	48	0.01	0	0	1
8000	536	40	3.4	24	299	0	15	15	0	0	0	1
8000	536	40	3.6	14	239	0	6	6	0	0	0	1
8000	536	40	3.8	10	175	0	3	3	0	0	0	1
8000	536	40	4	4	15	0	1	1	0	0	0	1
8000	537	40	3	170	0	0	0.0	0.0	0.0	0.0	0.0	0
8000	537	40	3.2	71	242	0	60	60	0.01	0	0	1
8000	537	40	3.4	23	203	0	15	15	0	0	0	1
8000	537	40	3.6	14	109	0	8	8	0	0	0	1
8000	537	40	3.8	5	15	0	3	3	0	0	0	1
8000	537	40	4	3	5	0	2	2	0	0	0	1
8000	538	40	3	159	0	0	0.0	0.0	0.0	0.0	0.0	0
8000	538	40	3.2	74	398	0	57	57	0.01	0	0	1
8000	538	40	3.4	27	422	0	14	14	0	0	0	1
8000	538	40	3.6	18	273	0	7	7	0	0	0	1
8000	538	40	3.8	6	47	0	2	2	0	0	0	1
8000	538	40	4	3	7	0	1	1	0	0	0	1
8000	539	40	3	161	0	0	0.0	0.0	0.0	0.0	0.0	0
8000	539	40	3.2	60	183	0	52	52	0	0	0	1
8000	539	40	3.4	22	147	0	15	15	0	0	0	1
8000	539	40	3.6	12	69	0	7	7	0	0	0	1
8000	539	40	3.8	6	21	0	3	3	0	0	0	1
8000	539	40	4	2	3	0	1	1	0	0	0	1
8000	540	40	3	166	0	0	0.0	0.0	0.0	0.0	0.0	0
8000	540	40	3.2	77	256	0	68	68	0.01	0	0	1
8000	540	40	3.4	32	141	0	24	24	0	0	0	1
8000	540	40	3.6	12	27	0	9	9	0	0	0	1
8000	540	40	3.8	5	11	0	3	3	0	0	0	1
8000	540	40	4	2	3	0	1	1	0	0	0	1
8000	541	40	3	144	0	0	0.0	0.0	0.0	0.0	0.0	0
8000	541	40	3.2	65	242	0	50	50	0.01	0	0	1
8000	541	40	3.4	31	148	0	19	19	0	0	0	1
8000	541	40	3.6	9	17	0	6	6	0	0	0	1
8000	541	40	3.8	1	1	0	1	1	0	0	0	1
8000	541	40	4	0	0	0	0.0	0.0	0.0	0.0	0.0	0
8000	542	40	3	138	0	0	0.0	0.0	0.0	0.0	0.0	0
8000	542	40	3.2	56	470	0	42	42	0.02	0	0	1
8000	542	40	3.4	27	457	0	15	15	0	0	0	1
8000	542	40	3.6	13	365	0	5	5	0	0	0	1
8000	542	40	3.8	10	287	0	3	3	0	0	0	1
8000	542	40	4	7	63	0	3	3	0	0	0	1
8000	543	40	3	140	0	0	0.0	0.0	0.0	0.0	0.0	0
8000	543	40	3.2	54	228	1	36.5	37	0	0	0.01	1
8000	543	40	3.4	35	115	0	25	25	0	0	0	1
8000	543	40	3.6	11	41	0	6	6	0	0	0	1
8000	543	40	3.8	5	15	0	3	3	0	0	0	1
8000	543	40	4	2	3	0	1	1	0	0	0	1
8000	544	40	3	166	0	0	0.0	0.0	0.0	0.0	0.0	0
8000	544	40	3.2	70	233	0	58	58	0	0	0	1
8000	544	40	3.4	31	177	0	21	21	0	0	0	1
8000	544	40	3.6	12	52	0	8	8	0	0	0	1
8000	544	40	3.8	5	7	0	4	4	0	0	0	1
8000	544	40	4	1	1	0	1	1	0	0	0	1
8000	545	40	3	145	0	0	0.0	0.0	0.0	0.0	0.0	0
8000	545	40	3.2	58	359	0	45	45	0.01	0	0	1
8000	545	40	3.4	21	298	0	11	11	0	0	0	1
8000	545	40	3.6	15	160	0	8	8	0	0	0	1
8000	545	40	3.8	8	64	0	4	4	0	0	0	1
8000	545	40	4	6	47	0	2	2	0	0	0	1
8000	546	40	3	164	0	0	0.0	0.0	0.0	0.0	0.0	0
8000	546	40	3.2	65	467	0	51	51	0.01	0	0	1
8000	546	40	3.4	34	482	0	18	18	0	0	0	1
8000	546	40	3.6	17	325	0	8	8	0	0	0	1
8000	546	40	3.8	11	206	0	4	4	0	0	0	1
8000	546	40	4	6	31	0	3	3	0	0	0	1
8000	547	40	3	147	0	0	0.0	0.0	0.0	0.0	0.0	0
8000	547	40	3.2	62	355	0	45	45	0.01	0	0	1
8000	547	40	3.4	32	263	0	19	19	0	0	0	1
8000	547	40	3.6	14	76	0	8	8	0	0	0	1
8000	547	40	3.8	3	3	0	3	3	0	0	0	1
8000	547	40	4	0	0	0	0.0	0.0	0.0	0.0	0.0	0
8000	548	40	3	149	0	0	0.0	0.0	0.0	0.0	0.0	0
8000	548	40	3.2	59	471	0	41	41	0.01	0	0	1
8000	548	40	3.4	30	369	0	16	16	0	0	0.01	1
8000	548	40	3.6	15	188	0	8	8	0	0	0	1
8000	548	40	3.8	10	96	0	5	5	0	0	0	1
8000	548	40	4	4	9	0	2	2	0	0	0	1
8000	549	40	3	147	0	0	0.0	0.0	0.0	0.0	0.0	0
8000	549	40	3.2	61	265	0	48	48	0.01	0	0	1
8000	549	40	3.4	25	154	0	15	15	0	0	0	1
8000	549	40	3.6	8	32	0	4	4	0	0	0	1
8000	549	40	3.8	5	19	0	2	2	0	0	0	1
8000	549	40	4	3	7	0	1	1	0	0	0	1
8000	550	40	3	157	0	0	0.0	0.0	0.0	0.0	0.0	0
8000	550	40	3.2	59	139	0	51	51	0	0	0	1
8000	550	40	3.4	23	120	0	15	15	0	0	0	1
8000	550	40	3.6	13	41	0	8	8	0	0	0	1
8000	550	40	3.8	4	6	0	3	3	0	0	0	1
8000	550	40	4	2	3	0	1	1	0	0	0	1
8000	551	40	3	146	0	0	0.0	0.0	0.0	0.0	0.0	0
8000	551	40	3.2	61	221	0	50	50	0.01	0	0	1
8000	551	40	3.4	25	215	0	14	14	0	0	0	1
8000	551	40	3.6	12	131	0	6	6	0	0	0	1
8000	551	40	3.8	5	23	0	2	2	0	0	0	1
8000	551	40	4	4	15	0	1	1	0	0	0	1
8000	552	40	3	141	0	0	0.0	0.0	0.0	0.0	0.0	0
8000	552	40	3.2	55	375	0	37	37	0.01	0	0	1
8000	552	40	3.4	27	315	0	12	12	0	0	0.03	1
8000	552	40	3.6	15	138	0	5	5	0	0	0	1
8000	552	40	3.8	7	17	0	5	5	0	0	0	1
8000	552	40	4	0	0	0	0.0	0.0	0.0	0.0	0.0	0
8000	553	40	3	136	0	0	0.0	0.0	0.0	0.0	0.0	0
8000	553	40	3.2	58	354	0	44	44	0.01	0	0	1
8000	553	40	3.4	26	252	0	16	16	0	0	0	1
8000	553	40	3.6	11	37	0	7	7	0	0	0	1
8000	553	40	3.8	5	11	0	3	3	0	0	0	1
8000	553	40	4	1	1	0	1	1	0	0	0	1
8000	554	40	3	139	0	0	0.0	0.0	0.0	0.0	0.0	0
8000	554	40	3.2	65	423	0	49	49	0.01	0	0	1
8000	554	40	3.4	24	377	0	11	11	0	0	0	1
8000	554	40	3.6	12	80	0	5	5	0	0	0	1
8000	554	40	3.8	5	23	0	2	2	0	0	0	1
8000	554	40	4	5	18	0	2	2	0	0	0	1
8000	555	40	3	154	0	0	0.0	0.0	0.0	0.0	0.0	0
8000	555	40	3.2	64	216	1	48.5	49	0.01	0	0	1
8000	555	40	3.4	22	150	0	13	13	0	0	0	1
8000	555	40	3.6	9	70	0	3	3	0	0	0	1
8000	555	40	3.8	6	24	0	2	2	0	0	0	1
8000	555	40	4	4	11	0	2	2	0	0	0	1
8000	556	40	3	159	0	0	0.0	0.0	0.0	0.0	0.0	0
8000	556	40	3.2	62	596	0	46	46	0.02	0	0	1
8000	556	40	3.4	30	543	0	19	19	0.01	0	0	1
8000	556	40	3.6	18	394	0	8	8	0	0	0	1
8000	556	40	3.8	10	228	0	3	3	0	0	0	1
8000	556	40	4	6	43	0	2	2	0	0	0	1
8000	557	40	3	159	0	0	0.0	0.0	0.0	0.0	0.0	0
8000	557	40	3.2	58	594	0	39	39	0.02	0	0	1
8000	557	40	3.4	34	550	1	15.3333	16	0.01	0	0.01	1
8000	557	40	3.6	14	182	0	7	7	0	0	0	1
8000	557	40	3.8	9	99	0	4	4	0	0	0	1
8000	557	40	4	5	23	0	2	2	0	0	0	1
8000	558	40	3	137	0	0	0.0	0.0	0.0	0.0	0.0	0
8000	558	40	3.2	56	1140	0	37	37	0.04	0	0	1
8000	558	40	3.4	30	1557	0	17	17	0.01	0	0	1
8000	558	40	3.6	18	1389	0	6	6	0.01	0	0	1
8000	558	40	3.8	12	895	0	3	3	0	0	0	1
8000	558	40	4	8	112	0	3	3	0	0	0	1
8000	559	40	3	152	0	0	0.0	0.0	0.0	0.0	0.0	0
8000	559	40	3.2	65	316	0	53	53	0	0.01	0	1
8000	559	40	3.4	25	324	0	12	12	0	0	0	1
8000	559	40	3.6	17	201	0	8	8	0	0	0	1
8000	559	40	3.8	6	39	0	2	2	0	0	0	1
8000	559	40	4	4	15	0	1	1	0	0	0	1
8000	560	40	3	167	0	0	0.0	0.0	0.0	0.0	0.0	0
8000	560	40	3.2	67	189	0	57	57	0	0	0	1
8000	560	40	3.4	29	134	0	20	20	0	0	0	1
8000	560	40	3.6	12	81	0	7	7	0	0	0	1
8000	560	40	3.8	6	31	0	3	3	0	0	0	1
8000	560	40	4	4	15	0	1	1	0	0	0	1
8000	561	40	3	146	0	0	0.0	0.0	0.0	0.0	0.0	0
8000	561	40	3.2	69	596	0	52	52	0.01	0	0	1
8000	561	40	3.4	27	528	0	16	16	0.01	0	0	1
8000	561	40	3.6	15	193	0	7	7	0	0	0	1
8000	561	40	3.8	6	29	0	2	2	0	0	0	1
8000	561	40	4	4	6	0	3	3	0	0	0	1
8000	562	40	3	143	0	0	0.0	0.0	0.0	0.0	0.0	0
8000	562	40	3.2	55	170	0	44	44	0	0	0	1
8000	562	40	3.4	21	122	0	12	12	0	0	0	1
8000	562	40	3.6	10	71	0	4	4	0	0	0	1
8000	562	40	3.8	6	47	0	2	2	0	0	0	1
8000	562	40	4	3	7	0	1	1	0	0	0	1
8000	563	40	3	171	0	0	0.0	0.0	0.0	0.0	0.0	0
8000	563	40	3.2	62	429	0	48	48	0.01	0	0	1
8000	563	40	3.4	34	383	0	21	21	0	0.01	0	1
8000	563	40	3.6	18	366	0	8	8	0	0	0	1
8000	563	40	3.8	10	215	1	2.66667	3	0	0	0.02	1
8000	563	40	4	6	31	0	3	3	0	0	0	1
8000	564	40	3	142	0	0	0.0	0.0	0.0	0.0	0.0	0
8000	564	40	3.2	59	560	0	40	40	0.01	0	0	1
8000	564	40	3.4	31	500	0	18	18	0.01	0	0	1
8000	564	40	3.6	14	221	0	7	7	0	0	0	1
8000	564	40	3.8	7	39	0	4	4	0	0	0	1
8000	564	40	4	5	23	0	2	2	0	0	0	1
8000	565	40	3	138	0	0	0.0	0.0	0.0	0.0	0.0	0
8000	565	40	3.2	58	311	0	45	45	0	0	0.01	1
8000	565	40	3.4	26	283	0	14	14	0	0	0	1
8000	565	40	3.6	12	79	0	6	6	0	0	0	1
8000	565	40	3.8	7	34	0	4	4	0	0	0	1
8000	565	40	4	3	5	0	2	2	0	0	0	1
8000	566	40	3	158	0	0	0.0	0.0	0.0	0.0	0.0	0
8000	566	40	3.2	88	911	0	66	66	0.02	0	0	1
8000	566	40	3.4	44	855	0	27	27	0.01	0	0	1
8000	566	40	3.6	18	469	0	9	9	0	0	0	1
8000	566	40	3.8	9	129	0	3	3	0	0	0	1
8000	566	40	4	4	7	0	2	2	0	0	0	1
8000	567	40	3	136	0	0	0.0	0.0	0.0	0.0	0.0	0
8000	567	40	3.2	61	729	1	37.5	38	0.01	0	0	1
8000	567	40	3.4	33	695	0	17	17	0	0.01	0	1
8000	567	40	3.6	14	268	0	5	5	0	0	0	1
8000	567	40	3.8	7	75	0	2	2	0	0	0	1
8000	567	40	4	4	15	0	1	1	0	0	0	1
8000	568	40	3	152	0	0	0.0	0.0	0.0	0.0	0.0	0
8000	568	40	3.2	77	1273	0	54	54	0.02	0	0.01	1
8000	568	40	3.4	33	1492	0	14	14	0.01	0	0.01	1
8000	568	40	3.6	17	1280	0	4	4	0	0	0	1
8000	568	40	3.8	14	840	1	3.5	4	0	0	0.02	1
8000	568	40	4	8	74	0	4	4	0	0	0	1
8000	569	40	3	151	0	0	0.0	0.0	0.0	0.0	0.0	0
8000	569	40	3.2	65	206	0	52	52	0	0	0	1
8000	569	40	3.4	26	125	1	16	16	0	0	0	1
8000	569	40	3.6	9	44	0	4	4	0	0	0	1
8000	569	40	3.8	5	13	0	3	3	0	0	0	1
8000	569	40	4	3	7	0	1	1	0	0	0	1
8000	570	40	3	125	912	0	105	105	0.05	0	0	1
8000	570	40	3.2	52	1152	0	32	32	0.01	0	0.01	1
8000	570	40	3.4	30	1277	0	15	15	0.01	0	0	1
8000	570	40	3.6	17	635	0	6	6	0	0	0	1
8000	570	40	3.8	10	199	0	3	3	0	0	0	1
8000	570	40	4	7	63	0	3	3	0	0	0	1
8000	571	40	3	148	0	0	0.0	0.0	0.0	0.0	0.0	0
8000	571	40	3.2	66	776	0	48	48	0.03	0	0	1
8000	571	40	3.4	29	788	0	14	14	0.01	0	0	1
8000	571	40	3.6	18	449	0	6	6	0	0	0	1
8000	571	40	3.8	11	132	0	4	4	0	0	0	1
8000	571	40	4	5	17	0	2	2	0	0	0	1
8000	572	40	3	164	0	0	0.0	0.0	0.0	0.0	0.0	0
8000	572	40	3.2	67	496	0	52	52	0.01	0	0	1
8000	572	40	3.4	31	502	0	18	18	0	0	0	1
8000	572	40	3.6	15	366	0	8	8	0	0	0	1
8000	572	40	3.8	9	159	0	3	3	0	0	0	1
8000	572	40	4	7	95	0	2	2	0	0	0	1
8000	573	40	3	141	0	0	0.0	0.0	0.0	0.0	0.0	0
8000	573	40	3.2	57	161	0	45	45	0	0	0	1
8000	573	40	3.4	20	99	1	11.1667	12	0	0	0	1
8000	573	40	3.6	6	32	0	2	2	0	0	0	1
8000	573	40	3.8	2	3	0	1	1	0	0	0	1
8000	573	40	4	1	1	0	1	1	0	0	0	1
8000	574	40	3	164	0	0	0.0	0.0	0.0	0.0	0.0	0
8000	574	40	3.2	68	154	0	56	56	0	0	0	1
8000	574	40	3.4	27	72	0	21	21	0	0	0	1
8000	574	40	3.6	8	25	0	4	4	0	0	0	1
8000	574	40	3.8	4	11	0	2	2	0	0	0	1
8000	574	40	4	0	0	0	0.0	0.0	0.0	0.0	0.0	0
8000	575	40	3	142	0	0	0.0	0.0	0.0	0.0	0.0	0
8000	575	40	3.2	69	493	0	50	50	0.01	0	0	1
8000	575	40	3.4	28	423	0	15	15	0	0	0	1
8000	575	40	3.6	15	159	0	8	8	0	0	0	1
8000	575	40	3.8	7	53	0	2	2	0	0	0	1
8000	575	40	4	2	3	0	1	1	0	0	0	1
8000	576	40	3	142	0	0	0.0	0.0	0.0	0.0	0.0	0
8000	576	40	3.2	67	439	0	49	49	0.01	0	0	1
8000	576	40	3.4	26	378	0	11	11	0	0	0	1
8000	576	40	3.6	12	107	0	5	5	0	0	0	1
8000	576	40	3.8	6	23	0	3	3	0	0	0	1
8000	576	40	4	3	7	0	1	1	0	0	0	1
8000	577	40	3	146	0	0	0.0	0.0	0.0	0.0	0.0	0
8000	577	40	3.2	63	345	0	51	51	0	0	0	1
8000	577	40	3.4	31	306	0	20	20	0	0	0	1
8000	577	40	3.6	13	193	0	5	5	0	0	0	1
8000	577	40	3.8	8	61	0	3	3	0	0	0	1
8000	577	40	4	3	7	0	1	1	0	0	0	1
8000	578	40	3	149	0	0	0.0	0.0	0.0	0.0	0.0	0
8000	578	40	3.2	62	1018	0	42	42	0.03	0	0	1
8000	578	40	3.4	36	1084	0	19	19	0.01	0	0	1
8000	578	40	3.6	20	636	0	8	8	0	0	0	1
8000	578	40	3.8	10	213	0	4	4	0	0	0	1
8000	578	40	4	6	32	0	2	2	0	0	0	1
8000	579	40	3	153	0	0	0.0	0.0	0.0	0.0	0.0	0
8000	579	40	3.2	65	708	0	48	48	0.02	0	0	1
8000	579	40	3.4	30	737	0	16	16	0.01	0	0	1
8000	579	40	3.6	15	457	0	5	5	0	0	0	1
8000	579	40	3.8	11	309	0	3	3	0	0	0	1
8000	579	40	4	6	63	0	1	1	0	0	0	1
8000	580	40	3	171	0	0	0.0	0.0	0.0	0.0	0.0	0
8000	580	40	3.2	61	190	0	51	51	0	0	0	1
8000	580	40	3.4	29	153	0	21	21	0	0	0	1
8000	580	40	3.6	14	84	0	7	7	0	0	0	1
8000	580	40	3.8	6	23	0	3	3	0	0	0	1
8000	580	40	4	4	15	0	1	1	0	0	0	1
8000	581	40	3	146	0	0	0.0	0.0	0.0	0.0	0.0	0
8000	581	40	3.2	51	298	0	41	41	0	0	0	1
8000	581	40	3.4	19	383	1	9	9	0	0	0	1
8000	581	40	3.6	14	353	0	5	5	0	0	0	1
8000	581	40	3.8	10	203	0	3	3	0	0	0	1
8000	581	40	4	6	47	0	2	2	0	0	0	1
8000	582	40	3	137	0	0	0.0	0.0	0.0	0.0	0.0	0
8000	582	40	3.2	65	573	0	45	45	0.01	0	0	1
8000	582	40	3.4	29	441	0	16	16	0	0	0	1
8000	582	40	3.6	14	143	0	6	6	0	0	0	1
8000	582	40	3.8	7	31	0	3	3	0	0	0	1
8000	582	40	4	4	7	0	3	3	0	0	0	1
8000	583	40	3	131	0	0	0.0	0.0	0.0	0.0	0.0	0
8000	583	40	3.2	52	131	0	44	44	0	0	0	1
8000	583	40	3.4	17	62	0	11	11	0	0	0	1
8000	583	40	3.6	3	7	0	1	1	0	0	0	1
8000	583	40	3.8	2	3	0	1	1	0	0	0	1
8000	583	40	4	1	1	0	1	1	0	0	0	1
8000	584	40	3	138	0	0	0.0	0.0	0.0	0.0	0.0	0
8000	584	40	3.2	49	424	0	32	32	0.01	0	0	1
8000	584	40	3.4	27	298	0	13	13	0	0	0	1
8000	584	40	3.6	11	69	0	5	5	0	0	0	1
8000	584	40	3.8	1	1	0	1	1	0	0	0	1
8000	584	40	4	1	1	0	1	1	0	0	0	1
8000	585	40	3	140	0	0	0.0	0.0	0.0	0.0	0.0	0
8000	585	40	3.2	64	432	0	45	45	0.02	0	0	1
8000	585	40	3.4	32	280	0	19	19	0	0	0	1
8000	585	40	3.6	14	85	0	9	9	0	0	0	1
8000	585	40	3.8	6	16	0	4	4	0	0	0	1
8000	585	40	4	3	4	0	2	2	0	0	0	1
8000	586	40	3	123	608	1	102	102	0.02	0	0	1
8000	586	40	3.2	64	750	0	42	42	0.01	0	0	1
8000	586	40	3.4	31	770	0	15	15	0.04	0	0	1
8000	586	40	3.6	17	364	0	6	6	0	0	0	1
8000	586	40	3.8	9	123	0	3	3	0	0	0	1
8000	586	40	4	5	15	0	3	3	0	0	0	1
8000	587	40	3	168	0	0	0.0	0.0	0.0	0.0	0.0	0
8000	587	40	3.2	61	333	0	48	48	0	0	0	1
8000	587	40	3.4	27	313	0	16	16	0	0	0	1
8000	587	40	3.6	14	118	0	6	6	0	0	0	1
8000	587	40	3.8	7	40	0	3	3	0	0	0	1
8000	587	40	4	4	13	1	1.5	2	0	0	0	1
8000	588	40	3	133	0	0	0.0	0.0	0.0	0.0	0.0	0
8000	588	40	3.2	51	202	0	39	39	0	0	0	1
8000	588	40	3.4	20	136	0	12	12	0	0	0	1
8000	588	40	3.6	8	38	0	4	4	0	0	0	1
8000	588	40	3.8	4	11	0	2	2	0	0	0	1
8000	588	40	4	1	1	0	1	1	0	0	0	1
8000	589	40	3	136	0	0	0.0	0.0	0.0	0.0	0.0	0
8000	589	40	3.2	62	327	0	46	46	0	0	0	1
8000	589	40	3.4	32	267	0	19	19	0	0	0	1
8000	589	40	3.6	17	123	0	10	10	0	0	0	1
8000	589	40	3.8	7	23	0	5	5	0	0	0	1
8000	589	40	4	4	7	0	3	3	0	0	0	1
8000	590	40	3	121	268	0	108	108	0.03	0	0	1
8000	590	40	3.2	46	254	0	33	33	0	0	0	1
8000	590	40	3.4	20	239	0	8	8	0	0	0	1
8000	590	40	3.6	9	82	0	4	4	0	0	0	1
8000	590	40	3.8	5	23	0	2	2	0	0	0	1
8000	590	40	4	4	15	0	1	1	0	0	0	1
8000	591	40	3	135	0	0	0.0	0.0	0.0	0.0	0.0	0
8000	591	40	3.2	60	582	0	46	46	0.01	0	0.01	1
8000	591	40	3.4	22	642	0	9	9	0	0	0.01	1
8000	591	40	3.6	15	192	0	6	6	0	0	0	1
8000	591	40	3.8	6	14	0	4	4	0	0	0	1
8000	591	40	4	3	5	0	2	2	0	0	0	1
8000	592	40	3	150	0	0	0.0	0.0	0.0	0.0	0.0	0
8000	592	40	3.2	66	242	0	56	56	0	0	0	1
8000	592	40	3.4	22	242	0	13	13	0	0	0	1
8000	592	40	3.6	13	158	0	5	5	0	0	0	1
8000	592	40	3.8	7	25	0	4	4	0	0	0	1
8000	592	40	4	5	10	0	3	3	0	0	0	1
8000	593	40	3	164	0	0	0.0	0.0	0.0	0.0	0.0	0
8000	593	40	3.2	66	431	0	53	53	0.01	0	0	1
8000	593	40	3.4	28	358	0	17	17	0	0	0	1
8000	593	40	3.6	15	286	0	8	8	0	0	0	1
8000	593	40	3.8	10	180	0	4	4	0	0	0	1
8000	593	40	4	7	49	0	2	2	0	0	0	1
8000	594	40	3	165	0	0	0.0	0.0	0.0	0.0	0.0	0
8000	594	40	3.2	80	545	0	64	64	0.02	0	0	1
8000	594	40	3.4	34	485	0	20	20	0	0	0	1
8000	594	40	3.6	18	237	0	8	8	0	0	0	1
8000	594	40	3.8	8	52	0	3	3	0	0	0	1
8000	594	40	4	3	7	0	1	1	0	0	0	1
8000	595	40	3	152	0	0	0.0	0.0	0.0	0.0	0.0	0
8000	595	40	3.2	63	191	0	54	54	0	0	0.01	1
8000	595	40	3.4	27	195	0	18	18	0	0	0	1
8000	595	40	3.6	14	159	0	6	6	0	0	0	1
8000	595	40	3.8	10	70	0	5	5	0	0	0	1
8000	595	40	4	5	31	0	1	1	0	0	0	1
8000	596	40	3	154	0	0	0.0	0.0	0.0	0.0	0.0	0
8000	596	40	3.2	70	432	0	51	51	0	0	0	1
8000	596	40	3.4	36	366	0	20	20	0	0	0	1
8000	596	40	3.6	18	182	0	8	8	0	0	0	1
8000	596	40	3.8	9	31	0	5	5	0	0	0	1
8000	596	40	4	4	7	0	3	3	0	0	0	1
8000	597	40	3	159	0	0	0.0	0.0	0.0	0.0	0.0	0
8000	597	40	3.2	68	265	0	53	53	0	0	0.01	1
8000	597	40	3.4	35	215	0	21	21	0	0	0	1
8000	597	40	3.6	12	63	0	5	5	0	0	0	1
8000	597	40	3.8	6	25	0	2	2	0	0	0	1
8000	597	40	4	3	5	0	2	2	0	0	0	1
8000	598	40	3	140	0	0	0.0	0.0	0.0	0.0	0.0	0
8000	598	40	3.2	66	915	0	44	44	0.01	0	0	1
8000	598	40	3.4	33	873	0	17	17	0	0	0	1
8000	598	40	3.6	17	325	0	9	9	0	0	0	1
8000	598	40	3.8	10	119	0	4	4	0	0	0	1
8000	598	40	4	5	17	0	2	2	0	0	0	1
8000	599	40	3	149	0	0	0.0	0.0	0.0	0.0	0.0	0
8000	599	40	3.2	67	514	0	53	53	0.01	0	0	1
8000	599	40	3.4	31	478	0	18	18	0	0	0	1
8000	599	40	3.6	19	324	0	10	10	0	0	0	1
8000	599	40	3.8	9	88	0	3	3	0	0	0	1
8000	599	40	4	4	7	0	3	3	0	0	0	1
8000	600	40	3	146	0	0	0.0	0.0	0.0	0.0	0.0	0
8000	600	40	3.2	56	266	0	45	45	0	0	0	1
8000	600	40	3.4	22	263	0	13	13	0	0	0	1
8000	600	40	3.6	14	146	0	8	8	0	0	0	1
8000	600	40	3.8	9	84	0	4	4	0	0	0	1
8000	600	40	4	5	23	0	2	2	0	0	0	1
8000	601	40	3	149	0	0	0.0	0.0	0.0	0.0	0.0	0
8000	601	40	3.2	72	634	0	55	55	0.02	0	0	1
8000	601	40	3.4	31	636	0	18	18	0.01	0	0	1
8000	601	40	3.6	17	496	0	7	7	0.01	0	0	1
8000	601	40	3.8	10	83	0	5	5	0	0	0	1
8000	601	40	4	5	23	0	2	2	0	0	0	1
8000	602	40	3	179	0	0	0.0	0.0	0.0	0.0	0.0	0
8000	602	40	3.2	68	179	0	58	58	0	0	0	1
8000	602	40	3.4	32	131	0	25	25	0	0	0	1
8000	602	40	3.6	14	67	0	8	8	0	0	0	1
8000	602	40	3.8	5	15	0	2	2	0	0	0	1
8000	602	40	4	0	0	0	0.0	0.0	0.0	0.0	0.0	0
8000	603	40	3	139	0	0	0.0	0.0	0.0	0.0	0.0	0
8000	603	40	3.2	55	138	0	46	46	0	0	0	1
8000	603	40	3.4	22	75	0	16	16	0	0	0	1
8000	603	40	3.6	7	25	0	4	4	0	0	0	1
8000	603	40	3.8	4	6	0	3	3	0	0	0	1
8000	603	40	4	2	2	0	2	2	0	0	0	1
8000	604	40	3	162	0	0	0.0	0.0	0.0	0.0	0.0	0
8000	604	40	3.2	56	246	0	42	42	0	0	0	1
8000	604	40	3.4	22	163	1	11.5	12	0	0	0	1
8000	604	40	3.6	9	62	0	4	4	0	0	0	1
8000	604	40	3.8	6	35	0	2	2	0	0	0	1
8000	604	40	4	3	7	0	1	1	0	0	0	1
8000	605	40	3	161	0	0	0.0	0.0	0.0	0.0	0.0	0
8000	605	40	3.2	81	330	0	66	66	0.01	0	0	1
8000	605	40	3.4	33	233	0	21	21	0	0	0	1
8000	605	40	3.6	16	79	0	9	9	0	0	0	1
8000	605	40	3.8	7	23	0	3	3	0	0	0	1
8000	605	40	4	2	3	0	1	1	0	0	0	1
8000	606	40	3	154	0	0	0.0	0.0	0.0	0.0	0.0	0
8000	606	40	3.2	59	391	0	46	46	0	0	0	1
8000	606	40	3.4	28	350	0	16	16	0	0	0	1
8000	606	40	3.6	13	165	0	6	6	0	0	0	1
8000	606	40	3.8	7	75	0	2	2	0	0	0	1
8000	606	40	4	3	7	0	1	1	0	0	0	1
8000	607	40	3	170	0	0	0.0	0.0	0.0	0.0	0.0	0
8000	607	40	3.2	62	184	0	52	52	0	0	0	1
8000	607	40	3.4	27	150	0	18	18	0	0	0	1
8000	607	40	3.6	13	82	0	7	7	0	0	0	1
8000	607	40	3.8	5	9	0	4	4	0	0	0	1
8000	607	40	4	3	5	0	2	2	0	0	0	1
8000	608	40	3	152	0	0	0.0	0.0	0.0	0.0	0.0	0
8000	608	40	3.2	69	239	0	58	58	0	0.01	0	1
8000	608	40	3.4	32	235	0	21	21	0	0	0	1
8000	608	40	3.6	14	120	0	7	7	0	0	0	1
8000	608	40	3.8	6	15	0	4	4	0	0	0	1
8000	608	40	4	3	7	0	1	1	0	0	0	1
8000	609	40	3	143	0	0	0.0	0.0	0.0	0.0	0.0	0
8000	609	40	3.2	63	308	0	46	46	0	0	0	1
8000	609	40	3.4	33	216	0	21	21	0	0	0	1
8000	609	40	3.6	12	123	0	6	6	0	0	0	1
8000	609	40	3.8	6	39	0	2	2	0	0	0	1
8000	609	40	4	3	5	0	2	2	0	0	0	1
8000	610	40	3	146	0	0	0.0	0.0	0.0	0.0	0.0	0
8000	610	40	3.2	70	373	0	53	53	0.01	0	0	1
8000	610	40	3.4	28	351	0	16	16	0	0	0	1
8000	610	40	3.6	14	201	0	5	5	0	0	0	1
8000	610	40	3.8	6	25	0	3	3	0	0	0	1
8000	610	40	4	3	7	0	1	1	0	0	0	1
8000	611	40	3	137	0	0	0.0	0.0	0.0	0.0	0.0	0
8000	611	40	3.2	63	1154	0	44	44	0.02	0	0.01	1
8000	611	40	3.4	34	1471	0	18	18	0.01	0	0	1
8000	611	40	3.6	20	817	0	7	7	0	0	0	1
8000	611	40	3.8	9	119	0	3	3	0	0	0	1
8000	611	40	4	6	31	0	3	3	0	0	0	1
8000	612	40	3	160	0	0	0.0	0.0	0.0	0.0	0.0	0
8000	612	40	3.2	65	233	0	51	51	0	0	0	1
8000	612	40	3.4	27	126	0	19	19	0	0	0	1
8000	612	40	3.6	11	47	0	7	7	0	0	0	1
8000	612	40	3.8	4	7	0	3	3	0	0	0	1
8000	612	40	4	3	5	0	2	2	0	0	0	1
8000	613	40	3	171	0	0	0.0	0.0	0.0	0.0	0.0	0
8000	613	40	3.2	87	332	0	76	76	0	0	0	1
8000	613	40	3.4	43	230	0	33	33	0	0	0	1
8000	613	40	3.6	20	92	0	15	15	0	0	0	1
8000	613	40	3.8	8	19	0	5	5	0	0	0	1
8000	613	40	4	4	10	0	2	2	0	0	0	1
8000	614	40	3	142	0	0	0.0	0.0	0.0	0.0	0.0	0
8000	614	40	3.2	59	368	0	43	43	0.01	0	0	1
8000	614	40	3.4	26	311	1	13	13	0	0	0	1
8000	614	40	3.6	15	140	0	7	7	0	0	0	1
8000	614	40	3.8	7	17	0	5	5	0	0	0	1
8000	614	40	4	2	3	0	1	1	0	0	0	1
8000	615	40	3	165	0	0	0.0	0.0	0.0	0.0	0.0	0
8000	615	40	3.2	63	199	0	52	52	0	0	0	1
8000	615	40	3.4	29	132	0	19	19	0	0	0	1
8000	615	40	3.6	8	17	0	6	6	0	0	0	1
8000	615	40	3.8	3	3	0	3	3	0	0	0	1
8000	615	40	4	1	1	0	1	1	0	0	0	1
8000	616	40	3	148	0	0	0.0	0.0	0.0	0.0	0.0	0
8000	616	40	3.2	64	314	0	49	49	0	0	0	1
8000	616	40	3.4	30	256	0	18	18	0	0	0	1
8000	616	40	3.6	11	169	0	3	3	0	0	0	1
8000	616	40	3.8	6	26	0	2	2	0	0	0	1
8000	616	40	4	1	1	0	1	1	0	0	0	1
8000	617	40	3	150	0	0	0.0	0.0	0.0	0.0	0.0	0
8000	617	40	3.2	65	184	0	54	54	0	0	0	1
8000	617	40	3.4	27	136	0	19	19	0	0	0	1
8000	617	40	3.6	12	60	0	6	6	0	0	0	1
8000	617	40	3.8	5	13	0	3	3	0	0	0	1
8000	617	40	4	2	3	0	1	1	0	0	0	1
8000	618	40	3	140	0	0	0.0	0.0	0.0	0.0	0.0	0
8000	618	40	3.2	67	380	1	48.5	49	0.01	0	0	1
8000	618	40	3.4	32	320	0	17	17	0	0	0.01	1
8000	618	40	3.6	13	76	0	7	7	0	0	0	1
8000	618	40	3.8	3	7	0	1	1	0	0	0	1
8000	618	40	4	2	3	0	1	1	0	0	0	1
8000	619	40	3	142	0	0	0.0	0.0	0.0	0.0	0.0	0
8000	619	40	3.2	60	251	0	46	46	0	0	0	1
8000	619	40	3.4	28	145	0	18	18	0	0	0	1
8000	619	40	3.6	10	62	0	5	5	0	0	0	1
8000	619	40	3.8	7	37	0	3	3	0	0	0	1
8000	619	40	4	4	15	0	1	1	0	0	0	1
8000	620	40	3	157	0	0	0.0	0.0	0.0	0.0	0.0	0
8000	620	40	3.2	65	279	0	50	50	0	0	0	1
8000	620	40	3.4	28	210	0	18	18	0	0	0	1
8000	620	40	3.6	13	89	0	7	7	0	0	0	1
8000	620	40	3.8	4	11	0	2	2	0	0	0	1
8000	620	40	4	3	5	0	2	2	0	0	0	1
8000	621	40	3	164	0	0	0.0	0.0	0.0	0.0	0.0	0
8000	621	40	3.2	58	447	0	42	42	0	0	0	1
8000	621	40	3.4	29	471	0	17	17	0	0	0	1
8000	621	40	3.6	16	398	0	6	6	0	0	0	1
8000	621	40	3.8	11	167	0	4	4	0	0	0	1
8000	621	40	4	4	8	0	2	2	0	0	0	1
8000	622	40	3	134	0	0	0.0	0.0	0.0	0.0	0.0	0
8000	622	40	3.2	51	1389	1	33	33	0.02	0	0.01	1
8000	622	40	3.4	29	1411	0	13	13	0.01	0	0.01	1
8000	622	40	3.6	20	939	0	8	8	0	0	0	1
8000	622	40	3.8	9	107	0	3	3	0	0	0	1
8000	622	40	4	4	11	0	2	2	0	0	0	1
8000	623	40	3	159	0	0	0.0	0.0	0.0	0.0	0.0	0
8000	623	40	3.2	62	196	1	49.3333	50	0	0	0	1
8000	623	40	3.4	25	144	0	16	16	0	0	0	1
8000	623	40	3.6	12	106	0	6	6	0	0	0	1
8000	623	40	3.8	9	59	0	5	5	0	0	0	1
8000	623	40	4	6	31	0	3	3	0	0	0	1
8000	624	40	3	143	0	0	0.0	0.0	0.0	0.0	0.0	0
8000	624	40	3.2	59	380	0	44	44	0	0	0	1
8000	624	40	3.4	31	402	0	18	18	0	0	0	1
8000	624	40	3.6	15	247	0	7	7	0	0	0	1
8000	624	40	3.8	9	125	1	2.25	3	0	0	0	1
8000	624	40	4	5	17	0	2	2	0	0	0	1
8000	625	40	3	151	0	0	0.0	0.0	0.0	0.0	0.0	0
8000	625	40	3.2	67	206	1	53.5	54	0	0	0.01	1
8000	625	40	3.4	27	137	1	16.5	17	0	0	0	1
8000	625	40	3.6	10	93	0	4	4	0	0	0	1
8000	625	40	3.8	8	63	0	4	4	0	0	0	1
8000	625	40	4	5	13	0	3	3	0	0	0	1
8000	626	40	3	175	0	0	0.0	0.0	0.0	0.0	0.0	0
8000	626	40	3.2	63	311	0	51	51	0	0	0	1
8000	626	40	3.4	29	287	0	17	17	0	0	0	1
8000	626	40	3.6	19	196	0	10	10	0	0	0	1
8000	626	40	3.8	9	38	0	5	5	0	0	0	1
8000	626	40	4	4	11	0	2	2	0	0	0	1
8000	627	40	3	164	0	0	0.0	0.0	0.0	0.0	0.0	0
8000	627	40	3.2	78	478	0	61	61	0	0.01	0	1
8000	627	40	3.4	38	426	0	24	24	0	0	0	1
8000	627	40	3.6	20	345	0	10	10	0	0	0	1
8000	627	40	3.8	12	97	0	6	6	0	0	0	1
8000	627	40	4	6	23	0	3	3	0	0	0	1
8000	628	40	3	150	0	0	0.0	0.0	0.0	0.0	0.0	0
8000	628	40	3.2	62	241	0	50	50	0	0	0	1
8000	628	40	3.4	23	174	0	14	14	0	0	0	1
8000	628	40	3.6	13	87	0	7	7	0	0	0	1
8000	628	40	3.8	4	6	0	3	3	0	0	0	1
8000	628	40	4	2	3	0	1	1	0	0	0	1
8000	629	40	3	157	0	0	0.0	0.0	0.0	0.0	0.0	0
8000	629	40	3.2	58	233	0	43	43	0	0	0	1
8000	629	40	3.4	30	179	0	17	17	0	0	0	1
8000	629	40	3.6	12	86	1	6	6	0	0	0	1
8000	629	40	3.8	7	39	0	3	3	0	0	0	1
8000	629	40	4	3	7	0	1	1	0	0	0	1
8000	630	40	3	198	0	0	0.0	0.0	0.0	0.0	0.0	0
8000	630	40	3.2	86	241	0	75	75	0.01	0	0	1
8000	630	40	3.4	34	180	0	25	25	0	0	0	1
8000	630	40	3.6	17	119	0	9	9	0	0	0	1
8000	630	40	3.8	9	60	0	5	5	0	0	0	1
8000	630	40	4	5	23	0	2	2	0	0	0	1
8000	631	40	3	124	240	0	113	113	0.01	0	0	1
8000	631	40	3.2	53	214	0	42	42	0	0	0	1
8000	631	40	3.4	18	153	0	10	10	0	0	0	1
8000	631	40	3.6	12	120	0	5	5	0	0	0	1
8000	631	40	3.8	7	28	0	3	3	0	0	0	1
8000	631	40	4	2	3	0	1	1	0	0	0	1
8000	632	40	3	153	0	0	0.0	0.0	0.0	0.0	0.0	0
8000	632	40	3.2	69	331	0	54	54	0.01	0	0	1
8000	632	40	3.4	25	292	0	15	15	0	0	0	1
8000	632	40	3.6	14	178	0	7	7	0	0	0	1
8000	632	40	3.8	9	132	0	3	3	0	0	0	1
8000	632	40	4	4	11	0	2	2	0	0	0	1
8000	633	40	3	120	895	0	101	101	0.03	0	0	1
8000	633	40	3.2	45	1365	0	26	26	0.02	0	0	1
8000	633	40	3.4	27	1398	0	10	10	0.01	0	0.01	1
8000	633	40	3.6	14	504	1	3.5	4	0	0	0	1
8000	633	40	3.8	8	123	0	2	2	0	0	0	1
8000	633	40	4	4	15	0	1	1	0	0	0	1
8000	634	40	3	145	0	0	0.0	0.0	0.0	0.0	0.0	0
8000	634	40	3.2	78	447	0	62	62	0.01	0	0	1
8000	634	40	3.4	39	483	0	27	27	0	0	0	1
8000	634	40	3.6	22	354	0	14	14	0	0	0	1
8000	634	40	3.8	13	161	0	7	7	0	0	0	1
8000	634	40	4	4	9	0	2	2	0	0	0	1
8000	635	40	3	199	0	0	0.0	0.0	0.0	0.0	0.0	0
8000	635	40	3.2	83	314	0	72	72	0.01	0	0	1
8000	635	40	3.4	36	285	0	26	26	0	0	0	1
8000	635	40	3.6	16	104	0	9	9	0	0	0	1
8000	635	40	3.8	4	11	0	2	2	0	0	0	1
8000	635	40	4	3	7	0	1	1	0	0	0	1
8000	636	40	3	132	0	0	0.0	0.0	0.0	0.0	0.0	0
8000	636	40	3.2	69	555	0	54	54	0.01	0	0	1
8000	636	40	3.4	30	498	1	15.5	16	0	0	0.01	1
8000	636	40	3.6	17	319	0	7	7	0	0	0	1
8000	636	40	3.8	8	49	1	3.5	4	0	0	0	1
8000	636	40	4	2	3	0	1	1	0	0	0	1
8000	637	40	3	159	0	0	0.0	0.0	0.0	0.0	0.0	0
8000	637	40	3.2	76	315	0	62	62	0	0	0.01	1
8000	637	40	3.4	33	279	1	22.5	23	0	0	0	1
8000	637	40	3.6	12	119	0	5	5	0	0	0	1
8000	637	40	3.8	6	23	0	3	3	0	0	0	1
8000	637	40	4	2	3	0	1	1	0	0	0	1
8000	638	40	3	183	0	0	0.0	0.0	0.0	0.0	0.0	0
8000	638	40	3.2	90	583	0	70	70	0.01	0	0	1
8000	638	40	3.4	40	685	0	23	23	0	0	0	1
8000	638	40	3.6	18	462	0	6	6	0	0	0	1
8000	638	40	3.8	9	135	0	3	3	0	0	0	1
8000	638	40	4	8	91	0	3	3	0	0	0	1
8000	639	40	3	146	0	0	0.0	0.0	0.0	0.0	0.0	0
8000	639	40	3.2	66	210	0	55	55	0	0	0	1
8000	639	40	3.4	32	149	0	23	23	0	0	0	1
8000	639	40	3.6	10	46	0	6	6	0	0	0	1
8000	639	40	3.8	2	2	0	2	2	0	0	0	1
8000	639	40	4	1	1	0	1	1	0	0	0	1
8000	640	40	3	152	0	0	0.0	0.0	0.0	0.0	0.0	0
8000	640	40	3.2	67	494	0	50	50	0.01	0	0	1
8000	640	40	3.4	31	534	0	18	18	0	0	0	1
8000	640	40	3.6	15	366	0	5	5	0	0	0	1
8000	640	40	3.8	10	76	0	4	4	0	0	0	1
8000	640	40	4	3	5	0	2	2	0	0	0	1
8000	641	40	3	157	0	0	0.0	0.0	0.0	0.0	0.0	0
8000	641	40	3.2	73	356	0	56	56	0.02	0	0	1
8000	641	40	3.4	36	208	0	25	25	0	0	0	1
8000	641	40	3.6	16	72	0	11	11	0	0	0	1
8000	641	40	3.8	7	21	0	4	4	0	0	0	1
8000	641	40	4	5	11	0	3	3	0	0	0	1
8000	642	40	3	147	0	0	0.0	0.0	0.0	0.0	0.0	0
8000	642	40	3.2	72	603	0	53	53	0.01	0	0	1
8000	642	40	3.4	30	474	0	13	13	0	0	0	1
8000	642	40	3.6	17	253	0	7	7	0	0	0	1
8000	642	40	3.8	10	134	0	4	4	0	0	0	1
8000	642	40	4	8	50	0	4	4	0	0	0	1
8000	643	40	3	150	0	0	0.0	0.0	0.0	0.0	0.0	0
8000	643	40	3.2	60	357	0	48	48	0.01	0	0	1
8000	643	40	3.4	26	342	0	15	15	0	0	0	1
8000	643	40	3.6	13	229	0	4	4	0	0	0	1
8000	643	40	3.8	7	47	0	3	3	0	0	0	1
8000	643	40	4	5	17	0	2	2	0	0	0	1
8000	644	40	3	165	0	0	0.0	0.0	0.0	0.0	0.0	0
8000	644	40	3.2	57	461	0	43	43	0.01	0	0	1
8000	644	40	3.4	34	434	0	22	22	0	0	0	1
8000	644	40	3.6	18	156	0	10	10	0	0	0	1
8000	644	40	3.8	7	35	0	4	4	0	0	0	1
8000	644	40	4	2	3	0	1	1	0	0	0	1
8000	645	40	3	142	0	0	0.0	0.0	0.0	0.0	0.0	0
8000	645	40	3.2	67	457	0	49	49	0.01	0	0	1
8000	645	40	3.4	32	334	0	21	21	0	0	0	1
8000	645	40	3.6	10	86	1	3.5	4	0	0	0	1
8000	645	40	3.8	4	11	0	2	2	0	0	0	1
8000	645	40	4	1	1	0	1	1	0	0	0	1
8000	646	40	3	136	0	0	0.0	0.0	0.0	0.0	0.0	0
8000	646	40	3.2	59	203	0	47	47	0	0	0	1
8000	646	40	3.4	19	122	0	9	9	0	0	0	1
8000	646	40	3.6	8	60	0	3	3	0	0	0	1
8000	646	40	3.8	6	31	0	2	2	0	0	0	1
8000	646	40	4	4	15	0	1	1	0	0	0	1
8000	647	40	3	189	0	0	0.0	0.0	0.0	0.0	0.0	0
8000	647	40	3.2	73	302	0	61	61	0	0.01	0	1
8000	647	40	3.4	30	258	0	20	20	0	0	0	1
8000	647	40	3.6	17	195	0	9	9	0	0	0	1
8000	647	40	3.8	10	117	0	3	3	0	0	0	1
8000	647	40	4	4	8	0	2	2	0	0	0	1
8000	648	40	3	154	0	0	0.0	0.0	0.0	0.0	0.0	0
8000	648	40	3.2	67	350	0	54	54	0.01	0	0	1
8000	648	40	3.4	27	356	0	16	16	0	0	0	1
8000	648	40	3.6	17	154	0	9	9	0	0	0	1
8000	648	40	3.8	8	47	0	4	4	0	0	0	1
8000	648	40	4	7	17	0	5	5	0	0	0	1
8000	649	40	3	143	0	0	0.0	0.0	0.0	0.0	0.0	0
8000	649	40	3.2	62	686	0	44	44	0.02	0	0	1
8000	649	40	3.4	32	601	0	15	15	0	0	0	1
8000	649	40	3.6	18	158	0	8	8	0	0	0	1
8000	649	40	3.8	5	12	0	3	3	0	0	0	1
8000	649	40	4	2	2	0	2	2	0	0	0	1
8000	650	40	3	147	0	0	0.0	0.0	0.0	0.0	0.0	0
8000	650	40	3.2	58	481	0	41	41	0	0	0	1
8000	650	40	3.4	28	441	0	15	15	0	0	0	1
8000	650	40	3.6	15	359	0	7	7	0	0	0	1
8000	650	40	3.8	12	251	0	6	6	0	0	0	1
8000	650	40	4	9	87	0	5	5	0	0	0	1
