9000	301	50	3	190	0	0	0.0	0.0	0.0	0.0	0.0	0
9000	301	50	3.2	76	2904	0	50	50	0.07	0	0	1
9000	301	50	3.4	44	3328	0	22	22	0.06	0	0	1
9000	301	50	3.6	24	1524	0	11	11	0.01	0	0	1
9000	301	50	3.8	11	411	0	3	3	0	0	0	1
9000	301	50	4	7	95	0	2	2	0	0	0	1
9000	302	50	3	218	0	0	0.0	0.0	0.0	0.0	0.0	0
9000	302	50	3.2	89	443	0	70	70	0.01	0	0	1
9000	302	50	3.4	31	349	0	18	18	0	0	0	1
9000	302	50	3.6	15	202	0	8	8	0	0	0	1
9000	302	50	3.8	10	87	0	5	5	0	0	0	1
9000	302	50	4	5	23	0	2	2	0	0	0	1
9000	303	50	3	185	0	0	0.0	0.0	0.0	0.0	0.0	0
9000	303	50	3.2	69	352	0	55	55	0	0	0	1
9000	303	50	3.4	29	261	0	19	19	0	0	0	1
9000	303	50	3.6	12	163	1	5.33333	6	0	0	0	1
9000	303	50	3.8	7	95	0	2	2	0	0	0	1
9000	303	50	4	4	15	0	1	1	0	0	0	1
9000	304	50	3	183	0	0	0.0	0.0	0.0	0.0	0.0	0
9000	304	50	3.2	80	557	0	61	61	0.01	0	0	1
9000	304	50	3.4	28	487	0	14	14	0	0	0.01	1
9000	304	50	3.6	14	300	0	5	5	0	0	0	1
9000	304	50	3.8	9	175	0	3	3	0	0	0	1
9000	304	50	4	4	15	0	1	1	0	0	0	1
9000	305	50	3	185	0	0	0.0	0.0	0.0	0.0	0.0	0
9000	305	50	3.2	74	769	0	52	52	0.01	0	0.01	1
9000	305	50	3.4	29	675	0	12	12	0	0	0	1
9000	305	50	3.6	14	274	0	5	5	0	0	0	1
9000	305	50	3.8	9	109	1	2.33333	3	0	0	0	1
9000	305	50	4	4	15	0	1	1	0	0	0	1
9000	306	50	3	229	0	0	0.0	0.0	0.0	0.0	0.0	0
9000	306	50	3.2	96	1146	0	71	71	0.03	0	0	1
9000	306	50	3.4	49	1017	0	29	29	0.01	0	0	1
9000	306	50	3.6	21	443	0	8	8	0	0	0	1
9000	306	50	3.8	10	81	0	4	4	0	0	0	1
9000	306	50	4	4	15	0	1	1	0	0	0	1
9000	307	50	3	223	0	0	0.0	0.0	0.0	0.0	0.0	0
9000	307	50	3.2	78	609	0	60	60	0.02	0	0	1
9000	307	50	3.4	34	578	0	18	18	0	0.01	0	1
9000	307	50	3.6	15	373	0	6	6	0	0	0	1
9000	307	50	3.8	10	249	0	3	3	0	0	0	1
9000	307	50	4	8	158	0	2	2	0	0	0	1
9000	308	50	3	192	0	0	0.0	0.0	0.0	0.0	0.0	0
9000	308	50	3.2	73	334	0	60	60	0.01	0	0	1
9000	308	50	3.4	34	233	0	22	22	0	0	0	1
9000	308	50	3.6	13	97	0	6	6	0	0	0	1
9000	308	50	3.8	6	31	0	2	2	0	0	0	1
9000	308	50	4	3	7	0	1	1	0	0	0	1
9000	309	50	3	176	0	0	0.0	0.0	0.0	0.0	0.0	0
9000	309	50	3.2	78	1179	1	59.5	60	0.02	0.01	0	1
9000	309	50	3.4	31	1322	0	17	17	0.01	0	0	1
9000	309	50	3.6	19	1836	0	6	6	0.01	0	0	1
9000	309	50	3.8	13	352	0	5	5	0	0	0	1
9000	309	50	4	8	114	0	2	2	0	0	0	1
9000	310	50	3	190	0	0	0.0	0.0	0.0	0.0	0.0	0
9000	310	50	3.2	67	710	0	49	49	0.04	0	0	1
9000	310	50	3.4	32	594	0	19	19	0	0.01	0	1
9000	310	50	3.6	14	295	0	5	5	0	0	0	1
9000	310	50	3.8	8	27	0	5	5	0	0	0	1
9000	310	50	4	2	2	0	2	2	0	0	0	1
9000	311	50	3	195	0	0	0.0	0.0	0.0	0.0	0.0	0
9000	311	50	3.2	78	582	1	58.6667	59	0.01	0	0.01	1
9000	311	50	3.4	33	606	0	19	19	0.01	0	0	1
9000	311	50	3.6	17	368	1	5.75	6	0	0	0	1
9000	311	50	3.8	10	227	0	3	3	0	0	0	1
9000	311	50	4	6	63	0	1	1	0	0	0	1
9000	312	50	3	203	0	0	0.0	0.0	0.0	0.0	0.0	0
9000	312	50	3.2	88	1475	0	68	68	0.04	0	0	1
9000	312	50	3.4	46	1797	0	29	29	0.05	0	0	1
9000	312	50	3.6	29	2220	0	16	16	0.02	0	0	1
9000	312	50	3.8	18	1280	0	8	8	0.01	0	0	1
9000	312	50	4	11	253	0	5	5	0	0	0	1
9000	313	50	3	172	0	0	0.0	0.0	0.0	0.0	0.0	0
9000	313	50	3.2	67	890	0	44	44	0.01	0	0	1
9000	313	50	3.4	30	689	0	14	14	0	0	0	1
9000	313	50	3.6	11	133	0	5	5	0	0	0	1
9000	313	50	3.8	4	15	0	1	1	0	0	0	1
9000	313	50	4	3	7	0	1	1	0	0	0	1
9000	314	50	3	181	0	0	0.0	0.0	0.0	0.0	0.0	0
9000	314	50	3.2	79	1724	0	51	51	0.08	0	0	1
9000	314	50	3.4	30	1224	1	12.5	13	0.01	0	0.01	1
9000	314	50	3.6	18	613	1	7	7	0	0	0	1
9000	314	50	3.8	11	380	0	3	3	0	0	0	1
9000	314	50	4	5	23	0	2	2	0	0	0	1
9000	315	50	3	164	0	0	0.0	0.0	0.0	0.0	0.0	0
9000	315	50	3.2	74	4058	0	47	47	0.16	0	0	1
9000	315	50	3.4	32	4335	0	12	12	0.06	0	0	1
9000	315	50	3.6	21	2695	0	6	6	0.01	0.01	0.01	1
9000	315	50	3.8	14	959	0	4	4	0	0	0.01	1
9000	315	50	4	11	207	0	4	4	0	0	0	1
9000	316	50	3	187	0	0	0.0	0.0	0.0	0.0	0.0	0
9000	316	50	3.2	78	699	0	59	59	0.01	0	0	1
9000	316	50	3.4	35	619	0	21	21	0	0	0	1
9000	316	50	3.6	13	237	1	3.66667	4	0	0	0	1
9000	316	50	3.8	5	23	0	2	2	0	0	0	1
9000	316	50	4	3	7	0	1	1	0	0	0	1
9000	317	50	3	251	0	0	0.0	0.0	0.0	0.0	0.0	0
9000	317	50	3.2	101	379	0	87	87	0.01	0	0	1
9000	317	50	3.4	41	322	0	30	30	0	0	0	1
9000	317	50	3.6	14	174	0	5	5	0	0	0	1
9000	317	50	3.8	8	69	0	3	3	0	0	0	1
9000	317	50	4	6	35	0	2	2	0	0	0	1
9000	318	50	3	192	0	0	0.0	0.0	0.0	0.0	0.0	0
9000	318	50	3.2	76	537	0	59	59	0.01	0	0	1
9000	318	50	3.4	35	387	0	22	22	0	0	0	1
9000	318	50	3.6	15	149	0	9	9	0	0	0	1
9000	318	50	3.8	9	95	0	4	4	0	0	0	1
9000	318	50	4	5	31	0	1	1	0	0	0	1
9000	319	50	3	163	0	0	0.0	0.0	0.0	0.0	0.0	0
9000	319	50	3.2	73	598	1	49.6667	50	0.03	0	0.01	1
9000	319	50	3.4	29	326	0	16	16	0	0	0	1
9000	319	50	3.6	14	146	0	6	6	0	0	0	1
9000	319	50	3.8	8	63	0	3	3	0	0	0	1
9000	319	50	4	5	15	0	3	3	0	0	0	1
9000	320	50	3	197	0	0	0.0	0.0	0.0	0.0	0.0	0
9000	320	50	3.2	74	746	0	52	52	0.01	0	0.01	1
9000	320	50	3.4	33	573	0	16	16	0	0	0.01	1
9000	320	50	3.6	14	271	0	5	5	0	0	0	1
9000	320	50	3.8	7	67	0	2	2	0	0	0	1
9000	320	50	4	4	15	0	1	1	0	0	0	1
9000	321	50	3	196	0	0	0.0	0.0	0.0	0.0	0.0	0
9000	321	50	3.2	75	1966	0	52	52	0.1	0.01	0	1
9000	321	50	3.4	38	1985	0	20	20	0.05	0	0	1
9000	321	50	3.6	23	1485	0	10	10	0.01	0	0	1
9000	321	50	3.8	14	523	1	4.5	5	0	0	0	1
9000	321	50	4	4	15	0	1	1	0	0	0	1
9000	322	50	3	197	0	0	0.0	0.0	0.0	0.0	0.0	0
9000	322	50	3.2	91	1485	0	63	63	0.05	0	0.01	1
9000	322	50	3.4	41	1467	0	23	23	0.02	0	0	1
9000	322	50	3.6	20	877	0	7	7	0	0	0.01	1
9000	322	50	3.8	11	179	0	5	5	0	0	0	1
9000	322	50	4	4	15	0	1	1	0	0	0	1
9000	323	50	3	261	0	0	0.0	0.0	0.0	0.0	0.0	0
9000	323	50	3.2	98	941	0	79	79	0.04	0	0.01	1
9000	323	50	3.4	44	774	1	28	28	0.01	0	0	1
9000	323	50	3.6	17	184	0	8	8	0	0	0	1
9000	323	50	3.8	9	38	0	4	4	0	0	0	1
9000	323	50	4	6	27	0	2	2	0	0	0	1
9000	324	50	3	189	0	0	0.0	0.0	0.0	0.0	0.0	0
9000	324	50	3.2	70	295	0	58	58	0	0	0.01	1
9000	324	50	3.4	29	252	0	21	21	0	0	0	1
9000	324	50	3.6	11	176	0	4	4	0	0	0	1
9000	324	50	3.8	10	160	0	4	4	0	0	0	1
9000	324	50	4	6	31	0	3	3	0	0	0	1
9000	325	50	3	200	0	0	0.0	0.0	0.0	0.0	0.0	0
9000	325	50	3.2	73	673	1	52.6	53	0.01	0	0.01	1
9000	325	50	3.4	35	566	1	19.25	20	0.01	0	0	1
9000	325	50	3.6	14	206	0	6	6	0	0	0	1
9000	325	50	3.8	6	26	0	2	2	0	0	0	1
9000	325	50	4	2	2	0	2	2	0	0	0	1
9000	326	50	3	190	0	0	0.0	0.0	0.0	0.0	0.0	0
9000	326	50	3.2	79	2648	0	50	50	0.1	0	0	1
9000	326	50	3.4	40	2917	0	19	19	0.1	0	0	1
9000	326	50	3.6	22	1368	0	8	8	0.01	0	0	1
9000	326	50	3.8	14	759	0	4	4	0	0	0	1
9000	326	50	4	7	93	0	2	2	0	0	0	1
9000	327	50	3	188	0	0	0.0	0.0	0.0	0.0	0.0	0
9000	327	50	3.2	83	952	0	59	59	0.02	0	0	1
9000	327	50	3.4	35	971	1	18.5	19	0	0	0.01	1
9000	327	50	3.6	15	480	0	6	6	0	0	0	1
9000	327	50	3.8	8	119	0	2	2	0	0	0	1
9000	327	50	4	5	17	0	2	2	0	0	0	1
9000	328	50	3	176	0	0	0.0	0.0	0.0	0.0	0.0	0
9000	328	50	3.2	82	951	0	64	64	0.02	0	0	1
9000	328	50	3.4	30	992	0	14	14	0.01	0	0	1
9000	328	50	3.6	16	585	0	5	5	0	0	0	1
9000	328	50	3.8	8	119	0	2	2	0	0	0	1
9000	328	50	4	3	7	0	1	1	0	0	0	1
9000	329	50	3	215	0	0	0.0	0.0	0.0	0.0	0.0	0
9000	329	50	3.2	87	831	0	59	59	0.03	0	0	1
9000	329	50	3.4	40	622	0	21	21	0.01	0	0	1
9000	329	50	3.6	15	220	0	5	5	0	0	0	1
9000	329	50	3.8	7	66	0	2	2	0	0	0	1
9000	329	50	4	4	15	0	1	1	0	0	0	1
9000	330	50	3	189	0	0	0.0	0.0	0.0	0.0	0.0	0
9000	330	50	3.2	84	4319	0	52	52	0.12	0.01	0	1
9000	330	50	3.4	41	3522	0	18	18	0.06	0	0	1
9000	330	50	3.6	19	571	0	8	8	0	0	0	1
9000	330	50	3.8	8	107	0	2	2	0	0	0	1
9000	330	50	4	5	31	0	1	1	0	0	0	1
9000	331	50	3	189	0	0	0.0	0.0	0.0	0.0	0.0	0
9000	331	50	3.2	89	2818	0	65	65	0.12	0.01	0	1
9000	331	50	3.4	37	3139	1	17.5	18	0.07	0.01	0.04	1
9000	331	50	3.6	18	2009	0	6	6	0.01	0	0	1
9000	331	50	3.8	12	903	0	3	3	0	0	0	1
9000	331	50	4	10	224	0	3	3	0	0	0	1
9000	332	50	3	205	0	0	0.0	0.0	0.0	0.0	0.0	0
9000	332	50	3.2	89	1574	0	60	60	0.05	0	0	1
9000	332	50	3.4	40	1282	0	20	20	0.02	0	0	1
9000	332	50	3.6	18	620	0	6	6	0	0	0	1
9000	332	50	3.8	8	95	0	3	3	0	0	0	1
9000	332	50	4	6	35	0	2	2	0	0	0	1
9000	333	50	3	191	0	0	0.0	0.0	0.0	0.0	0.0	0
9000	333	50	3.2	78	877	0	58	58	0.01	0	0	1
9000	333	50	3.4	35	652	0	18	18	0	0	0	1
9000	333	50	3.6	14	162	1	5.5	6	0	0	0	1
9000	333	50	3.8	5	13	0	2	2	0	0	0	1
9000	333	50	4	1	1	0	1	1	0	0	0	1
9000	334	50	3	194	0	0	0.0	0.0	0.0	0.0	0.0	0
9000	334	50	3.2	79	398	0	60	60	0.01	0	0	1
9000	334	50	3.4	33	254	0	22	22	0	0	0	1
9000	334	50	3.6	11	73	1	4.5	5	0	0	0	1
9000	334	50	3.8	3	4	0	2	2	0	0	0	1
9000	334	50	4	0	0	0	0.0	0.0	0.0	0.0	0.0	0
9000	335	50	3	178	0	0	0.0	0.0	0.0	0.0	0.0	0
9000	335	50	3.2	69	1407	0	44	44	0.04	0	0	1
9000	335	50	3.4	30	1248	0	15	15	0.01	0	0	1
9000	335	50	3.6	19	885	0	6	6	0	0	0	1
9000	335	50	3.8	8	97	0	3	3	0	0	0	1
9000	335	50	4	6	47	0	2	2	0	0	0	1
9000	336	50	3	178	0	0	0.0	0.0	0.0	0.0	0.0	0
9000	336	50	3.2	64	682	1	43.4	44	0.02	0	0.01	1
9000	336	50	3.4	30	567	0	15	15	0	0	0	1
9000	336	50	3.6	12	144	0	5	5	0	0	0	1
9000	336	50	3.8	6	39	0	2	2	0	0	0	1
9000	336	50	4	2	3	0	1	1	0	0	0	1
9000	337	50	3	191	0	0	0.0	0.0	0.0	0.0	0.0	0
9000	337	50	3.2	75	892	0	55	55	0.02	0	0	1
9000	337	50	3.4	30	864	0	15	15	0	0.01	0	1
9000	337	50	3.6	16	412	1	5.4	6	0	0	0.01	1
9000	337	50	3.8	7	63	0	3	3	0	0	0	1
9000	337	50	4	4	9	0	2	2	0	0	0	1
9000	338	50	3	189	0	0	0.0	0.0	0.0	0.0	0.0	0
9000	338	50	3.2	81	605	0	59	59	0.02	0	0	1
9000	338	50	3.4	32	389	0	20	20	0	0	0	1
9000	338	50	3.6	14	181	0	7	7	0	0	0	1
9000	338	50	3.8	10	107	0	5	5	0	0	0	1
9000	338	50	4	3	5	0	2	2	0	0	0	1
9000	339	50	3	213	0	0	0.0	0.0	0.0	0.0	0.0	0
9000	339	50	3.2	86	488	0	63	63	0.01	0	0	1
9000	339	50	3.4	38	309	0	23	23	0	0	0	1
9000	339	50	3.6	16	105	0	8	8	0	0	0	1
9000	339	50	3.8	6	24	0	2	2	0	0	0	1
9000	339	50	4	1	1	0	1	1	0	0	0	1
9000	340	50	3	199	0	0	0.0	0.0	0.0	0.0	0.0	0
9000	340	50	3.2	82	631	0	63	63	0.02	0	0	1
9000	340	50	3.4	37	543	0	21	21	0.01	0	0	1
9000	340	50	3.6	17	263	0	8	8	0	0	0	1
9000	340	50	3.8	11	160	0	5	5	0	0	0	1
9000	340	50	4	5	27	1	1.5	2	0	0	0	1
9000	341	50	3	190	0	0	0.0	0.0	0.0	0.0	0.0	0
9000	341	50	3.2	80	1150	0	56	56	0.03	0	0	1
9000	341	50	3.4	36	897	0	19	19	0.01	0	0	1
9000	341	50	3.6	15	481	0	4	4	0	0	0.01	1
9000	341	50	3.8	8	68	0	4	4	0	0	0	1
9000	341	50	4	4	15	0	1	1	0	0	0	1
9000	342	50	3	170	0	0	0.0	0.0	0.0	0.0	0.0	0
9000	342	50	3.2	65	1263	0	40	40	0.02	0	0	1
9000	342	50	3.4	32	1074	0	16	16	0.02	0	0	1
9000	342	50	3.6	13	311	0	4	4	0	0	0	1
9000	342	50	3.8	7	83	0	2	2	0	0	0	1
9000	342	50	4	5	31	0	1	1	0	0	0	1
9000	343	50	3	227	0	0	0.0	0.0	0.0	0.0	0.0	0
9000	343	50	3.2	103	1252	0	83	83	0.09	0	0	1
9000	343	50	3.4	47	1524	0	29	29	0.06	0	0	1
9000	343	50	3.6	24	664	0	13	13	0	0	0	1
9000	343	50	3.8	13	288	0	7	7	0	0	0	1
9000	343	50	4	7	71	0	2	2	0	0	0	1
9000	344	50	3	183	0	0	0.0	0.0	0.0	0.0	0.0	0
9000	344	50	3.2	86	1613	0	63	63	0.08	0	0	1
9000	344	50	3.4	40	1694	0	24	24	0.01	0	0.01	1
9000	344	50	3.6	17	557	0	7	7	0	0	0	1
9000	344	50	3.8	9	167	0	3	3	0	0	0	1
9000	344	50	4	6	39	0	2	2	0	0	0	1
9000	345	50	3	199	0	0	0.0	0.0	0.0	0.0	0.0	0
9000	345	50	3.2	81	707	0	62	62	0.02	0	0	1
9000	345	50	3.4	30	704	0	15	15	0.01	0	0	1
9000	345	50	3.6	15	486	0	6	6	0	0	0	1
9000	345	50	3.8	11	209	0	5	5	0	0	0	1
9000	345	50	4	8	127	0	3	3	0	0	0	1
9000	346	50	3	189	0	0	0.0	0.0	0.0	0.0	0.0	0
9000	346	50	3.2	88	1424	1	59.5714	60	0.04	0	0.02	1
9000	346	50	3.4	38	1431	1	16.1667	17	0.02	0	0.02	1
9000	346	50	3.6	19	443	0	8	8	0	0	0	1
9000	346	50	3.8	7	39	0	3	3	0	0	0	1
9000	346	50	4	5	15	0	3	3	0	0	0	1
9000	347	50	3	184	0	0	0.0	0.0	0.0	0.0	0.0	0
9000	347	50	3.2	70	872	0	51	51	0.03	0	0	1
9000	347	50	3.4	25	1074	0	10	10	0.01	0	0	1
9000	347	50	3.6	14	438	0	4	4	0	0	0	1
9000	347	50	3.8	5	31	0	1	1	0	0	0	1
9000	347	50	4	4	15	0	1	1	0	0	0	1
9000	348	50	3	187	0	0	0.0	0.0	0.0	0.0	0.0	0
9000	348	50	3.2	82	1131	0	56	56	0.06	0	0	1
9000	348	50	3.4	43	823	0	23	23	0.01	0	0	1
9000	348	50	3.6	12	121	0	6	6	0	0	0	1
9000	348	50	3.8	4	7	0	3	3	0	0	0	1
9000	348	50	4	4	7	0	3	3	0	0	0	1
9000	349	50	3	183	0	0	0.0	0.0	0.0	0.0	0.0	0
9000	349	50	3.2	94	1281	0	69	69	0.07	0.01	0	1
9000	349	50	3.4	45	979	0	30	30	0.02	0	0	1
9000	349	50	3.6	19	569	0	9	9	0	0	0	1
9000	349	50	3.8	12	332	0	4	4	0	0	0	1
9000	349	50	4	8	71	0	3	3	0	0	0	1
9000	350	50	3	195	0	0	0.0	0.0	0.0	0.0	0.0	0
9000	350	50	3.2	76	649	0	58	58	0.01	0	0.01	1
9000	350	50	3.4	31	652	0	17	17	0.01	0	0	1
9000	350	50	3.6	18	289	0	10	10	0	0	0	1
9000	350	50	3.8	9	106	0	4	4	0	0	0	1
9000	350	50	4	5	13	0	3	3	0	0	0	1
9000	351	50	3	191	0	0	0.0	0.0	0.0	0.0	0.0	0
9000	351	50	3.2	79	3264	0	54	54	0.07	0	0	1
9000	351	50	3.4	34	4025	1	12.5	13	0.05	0.01	0.02	1
9000	351	50	3.6	23	2208	0	7	7	0.01	0	0.03	1
9000	351	50	3.8	12	282	0	5	5	0	0	0	1
9000	351	50	4	7	63	0	3	3	0	0	0	1
9000	352	50	3	231	0	0	0.0	0.0	0.0	0.0	0.0	0
9000	352	50	3.2	94	354	0	75	75	0.01	0	0	1
9000	352	50	3.4	45	223	0	34	34	0	0	0	1
9000	352	50	3.6	17	77	0	9	9	0	0	0	1
9000	352	50	3.8	6	15	0	3	3	0	0	0	1
9000	352	50	4	2	3	0	1	1	0	0	0	1
9000	353	50	3	172	0	0	0.0	0.0	0.0	0.0	0.0	0
9000	353	50	3.2	70	1592	0	44	44	0.03	0	0.01	1
9000	353	50	3.4	34	1310	0	16	16	0.02	0	0	1
9000	353	50	3.6	17	268	0	7	7	0	0	0	1
9000	353	50	3.8	5	15	0	2	2	0	0	0	1
9000	353	50	4	2	3	0	1	1	0	0	0	1
9000	354	50	3	201	0	0	0.0	0.0	0.0	0.0	0.0	0
9000	354	50	3.2	83	672	0	66	66	0.01	0	0.01	1
9000	354	50	3.4	34	459	0	22	22	0	0	0	1
9000	354	50	3.6	16	385	0	7	7	0	0	0	1
9000	354	50	3.8	12	203	0	5	5	0	0	0	1
9000	354	50	4	6	23	0	3	3	0	0	0	1
9000	355	50	3	184	0	0	0.0	0.0	0.0	0.0	0.0	0
9000	355	50	3.2	89	1458	0	57	57	0.04	0	0	1
9000	355	50	3.4	46	1119	0	24	24	0.01	0	0	1
9000	355	50	3.6	17	403	0	7	7	0	0	0	1
9000	355	50	3.8	10	83	0	5	5	0	0	0	1
9000	355	50	4	4	11	0	2	2	0	0	0	1
9000	356	50	3	192	0	0	0.0	0.0	0.0	0.0	0.0	0
9000	356	50	3.2	68	440	0	53	53	0	0	0	1
9000	356	50	3.4	29	401	0	16	16	0	0	0	1
9000	356	50	3.6	13	168	0	5	5	0	0	0	1
9000	356	50	3.8	7	63	0	2	2	0	0	0	1
9000	356	50	4	5	31	0	1	1	0	0	0	1
9000	357	50	3	224	0	0	0.0	0.0	0.0	0.0	0.0	0
9000	357	50	3.2	94	949	0	68	68	0.03	0	0	1
9000	357	50	3.4	46	752	0	26	26	0.01	0	0	1
9000	357	50	3.6	17	284	0	8	8	0	0	0	1
9000	357	50	3.8	10	145	0	3	3	0	0	0	1
9000	357	50	4	7	47	0	3	3	0	0	0	1
9000	358	50	3	194	0	0	0.0	0.0	0.0	0.0	0.0	0
9000	358	50	3.2	95	3119	0	70	70	0.1	0.01	0	1
9000	358	50	3.4	42	3020	0	23	23	0.04	0.01	0	1
9000	358	50	3.6	20	1113	0	7	7	0	0	0	1
9000	358	50	3.8	10	199	0	4	4	0	0	0	1
9000	358	50	4	5	31	0	1	1	0	0	0	1
9000	359	50	3	160	0	0	0.0	0.0	0.0	0.0	0.0	0
9000	359	50	3.2	71	6970	1	39.6	40	0.19	0	0.07	1
9000	359	50	3.4	40	6738	1	14.5	15	0.07	0.01	0.12	1
9000	359	50	3.6	19	5398	0	5	5	0.03	0	0	1
9000	359	50	3.8	14	2687	0	3	3	0.01	0	0	1
9000	359	50	4	10	1023	0	1	1	0	0	0	1
9000	360	50	3	200	0	0	0.0	0.0	0.0	0.0	0.0	0
9000	360	50	3.2	90	686	0	75	75	0.01	0.01	0	1
9000	360	50	3.4	39	717	0	28	28	0.01	0	0	1
9000	360	50	3.6	13	302	0	6	6	0	0	0	1
9000	360	50	3.8	9	87	0	4	4	0	0	0	1
9000	360	50	4	7	35	0	3	3	0	0	0	1
9000	361	50	3	204	0	0	0.0	0.0	0.0	0.0	0.0	0
9000	361	50	3.2	81	983	0	60	60	0.02	0	0	1
9000	361	50	3.4	34	1315	0	17	17	0.01	0	0	1
9000	361	50	3.6	23	829	0	9	9	0	0	0	1
9000	361	50	3.8	9	133	0	3	3	0	0	0	1
9000	361	50	4	5	11	0	3	3	0	0	0	1
9000	362	50	3	186	0	0	0.0	0.0	0.0	0.0	0.0	0
9000	362	50	3.2	80	1358	0	50	50	0.02	0.01	0	1
9000	362	50	3.4	40	780	0	21	21	0.01	0	0	1
9000	362	50	3.6	13	161	1	5	5	0	0	0	1
9000	362	50	3.8	5	23	0	2	2	0	0	0	1
9000	362	50	4	3	7	0	1	1	0	0	0	1
9000	363	50	3	242	0	0	0.0	0.0	0.0	0.0	0.0	0
9000	363	50	3.2	104	1471	0	82	82	0.06	0	0.01	1
9000	363	50	3.4	43	1412	0	25	25	0.01	0	0	1
9000	363	50	3.6	23	961	0	11	11	0	0	0	1
9000	363	50	3.8	14	402	0	6	6	0	0	0	1
9000	363	50	4	5	31	0	1	1	0	0	0	1
9000	364	50	3	215	0	0	0.0	0.0	0.0	0.0	0.0	0
9000	364	50	3.2	93	608	0	68	68	0.02	0	0	1
9000	364	50	3.4	45	447	0	30	30	0	0	0	1
9000	364	50	3.6	21	158	0	13	13	0	0	0	1
9000	364	50	3.8	12	71	0	8	8	0	0	0	1
9000	364	50	4	8	35	0	5	5	0	0	0	1
9000	365	50	3	180	0	0	0.0	0.0	0.0	0.0	0.0	0
9000	365	50	3.2	73	987	1	46.5	47	0.06	0	0.01	1
9000	365	50	3.4	38	880	0	17	17	0.02	0.01	0	1
9000	365	50	3.6	17	439	0	6	6	0	0	0	1
9000	365	50	3.8	7	55	0	3	3	0	0	0	1
9000	365	50	4	3	7	0	1	1	0	0	0	1
9000	366	50	3	198	0	0	0.0	0.0	0.0	0.0	0.0	0
9000	366	50	3.2	86	684	0	67	67	0.02	0	0	1
9000	366	50	3.4	38	615	0	23	23	0	0.01	0	1
9000	366	50	3.6	16	352	0	7	7	0	0	0	1
9000	366	50	3.8	8	127	0	3	3	0	0	0	1
9000	366	50	4	4	15	0	1	1	0	0	0	1
9000	367	50	3	182	0	0	0.0	0.0	0.0	0.0	0.0	0
9000	367	50	3.2	72	326	0	56	56	0	0	0	1
9000	367	50	3.4	28	187	0	19	19	0	0	0	1
9000	367	50	3.6	11	111	0	6	6	0	0	0	1
9000	367	50	3.8	8	46	0	4	4	0	0	0	1
9000	367	50	4	1	1	0	1	1	0	0	0	1
9000	368	50	3	220	0	0	0.0	0.0	0.0	0.0	0.0	0
9000	368	50	3.2	86	725	0	66	66	0.02	0	0	1
9000	368	50	3.4	45	603	0	31	31	0.01	0	0	1
9000	368	50	3.6	17	157	0	9	9	0	0	0	1
9000	368	50	3.8	9	67	0	4	4	0	0	0	1
9000	368	50	4	3	3	0	3	3	0	0	0	1
9000	369	50	3	219	0	0	0.0	0.0	0.0	0.0	0.0	0
9000	369	50	3.2	99	2858	0	60	60	0.1	0	0.02	1
9000	369	50	3.4	54	2466	1	22.6667	23	0.05	0.01	0.01	1
9000	369	50	3.6	21	788	0	8	8	0	0.01	0	1
9000	369	50	3.8	9	153	0	2	2	0	0	0	1
9000	369	50	4	6	63	0	1	1	0	0	0	1
9000	370	50	3	184	0	0	0.0	0.0	0.0	0.0	0.0	0
9000	370	50	3.2	89	1036	1	63.5	64	0.02	0	0.01	1
9000	370	50	3.4	37	873	0	17	17	0	0.01	0	1
9000	370	50	3.6	15	316	0	5	5	0	0	0	1
9000	370	50	3.8	7	27	0	3	3	0	0	0	1
9000	370	50	4	2	3	0	1	1	0	0	0	1
9000	371	50	3	185	0	0	0.0	0.0	0.0	0.0	0.0	0
9000	371	50	3.2	73	440	0	56	56	0.01	0	0	1
9000	371	50	3.4	26	184	1	13.6667	14	0	0	0	1
9000	371	50	3.6	11	67	0	4	4	0	0	0	1
9000	371	50	3.8	5	11	0	3	3	0	0	0	1
9000	371	50	4	2	3	0	1	1	0	0	0	1
9000	372	50	3	176	0	0	0.0	0.0	0.0	0.0	0.0	0
9000	372	50	3.2	76	3876	0	47	47	0.1	0	0	1
9000	372	50	3.4	41	4266	0	20	20	0.06	0	0.02	1
9000	372	50	3.6	20	1188	0	6	6	0.01	0	0	1
9000	372	50	3.8	7	71	0	2	2	0	0	0	1
9000	372	50	4	5	17	0	2	2	0	0	0	1
9000	373	50	3	203	0	0	0.0	0.0	0.0	0.0	0.0	0
9000	373	50	3.2	85	1627	0	64	64	0.05	0.01	0	1
9000	373	50	3.4	32	1809	0	16	16	0.02	0	0	1
9000	373	50	3.6	18	1228	0	8	8	0.01	0	0	1
9000	373	50	3.8	12	156	0	6	6	0	0	0	1
9000	373	50	4	6	27	0	3	3	0	0	0	1
9000	374	50	3	185	0	0	0.0	0.0	0.0	0.0	0.0	0
9000	374	50	3.2	71	1266	0	50	50	0.03	0.01	0	1
9000	374	50	3.4	39	1528	0	20	20	0.02	0.01	0	1
9000	374	50	3.6	21	498	0	9	9	0	0	0	1
9000	374	50	3.8	10	103	0	3	3	0	0	0	1
9000	374	50	4	5	15	0	3	3	0	0	0	1
9000	375	50	3	218	0	0	0.0	0.0	0.0	0.0	0.0	0
9000	375	50	3.2	102	1722	0	72	72	0.04	0	0	1
9000	375	50	3.4	49	2028	0	27	27	0.02	0	0.01	1
9000	375	50	3.6	25	1184	0	10	10	0.01	0	0	1
9000	375	50	3.8	14	332	0	5	5	0	0	0	1
9000	375	50	4	7	71	0	2	2	0	0	0	1
9000	376	50	3	207	0	0	0.0	0.0	0.0	0.0	0.0	0
9000	376	50	3.2	98	2713	0	67	67	0.16	0.01	0	1
9000	376	50	3.4	44	3183	1	17.8	18	0.06	0.01	0.03	1
9000	376	50	3.6	24	2637	1	7.16667	8	0.06	0	0.02	1
9000	376	50	3.8	15	757	0	5	5	0	0	0.01	1
9000	376	50	4	7	47	0	3	3	0	0	0	1
9000	377	50	3	237	0	0	0.0	0.0	0.0	0.0	0.0	0
9000	377	50	3.2	103	1813	0	79	79	0.09	0	0	1
9000	377	50	3.4	50	1995	0	33	33	0.05	0	0	1
9000	377	50	3.6	26	1364	0	11	11	0.01	0	0	1
9000	377	50	3.8	14	519	0	6	6	0	0	0	1
9000	377	50	4	8	95	0	3	3	0	0	0	1
9000	378	50	3	194	0	0	0.0	0.0	0.0	0.0	0.0	0
9000	378	50	3.2	77	409	0	60	60	0.01	0	0	1
9000	378	50	3.4	23	297	1	10.5	11	0	0	0.01	1
9000	378	50	3.6	12	128	0	6	6	0	0	0	1
9000	378	50	3.8	4	15	0	1	1	0	0	0	1
9000	378	50	4	3	7	0	1	1	0	0	0	1
9000	379	50	3	222	0	0	0.0	0.0	0.0	0.0	0.0	0
9000	379	50	3.2	95	1266	0	66	66	0.04	0	0	1
9000	379	50	3.4	47	1086	0	27	27	0.02	0	0	1
9000	379	50	3.6	22	420	0	13	13	0	0	0	1
9000	379	50	3.8	10	89	0	5	5	0	0	0	1
9000	379	50	4	6	47	0	2	2	0	0	0	1
9000	380	50	3	186	0	0	0.0	0.0	0.0	0.0	0.0	0
9000	380	50	3.2	78	776	0	57	57	0.02	0	0	1
9000	380	50	3.4	32	425	0	19	19	0	0	0	1
9000	380	50	3.6	13	161	0	6	6	0	0	0	1
9000	380	50	3.8	5	20	0	2	2	0	0	0	1
9000	380	50	4	4	15	0	1	1	0	0	0	1
9000	381	50	3	223	0	0	0.0	0.0	0.0	0.0	0.0	0
9000	381	50	3.2	82	1075	0	57	57	0.05	0	0.01	1
9000	381	50	3.4	37	1313	0	19	19	0.02	0	0.01	1
9000	381	50	3.6	23	762	0	11	11	0	0	0	1
9000	381	50	3.8	11	269	0	4	4	0	0	0	1
9000	381	50	4	6	47	0	2	2	0	0	0	1
9000	382	50	3	203	0	0	0.0	0.0	0.0	0.0	0.0	0
9000	382	50	3.2	80	1283	0	55	55	0.04	0	0	1
9000	382	50	3.4	28	1578	0	12	12	0.01	0	0	1
9000	382	50	3.6	21	1301	0	7	7	0.01	0	0	1
9000	382	50	3.8	11	257	0	3	3	0	0	0	1
9000	382	50	4	6	45	0	2	2	0	0	0	1
9000	383	50	3	166	0	0	0.0	0.0	0.0	0.0	0.0	0
9000	383	50	3.2	75	3369	0	49	49	0.09	0	0.05	1
9000	383	50	3.4	39	3615	0	17	17	0.05	0.01	0.01	1
9000	383	50	3.6	24	1397	0	13	13	0.01	0	0	1
9000	383	50	3.8	11	340	0	3	3	0	0	0	1
9000	383	50	4	4	15	0	1	1	0	0	0	1
9000	384	50	3	224	0	0	0.0	0.0	0.0	0.0	0.0	0
9000	384	50	3.2	92	1233	0	63	63	0.02	0	0	1
9000	384	50	3.4	43	1236	0	21	21	0.01	0	0	1
9000	384	50	3.6	24	537	0	10	10	0	0	0	1
9000	384	50	3.8	9	59	0	5	5	0	0	0	1
9000	384	50	4	3	7	0	1	1	0	0	0	1
9000	385	50	3	183	0	0	0.0	0.0	0.0	0.0	0.0	0
9000	385	50	3.2	78	563	0	57	57	0.01	0	0	1
9000	385	50	3.4	33	522	1	18.5	19	0	0	0.01	1
9000	385	50	3.6	18	358	0	8	8	0	0	0	1
9000	385	50	3.8	10	107	0	4	4	0	0	0	1
9000	385	50	4	6	23	0	3	3	0	0	0	1
9000	386	50	3	231	0	0	0.0	0.0	0.0	0.0	0.0	0
9000	386	50	3.2	118	3177	0	90	90	0.15	0	0	1
9000	386	50	3.4	54	3832	0	34	34	0.07	0	0	1
9000	386	50	3.6	28	2552	0	14	14	0.02	0	0	1
9000	386	50	3.8	15	342	0	7	7	0	0	0	1
9000	386	50	4	5	11	0	3	3	0	0	0	1
9000	387	50	3	189	0	0	0.0	0.0	0.0	0.0	0.0	0
9000	387	50	3.2	78	2568	0	48	48	0.09	0	0	1
9000	387	50	3.4	40	2728	0	19	19	0.05	0	0	1
9000	387	50	3.6	21	1130	0	6	6	0.01	0	0	1
9000	387	50	3.8	9	125	0	3	3	0	0	0	1
9000	387	50	4	4	11	0	2	2	0	0	0	1
9000	388	50	3	179	0	0	0.0	0.0	0.0	0.0	0.0	0
9000	388	50	3.2	81	1479	0	52	52	0.04	0	0.01	1
9000	388	50	3.4	37	1049	0	16	16	0.01	0	0	1
9000	388	50	3.6	14	354	0	5	5	0	0	0	1
9000	388	50	3.8	7	63	0	3	3	0	0	0	1
9000	388	50	4	4	15	0	1	1	0	0	0	1
9000	389	50	3	178	0	0	0.0	0.0	0.0	0.0	0.0	0
9000	389	50	3.2	77	3409	0	52	52	0.1	0	0	1
9000	389	50	3.4	45	4940	0	24	24	0.1	0.01	0	1
9000	389	50	3.6	23	2683	0	8	8	0.02	0	0	1
9000	389	50	3.8	14	424	0	5	5	0	0	0	1
9000	389	50	4	7	63	0	3	3	0	0	0	1
9000	390	50	3	177	0	0	0.0	0.0	0.0	0.0	0.0	0
9000	390	50	3.2	64	2485	0	34	34	0.11	0	0	1
9000	390	50	3.4	40	2737	0	19	19	0.03	0	0	1
9000	390	50	3.6	19	1763	0	7	7	0.01	0	0	1
9000	390	50	3.8	13	1524	0	4	4	0	0	0	1
9000	390	50	4	12	1439	0	3	3	0	0	0	1
9000	391	50	3	192	0	0	0.0	0.0	0.0	0.0	0.0	0
9000	391	50	3.2	83	801	0	54	54	0.02	0	0	1
9000	391	50	3.4	37	671	0	15	15	0.01	0	0	1
9000	391	50	3.6	15	190	0	7	7	0	0	0	1
9000	391	50	3.8	7	44	0	2	2	0	0	0	1
9000	391	50	4	2	3	0	1	1	0	0	0	1
9000	392	50	3	168	0	0	0.0	0.0	0.0	0.0	0.0	0
9000	392	50	3.2	77	1944	0	50	50	0.04	0.01	0	1
9000	392	50	3.4	39	2700	0	22	22	0.04	0	0	1
9000	392	50	3.6	22	1693	0	10	10	0.01	0	0	1
9000	392	50	3.8	10	181	0	3	3	0	0	0	1
9000	392	50	4	5	23	0	2	2	0	0	0	1
9000	393	50	3	199	0	0	0.0	0.0	0.0	0.0	0.0	0
9000	393	50	3.2	80	1497	0	53	53	0.04	0	0	1
9000	393	50	3.4	39	1276	0	17	17	0.01	0	0	1
9000	393	50	3.6	18	485	0	7	7	0	0	0	1
9000	393	50	3.8	9	168	0	2	2	0	0	0	1
9000	393	50	4	6	33	0	2	2	0	0	0	1
9000	394	50	3	229	0	0	0.0	0.0	0.0	0.0	0.0	0
9000	394	50	3.2	92	640	0	76	76	0.01	0	0	1
9000	394	50	3.4	33	646	0	20	20	0	0	0	1
9000	394	50	3.6	17	301	1	6.5	7	0	0	0	1
9000	394	50	3.8	8	79	0	3	3	0	0	0	1
9000	394	50	4	3	7	0	1	1	0	0	0	1
9000	395	50	3	198	0	0	0.0	0.0	0.0	0.0	0.0	0
9000	395	50	3.2	89	770	0	68	68	0.03	0	0	1
9000	395	50	3.4	36	657	0	21	21	0.01	0	0	1
9000	395	50	3.6	18	275	0	9	9	0	0	0	1
9000	395	50	3.8	6	20	0	3	3	0	0	0	1
9000	395	50	4	3	7	0	1	1	0	0	0	1
9000	396	50	3	216	0	0	0.0	0.0	0.0	0.0	0.0	0
9000	396	50	3.2	88	824	0	67	67	0.03	0	0	1
9000	396	50	3.4	40	550	0	24	24	0.01	0	0	1
9000	396	50	3.6	16	158	0	7	7	0	0	0	1
9000	396	50	3.8	6	43	0	2	2	0	0	0	1
9000	396	50	4	4	15	0	1	1	0	0	0	1
9000	397	50	3	190	0	0	0.0	0.0	0.0	0.0	0.0	0
9000	397	50	3.2	74	894	0	51	51	0.03	0	0	1
9000	397	50	3.4	27	800	0	11	11	0	0	0	1
9000	397	50	3.6	13	271	0	4	4	0	0	0	1
9000	397	50	3.8	8	37	0	4	4	0	0	0	1
9000	397	50	4	3	7	0	1	1	0	0	0	1
9000	398	50	3	190	0	0	0.0	0.0	0.0	0.0	0.0	0
9000	398	50	3.2	76	1076	0	50	50	0.03	0	0	1
9000	398	50	3.4	33	693	0	14	14	0.01	0	0	1
9000	398	50	3.6	12	198	0	5	5	0	0	0	1
9000	398	50	3.8	7	127	0	1	1	0	0	0	1
9000	398	50	4	7	127	0	1	1	0	0	0	1
9000	399	50	3	184	0	0	0.0	0.0	0.0	0.0	0.0	0
9000	399	50	3.2	87	1234	0	64	64	0.04	0	0	1
9000	399	50	3.4	36	1373	0	19	19	0.01	0	0	1
9000	399	50	3.6	19	871	0	7	7	0.01	0	0	1
9000	399	50	3.8	8	143	0	2	2	0	0	0	1
9000	399	50	4	5	31	0	1	1	0	0	0	1
9000	400	50	3	178	0	0	0.0	0.0	0.0	0.0	0.0	0
9000	400	50	3.2	82	2905	0	58	58	0.07	0	0	1
9000	400	50	3.4	44	2596	0	27	27	0.04	0	0	1
9000	400	50	3.6	27	840	0	15	15	0	0	0	1
9000	400	50	3.8	12	104	0	6	6	0	0	0	1
9000	400	50	4	6	19	0	4	4	0	0	0	1
9000	401	50	3	201	0	0	0.0	0.0	0.0	0.0	0.0	0
9000	401	50	3.2	79	463	1	59.25	60	0.01	0	0.01	1
9000	401	50	3.4	24	388	0	12	12	0	0	0	1
9000	401	50	3.6	14	271	0	5	5	0	0	0	1
9000	401	50	3.8	8	62	0	3	3	0	0	0	1
9000	401	50	4	7	59	0	2	2	0	0	0	1
9000	402	50	3	202	0	0	0.0	0.0	0.0	0.0	0.0	0
9000	402	50	3.2	77	464	0	60	60	0.02	0	0	1
9000	402	50	3.4	28	471	0	13	13	0.01	0	0	1
9000	402	50	3.6	15	239	0	6	6	0	0	0	1
9000	402	50	3.8	5	23	0	2	2	0	0	0	1
9000	402	50	4	2	3	0	1	1	0	0	0	1
9000	403	50	3	179	0	0	0.0	0.0	0.0	0.0	0.0	0
9000	403	50	3.2	72	1110	1	48.5	49	0.02	0.01	0	1
9000	403	50	3.4	29	985	0	14	14	0.02	0	0	1
9000	403	50	3.6	15	786	0	3	3	0	0	0	1
9000	403	50	3.8	6	47	0	2	2	0	0	0	1
9000	403	50	4	2	3	0	1	1	0	0	0	1
9000	404	50	3	238	0	0	0.0	0.0	0.0	0.0	0.0	0
9000	404	50	3.2	99	2362	1	71.5	72	0.05	0	0.02	1
9000	404	50	3.4	46	2779	0	23	23	0.03	0	0.02	1
9000	404	50	3.6	28	2750	0	12	12	0.02	0	0.02	1
9000	404	50	3.8	17	1591	0	7	7	0.01	0	0	1
9000	404	50	4	10	511	0	3	3	0	0	0	1
9000	405	50	3	224	0	0	0.0	0.0	0.0	0.0	0.0	0
9000	405	50	3.2	96	836	1	71.5	72	0.02	0	0.01	1
9000	405	50	3.4	41	803	0	23	23	0.01	0	0	1
9000	405	50	3.6	19	327	1	7.66667	8	0	0	0	1
9000	405	50	3.8	10	143	0	3	3	0	0	0	1
9000	405	50	4	9	95	0	3	3	0	0	0	1
9000	406	50	3	209	0	0	0.0	0.0	0.0	0.0	0.0	0
9000	406	50	3.2	79	389	0	58	58	0.01	0	0	1
9000	406	50	3.4	27	203	0	15	15	0	0	0	1
9000	406	50	3.6	13	72	0	7	7	0	0	0	1
9000	406	50	3.8	7	27	0	3	3	0	0	0	1
9000	406	50	4	3	7	0	1	1	0	0	0	1
9000	407	50	3	191	0	0	0.0	0.0	0.0	0.0	0.0	0
9000	407	50	3.2	72	920	1	53	53	0.04	0	0	1
9000	407	50	3.4	36	1201	0	22	22	0.02	0	0	1
9000	407	50	3.6	19	1006	0	9	9	0.01	0	0	1
9000	407	50	3.8	11	365	0	4	4	0	0	0	1
9000	407	50	4	5	31	0	1	1	0	0	0	1
9000	408	50	3	181	0	0	0.0	0.0	0.0	0.0	0.0	0
9000	408	50	3.2	79	1347	0	59	59	0.04	0	0	1
9000	408	50	3.4	34	1505	0	19	19	0.02	0.01	0	1
9000	408	50	3.6	17	820	0	6	6	0	0	0	1
9000	408	50	3.8	10	195	0	3	3	0	0	0	1
9000	408	50	4	3	7	0	1	1	0	0	0	1
9000	409	50	3	203	0	0	0.0	0.0	0.0	0.0	0.0	0
9000	409	50	3.2	73	573	0	56	56	0.01	0	0	1
9000	409	50	3.4	35	587	1	22	22	0	0	0.01	1
9000	409	50	3.6	16	413	0	6	6	0	0	0	1
9000	409	50	3.8	9	96	0	4	4	0	0	0	1
9000	409	50	4	3	7	0	1	1	0	0	0	1
9000	410	50	3	195	0	0	0.0	0.0	0.0	0.0	0.0	0
9000	410	50	3.2	79	690	0	59	59	0.02	0	0	1
9000	410	50	3.4	33	486	0	19	19	0.01	0	0	1
9000	410	50	3.6	15	281	0	5	5	0	0	0	1
9000	410	50	3.8	6	47	0	2	2	0	0	0	1
9000	410	50	4	6	47	0	2	2	0	0	0	1
9000	411	50	3	214	0	0	0.0	0.0	0.0	0.0	0.0	0
9000	411	50	3.2	94	1562	0	64	64	0.05	0.01	0	1
9000	411	50	3.4	51	1019	0	30	30	0.02	0	0	1
9000	411	50	3.6	21	439	1	9.5	10	0	0	0.01	1
9000	411	50	3.8	8	28	0	4	4	0	0	0	1
9000	411	50	4	3	5	0	2	2	0	0	0	1
9000	412	50	3	205	0	0	0.0	0.0	0.0	0.0	0.0	0
9000	412	50	3.2	95	888	0	72	72	0.04	0	0	1
9000	412	50	3.4	40	703	0	26	26	0.01	0	0	1
9000	412	50	3.6	18	304	0	10	10	0	0	0	1
9000	412	50	3.8	7	31	0	3	3	0	0	0	1
9000	412	50	4	2	3	0	1	1	0	0	0	1
9000	413	50	3	215	0	0	0.0	0.0	0.0	0.0	0.0	0
9000	413	50	3.2	89	2112	0	61	61	0.06	0	0	1
9000	413	50	3.4	45	2232	0	24	24	0.03	0	0	1
9000	413	50	3.6	25	1027	0	12	12	0	0.01	0	1
9000	413	50	3.8	7	41	0	3	3	0	0	0	1
9000	413	50	4	3	5	0	2	2	0	0	0	1
9000	414	50	3	180	0	0	0.0	0.0	0.0	0.0	0.0	0
9000	414	50	3.2	79	1146	0	54	54	0.02	0	0	1
9000	414	50	3.4	37	819	0	18	18	0.01	0	0	1
9000	414	50	3.6	14	263	0	7	7	0	0	0	1
9000	414	50	3.8	8	122	0	2	2	0	0	0	1
9000	414	50	4	5	23	0	2	2	0	0	0	1
9000	415	50	3	184	0	0	0.0	0.0	0.0	0.0	0.0	0
9000	415	50	3.2	79	2203	0	54	54	0.09	0	0	1
9000	415	50	3.4	39	1603	0	19	19	0.02	0	0	1
9000	415	50	3.6	14	385	0	5	5	0	0	0	1
9000	415	50	3.8	8	56	0	3	3	0	0	0	1
9000	415	50	4	5	23	0	2	2	0	0	0	1
9000	416	50	3	197	0	0	0.0	0.0	0.0	0.0	0.0	0
9000	416	50	3.2	84	669	0	58	58	0.02	0	0	1
9000	416	50	3.4	40	576	0	24	24	0.01	0	0	1
9000	416	50	3.6	16	216	0	7	7	0	0	0	1
9000	416	50	3.8	10	139	0	4	4	0	0	0	1
9000	416	50	4	5	13	0	3	3	0	0	0	1
9000	417	50	3	185	0	0	0.0	0.0	0.0	0.0	0.0	0
9000	417	50	3.2	84	813	0	57	57	0.03	0	0	1
9000	417	50	3.4	41	868	0	23	23	0.04	0	0.01	1
9000	417	50	3.6	22	314	0	11	11	0	0	0	1
9000	417	50	3.8	8	42	0	4	4	0	0	0	1
9000	417	50	4	3	5	0	2	2	0	0	0	1
9000	418	50	3	200	0	0	0.0	0.0	0.0	0.0	0.0	0
9000	418	50	3.2	76	1549	0	53	53	0.03	0	0	1
9000	418	50	3.4	35	1908	0	16	16	0.02	0	0	1
9000	418	50	3.6	22	742	1	7.5	8	0.01	0	0	1
9000	418	50	3.8	10	81	0	4	4	0	0	0	1
9000	418	50	4	4	11	0	2	2	0	0	0	1
9000	419	50	3	183	0	0	0.0	0.0	0.0	0.0	0.0	0
9000	419	50	3.2	71	4532	0	46	46	0.09	0	0	1
9000	419	50	3.4	36	4963	0	11	11	0.07	0.01	0	1
9000	419	50	3.6	25	3306	0	8	8	0.02	0	0.01	1
9000	419	50	3.8	14	1247	0	3	3	0	0	0.01	1
9000	419	50	4	10	287	0	3	3	0	0	0	1
9000	420	50	3	197	0	0	0.0	0.0	0.0	0.0	0.0	0
9000	420	50	3.2	93	2091	0	71	71	0.07	0	0	1
9000	420	50	3.4	38	2014	0	19	19	0.02	0	0	1
9000	420	50	3.6	21	1140	0	9	9	0.01	0	0	1
9000	420	50	3.8	13	329	0	6	6	0	0	0	1
9000	420	50	4	8	119	0	2	2	0	0	0	1
9000	421	50	3	182	0	0	0.0	0.0	0.0	0.0	0.0	0
9000	421	50	3.2	79	1515	0	56	56	0.03	0	0	1
9000	421	50	3.4	39	1418	0	21	21	0.02	0	0	1
9000	421	50	3.6	21	669	1	8.25	9	0.01	0	0.01	1
9000	421	50	3.8	9	108	0	3	3	0	0	0	1
9000	421	50	4	7	71	0	2	2	0	0	0	1
9000	422	50	3	201	0	0	0.0	0.0	0.0	0.0	0.0	0
9000	422	50	3.2	88	2228	0	61	61	0.09	0	0	1
9000	422	50	3.4	37	2217	0	21	21	0.04	0	0	1
9000	422	50	3.6	18	915	0	7	7	0	0	0	1
9000	422	50	3.8	10	119	0	4	4	0	0	0	1
9000	422	50	4	3	7	0	1	1	0	0	0	1
9000	423	50	3	198	0	0	0.0	0.0	0.0	0.0	0.0	0
9000	423	50	3.2	70	768	0	48	48	0.01	0	0.01	1
9000	423	50	3.4	35	670	0	19	19	0	0	0	1
9000	423	50	3.6	15	235	0	6	6	0	0	0	1
9000	423	50	3.8	6	33	0	2	2	0	0	0	1
9000	423	50	4	5	31	0	1	1	0	0	0	1
9000	424	50	3	166	0	0	0.0	0.0	0.0	0.0	0.0	0
9000	424	50	3.2	84	1966	0	57	57	0.06	0	0	1
9000	424	50	3.4	40	2204	0	19	19	0.02	0	0.02	1
9000	424	50	3.6	19	666	0	6	6	0.01	0	0	1
9000	424	50	3.8	10	319	0	4	4	0	0	0	1
9000	424	50	4	10	303	0	3	3	0	0	0	1
9000	425	50	3	189	0	0	0.0	0.0	0.0	0.0	0.0	0
9000	425	50	3.2	76	739	1	55	55	0.02	0	0	1
9000	425	50	3.4	37	1049	0	23	23	0.01	0	0	1
9000	425	50	3.6	18	439	0	7	7	0	0	0	1
9000	425	50	3.8	11	108	0	5	5	0	0	0	1
9000	425	50	4	6	31	0	3	3	0	0	0	1
9000	426	50	3	196	0	0	0.0	0.0	0.0	0.0	0.0	0
9000	426	50	3.2	88	1684	0	57	57	0.06	0	0	1
9000	426	50	3.4	41	1398	0	22	22	0.02	0	0	1
9000	426	50	3.6	18	794	0	6	6	0.01	0	0	1
9000	426	50	3.8	9	244	0	2	2	0	0	0	1
9000	426	50	4	3	5	0	2	2	0	0	0	1
9000	427	50	3	182	0	0	0.0	0.0	0.0	0.0	0.0	0
9000	427	50	3.2	73	1178	0	53	53	0.03	0	0	1
9000	427	50	3.4	37	1089	0	19	19	0.01	0.01	0	1
9000	427	50	3.6	17	201	0	7	7	0	0	0	1
9000	427	50	3.8	6	23	0	3	3	0	0	0	1
9000	427	50	4	3	6	1	1.5	2	0	0	0	1
9000	428	50	3	186	0	0	0.0	0.0	0.0	0.0	0.0	0
9000	428	50	3.2	76	1367	0	52	52	0.04	0	0	1
9000	428	50	3.4	33	1665	0	17	17	0.01	0	0	1
9000	428	50	3.6	18	1062	0	6	6	0	0	0.02	1
9000	428	50	3.8	10	100	0	4	4	0	0	0	1
9000	428	50	4	5	15	0	3	3	0	0	0	1
9000	429	50	3	184	0	0	0.0	0.0	0.0	0.0	0.0	0
9000	429	50	3.2	78	495	0	56	56	0.01	0	0	1
9000	429	50	3.4	22	309	0	10	10	0	0	0	1
9000	429	50	3.6	12	123	0	4	4	0	0	0	1
9000	429	50	3.8	6	35	0	2	2	0	0	0	1
9000	429	50	4	5	31	0	1	1	0	0	0	1
9000	430	50	3	206	0	0	0.0	0.0	0.0	0.0	0.0	0
9000	430	50	3.2	79	542	0	58	58	0.01	0	0	1
9000	430	50	3.4	33	431	0	16	16	0	0	0	1
9000	430	50	3.6	15	143	0	7	7	0	0	0	1
9000	430	50	3.8	8	70	0	3	3	0	0	0	1
9000	430	50	4	4	15	0	1	1	0	0	0	1
9000	431	50	3	204	0	0	0.0	0.0	0.0	0.0	0.0	0
9000	431	50	3.2	86	1754	0	53	53	0.05	0	0	1
9000	431	50	3.4	45	1587	0	24	24	0.03	0	0.01	1
9000	431	50	3.6	23	644	0	9	9	0	0	0.01	1
9000	431	50	3.8	12	98	0	7	7	0	0	0	1
9000	431	50	4	4	10	0	2	2	0	0	0	1
9000	432	50	3	192	0	0	0.0	0.0	0.0	0.0	0.0	0
9000	432	50	3.2	90	2066	0	64	64	0.06	0	0	1
9000	432	50	3.4	44	2158	0	25	25	0.04	0.01	0	1
9000	432	50	3.6	21	997	0	8	8	0	0	0	1
9000	432	50	3.8	9	146	0	4	4	0	0	0	1
9000	432	50	4	5	31	0	1	1	0	0	0	1
9000	433	50	3	207	0	0	0.0	0.0	0.0	0.0	0.0	0
9000	433	50	3.2	101	1680	0	76	76	0.08	0	0	1
9000	433	50	3.4	51	1651	0	30	30	0.04	0	0	1
9000	433	50	3.6	28	726	0	17	17	0	0	0	1
9000	433	50	3.8	15	194	0	10	10	0	0	0	1
9000	433	50	4	10	99	0	6	6	0.01	0	0	1
9000	434	50	3	220	0	0	0.0	0.0	0.0	0.0	0.0	0
9000	434	50	3.2	110	2299	0	78	78	0.06	0	0.02	1
9000	434	50	3.4	47	2288	0	23	23	0.03	0	0	1
9000	434	50	3.6	23	1049	0	10	10	0	0.01	0	1
9000	434	50	3.8	12	284	0	4	4	0	0	0	1
9000	434	50	4	7	71	0	2	2	0	0	0	1
9000	435	50	3	181	0	0	0.0	0.0	0.0	0.0	0.0	0
9000	435	50	3.2	71	572	0	49	49	0.01	0	0	1
9000	435	50	3.4	33	551	1	15.5185	16	0	0	0.01	1
9000	435	50	3.6	15	237	0	6	6	0	0	0	1
9000	435	50	3.8	10	114	0	4	4	0	0	0	1
9000	435	50	4	7	64	0	2	2	0	0	0	1
9000	436	50	3	213	0	0	0.0	0.0	0.0	0.0	0.0	0
9000	436	50	3.2	86	515	0	68	68	0.02	0	0	1
9000	436	50	3.4	30	401	0	17	17	0	0	0	1
9000	436	50	3.6	16	261	0	6	6	0	0	0	1
9000	436	50	3.8	7	52	0	2	2	0	0	0	1
9000	436	50	4	3	7	0	1	1	0	0	0	1
9000	437	50	3	177	0	0	0.0	0.0	0.0	0.0	0.0	0
9000	437	50	3.2	79	1615	0	49	49	0.05	0	0	1
9000	437	50	3.4	43	1453	1	19.1667	20	0.02	0	0.01	1
9000	437	50	3.6	19	564	0	7	7	0	0	0	1
9000	437	50	3.8	9	119	0	3	3	0	0	0	1
9000	437	50	4	6	35	0	2	2	0	0	0	1
9000	438	50	3	197	0	0	0.0	0.0	0.0	0.0	0.0	0
9000	438	50	3.2	95	1847	0	69	69	0.06	0	0	1
9000	438	50	3.4	52	1720	1	30	30	0.06	0	0.01	1
9000	438	50	3.6	24	578	0	16	16	0	0	0	1
9000	438	50	3.8	14	223	0	8	8	0	0	0	1
9000	438	50	4	8	26	0	5	5	0	0	0	1
9000	439	50	3	215	0	0	0.0	0.0	0.0	0.0	0.0	0
9000	439	50	3.2	96	1082	0	74	74	0.04	0	0	1
9000	439	50	3.4	48	1040	0	31	31	0.02	0	0	1
9000	439	50	3.6	20	340	1	9.5	10	0	0	0	1
9000	439	50	3.8	8	26	0	5	5	0	0	0	1
9000	439	50	4	1	1	0	1	1	0	0	0	1
9000	440	50	3	196	0	0	0.0	0.0	0.0	0.0	0.0	0
9000	440	50	3.2	79	850	0	59	59	0.02	0	0	1
9000	440	50	3.4	30	747	0	14	14	0	0	0	1
9000	440	50	3.6	16	508	0	6	6	0	0	0	1
9000	440	50	3.8	10	218	0	3	3	0	0	0	1
9000	440	50	4	8	111	0	3	3	0	0	0	1
9000	441	50	3	188	0	0	0.0	0.0	0.0	0.0	0.0	0
9000	441	50	3.2	84	1812	0	56	56	0.04	0	0	1
9000	441	50	3.4	43	2095	0	20	20	0.05	0	0	1
9000	441	50	3.6	23	808	0	8	8	0	0	0	1
9000	441	50	3.8	9	127	0	3	3	0	0	0	1
9000	441	50	4	6	63	0	1	1	0	0	0	1
9000	442	50	3	198	0	0	0.0	0.0	0.0	0.0	0.0	0
9000	442	50	3.2	77	905	0	58	58	0.02	0	0	1
9000	442	50	3.4	33	900	0	16	16	0.01	0	0	1
9000	442	50	3.6	16	466	0	7	7	0	0	0	1
9000	442	50	3.8	8	102	0	2	2	0	0	0	1
9000	442	50	4	4	15	0	1	1	0	0	0	1
9000	443	50	3	180	0	0	0.0	0.0	0.0	0.0	0.0	0
9000	443	50	3.2	66	476	0	48	48	0.01	0	0	1
9000	443	50	3.4	26	331	0	14	14	0	0	0	1
9000	443	50	3.6	11	182	0	3	3	0	0	0	1
9000	443	50	3.8	4	11	0	2	2	0	0	0	1
9000	443	50	4	0	0	0	0.0	0.0	0.0	0.0	0.0	0
9000	444	50	3	178	0	0	0.0	0.0	0.0	0.0	0.0	0
9000	444	50	3.2	77	1445	0	54	54	0.05	0	0	1
9000	444	50	3.4	33	1419	0	16	16	0.02	0	0	1
9000	444	50	3.6	18	1190	0	7	7	0.01	0	0	1
9000	444	50	3.8	10	220	0	3	3	0	0	0	1
9000	444	50	4	8	71	0	3	3	0	0	0	1
9000	445	50	3	197	0	0	0.0	0.0	0.0	0.0	0.0	0
9000	445	50	3.2	82	1221	0	55	55	0.06	0.01	0	1
9000	445	50	3.4	34	886	0	16	16	0.01	0	0	1
9000	445	50	3.6	16	506	0	7	7	0	0	0	1
9000	445	50	3.8	9	39	0	5	5	0	0	0	1
9000	445	50	4	3	7	0	1	1	0	0	0	1
9000	446	50	3	196	0	0	0.0	0.0	0.0	0.0	0.0	0
9000	446	50	3.2	78	466	1	59.5	60	0.01	0	0.01	1
9000	446	50	3.4	27	361	0	13	13	0	0	0	1
9000	446	50	3.6	13	232	0	5	5	0	0	0	1
9000	446	50	3.8	7	39	0	4	4	0	0	0	1
9000	446	50	4	4	11	0	2	2	0	0	0	1
9000	447	50	3	203	0	0	0.0	0.0	0.0	0.0	0.0	0
9000	447	50	3.2	89	2180	0	63	63	0.05	0	0	1
9000	447	50	3.4	38	2374	0	19	19	0.02	0	0.01	1
9000	447	50	3.6	21	1222	0	10	10	0.01	0	0	1
9000	447	50	3.8	12	326	0	5	5	0	0	0	1
9000	447	50	4	8	143	0	2	2	0	0	0	1
9000	448	50	3	195	0	0	0.0	0.0	0.0	0.0	0.0	0
9000	448	50	3.2	89	1742	1	56.8333	57	0.06	0.01	0.01	1
9000	448	50	3.4	43	1739	0	19	19	0.03	0	0	1
9000	448	50	3.6	19	696	0	7	7	0	0	0	1
9000	448	50	3.8	8	83	0	3	3	0	0	0	1
9000	448	50	4	2	3	0	1	1	0	0	0	1
9000	449	50	3	206	0	0	0.0	0.0	0.0	0.0	0.0	0
9000	449	50	3.2	80	504	0	62	62	0.01	0	0	1
9000	449	50	3.4	31	394	0	17	17	0	0	0	1
9000	449	50	3.6	14	139	0	6	6	0	0	0	1
9000	449	50	3.8	7	37	0	3	3	0	0	0	1
9000	449	50	4	5	31	0	1	1	0	0	0	1
9000	450	50	3	227	0	0	0.0	0.0	0.0	0.0	0.0	0
9000	450	50	3.2	92	808	0	76	76	0.03	0.01	0	1
9000	450	50	3.4	49	722	0	33	33	0.01	0	0	1
9000	450	50	3.6	19	413	0	9	9	0	0	0	1
9000	450	50	3.8	9	102	0	3	3	0	0	0	1
9000	450	50	4	6	35	0	2	2	0	0	0	1
9000	451	50	3	204	0	0	0.0	0.0	0.0	0.0	0.0	0
9000	451	50	3.2	82	759	0	66	66	0.01	0	0	1
9000	451	50	3.4	33	799	0	17	17	0.01	0	0	1
9000	451	50	3.6	18	390	0	8	8	0	0	0	1
9000	451	50	3.8	9	167	0	3	3	0	0	0	1
9000	451	50	4	6	47	0	2	2	0	0	0	1
9000	452	50	3	200	0	0	0.0	0.0	0.0	0.0	0.0	0
9000	452	50	3.2	86	892	0	59	59	0.03	0	0	1
9000	452	50	3.4	44	554	0	24	24	0.01	0	0	1
9000	452	50	3.6	15	269	0	6	6	0	0	0	1
9000	452	50	3.8	8	77	1	2.5	3	0	0	0	1
9000	452	50	4	4	15	0	1	1	0	0	0	1
9000	453	50	3	189	0	0	0.0	0.0	0.0	0.0	0.0	0
9000	453	50	3.2	77	598	0	61	61	0.02	0	0	1
9000	453	50	3.4	31	599	1	15.6667	16	0	0	0.01	1
9000	453	50	3.6	16	299	1	6.5	7	0	0	0	1
9000	453	50	3.8	6	27	0	3	3	0	0	0	1
9000	453	50	4	3	7	0	1	1	0	0	0	1
9000	454	50	3	193	0	0	0.0	0.0	0.0	0.0	0.0	0
9000	454	50	3.2	82	1541	0	59	59	0.07	0	0	1
9000	454	50	3.4	39	1532	0	21	21	0.02	0	0	1
9000	454	50	3.6	22	819	0	11	11	0	0	0	1
9000	454	50	3.8	7	43	0	3	3	0	0	0	1
9000	454	50	4	4	15	0	1	1	0	0	0	1
9000	455	50	3	187	0	0	0.0	0.0	0.0	0.0	0.0	0
9000	455	50	3.2	67	567	0	44	44	0	0.01	0	1
9000	455	50	3.4	35	492	0	18	18	0	0	0	1
9000	455	50	3.6	15	142	0	6	6	0	0	0	1
9000	455	50	3.8	5	10	0	3	3	0	0	0	1
9000	455	50	4	0	0	0	0.0	0.0	0.0	0.0	0.0	0
9000	456	50	3	207	0	0	0.0	0.0	0.0	0.0	0.0	0
9000	456	50	3.2	77	390	0	63	63	0.01	0	0	1
9000	456	50	3.4	33	298	0	24	24	0	0	0	1
9000	456	50	3.6	17	186	0	9	9	0	0	0	1
9000	456	50	3.8	6	17	0	3	3	0	0	0	1
9000	456	50	4	4	9	0	2	2	0	0	0	1
9000	457	50	3	199	0	0	0.0	0.0	0.0	0.0	0.0	0
9000	457	50	3.2	90	1078	0	62	62	0.02	0	0	1
9000	457	50	3.4	40	1045	0	19	19	0.01	0	0	1
9000	457	50	3.6	22	799	0	7	7	0	0	0	1
9000	457	50	3.8	12	299	0	4	4	0	0	0	1
9000	457	50	4	3	5	0	2	2	0	0	0	1
9000	458	50	3	174	0	0	0.0	0.0	0.0	0.0	0.0	0
9000	458	50	3.2	75	1150	1	54	54	0.03	0	0.01	1
9000	458	50	3.4	34	1045	0	19	19	0.01	0	0	1
9000	458	50	3.6	19	478	0	9	9	0	0	0	1
9000	458	50	3.8	10	175	0	4	4	0	0	0	1
9000	458	50	4	5	31	0	1	1	0	0	0	1
9000	459	50	3	186	0	0	0.0	0.0	0.0	0.0	0.0	0
9000	459	50	3.2	80	585	1	60.25	61	0.02	0	0	1
9000	459	50	3.4	32	583	0	18	18	0	0	0.01	1
9000	459	50	3.6	14	254	0	6	6	0	0	0	1
9000	459	50	3.8	8	171	0	2	2	0	0	0	1
9000	459	50	4	5	31	0	1	1	0	0	0	1
9000	460	50	3	207	0	0	0.0	0.0	0.0	0.0	0.0	0
9000	460	50	3.2	73	1546	0	46	46	0.03	0.01	0	1
9000	460	50	3.4	41	1749	1	18.6364	19	0.02	0.01	0.01	1
9000	460	50	3.6	23	1034	0	10	10	0.01	0	0	1
9000	460	50	3.8	10	108	0	3	3	0	0	0	1
9000	460	50	4	6	38	0	2	2	0	0	0	1
9000	461	50	3	193	0	0	0.0	0.0	0.0	0.0	0.0	0
9000	461	50	3.2	74	338	0	58	58	0	0.01	0	1
9000	461	50	3.4	23	200	0	14	14	0	0	0	1
9000	461	50	3.6	12	109	0	4	4	0	0	0	1
9000	461	50	3.8	3	5	0	2	2	0	0	0	1
9000	461	50	4	2	3	0	1	1	0	0	0	1
9000	462	50	3	205	0	0	0.0	0.0	0.0	0.0	0.0	0
9000	462	50	3.2	82	1045	1	54.5	55	0.03	0	0.01	1
9000	462	50	3.4	37	1061	0	18	18	0.01	0	0	1
9000	462	50	3.6	19	548	0	8	8	0	0	0	1
9000	462	50	3.8	8	70	0	4	4	0	0	0	1
9000	462	50	4	3	7	0	1	1	0	0	0	1
9000	463	50	3	176	0	0	0.0	0.0	0.0	0.0	0.0	0
9000	463	50	3.2	74	1058	0	51	51	0.02	0	0	1
9000	463	50	3.4	31	1433	0	13	13	0.01	0	0	1
9000	463	50	3.6	21	728	0	7	7	0	0	0	1
9000	463	50	3.8	9	124	1	2.5	3	0	0	0	1
9000	463	50	4	5	11	0	3	3	0	0	0	1
9000	464	50	3	243	0	0	0.0	0.0	0.0	0.0	0.0	0
9000	464	50	3.2	92	810	0	72	72	0.02	0	0	1
9000	464	50	3.4	39	865	0	21	21	0.01	0	0	1
9000	464	50	3.6	24	708	0	11	11	0	0.01	0	1
9000	464	50	3.8	9	117	0	3	3	0	0	0	1
9000	464	50	4	6	47	0	2	2	0	0	0	1
9000	465	50	3	201	0	0	0.0	0.0	0.0	0.0	0.0	0
9000	465	50	3.2	83	608	0	64	64	0.02	0	0	1
9000	465	50	3.4	32	529	1	16.5	17	0	0	0.01	1
9000	465	50	3.6	16	182	1	6	6	0	0	0	1
9000	465	50	3.8	5	15	0	3	3	0	0	0	1
9000	465	50	4	1	1	0	1	1	0	0	0	1
9000	466	50	3	183	0	0	0.0	0.0	0.0	0.0	0.0	0
9000	466	50	3.2	80	4155	0	50	50	0.1	0	0	1
9000	466	50	3.4	42	5122	0	23	23	0.06	0	0	1
9000	466	50	3.6	27	2806	0	14	14	0.01	0	0	1
9000	466	50	3.8	16	683	0	6	6	0	0	0	1
9000	466	50	4	7	23	0	5	5	0	0	0	1
9000	467	50	3	214	0	0	0.0	0.0	0.0	0.0	0.0	0
9000	467	50	3.2	100	782	0	84	84	0.02	0	0	1
9000	467	50	3.4	42	555	0	29	29	0	0.01	0	1
9000	467	50	3.6	20	240	0	12	12	0	0	0	1
9000	467	50	3.8	10	61	0	6	6	0	0	0	1
9000	467	50	4	4	9	0	2	2	0	0	0	1
9000	468	50	3	220	0	0	0.0	0.0	0.0	0.0	0.0	0
9000	468	50	3.2	96	1279	0	71	71	0.02	0.01	0	1
9000	468	50	3.4	44	922	0	25	25	0.01	0	0	1
9000	468	50	3.6	17	330	0	7	7	0	0	0	1
9000	468	50	3.8	9	95	0	4	4	0	0	0	1
9000	468	50	4	6	31	0	2	2	0	0	0	1
9000	469	50	3	187	0	0	0.0	0.0	0.0	0.0	0.0	0
9000	469	50	3.2	80	925	0	60	60	0.02	0	0	1
9000	469	50	3.4	35	964	0	18	18	0.01	0	0	1
9000	469	50	3.6	21	536	0	9	9	0	0	0	1
9000	469	50	3.8	7	53	0	2	2	0	0	0	1
9000	469	50	4	6	35	0	2	2	0	0	0	1
9000	470	50	3	186	0	0	0.0	0.0	0.0	0.0	0.0	0
9000	470	50	3.2	70	385	0	53	53	0.01	0	0	1
9000	470	50	3.4	30	286	0	19	19	0	0	0	1
9000	470	50	3.6	12	91	0	6	6	0	0	0	1
9000	470	50	3.8	3	5	0	2	2	0	0	0	1
9000	470	50	4	1	1	0	1	1	0	0	0	1
9000	471	50	3	217	0	0	0.0	0.0	0.0	0.0	0.0	0
9000	471	50	3.2	97	677	0	76	76	0.03	0	0	1
9000	471	50	3.4	40	615	0	25	25	0.01	0	0	1
9000	471	50	3.6	20	343	0	9	9	0	0	0	1
9000	471	50	3.8	12	280	0	3	3	0	0	0	1
9000	471	50	4	11	180	1	3.5	4	0	0	0	1
9000	472	50	3	215	0	0	0.0	0.0	0.0	0.0	0.0	0
9000	472	50	3.2	84	582	1	62.5	63	0.01	0	0	1
9000	472	50	3.4	38	508	1	18.5	19	0	0	0.01	1
9000	472	50	3.6	15	110	0	8	8	0	0	0	1
9000	472	50	3.8	7	18	0	5	5	0	0	0	1
9000	472	50	4	4	11	0	2	2	0	0	0	1
9000	473	50	3	176	0	0	0.0	0.0	0.0	0.0	0.0	0
9000	473	50	3.2	89	1864	0	60	60	0.05	0	0	1
9000	473	50	3.4	38	1479	0	18	18	0.03	0	0.01	1
9000	473	50	3.6	21	695	0	10	10	0	0	0	1
9000	473	50	3.8	10	191	0	3	3	0	0	0	1
9000	473	50	4	5	17	0	2	2	0	0	0	1
9000	474	50	3	176	0	0	0.0	0.0	0.0	0.0	0.0	0
9000	474	50	3.2	81	543	0	63	63	0.01	0	0	1
9000	474	50	3.4	27	486	0	15	15	0	0	0	1
9000	474	50	3.6	15	334	1	4.33333	5	0	0	0	1
9000	474	50	3.8	6	33	0	2	2	0	0	0	1
9000	474	50	4	2	3	0	1	1	0	0	0	1
9000	475	50	3	194	0	0	0.0	0.0	0.0	0.0	0.0	0
9000	475	50	3.2	72	1063	0	52	52	0.02	0	0	1
9000	475	50	3.4	38	1168	0	20	20	0.02	0	0	1
9000	475	50	3.6	21	639	0	10	10	0	0	0	1
9000	475	50	3.8	10	104	0	5	5	0	0	0	1
9000	475	50	4	3	7	0	1	1	0	0	0	1
9000	476	50	3	197	0	0	0.0	0.0	0.0	0.0	0.0	0
9000	476	50	3.2	76	1546	0	56	56	0.03	0	0	1
9000	476	50	3.4	36	1592	0	18	18	0.01	0	0	1
9000	476	50	3.6	22	480	0	8	8	0	0	0	1
9000	476	50	3.8	11	139	0	4	4	0	0	0	1
9000	476	50	4	5	14	0	2	2	0	0	0	1
9000	477	50	3	228	0	0	0.0	0.0	0.0	0.0	0.0	0
9000	477	50	3.2	91	1617	0	64	64	0.09	0	0.01	1
9000	477	50	3.4	44	1719	0	26	26	0.02	0.01	0	1
9000	477	50	3.6	22	898	0	8	8	0	0	0	1
9000	477	50	3.8	12	349	0	3	3	0	0	0	1
9000	477	50	4	10	95	0	5	5	0	0	0	1
9000	478	50	3	200	0	0	0.0	0.0	0.0	0.0	0.0	0
9000	478	50	3.2	79	1526	0	56	56	0.05	0	0.01	1
9000	478	50	3.4	31	1249	0	15	15	0.01	0.01	0	1
9000	478	50	3.6	14	408	0	6	6	0	0	0	1
9000	478	50	3.8	9	183	0	3	3	0	0	0	1
9000	478	50	4	6	63	0	1	1	0	0	0	1
9000	479	50	3	173	0	0	0.0	0.0	0.0	0.0	0.0	0
9000	479	50	3.2	75	453	0	55	55	0.01	0	0	1
9000	479	50	3.4	29	467	0	18	18	0	0	0.01	1
9000	479	50	3.6	16	295	0	7	7	0	0	0	1
9000	479	50	3.8	8	37	0	5	5	0	0	0	1
9000	479	50	4	2	3	0	1	1	0	0	0	1
9000	480	50	3	194	0	0	0.0	0.0	0.0	0.0	0.0	0
9000	480	50	3.2	90	2473	0	64	64	0.05	0	0	1
9000	480	50	3.4	39	2792	0	19	19	0.03	0	0.02	1
9000	480	50	3.6	21	2041	0	6	6	0.01	0	0	1
9000	480	50	3.8	11	369	0	3	3	0	0	0	1
9000	480	50	4	8	83	0	3	3	0	0	0	1
9000	481	50	3	190	0	0	0.0	0.0	0.0	0.0	0.0	0
9000	481	50	3.2	88	466	0	69	69	0.01	0	0	1
9000	481	50	3.4	35	301	0	21	21	0	0	0	1
9000	481	50	3.6	14	85	0	9	9	0	0	0	1
9000	481	50	3.8	8	25	0	6	6	0	0	0	1
9000	481	50	4	5	9	0	4	4	0	0	0	1
9000	482	50	3	177	0	0	0.0	0.0	0.0	0.0	0.0	0
9000	482	50	3.2	68	330	0	51	51	0.01	0	0	1
9000	482	50	3.4	33	190	1	19.5	20	0	0	0	1
9000	482	50	3.6	11	42	0	7	7	0	0	0	1
9000	482	50	3.8	6	13	0	4	4	0	0	0	1
9000	482	50	4	3	4	0	2	2	0	0	0	1
9000	483	50	3	165	0	0	0.0	0.0	0.0	0.0	0.0	0
9000	483	50	3.2	62	727	0	44	44	0.01	0	0	1
9000	483	50	3.4	28	527	0	15	15	0	0	0	1
9000	483	50	3.6	11	196	0	4	4	0	0	0	1
9000	483	50	3.8	5	12	0	2	2	0	0	0	1
9000	483	50	4	0	0	0	0.0	0.0	0.0	0.0	0.0	0
9000	484	50	3	202	0	0	0.0	0.0	0.0	0.0	0.0	0
9000	484	50	3.2	70	463	0	52	52	0.02	0	0	1
9000	484	50	3.4	34	433	0	19	19	0	0	0.01	1
9000	484	50	3.6	14	152	0	6	6	0	0	0	1
9000	484	50	3.8	8	49	0	4	4	0	0	0	1
9000	484	50	4	3	7	0	1	1	0	0	0	1
9000	485	50	3	192	0	0	0.0	0.0	0.0	0.0	0.0	0
9000	485	50	3.2	83	1341	0	54	54	0.03	0	0.01	1
9000	485	50	3.4	38	899	0	21	21	0.01	0.01	0	1
9000	485	50	3.6	14	300	1	4.5	5	0	0	0	1
9000	485	50	3.8	7	41	0	3	3	0	0	0	1
9000	485	50	4	5	17	0	2	2	0	0	0	1
9000	486	50	3	204	0	0	0.0	0.0	0.0	0.0	0.0	0
9000	486	50	3.2	73	456	0	52	52	0.01	0	0	1
9000	486	50	3.4	31	409	0	16	16	0	0	0	1
9000	486	50	3.6	18	265	0	10	10	0	0	0	1
9000	486	50	3.8	10	133	0	3	3	0	0	0	1
9000	486	50	4	4	7	0	3	3	0	0	0	1
9000	487	50	3	181	0	0	0.0	0.0	0.0	0.0	0.0	0
9000	487	50	3.2	75	1585	0	49	49	0.07	0	0.01	1
9000	487	50	3.4	32	1418	0	14	14	0.02	0	0	1
9000	487	50	3.6	16	377	0	6	6	0	0	0	1
9000	487	50	3.8	7	45	0	3	3	0	0	0	1
9000	487	50	4	2	3	0	1	1	0	0	0	1
9000	488	50	3	214	0	0	0.0	0.0	0.0	0.0	0.0	0
9000	488	50	3.2	81	1954	0	53	53	0.04	0	0	1
9000	488	50	3.4	40	1785	0	19	19	0.02	0	0	1
9000	488	50	3.6	20	648	0	10	10	0	0	0	1
9000	488	50	3.8	9	162	0	2	2	0	0	0	1
9000	488	50	4	7	95	0	2	2	0	0	0	1
9000	489	50	3	170	0	0	0.0	0.0	0.0	0.0	0.0	0
9000	489	50	3.2	74	1066	0	53	53	0.03	0	0	1
9000	489	50	3.4	36	880	0	21	21	0.01	0	0	1
9000	489	50	3.6	13	424	0	4	4	0	0	0	1
9000	489	50	3.8	9	135	0	3	3	0	0	0	1
9000	489	50	4	6	47	0	2	2	0	0	0	1
9000	490	50	3	241	0	0	0.0	0.0	0.0	0.0	0.0	0
9000	490	50	3.2	83	732	0	60	60	0.01	0	0	1
9000	490	50	3.4	39	885	0	21	21	0.01	0	0.01	1
9000	490	50	3.6	20	658	0	7	7	0	0	0	1
9000	490	50	3.8	13	328	0	5	5	0	0	0	1
9000	490	50	4	7	39	0	3	3	0	0	0	1
9000	491	50	3	203	0	0	0.0	0.0	0.0	0.0	0.0	0
9000	491	50	3.2	93	1074	1	62.6	63	0.03	0	0.02	1
9000	491	50	3.4	46	923	1	25.3333	26	0.01	0	0.01	1
9000	491	50	3.6	16	320	0	5	5	0	0	0	1
9000	491	50	3.8	7	79	0	2	2	0	0	0	1
9000	491	50	4	5	31	0	1	1	0	0	0	1
9000	492	50	3	195	0	0	0.0	0.0	0.0	0.0	0.0	0
9000	492	50	3.2	69	708	1	49.3333	50	0.02	0	0	1
9000	492	50	3.4	25	615	0	10	10	0	0	0	1
9000	492	50	3.6	15	250	0	6	6	0	0	0	1
9000	492	50	3.8	7	59	0	2	2	0	0	0	1
9000	492	50	4	3	7	0	1	1	0	0	0	1
9000	493	50	3	190	0	0	0.0	0.0	0.0	0.0	0.0	0
9000	493	50	3.2	66	447	0	46	46	0.01	0	0	1
9000	493	50	3.4	31	383	0	17	17	0	0	0	1
9000	493	50	3.6	13	85	0	5	5	0	0	0	1
9000	493	50	3.8	5	17	0	2	2	0	0	0	1
9000	493	50	4	3	7	0	1	1	0	0	0	1
9000	494	50	3	174	0	0	0.0	0.0	0.0	0.0	0.0	0
9000	494	50	3.2	66	1222	0	45	45	0.02	0	0	1
9000	494	50	3.4	33	984	0	18	18	0.01	0	0.01	1
9000	494	50	3.6	15	267	0	5	5	0	0	0	1
9000	494	50	3.8	7	59	0	2	2	0	0	0	1
9000	494	50	4	3	7	0	1	1	0	0	0	1
9000	495	50	3	210	0	0	0.0	0.0	0.0	0.0	0.0	0
9000	495	50	3.2	84	865	0	58	58	0.02	0	0	1
9000	495	50	3.4	39	567	0	22	22	0	0	0	1
9000	495	50	3.6	18	354	0	7	7	0	0	0	1
9000	495	50	3.8	9	109	0	3	3	0	0	0	1
9000	495	50	4	6	63	0	1	1	0	0	0	1
9000	496	50	3	199	0	0	0.0	0.0	0.0	0.0	0.0	0
9000	496	50	3.2	81	998	0	54	54	0.03	0	0	1
9000	496	50	3.4	37	926	1	17.75	18	0.01	0	0	1
9000	496	50	3.6	17	492	0	5	5	0	0	0	1
9000	496	50	3.8	7	46	0	2	2	0	0	0	1
9000	496	50	4	3	7	0	1	1	0	0	0	1
9000	497	50	3	203	0	0	0.0	0.0	0.0	0.0	0.0	0
9000	497	50	3.2	80	534	1	60.5	61	0.01	0	0.01	1
9000	497	50	3.4	26	313	0	17	17	0	0	0	1
9000	497	50	3.6	12	188	0	5	5	0	0	0	1
9000	497	50	3.8	9	119	0	4	4	0	0	0	1
9000	497	50	4	7	47	0	3	3	0	0	0	1
9000	498	50	3	174	0	0	0.0	0.0	0.0	0.0	0.0	0
9000	498	50	3.2	82	1047	0	58	58	0.04	0	0	1
9000	498	50	3.4	33	986	0	15	15	0.02	0	0	1
9000	498	50	3.6	18	554	0	8	8	0	0	0	1
9000	498	50	3.8	11	204	0	4	4	0	0	0	1
9000	498	50	4	7	47	0	3	3	0	0	0	1
9000	499	50	3	235	0	0	0.0	0.0	0.0	0.0	0.0	0
9000	499	50	3.2	98	682	0	76	76	0.02	0	0	1
9000	499	50	3.4	39	502	0	23	23	0.01	0	0	1
9000	499	50	3.6	16	172	0	8	8	0	0	0	1
9000	499	50	3.8	9	119	0	4	4	0	0	0	1
9000	499	50	4	5	31	0	1	1	0	0	0	1
9000	500	50	3	183	0	0	0.0	0.0	0.0	0.0	0.0	0
9000	500	50	3.2	70	845	0	49	49	0.03	0	0	1
9000	500	50	3.4	34	735	0	19	19	0	0	0	1
9000	500	50	3.6	16	130	0	9	9	0	0	0	1
9000	500	50	3.8	7	47	0	3	3	0	0	0	1
9000	500	50	4	5	23	0	2	2	0	0	0	1
9000	501	50	3	193	0	0	0.0	0.0	0.0	0.0	0.0	0
9000	501	50	3.2	77	780	0	59	59	0.03	0	0	1
9000	501	50	3.4	36	780	0	22	22	0	0	0	1
9000	501	50	3.6	17	236	0	7	7	0	0	0	1
9000	501	50	3.8	6	26	0	2	2	0	0	0	1
9000	501	50	4	3	5	0	2	2	0	0	0	1
9000	502	50	3	227	0	0	0.0	0.0	0.0	0.0	0.0	0
9000	502	50	3.2	84	1355	0	60	60	0.05	0	0	1
9000	502	50	3.4	42	1871	0	24	24	0.03	0	0	1
9000	502	50	3.6	24	1757	0	9	9	0	0.01	0.01	1
9000	502	50	3.8	16	1032	0	5	5	0	0	0	1
9000	502	50	4	11	359	0	3	3	0	0	0	1
9000	503	50	3	240	0	0	0.0	0.0	0.0	0.0	0.0	0
9000	503	50	3.2	90	246	0	73	73	0	0	0	1
9000	503	50	3.4	36	164	0	22	22	0	0	0	1
9000	503	50	3.6	14	70	0	6	6	0	0	0	1
9000	503	50	3.8	7	35	0	3	3	0	0	0	1
9000	503	50	4	4	8	0	2	2	0	0	0	1
9000	504	50	3	194	0	0	0.0	0.0	0.0	0.0	0.0	0
9000	504	50	3.2	80	885	0	63	63	0.02	0	0	1
9000	504	50	3.4	35	903	0	21	21	0.01	0	0	1
9000	504	50	3.6	22	887	1	9.5	10	0.01	0	0	1
9000	504	50	3.8	11	105	0	4	4	0	0	0	1
9000	504	50	4	4	15	0	1	1	0	0	0	1
9000	505	50	3	214	0	0	0.0	0.0	0.0	0.0	0.0	0
9000	505	50	3.2	92	1463	0	71	71	0.03	0	0	1
9000	505	50	3.4	38	1509	0	21	21	0.01	0	0	1
9000	505	50	3.6	18	599	0	8	8	0	0	0	1
9000	505	50	3.8	9	107	0	4	4	0	0	0	1
9000	505	50	4	6	47	0	2	2	0	0	0	1
9000	506	50	3	183	0	0	0.0	0.0	0.0	0.0	0.0	0
9000	506	50	3.2	69	2452	0	46	46	0.06	0	0	1
9000	506	50	3.4	31	2339	0	12	12	0.02	0	0	1
9000	506	50	3.6	20	932	0	6	6	0.01	0	0	1
9000	506	50	3.8	10	167	0	3	3	0	0	0	1
9000	506	50	4	4	15	0	1	1	0	0	0	1
9000	507	50	3	182	0	0	0.0	0.0	0.0	0.0	0.0	0
9000	507	50	3.2	79	1751	0	54	54	0.06	0	0	1
9000	507	50	3.4	37	2056	1	17.6	18	0.01	0.01	0.01	1
9000	507	50	3.6	22	1159	0	10	10	0	0	0.02	1
9000	507	50	3.8	10	239	0	3	3	0	0	0	1
9000	507	50	4	7	71	0	2	2	0	0	0	1
9000	508	50	3	187	0	0	0.0	0.0	0.0	0.0	0.0	0
9000	508	50	3.2	81	953	0	60	60	0.02	0	0	1
9000	508	50	3.4	39	713	0	23	23	0.01	0	0	1
9000	508	50	3.6	18	329	0	9	9	0	0	0	1
9000	508	50	3.8	8	59	0	4	4	0	0	0	1
9000	508	50	4	7	47	0	3	3	0	0	0	1
9000	509	50	3	181	0	0	0.0	0.0	0.0	0.0	0.0	0
9000	509	50	3.2	79	1168	0	53	53	0.03	0	0	1
9000	509	50	3.4	36	605	0	17	17	0	0	0	1
9000	509	50	3.6	14	259	0	5	5	0	0	0	1
9000	509	50	3.8	9	96	0	4	4	0	0	0	1
9000	509	50	4	8	95	0	3	3	0	0	0	1
9000	510	50	3	205	0	0	0.0	0.0	0.0	0.0	0.0	0
9000	510	50	3.2	89	916	0	64	64	0.03	0	0	1
9000	510	50	3.4	43	718	0	26	26	0	0	0	1
9000	510	50	3.6	22	349	0	13	13	0	0	0	1
9000	510	50	3.8	8	65	1	3.5	4	0	0	0	1
9000	510	50	4	6	47	0	2	2	0	0	0	1
9000	511	50	3	197	0	0	0.0	0.0	0.0	0.0	0.0	0
9000	511	50	3.2	89	650	1	67.3333	68	0.03	0	0.01	1
9000	511	50	3.4	44	482	0	29	29	0.01	0	0	1
9000	511	50	3.6	17	226	1	8	8	0	0	0	1
9000	511	50	3.8	7	59	0	2	2	0	0	0	1
9000	511	50	4	5	23	0	2	2	0	0	0	1
9000	512	50	3	202	0	0	0.0	0.0	0.0	0.0	0.0	0
9000	512	50	3.2	89	3461	0	59	59	0.12	0	0	1
9000	512	50	3.4	47	2882	0	22	22	0.06	0	0.01	1
9000	512	50	3.6	21	1087	0	7	7	0.01	0.01	0	1
9000	512	50	3.8	15	403	0	5	5	0	0	0	1
9000	512	50	4	10	143	0	5	5	0	0	0	1
9000	513	50	3	184	0	0	0.0	0.0	0.0	0.0	0.0	0
9000	513	50	3.2	78	837	0	58	58	0.04	0	0	1
9000	513	50	3.4	34	755	0	20	20	0	0	0	1
9000	513	50	3.6	18	272	0	11	11	0	0	0	1
9000	513	50	3.8	10	58	0	6	6	0	0	0	1
9000	513	50	4	5	17	0	2	2	0	0	0	1
9000	514	50	3	225	0	0	0.0	0.0	0.0	0.0	0.0	0
9000	514	50	3.2	91	1000	0	69	69	0.03	0	0	1
9000	514	50	3.4	46	989	0	27	27	0.02	0	0	1
9000	514	50	3.6	20	374	0	9	9	0	0	0	1
9000	514	50	3.8	8	75	0	3	3	0	0	0	1
9000	514	50	4	6	42	0	2	2	0	0	0	1
9000	515	50	3	189	0	0	0.0	0.0	0.0	0.0	0.0	0
9000	515	50	3.2	75	1211	0	46	46	0.02	0.01	0	1
9000	515	50	3.4	38	1017	1	16.75	17	0.01	0	0.01	1
9000	515	50	3.6	19	612	0	9	9	0	0	0	1
9000	515	50	3.8	11	111	0	5	5	0	0	0	1
9000	515	50	4	6	31	0	3	3	0	0	0	1
9000	516	50	3	169	0	0	0.0	0.0	0.0	0.0	0.0	0
9000	516	50	3.2	65	3384	0	41	41	0.11	0.01	0	1
9000	516	50	3.4	37	2949	0	15	15	0.06	0	0	1
9000	516	50	3.6	17	1936	0	6	6	0.01	0	0.01	1
9000	516	50	3.8	11	276	0	3	3	0	0	0	1
9000	516	50	4	4	15	0	1	1	0	0	0	1
9000	517	50	3	214	0	0	0.0	0.0	0.0	0.0	0.0	0
9000	517	50	3.2	92	887	0	74	74	0.03	0	0	1
9000	517	50	3.4	37	986	0	22	22	0.01	0	0	1
9000	517	50	3.6	19	645	0	6	6	0	0	0	1
9000	517	50	3.8	9	108	0	2	2	0	0	0	1
9000	517	50	4	6	39	0	2	2	0	0	0	1
9000	518	50	3	210	0	0	0.0	0.0	0.0	0.0	0.0	0
9000	518	50	3.2	75	352	0	57	57	0.01	0	0	1
9000	518	50	3.4	28	185	0	19	19	0	0	0	1
9000	518	50	3.6	16	70	0	9	9	0	0	0	1
9000	518	50	3.8	3	4	0	2	2	0	0	0	1
9000	518	50	4	1	1	0	1	1	0	0	0	1
9000	519	50	3	240	0	0	0.0	0.0	0.0	0.0	0.0	0
9000	519	50	3.2	108	703	0	85	85	0.03	0	0	1
9000	519	50	3.4	52	626	0	34	34	0.01	0	0	1
9000	519	50	3.6	24	313	0	13	13	0	0	0	1
9000	519	50	3.8	8	31	0	4	4	0	0	0	1
9000	519	50	4	4	8	0	2	2	0	0	0	1
9000	520	50	3	195	0	0	0.0	0.0	0.0	0.0	0.0	0
9000	520	50	3.2	90	590	0	69	69	0.02	0	0	1
9000	520	50	3.4	36	478	0	22	22	0.01	0	0	1
9000	520	50	3.6	16	272	0	8	8	0	0	0	1
9000	520	50	3.8	9	101	0	3	3	0	0	0	1
9000	520	50	4	5	23	0	2	2	0	0	0	1
9000	521	50	3	211	0	0	0.0	0.0	0.0	0.0	0.0	0
9000	521	50	3.2	111	4213	0	75	75	0.16	0	0	1
9000	521	50	3.4	56	3573	1	31.5	32	0.06	0	0.03	1
9000	521	50	3.6	32	2571	0	18	18	0.06	0	0	1
9000	521	50	3.8	16	555	0	8	8	0	0	0	1
9000	521	50	4	9	119	0	3	3	0	0	0	1
9000	522	50	3	182	0	0	0.0	0.0	0.0	0.0	0.0	0
9000	522	50	3.2	81	1601	0	56	56	0.03	0	0	1
9000	522	50	3.4	37	1725	0	18	18	0.01	0.01	0	1
9000	522	50	3.6	18	742	0	6	6	0	0	0	1
9000	522	50	3.8	13	386	0	4	4	0	0	0	1
9000	522	50	4	6	35	0	2	2	0	0	0	1
9000	523	50	3	182	0	0	0.0	0.0	0.0	0.0	0.0	0
9000	523	50	3.2	72	1105	0	49	49	0.02	0	0	1
9000	523	50	3.4	37	1022	0	20	20	0.02	0	0	1
9000	523	50	3.6	17	324	0	7	7	0	0	0	1
9000	523	50	3.8	10	66	0	4	4	0	0	0	1
9000	523	50	4	4	11	0	2	2	0	0	0	1
9000	524	50	3	195	0	0	0.0	0.0	0.0	0.0	0.0	0
9000	524	50	3.2	90	2257	0	63	63	0.06	0	0	1
9000	524	50	3.4	44	2662	1	18.5	19	0.03	0	0.06	1
9000	524	50	3.6	23	1334	0	7	7	0	0	0.02	1
9000	524	50	3.8	13	496	0	4	4	0	0	0	1
9000	524	50	4	7	71	0	2	2	0	0	0	1
9000	525	50	3	229	0	0	0.0	0.0	0.0	0.0	0.0	0
9000	525	50	3.2	98	1199	0	77	77	0.04	0	0	1
9000	525	50	3.4	50	1695	0	33	33	0.03	0	0	1
9000	525	50	3.6	25	916	0	13	13	0.01	0	0	1
9000	525	50	3.8	17	544	0	9	9	0	0	0	1
9000	525	50	4	8	47	0	5	5	0	0	0	1
9000	526	50	3	178	0	0	0.0	0.0	0.0	0.0	0.0	0
9000	526	50	3.2	67	308	0	54	54	0.01	0	0	1
9000	526	50	3.4	25	191	1	13.5	14	0	0	0	1
9000	526	50	3.6	8	31	0	5	5	0	0	0	1
9000	526	50	3.8	5	23	0	2	2	0	0	0	1
9000	526	50	4	2	2	0	2	2	0	0	0	1
9000	527	50	3	197	0	0	0.0	0.0	0.0	0.0	0.0	0
9000	527	50	3.2	73	612	0	51	51	0.03	0	0	1
9000	527	50	3.4	35	701	0	18	18	0.01	0	0	1
9000	527	50	3.6	16	211	0	6	6	0	0	0	1
9000	527	50	3.8	9	103	0	3	3	0	0	0	1
9000	527	50	4	4	11	0	2	2	0	0	0	1
9000	528	50	3	200	0	0	0.0	0.0	0.0	0.0	0.0	0
9000	528	50	3.2	91	616	0	68	68	0.01	0	0	1
9000	528	50	3.4	37	478	0	20	20	0	0	0	1
9000	528	50	3.6	11	124	0	4	4	0	0	0	1
9000	528	50	3.8	5	17	0	2	2	0	0	0	1
9000	528	50	4	2	3	0	1	1	0	0	0	1
9000	529	50	3	181	0	0	0.0	0.0	0.0	0.0	0.0	0
9000	529	50	3.2	68	820	0	50	50	0.01	0	0	1
9000	529	50	3.4	29	702	0	18	18	0	0	0	1
9000	529	50	3.6	16	348	0	7	7	0	0	0	1
9000	529	50	3.8	7	59	0	3	3	0	0	0	1
9000	529	50	4	3	5	0	2	2	0	0	0	1
9000	530	50	3	168	0	0	0.0	0.0	0.0	0.0	0.0	0
9000	530	50	3.2	70	1493	0	51	51	0.03	0	0	1
9000	530	50	3.4	39	1731	0	22	22	0.02	0	0	1
9000	530	50	3.6	20	608	0	12	12	0	0	0	1
9000	530	50	3.8	13	162	0	8	8	0	0	0	1
9000	530	50	4	9	95	0	5	5	0	0	0	1
9000	531	50	3	201	0	0	0.0	0.0	0.0	0.0	0.0	0
9000	531	50	3.2	94	1596	0	64	64	0.05	0	0	1
9000	531	50	3.4	54	1407	0	33	33	0.03	0	0	1
9000	531	50	3.6	21	655	0	11	11	0	0	0	1
9000	531	50	3.8	14	383	0	7	7	0	0	0	1
9000	531	50	4	9	55	0	6	6	0	0	0	1
9000	532	50	3	185	0	0	0.0	0.0	0.0	0.0	0.0	0
9000	532	50	3.2	74	778	0	60	60	0.01	0	0	1
9000	532	50	3.4	39	850	0	26	26	0	0	0	1
9000	532	50	3.6	20	440	0	11	11	0	0	0	1
9000	532	50	3.8	11	95	0	6	6	0	0	0	1
9000	532	50	4	4	15	0	1	1	0	0	0	1
9000	533	50	3	227	0	0	0.0	0.0	0.0	0.0	0.0	0
9000	533	50	3.2	101	859	0	75	75	0.02	0	0	1
9000	533	50	3.4	42	854	1	20.8	21	0.01	0	0.01	1
9000	533	50	3.6	19	268	1	7.5	8	0	0	0.01	1
9000	533	50	3.8	6	24	0	2	2	0	0	0	1
9000	533	50	4	1	1	0	1	1	0	0	0	1
9000	534	50	3	196	0	0	0.0	0.0	0.0	0.0	0.0	0
9000	534	50	3.2	94	1947	0	70	70	0.11	0	0	1
9000	534	50	3.4	41	2298	0	17	17	0.05	0	0	1
9000	534	50	3.6	25	1112	0	12	12	0.01	0	0	1
9000	534	50	3.8	16	392	0	9	9	0	0	0	1
9000	534	50	4	9	127	0	3	3	0	0	0	1
9000	535	50	3	192	0	0	0.0	0.0	0.0	0.0	0.0	0
9000	535	50	3.2	89	1028	0	62	62	0.03	0.01	0	1
9000	535	50	3.4	36	546	0	21	21	0.01	0	0	1
9000	535	50	3.6	13	224	0	5	5	0	0	0	1
9000	535	50	3.8	7	51	0	2	2	0	0	0	1
9000	535	50	4	3	7	0	1	1	0	0	0	1
9000	536	50	3	195	0	0	0.0	0.0	0.0	0.0	0.0	0
9000	536	50	3.2	78	1353	0	61	61	0.06	0	0.01	1
9000	536	50	3.4	34	1166	0	21	21	0.01	0.01	0	1
9000	536	50	3.6	23	981	0	13	13	0.01	0	0.01	1
9000	536	50	3.8	15	553	0	6	6	0	0	0	1
9000	536	50	4	6	31	0	3	3	0	0	0	1
9000	537	50	3	203	0	0	0.0	0.0	0.0	0.0	0.0	0
9000	537	50	3.2	82	1822	0	57	57	0.1	0	0	1
9000	537	50	3.4	37	2010	1	17.5	18	0.05	0	0.03	1
9000	537	50	3.6	19	984	0	6	6	0.01	0	0	1
9000	537	50	3.8	10	144	0	4	4	0	0	0	1
9000	537	50	4	6	63	0	1	1	0	0	0	1
9000	538	50	3	186	0	0	0.0	0.0	0.0	0.0	0.0	0
9000	538	50	3.2	86	1473	0	60	60	0.07	0	0	1
9000	538	50	3.4	38	1688	0	18	18	0.03	0	0	1
9000	538	50	3.6	20	470	0	8	8	0	0	0.01	1
9000	538	50	3.8	6	25	0	2	2	0	0	0	1
9000	538	50	4	3	6	1	1.5	2	0	0	0.01	1
9000	539	50	3	190	0	0	0.0	0.0	0.0	0.0	0.0	0
9000	539	50	3.2	72	258	0	60	60	0.01	0	0	1
9000	539	50	3.4	24	170	0	15	15	0	0	0	1
9000	539	50	3.6	10	54	0	5	5	0	0	0	1
9000	539	50	3.8	4	7	0	3	3	0	0	0	1
9000	539	50	4	2	3	0	1	1	0	0	0	1
9000	540	50	3	201	0	0	0.0	0.0	0.0	0.0	0.0	0
9000	540	50	3.2	88	1103	0	64	64	0.04	0	0	1
9000	540	50	3.4	31	591	0	16	16	0.01	0	0	1
9000	540	50	3.6	12	152	0	4	4	0	0	0	1
9000	540	50	3.8	6	35	0	2	2	0	0	0	1
9000	540	50	4	4	10	0	2	2	0	0	0	1
9000	541	50	3	197	0	0	0.0	0.0	0.0	0.0	0.0	0
9000	541	50	3.2	84	575	0	60	60	0.01	0	0	1
9000	541	50	3.4	38	332	0	21	21	0	0	0	1
9000	541	50	3.6	9	36	0	4	4	0	0	0	1
9000	541	50	3.8	3	5	0	2	2	0	0	0	1
9000	541	50	4	3	5	0	2	2	0	0	0	1
9000	542	50	3	192	0	0	0.0	0.0	0.0	0.0	0.0	0
9000	542	50	3.2	79	1290	0	56	56	0.07	0	0	1
9000	542	50	3.4	35	1398	0	18	18	0.02	0	0	1
9000	542	50	3.6	19	975	0	8	8	0.01	0	0	1
9000	542	50	3.8	11	329	0	4	4	0	0	0	1
9000	542	50	4	8	127	0	3	3	0	0	0	1
9000	543	50	3	193	0	0	0.0	0.0	0.0	0.0	0.0	0
9000	543	50	3.2	85	388	0	64	64	0.02	0	0	1
9000	543	50	3.4	38	243	0	25	25	0	0	0	1
9000	543	50	3.6	16	120	0	9	9	0	0	0	1
9000	543	50	3.8	8	36	0	4	4	0	0	0	1
9000	543	50	4	3	7	0	1	1	0	0	0	1
9000	544	50	3	227	0	0	0.0	0.0	0.0	0.0	0.0	0
9000	544	50	3.2	85	429	0	67	67	0.01	0	0	1
9000	544	50	3.4	39	380	0	24	24	0	0	0.04	1
9000	544	50	3.6	16	201	1	7.5	8	0	0	0	1
9000	544	50	3.8	6	27	0	3	3	0	0	0.02	1
9000	544	50	4	3	5	0	2	2	0	0	0	1
9000	545	50	3	170	0	0	0.0	0.0	0.0	0.0	0.0	0
9000	545	50	3.2	68	533	0	51	51	0.02	0	0	1
9000	545	50	3.4	25	422	0	13	13	0	0	0	1
9000	545	50	3.6	12	168	0	5	5	0	0	0	1
9000	545	50	3.8	7	49	0	3	3	0	0	0	1
9000	545	50	4	5	31	0	1	1	0	0	0	1
9000	546	50	3	206	0	0	0.0	0.0	0.0	0.0	0.0	0
9000	546	50	3.2	83	1118	0	56	56	0.02	0	0	1
9000	546	50	3.4	41	886	0	24	24	0.01	0	0	1
9000	546	50	3.6	18	452	0	8	8	0	0	0	1
9000	546	50	3.8	8	95	0	3	3	0	0	0	1
9000	546	50	4	6	27	0	3	3	0	0	0	1
9000	547	50	3	189	0	0	0.0	0.0	0.0	0.0	0.0	0
9000	547	50	3.2	90	1293	0	61	61	0.03	0	0	1
9000	547	50	3.4	42	950	0	22	22	0.01	0	0	1
9000	547	50	3.6	19	298	0	11	11	0	0	0	1
9000	547	50	3.8	7	26	0	3	3	0	0	0	1
9000	547	50	4	3	7	0	1	1	0	0	0	1
9000	548	50	3	193	0	0	0.0	0.0	0.0	0.0	0.0	0
9000	548	50	3.2	80	1116	0	54	54	0.04	0	0	1
9000	548	50	3.4	34	1104	1	14.6667	15	0.01	0	0.01	1
9000	548	50	3.6	18	474	0	8	8	0	0	0	1
9000	548	50	3.8	10	167	0	3	3	0	0	0	1
9000	548	50	4	4	11	0	2	2	0	0	0	1
9000	549	50	3	192	0	0	0.0	0.0	0.0	0.0	0.0	0
9000	549	50	3.2	83	783	0	59	59	0.02	0	0.01	1
9000	549	50	3.4	35	366	0	19	19	0	0	0	1
9000	549	50	3.6	11	168	0	4	4	0	0	0	1
9000	549	50	3.8	8	79	0	2	2	0	0	0	1
9000	549	50	4	4	15	0	1	1	0	0	0	1
9000	550	50	3	217	0	0	0.0	0.0	0.0	0.0	0.0	0
9000	550	50	3.2	76	360	0	59	59	0.01	0	0	1
9000	550	50	3.4	35	280	0	22	22	0	0	0	1
9000	550	50	3.6	12	54	0	5	5	0	0	0	1
9000	550	50	3.8	4	9	0	2	2	0	0	0	1
9000	550	50	4	3	7	0	1	1	0	0	0	1
9000	551	50	3	175	0	0	0.0	0.0	0.0	0.0	0.0	0
9000	551	50	3.2	78	483	1	58.2	59	0.01	0	0.01	1
9000	551	50	3.4	27	437	0	14	14	0	0	0	1
9000	551	50	3.6	14	278	0	5	5	0	0	0	1
9000	551	50	3.8	6	47	0	2	2	0	0	0	1
9000	551	50	4	4	15	0	1	1	0	0	0	1
9000	552	50	3	172	0	0	0.0	0.0	0.0	0.0	0.0	0
9000	552	50	3.2	73	1059	1	44.6667	45	0.02	0	0.02	1
9000	552	50	3.4	37	753	0	18	18	0.01	0	0	1
9000	552	50	3.6	20	204	0	12	12	0	0	0	1
9000	552	50	3.8	9	33	0	6	6	0	0	0	1
9000	552	50	4	2	3	0	1	1	0	0	0	1
9000	553	50	3	187	0	0	0.0	0.0	0.0	0.0	0.0	0
9000	553	50	3.2	79	568	0	61	61	0.01	0	0	1
9000	553	50	3.4	31	289	0	21	21	0	0	0	1
9000	553	50	3.6	11	71	0	6	6	0	0	0	1
9000	553	50	3.8	4	11	0	2	2	0	0	0	1
9000	553	50	4	3	5	0	2	2	0	0	0	1
9000	554	50	3	184	0	0	0.0	0.0	0.0	0.0	0.0	0
9000	554	50	3.2	78	1742	0	54	54	0.06	0	0	1
9000	554	50	3.4	33	1404	0	16	16	0.01	0	0	1
9000	554	50	3.6	16	487	0	6	6	0	0	0	1
9000	554	50	3.8	9	215	0	2	2	0	0	0	1
9000	554	50	4	5	24	1	1.5	2	0	0	0	1
9000	555	50	3	204	0	0	0.0	0.0	0.0	0.0	0.0	0
9000	555	50	3.2	74	677	0	56	56	0.02	0	0	1
9000	555	50	3.4	29	552	0	15	15	0.01	0	0	1
9000	555	50	3.6	14	297	0	5	5	0	0	0	1
9000	555	50	3.8	8	56	0	3	3	0	0	0	1
9000	555	50	4	3	5	0	2	2	0	0	0	1
9000	556	50	3	185	0	0	0.0	0.0	0.0	0.0	0.0	0
9000	556	50	3.2	74	1608	0	51	51	0.05	0	0	1
9000	556	50	3.4	34	1908	0	17	17	0.04	0	0	1
9000	556	50	3.6	21	1257	0	10	10	0.01	0	0	1
9000	556	50	3.8	9	148	1	2.5	3	0	0	0	1
9000	556	50	4	5	31	0	1	1	0	0	0	1
9000	557	50	3	197	0	0	0.0	0.0	0.0	0.0	0.0	0
9000	557	50	3.2	78	2705	1	49.75	50	0.09	0	0.04	1
9000	557	50	3.4	43	2871	0	21	21	0.05	0.01	0	1
9000	557	50	3.6	22	1972	1	7.5	8	0.01	0	0.02	1
9000	557	50	3.8	13	821	0	4	4	0	0	0	1
9000	557	50	4	7	76	0	2	2	0	0	0	1
9000	558	50	3	194	0	0	0.0	0.0	0.0	0.0	0.0	0
9000	558	50	3.2	87	2858	0	60	60	0.07	0	0	1
9000	558	50	3.4	38	4569	0	18	18	0.03	0	0	1
9000	558	50	3.6	25	3504	0	9	9	0.02	0	0	1
9000	558	50	3.8	14	1272	0	3	3	0.01	0	0.01	1
9000	558	50	4	8	43	0	4	4	0	0	0	1
9000	559	50	3	206	0	0	0.0	0.0	0.0	0.0	0.0	0
9000	559	50	3.2	87	1143	0	64	64	0.02	0	0	1
9000	559	50	3.4	45	1118	0	26	26	0.01	0	0	1
9000	559	50	3.6	24	472	0	11	11	0	0	0.01	1
9000	559	50	3.8	12	235	0	4	4	0	0	0	1
9000	559	50	4	7	41	0	3	3	0	0	0	1
9000	560	50	3	219	0	0	0.0	0.0	0.0	0.0	0.0	0
9000	560	50	3.2	85	440	1	66.3333	67	0.01	0	0	1
9000	560	50	3.4	32	398	0	18	18	0	0	0	1
9000	560	50	3.6	15	221	0	6	6	0	0	0	1
9000	560	50	3.8	9	132	0	3	3	0	0	0	1
9000	560	50	4	5	31	0	1	1	0	0	0	1
9000	561	50	3	185	0	0	0.0	0.0	0.0	0.0	0.0	0
9000	561	50	3.2	76	1175	1	50	50	0.02	0	0.01	1
9000	561	50	3.4	34	1131	0	15	15	0.01	0	0	1
9000	561	50	3.6	15	245	0	7	7	0	0	0	1
9000	561	50	3.8	8	71	0	3	3	0	0	0	1
9000	561	50	4	5	23	0	2	2	0	0	0	1
9000	562	50	3	182	0	0	0.0	0.0	0.0	0.0	0.0	0
9000	562	50	3.2	68	327	1	49.5	50	0	0	0.01	1
9000	562	50	3.4	23	206	0	13	13	0	0	0	1
9000	562	50	3.6	9	70	1	3.5	4	0	0	0	1
9000	562	50	3.8	7	59	0	2	2	0	0	0	1
9000	562	50	4	3	5	0	2	2	0	0	0	1
9000	563	50	3	196	0	0	0.0	0.0	0.0	0.0	0.0	0
9000	563	50	3.2	79	1034	0	52	52	0.03	0	0	1
9000	563	50	3.4	39	1049	1	19.6667	20	0.01	0	0.01	1
9000	563	50	3.6	18	635	1	5.5	6	0	0	0.01	1
9000	563	50	3.8	13	256	0	5	5	0	0	0	1
9000	563	50	4	7	24	0	3	3	0	0	0	1
9000	564	50	3	174	0	0	0.0	0.0	0.0	0.0	0.0	0
9000	564	50	3.2	82	1414	0	55	55	0.04	0	0	1
9000	564	50	3.4	40	1344	0	22	22	0.02	0	0	1
9000	564	50	3.6	18	540	0	8	8	0	0	0	1
9000	564	50	3.8	11	299	0	4	4	0	0	0	1
9000	564	50	4	6	29	0	2	2	0	0	0	1
9000	565	50	3	192	0	0	0.0	0.0	0.0	0.0	0.0	0
9000	565	50	3.2	85	779	0	65	65	0.04	0	0	1
9000	565	50	3.4	39	689	0	22	22	0	0	0	1
9000	565	50	3.6	17	334	0	8	8	0	0	0	1
9000	565	50	3.8	9	95	0	4	4	0	0	0	1
9000	565	50	4	6	23	0	3	3	0	0	0	1
9000	566	50	3	211	0	0	0.0	0.0	0.0	0.0	0.0	0
9000	566	50	3.2	90	1666	0	62	62	0.04	0	0	1
9000	566	50	3.4	43	1525	1	21.6667	22	0.02	0	0.02	1
9000	566	50	3.6	20	814	0	8	8	0	0	0	1
9000	566	50	3.8	8	53	0	3	3	0	0	0	1
9000	566	50	4	2	3	0	1	1	0	0	0	1
9000	567	50	3	173	0	0	0.0	0.0	0.0	0.0	0.0	0
9000	567	50	3.2	77	1392	1	46.5	47	0.03	0	0.06	1
9000	567	50	3.4	36	1100	0	18	18	0.01	0	0	1
9000	567	50	3.6	13	488	0	4	4	0	0	0	1
9000	567	50	3.8	8	174	0	2	2	0	0	0	1
9000	567	50	4	5	23	0	2	2	0	0	0	1
9000	568	50	3	209	0	0	0.0	0.0	0.0	0.0	0.0	0
9000	568	50	3.2	97	2800	0	70	70	0.09	0.01	0.01	1
9000	568	50	3.4	45	3369	0	22	22	0.02	0.01	0	1
9000	568	50	3.6	22	2454	0	7	7	0.01	0	0	1
9000	568	50	3.8	12	647	0	3	3	0	0	0	1
9000	568	50	4	6	47	0	2	2	0	0	0	1
9000	569	50	3	181	0	0	0.0	0.0	0.0	0.0	0.0	0
9000	569	50	3.2	75	806	0	51	51	0.01	0.01	0	1
9000	569	50	3.4	35	614	1	19.3333	20	0	0	0.01	1
9000	569	50	3.6	15	293	1	5	5	0	0	0	1
9000	569	50	3.8	7	51	0	3	3	0	0	0	1
9000	569	50	4	3	7	0	1	1	0	0	0	1
9000	570	50	3	164	0	0	0.0	0.0	0.0	0.0	0.0	0
9000	570	50	3.2	64	2036	0	38	38	0.03	0.01	0	1
9000	570	50	3.4	33	2021	0	13	13	0.02	0	0	1
9000	570	50	3.6	16	595	0	6	6	0	0	0	1
9000	570	50	3.8	10	156	0	3	3	0	0	0	1
9000	570	50	4	6	27	0	3	3	0	0	0	1
9000	571	50	3	181	0	0	0.0	0.0	0.0	0.0	0.0	0
9000	571	50	3.2	80	1939	0	53	53	0.06	0	0.01	1
9000	571	50	3.4	37	1870	0	16	16	0.04	0	0	1
9000	571	50	3.6	18	542	0	6	6	0	0	0	1
9000	571	50	3.8	9	45	0	4	4	0	0	0	1
9000	571	50	4	2	3	0	1	1	0	0	0	1
9000	572	50	3	204	0	0	0.0	0.0	0.0	0.0	0.0	0
9000	572	50	3.2	83	1438	0	64	64	0.03	0	0	1
9000	572	50	3.4	38	1684	0	24	24	0.02	0	0.01	1
9000	572	50	3.6	21	1319	0	10	10	0.01	0	0	1
9000	572	50	3.8	11	215	0	5	5	0	0	0	1
9000	572	50	4	6	31	0	3	3	0	0	0	1
9000	573	50	3	177	0	0	0.0	0.0	0.0	0.0	0.0	0
9000	573	50	3.2	73	388	0	56	56	0.01	0	0	1
9000	573	50	3.4	28	288	0	16	16	0	0	0	1
9000	573	50	3.6	9	51	1	3.5	4	0	0	0	1
9000	573	50	3.8	4	11	0	2	2	0	0	0	1
9000	573	50	4	2	3	0	1	1	0	0	0	1
9000	574	50	3	229	0	0	0.0	0.0	0.0	0.0	0.0	0
9000	574	50	3.2	98	628	0	78	78	0.02	0	0	1
9000	574	50	3.4	35	393	0	22	22	0	0	0	1
9000	574	50	3.6	15	182	0	8	8	0	0	0	1
9000	574	50	3.8	8	53	0	4	4	0	0	0	1
9000	574	50	4	4	11	0	2	2	0	0	0	1
9000	575	50	3	183	0	0	0.0	0.0	0.0	0.0	0.0	0
9000	575	50	3.2	82	1919	0	54	54	0.03	0.01	0	1
9000	575	50	3.4	37	2041	0	15	15	0.04	0	0.01	1
9000	575	50	3.6	16	851	0	6	6	0	0.01	0	1
9000	575	50	3.8	10	126	0	4	4	0	0	0	1
9000	575	50	4	4	15	0	1	1	0	0	0	1
9000	576	50	3	187	0	0	0.0	0.0	0.0	0.0	0.0	0
9000	576	50	3.2	85	1169	0	61	61	0.03	0	0	1
9000	576	50	3.4	35	933	0	17	17	0.01	0	0	1
9000	576	50	3.6	19	383	0	8	8	0	0	0	1
9000	576	50	3.8	8	56	0	3	3	0	0	0	1
9000	576	50	4	5	19	0	2	2	0	0	0	1
9000	577	50	3	196	0	0	0.0	0.0	0.0	0.0	0.0	0
9000	577	50	3.2	88	1071	0	67	67	0.02	0	0	1
9000	577	50	3.4	34	1163	0	18	18	0.01	0	0	1
9000	577	50	3.6	18	505	0	8	8	0	0	0	1
9000	577	50	3.8	11	100	0	5	5	0	0	0	1
9000	577	50	4	6	31	0	3	3	0	0	0	1
9000	578	50	3	180	0	0	0.0	0.0	0.0	0.0	0.0	0
9000	578	50	3.2	86	3468	0	56	56	0.08	0.01	0.02	1
9000	578	50	3.4	48	3456	1	20.3333	21	0.04	0.01	0.02	1
9000	578	50	3.6	24	1051	0	12	12	0	0.01	0	1
9000	578	50	3.8	13	296	0	6	6	0	0	0	1
9000	578	50	4	5	11	0	3	3	0	0	0	1
9000	579	50	3	193	0	0	0.0	0.0	0.0	0.0	0.0	0
9000	579	50	3.2	83	1947	0	62	62	0.06	0	0	1
9000	579	50	3.4	36	2323	1	18.5	19	0.03	0	0.02	1
9000	579	50	3.6	18	2214	1	5	5	0.01	0	0.01	1
9000	579	50	3.8	12	616	1	2.375	3	0	0	0	1
9000	579	50	4	9	143	0	3	3	0	0	0	1
9000	580	50	3	200	0	0	0.0	0.0	0.0	0.0	0.0	0
9000	580	50	3.2	79	521	0	65	65	0.01	0	0	1
9000	580	50	3.4	33	414	0	22	22	0	0	0	1
9000	580	50	3.6	15	136	0	9	9	0	0	0	1
9000	580	50	3.8	8	71	0	4	4	0	0	0	1
9000	580	50	4	5	23	0	2	2	0	0	0	1
9000	581	50	3	176	0	0	0.0	0.0	0.0	0.0	0.0	0
9000	581	50	3.2	65	2083	1	44.25	45	0.06	0	0.06	1
9000	581	50	3.4	31	2846	1	11.3158	12	0.03	0	0.02	1
9000	581	50	3.6	20	2388	0	5	5	0.03	0.01	0	1
9000	581	50	3.8	14	290	0	6	6	0	0	0	1
9000	581	50	4	7	71	0	2	2	0	0	0	1
9000	582	50	3	184	0	0	0.0	0.0	0.0	0.0	0.0	0
9000	582	50	3.2	86	1241	0	58	58	0.03	0	0	1
9000	582	50	3.4	36	1031	0	21	21	0.01	0	0	1
9000	582	50	3.6	13	162	0	7	7	0	0	0	1
9000	582	50	3.8	7	49	0	3	3	0	0	0	1
9000	582	50	4	3	7	0	1	1	0	0	0	1
9000	583	50	3	169	0	0	0.0	0.0	0.0	0.0	0.0	0
9000	583	50	3.2	77	483	0	61	61	0.01	0	0	1
9000	583	50	3.4	25	250	0	14	14	0	0	0	1
9000	583	50	3.6	13	70	0	6	6	0	0	0	1
9000	583	50	3.8	7	24	0	4	4	0	0	0	1
9000	583	50	4	3	6	1	1.5	2	0	0	0	1
9000	584	50	3	167	0	0	0.0	0.0	0.0	0.0	0.0	0
9000	584	50	3.2	67	887	0	43	43	0.02	0	0	1
9000	584	50	3.4	27	479	0	12	12	0	0	0	1
9000	584	50	3.6	12	64	1	5.5	6	0	0	0	1
9000	584	50	3.8	3	7	0	1	1	0	0	0	1
9000	584	50	4	1	1	0	1	1	0	0	0	1
9000	585	50	3	184	0	0	0.0	0.0	0.0	0.0	0.0	0
9000	585	50	3.2	88	1333	0	62	62	0.05	0	0	1
9000	585	50	3.4	43	893	0	24	24	0.01	0	0	1
9000	585	50	3.6	20	354	0	9	9	0	0	0	1
9000	585	50	3.8	8	83	0	3	3	0	0	0	1
9000	585	50	4	4	15	0	1	1	0	0	0	1
9000	586	50	3	163	0	0	0.0	0.0	0.0	0.0	0.0	0
9000	586	50	3.2	81	2997	1	48.5	49	0.07	0	0.04	1
9000	586	50	3.4	36	3296	1	13.5	14	0.04	0	0.02	1
9000	586	50	3.6	20	1704	0	6	6	0.01	0	0	1
9000	586	50	3.8	14	837	0	3	3	0	0	0	1
9000	586	50	4	7	61	0	2	2	0	0	0	1
9000	587	50	3	201	0	0	0.0	0.0	0.0	0.0	0.0	0
9000	587	50	3.2	74	1531	1	51.5	52	0.05	0	0.01	1
9000	587	50	3.4	36	1644	0	19	19	0.03	0	0	1
9000	587	50	3.6	20	1007	0	8	8	0.01	0	0	1
9000	587	50	3.8	12	506	0	4	4	0	0	0	1
9000	587	50	4	8	143	0	2	2	0	0	0	1
9000	588	50	3	191	0	0	0.0	0.0	0.0	0.0	0.0	0
9000	588	50	3.2	72	460	0	57	57	0.01	0	0	1
9000	588	50	3.4	26	351	0	15	15	0	0	0	1
9000	588	50	3.6	11	135	0	4	4	0	0	0	1
9000	588	50	3.8	5	13	0	3	3	0	0	0	1
9000	588	50	4	3	5	0	2	2	0	0	0	1
9000	589	50	3	192	0	0	0.0	0.0	0.0	0.0	0.0	0
9000	589	50	3.2	83	1098	0	61	61	0.03	0.01	0	1
9000	589	50	3.4	37	953	0	21	21	0.01	0	0	1
9000	589	50	3.6	17	372	0	10	10	0	0	0	1
9000	589	50	3.8	8	64	0	4	4	0	0	0	1
9000	589	50	4	5	19	0	2	2	0	0	0	1
9000	590	50	3	175	0	0	0.0	0.0	0.0	0.0	0.0	0
9000	590	50	3.2	69	1533	0	43	43	0.04	0	0.01	1
9000	590	50	3.4	37	1481	1	14.375	15	0.02	0	0.02	1
9000	590	50	3.6	18	765	0	7	7	0	0	0	1
9000	590	50	3.8	10	297	0	2	2	0	0	0	1
9000	590	50	4	5	31	0	1	1	0	0	0	1
9000	591	50	3	167	0	0	0.0	0.0	0.0	0.0	0.0	0
9000	591	50	3.2	63	1953	1	38	38	0.05	0	0.01	1
9000	591	50	3.4	31	2084	1	11.5	12	0.02	0.01	0.01	1
9000	591	50	3.6	18	500	0	7	7	0	0	0	1
9000	591	50	3.8	7	55	0	3	3	0	0	0	1
9000	591	50	4	2	3	0	1	1	0	0	0	1
9000	592	50	3	183	0	0	0.0	0.0	0.0	0.0	0.0	0
9000	592	50	3.2	77	820	0	57	57	0.02	0	0	1
9000	592	50	3.4	25	898	0	10	10	0	0	0	1
9000	592	50	3.6	14	416	0	5	5	0	0	0	1
9000	592	50	3.8	9	107	0	4	4	0	0	0	1
9000	592	50	4	5	15	0	3	3	0	0	0	1
9000	593	50	3	219	0	0	0.0	0.0	0.0	0.0	0.0	0
9000	593	50	3.2	85	2108	0	61	61	0.12	0	0	1
9000	593	50	3.4	44	2697	1	24.5	25	0.05	0	0.01	1
9000	593	50	3.6	23	2626	0	9	9	0.06	0	0	1
9000	593	50	3.8	12	671	0	4	4	0	0	0	1
9000	593	50	4	7	127	0	1	1	0	0	0	1
9000	594	50	3	203	0	0	0.0	0.0	0.0	0.0	0.0	0
9000	594	50	3.2	102	1612	0	70	70	0.05	0	0	1
9000	594	50	3.4	42	1286	0	20	20	0.01	0.01	0	1
9000	594	50	3.6	23	626	0	9	9	0	0	0	1
9000	594	50	3.8	7	47	0	3	3	0	0	0	1
9000	594	50	4	5	23	0	2	2	0	0	0	1
9000	595	50	3	201	0	0	0.0	0.0	0.0	0.0	0.0	0
9000	595	50	3.2	81	649	0	65	65	0.02	0	0	1
9000	595	50	3.4	37	768	0	22	22	0.01	0	0	1
9000	595	50	3.6	23	525	0	11	11	0	0	0	1
9000	595	50	3.8	11	179	0	4	4	0	0	0	1
9000	595	50	4	5	21	0	2	2	0	0	0	1
9000	596	50	3	199	0	0	0.0	0.0	0.0	0.0	0.0	0
9000	596	50	3.2	93	1152	0	61	61	0.03	0.01	0	1
9000	596	50	3.4	50	885	1	29	29	0.01	0	0	1
9000	596	50	3.6	23	400	0	10	10	0	0	0	1
9000	596	50	3.8	9	47	0	4	4	0	0	0	1
9000	596	50	4	5	17	0	2	2	0	0	0	1
9000	597	50	3	202	0	0	0.0	0.0	0.0	0.0	0.0	0
9000	597	50	3.2	76	1073	0	51	51	0.04	0	0	1
9000	597	50	3.4	40	1053	1	20.5	21	0.01	0	0.02	1
9000	597	50	3.6	14	356	0	5	5	0	0	0	1
9000	597	50	3.8	10	102	0	4	4	0	0	0	1
9000	597	50	4	3	5	0	2	2	0	0	0	1
9000	598	50	3	175	0	0	0.0	0.0	0.0	0.0	0.0	0
9000	598	50	3.2	91	2536	0	57	57	0.06	0	0.01	1
9000	598	50	3.4	43	2239	0	20	20	0.02	0.01	0	1
9000	598	50	3.6	22	1162	0	10	10	0	0	0	1
9000	598	50	3.8	13	216	0	4	4	0	0	0	1
9000	598	50	4	5	13	0	3	3	0	0	0	1
9000	599	50	3	206	0	0	0.0	0.0	0.0	0.0	0.0	0
9000	599	50	3.2	88	789	0	70	70	0.02	0	0	1
9000	599	50	3.4	37	710	0	23	23	0.01	0	0	1
9000	599	50	3.6	18	289	0	9	9	0	0	0	1
9000	599	50	3.8	7	55	0	3	3	0	0	0	1
9000	599	50	4	4	7	0	3	3	0	0	0	1
9000	600	50	3	186	0	0	0.0	0.0	0.0	0.0	0.0	0
9000	600	50	3.2	78	2203	0	57	57	0.04	0	0	1
9000	600	50	3.4	36	2754	0	18	18	0.02	0.01	0	1
9000	600	50	3.6	21	1804	0	7	7	0	0.01	0	1
9000	600	50	3.8	14	463	0	5	5	0	0	0	1
9000	600	50	4	6	47	0	2	2	0	0	0	1
9000	601	50	3	188	0	0	0.0	0.0	0.0	0.0	0.0	0
9000	601	50	3.2	92	1622	0	64	64	0.05	0	0	1
9000	601	50	3.4	37	1794	0	17	17	0.02	0.01	0	1
9000	601	50	3.6	21	643	1	8.33333	9	0	0	0.01	1
9000	601	50	3.8	9	71	0	4	4	0	0	0	1
9000	601	50	4	4	15	0	1	1	0	0	0	1
9000	602	50	3	215	0	0	0.0	0.0	0.0	0.0	0.0	0
9000	602	50	3.2	78	328	0	62	62	0.01	0	0	1
9000	602	50	3.4	29	215	1	16.3333	17	0	0	0	1
9000	602	50	3.6	14	119	1	6.5	7	0	0	0	1
9000	602	50	3.8	5	7	0	4	4	0	0	0	1
9000	602	50	4	1	1	0	1	1	0	0	0	1
9000	603	50	3	179	0	0	0.0	0.0	0.0	0.0	0.0	0
9000	603	50	3.2	68	369	0	53	53	0.01	0	0	1
9000	603	50	3.4	24	257	0	13	13	0	0	0	1
9000	603	50	3.6	14	191	0	7	7	0	0	0	1
9000	603	50	3.8	7	27	0	4	4	0	0	0	1
9000	603	50	4	1	1	0	1	1	0	0	0	1
9000	604	50	3	197	0	0	0.0	0.0	0.0	0.0	0.0	0
9000	604	50	3.2	71	629	1	48.5	49	0.01	0	0	1
9000	604	50	3.4	31	398	1	17.5	18	0	0	0.01	1
9000	604	50	3.6	11	199	0	4	4	0	0	0	1
9000	604	50	3.8	7	75	0	2	2	0	0	0	1
9000	604	50	4	4	15	0	1	1	0	0	0	1
9000	605	50	3	206	0	0	0.0	0.0	0.0	0.0	0.0	0
9000	605	50	3.2	101	1823	0	72	72	0.07	0	0	1
9000	605	50	3.4	38	1379	0	18	18	0.02	0	0	1
9000	605	50	3.6	17	353	0	7	7	0	0	0	1
9000	605	50	3.8	9	64	1	3.5	4	0	0	0	1
9000	605	50	4	4	15	0	1	1	0	0	0	1
9000	606	50	3	196	0	0	0.0	0.0	0.0	0.0	0.0	0
9000	606	50	3.2	80	1064	1	58.5	59	0.01	0	0.01	1
9000	606	50	3.4	41	1154	0	23	23	0.01	0	0	1
9000	606	50	3.6	20	575	0	9	9	0	0	0	1
9000	606	50	3.8	9	148	1	2.5	3	0	0	0	1
9000	606	50	4	4	15	0	1	1	0	0	0	1
9000	607	50	3	245	0	0	0.0	0.0	0.0	0.0	0.0	0
9000	607	50	3.2	90	389	0	73	73	0.01	0	0	1
9000	607	50	3.4	40	370	0	26	26	0	0	0	1
9000	607	50	3.6	19	200	0	10	10	0	0	0	1
9000	607	50	3.8	8	32	0	4	4	0	0	0	1
9000	607	50	4	6	29	0	2	2	0	0	0	1
9000	608	50	3	185	0	0	0.0	0.0	0.0	0.0	0.0	0
9000	608	50	3.2	73	702	0	51	51	0.02	0	0	1
9000	608	50	3.4	34	611	0	17	17	0.01	0	0	1
9000	608	50	3.6	16	240	0	8	8	0	0	0	1
9000	608	50	3.8	7	24	0	4	4	0	0	0	1
9000	608	50	4	4	12	1	1.5	2	0	0	0	1
9000	609	50	3	199	0	0	0.0	0.0	0.0	0.0	0.0	0
9000	609	50	3.2	90	932	0	66	66	0.02	0	0.01	1
9000	609	50	3.4	40	841	0	22	22	0	0	0	1
9000	609	50	3.6	16	457	0	6	6	0	0	0	1
9000	609	50	3.8	8	83	0	3	3	0	0	0	1
9000	609	50	4	4	15	0	1	1	0	0	0	1
9000	610	50	3	200	0	0	0.0	0.0	0.0	0.0	0.0	0
9000	610	50	3.2	87	1276	0	64	64	0.05	0	0.01	1
9000	610	50	3.4	36	1435	0	21	21	0.02	0	0	1
9000	610	50	3.6	22	711	0	10	10	0	0	0	1
9000	610	50	3.8	13	149	0	7	7	0	0	0	1
9000	610	50	4	9	79	0	4	4	0	0	0	1
9000	611	50	3	174	0	0	0.0	0.0	0.0	0.0	0.0	0
9000	611	50	3.2	79	4808	0	43	43	0.1	0.01	0	1
9000	611	50	3.4	49	4594	0	23	23	0.05	0.01	0	1
9000	611	50	3.6	23	1044	0	9	9	0.01	0	0	1
9000	611	50	3.8	11	208	0	4	4	0	0	0	1
9000	611	50	4	5	15	0	3	3	0	0	0	1
9000	612	50	3	225	0	0	0.0	0.0	0.0	0.0	0.0	0
9000	612	50	3.2	92	678	0	67	67	0.01	0	0	1
9000	612	50	3.4	35	343	1	19.5	20	0	0	0	1
9000	612	50	3.6	14	99	0	6	6	0	0	0	1
9000	612	50	3.8	6	23	0	3	3	0	0	0	1
9000	612	50	4	3	5	0	2	2	0	0	0	1
9000	613	50	3	202	0	0	0.0	0.0	0.0	0.0	0.0	0
9000	613	50	3.2	90	1059	0	74	74	0.03	0	0	1
9000	613	50	3.4	50	859	1	37.5	38	0.01	0	0.01	1
9000	613	50	3.6	19	201	0	12	12	0	0	0	1
9000	613	50	3.8	9	61	0	4	4	0	0	0	1
9000	613	50	4	6	39	0	2	2	0	0	0	1
9000	614	50	3	209	0	0	0.0	0.0	0.0	0.0	0.0	0
9000	614	50	3.2	83	968	0	57	57	0.03	0	0	1
9000	614	50	3.4	41	710	0	26	26	0.01	0	0	1
9000	614	50	3.6	21	271	0	10	10	0	0	0	1
9000	614	50	3.8	7	34	0	3	3	0	0	0	1
9000	614	50	4	5	17	0	2	2	0	0	0	1
9000	615	50	3	202	0	0	0.0	0.0	0.0	0.0	0.0	0
9000	615	50	3.2	72	689	0	53	53	0.02	0	0	1
9000	615	50	3.4	36	415	0	24	24	0	0	0	1
9000	615	50	3.6	11	71	0	6	6	0	0	0	1
9000	615	50	3.8	4	7	0	3	3	0	0	0	1
9000	615	50	4	2	3	0	1	1	0	0	0	1
9000	616	50	3	195	0	0	0.0	0.0	0.0	0.0	0.0	0
9000	616	50	3.2	85	707	0	61	61	0.02	0	0	1
9000	616	50	3.4	39	635	0	22	22	0	0	0	1
9000	616	50	3.6	17	313	0	6	6	0	0	0	1
9000	616	50	3.8	6	23	0	3	3	0	0	0	1
9000	616	50	4	1	1	0	1	1	0	0	0	1
9000	617	50	3	189	0	0	0.0	0.0	0.0	0.0	0.0	0
9000	617	50	3.2	72	1002	1	46.5	47	0.02	0	0.01	1
9000	617	50	3.4	36	750	0	18	18	0	0	0	1
9000	617	50	3.6	14	221	1	4.33333	5	0	0	0	1
9000	617	50	3.8	7	63	0	2	2	0	0	0	1
9000	617	50	4	4	15	0	1	1	0	0	0	1
9000	618	50	3	184	0	0	0.0	0.0	0.0	0.0	0.0	0
9000	618	50	3.2	70	911	0	46	46	0.03	0	0	1
9000	618	50	3.4	37	780	0	18	18	0.01	0	0	1
9000	618	50	3.6	15	196	0	6	6	0	0	0	1
9000	618	50	3.8	5	31	0	1	1	0	0	0	1
9000	618	50	4	3	7	0	1	1	0	0	0	1
9000	619	50	3	208	0	0	0.0	0.0	0.0	0.0	0.0	0
9000	619	50	3.2	84	479	0	61	61	0.01	0	0	1
9000	619	50	3.4	37	199	0	25	25	0	0	0	1
9000	619	50	3.6	10	90	0	5	5	0	0	0	1
9000	619	50	3.8	5	27	1	1.5	2	0	0	0	1
9000	619	50	4	4	15	0	1	1	0	0	0	1
9000	620	50	3	185	0	0	0.0	0.0	0.0	0.0	0.0	0
9000	620	50	3.2	79	709	0	57	57	0.01	0	0	1
9000	620	50	3.4	34	555	0	20	20	0	0	0	1
9000	620	50	3.6	16	353	0	7	7	0	0	0	1
9000	620	50	3.8	6	17	0	3	3	0	0	0	1
9000	620	50	4	3	7	0	1	1	0	0	0	1
9000	621	50	3	198	0	0	0.0	0.0	0.0	0.0	0.0	0
9000	621	50	3.2	78	995	0	55	55	0.01	0.01	0	1
9000	621	50	3.4	30	1079	0	12	12	0.01	0	0	1
9000	621	50	3.6	19	686	0	7	7	0	0	0	1
9000	621	50	3.8	9	175	0	2	2	0	0	0	1
9000	621	50	4	5	14	0	2	2	0	0	0	1
9000	622	50	3	173	0	0	0.0	0.0	0.0	0.0	0.0	0
9000	622	50	3.2	70	3758	0	42	42	0.09	0	0	1
9000	622	50	3.4	44	4058	0	19	19	0.05	0	0.01	1
9000	622	50	3.6	25	1099	0	12	12	0	0	0	1
9000	622	50	3.8	9	75	0	3	3	0	0	0	1
9000	622	50	4	3	5	0	2	2	0	0	0	1
9000	623	50	3	187	0	0	0.0	0.0	0.0	0.0	0.0	0
9000	623	50	3.2	78	826	0	60	60	0.03	0	0	1
9000	623	50	3.4	30	782	0	17	17	0	0	0	1
9000	623	50	3.6	17	699	0	6	6	0	0	0	1
9000	623	50	3.8	13	320	0	5	5	0	0	0	1
9000	623	50	4	7	41	0	3	3	0	0	0	1
9000	624	50	3	198	0	0	0.0	0.0	0.0	0.0	0.0	0
9000	624	50	3.2	81	1375	0	57	57	0.04	0	0	1
9000	624	50	3.4	40	1158	0	22	22	0.01	0	0.01	1
9000	624	50	3.6	18	868	0	6	6	0	0	0	1
9000	624	50	3.8	11	300	0	3	3	0	0	0	1
9000	624	50	4	4	15	0	1	1	0	0	0	1
9000	625	50	3	198	0	0	0.0	0.0	0.0	0.0	0.0	0
9000	625	50	3.2	81	708	1	59.5	60	0.02	0	0.01	1
9000	625	50	3.4	31	716	0	16	16	0.01	0	0	1
9000	625	50	3.6	18	521	0	9	9	0	0	0	1
9000	625	50	3.8	12	216	0	6	6	0	0	0	1
9000	625	50	4	8	53	0	4	4	0	0	0	1
9000	626	50	3	216	0	0	0.0	0.0	0.0	0.0	0.0	0
9000	626	50	3.2	84	615	0	64	64	0.02	0	0	1
9000	626	50	3.4	39	551	0	24	24	0	0	0	1
9000	626	50	3.6	15	186	0	6	6	0	0	0	1
9000	626	50	3.8	6	29	0	2	2	0	0	0	1
9000	626	50	4	3	7	0	1	1	0	0	0	1
9000	627	50	3	194	0	0	0.0	0.0	0.0	0.0	0.0	0
9000	627	50	3.2	82	1560	0	55	55	0.03	0	0	1
9000	627	50	3.4	40	1676	0	21	21	0.01	0	0	1
9000	627	50	3.6	21	1217	0	7	7	0	0	0	1
9000	627	50	3.8	10	147	0	4	4	0	0	0	1
9000	627	50	4	8	86	0	2	2	0	0	0	1
9000	628	50	3	175	0	0	0.0	0.0	0.0	0.0	0.0	0
9000	628	50	3.2	71	1125	0	48	48	0.02	0	0	1
9000	628	50	3.4	31	1237	0	13	13	0.01	0	0.01	1
9000	628	50	3.6	18	837	0	8	8	0	0	0	1
9000	628	50	3.8	7	72	0	2	2	0	0	0	1
9000	628	50	4	4	15	0	1	1	0	0	0	1
9000	629	50	3	187	0	0	0.0	0.0	0.0	0.0	0.0	0
9000	629	50	3.2	79	471	0	57	57	0.01	0	0	1
9000	629	50	3.4	35	276	0	23	23	0	0	0	1
9000	629	50	3.6	13	170	0	5	5	0	0	0	1
9000	629	50	3.8	7	95	0	2	2	0	0	0	1
9000	629	50	4	4	15	0	1	1	0	0	0	1
9000	630	50	3	222	0	0	0.0	0.0	0.0	0.0	0.0	0
9000	630	50	3.2	90	496	0	74	74	0.02	0.01	0	1
9000	630	50	3.4	37	427	0	22	22	0	0	0	1
9000	630	50	3.6	16	255	0	8	8	0	0	0	1
9000	630	50	3.8	8	94	0	2	2	0	0	0	1
9000	630	50	4	5	23	0	2	2	0	0	0	1
9000	631	50	3	177	0	0	0.0	0.0	0.0	0.0	0.0	0
9000	631	50	3.2	69	1241	0	45	45	0.04	0	0	1
9000	631	50	3.4	30	1188	1	11.3333	12	0.02	0	0.02	1
9000	631	50	3.6	19	492	0	8	8	0	0	0	1
9000	631	50	3.8	6	26	0	2	2	0	0	0	1
9000	631	50	4	0	0	0	0.0	0.0	0.0	0.0	0.0	0
9000	632	50	3	182	0	0	0.0	0.0	0.0	0.0	0.0	0
9000	632	50	3.2	78	1720	0	50	50	0.06	0	0	1
9000	632	50	3.4	42	2569	0	18	18	0.04	0.01	0.01	1
9000	632	50	3.6	22	1892	0	7	7	0.02	0	0.01	1
9000	632	50	3.8	14	944	0	4	4	0	0	0	1
9000	632	50	4	6	63	0	1	1	0	0	0	1
9000	633	50	3	150	0	0	0.0	0.0	0.0	0.0	0.0	0
9000	633	50	3.2	65	2533	0	40	40	0.06	0	0.01	1
9000	633	50	3.4	35	2490	0	15	15	0.03	0	0	1
9000	633	50	3.6	15	813	0	5	5	0	0	0	1
9000	633	50	3.8	10	313	0	3	3	0	0	0	1
9000	633	50	4	7	95	0	2	2	0	0	0	1
9000	634	50	3	207	0	0	0.0	0.0	0.0	0.0	0.0	0
9000	634	50	3.2	104	1571	1	77.5	78	0.05	0	0.01	1
9000	634	50	3.4	45	1611	0	25	25	0.03	0	0	1
9000	634	50	3.6	26	1307	0	13	13	0.01	0	0	1
9000	634	50	3.8	15	246	0	7	7	0	0	0	1
9000	634	50	4	5	15	0	3	3	0	0	0	1
9000	635	50	3	212	0	0	0.0	0.0	0.0	0.0	0.0	0
9000	635	50	3.2	86	498	0	71	71	0.01	0	0	1
9000	635	50	3.4	37	389	0	25	25	0	0	0	1
9000	635	50	3.6	14	127	0	7	7	0	0	0	1
9000	635	50	3.8	5	15	0	3	3	0	0	0	1
9000	635	50	4	3	7	0	1	1	0	0	0	1
9000	636	50	3	171	0	0	0.0	0.0	0.0	0.0	0.0	0
9000	636	50	3.2	77	863	0	58	58	0.01	0	0	1
9000	636	50	3.4	32	654	0	18	18	0	0	0	1
9000	636	50	3.6	16	351	0	6	6	0	0	0	1
9000	636	50	3.8	4	11	0	2	2	0	0	0	1
9000	636	50	4	1	1	0	1	1	0	0	0	1
9000	637	50	3	190	0	0	0.0	0.0	0.0	0.0	0.0	0
9000	637	50	3.2	78	968	0	58	58	0.02	0.01	0	1
9000	637	50	3.4	34	842	0	18	18	0	0.01	0	1
9000	637	50	3.6	16	372	0	6	6	0	0	0	1
9000	637	50	3.8	6	35	0	2	2	0	0	0	1
9000	637	50	4	1	1	0	1	1	0	0	0	1
9000	638	50	3	239	0	0	0.0	0.0	0.0	0.0	0.0	0
9000	638	50	3.2	106	1042	0	78	78	0.02	0	0	1
9000	638	50	3.4	37	1367	0	19	19	0.01	0	0	1
9000	638	50	3.6	20	807	0	7	7	0	0	0	1
9000	638	50	3.8	11	225	0	3	3	0	0	0	1
9000	638	50	4	7	95	0	2	2	0	0	0	1
9000	639	50	3	198	0	0	0.0	0.0	0.0	0.0	0.0	0
9000	639	50	3.2	91	577	0	69	69	0.02	0	0	1
9000	639	50	3.4	32	385	0	19	19	0	0	0	1
9000	639	50	3.6	9	91	0	3	3	0	0	0	1
9000	639	50	3.8	4	15	0	1	1	0	0	0	1
9000	639	50	4	4	15	0	1	1	0	0	0	1
9000	640	50	3	198	0	0	0.0	0.0	0.0	0.0	0.0	0
9000	640	50	3.2	85	782	0	66	66	0.01	0	0	1
9000	640	50	3.4	30	734	0	16	16	0.01	0	0.01	1
9000	640	50	3.6	17	508	0	7	7	0	0	0	1
9000	640	50	3.8	9	43	0	5	5	0	0	0	1
9000	640	50	4	5	13	0	3	3	0	0	0	1
9000	641	50	3	198	0	0	0.0	0.0	0.0	0.0	0.0	0
9000	641	50	3.2	97	2190	0	65	65	0.11	0	0	1
9000	641	50	3.4	47	1957	0	21	21	0.03	0	0	1
9000	641	50	3.6	21	772	1	7.5	8	0	0	0.01	1
9000	641	50	3.8	9	79	0	4	4	0	0	0	1
9000	641	50	4	5	17	0	2	2	0	0	0	1
9000	642	50	3	198	0	0	0.0	0.0	0.0	0.0	0.0	0
9000	642	50	3.2	88	1413	0	66	66	0.03	0	0	1
9000	642	50	3.4	42	1223	0	25	25	0.01	0	0	1
9000	642	50	3.6	24	823	0	13	13	0	0	0	1
9000	642	50	3.8	14	323	0	6	6	0	0	0	1
9000	642	50	4	9	83	0	4	4	0	0	0	1
9000	643	50	3	182	0	0	0.0	0.0	0.0	0.0	0.0	0
9000	643	50	3.2	69	1186	0	49	49	0.03	0	0	1
9000	643	50	3.4	30	1263	0	17	17	0.01	0	0	1
9000	643	50	3.6	16	596	0	5	5	0	0	0	1
9000	643	50	3.8	10	227	0	3	3	0	0	0	1
9000	643	50	4	7	71	0	2	2	0	0	0	1
9000	644	50	3	203	0	0	0.0	0.0	0.0	0.0	0.0	0
9000	644	50	3.2	85	1098	0	61	61	0.03	0	0	1
9000	644	50	3.4	41	982	0	24	24	0.01	0	0	1
9000	644	50	3.6	16	266	0	7	7	0	0	0	1
9000	644	50	3.8	7	59	0	2	2	0	0	0	1
9000	644	50	4	4	11	0	2	2	0	0	0	1
9000	645	50	3	194	0	0	0.0	0.0	0.0	0.0	0.0	0
9000	645	50	3.2	85	2043	0	58	58	0.06	0	0	1
9000	645	50	3.4	36	1980	0	17	17	0.02	0.01	0.01	1
9000	645	50	3.6	14	1048	0	3	3	0	0.01	0	1
9000	645	50	3.8	10	215	0	3	3	0	0	0	1
9000	645	50	4	6	23	0	3	3	0	0	0	1
9000	646	50	3	199	0	0	0.0	0.0	0.0	0.0	0.0	0
9000	646	50	3.2	81	653	0	58	58	0.02	0.01	0	1
9000	646	50	3.4	29	483	0	15	15	0	0	0	1
9000	646	50	3.6	15	197	0	6	6	0	0	0	1
9000	646	50	3.8	9	77	0	5	5	0	0	0	1
9000	646	50	4	6	23	0	3	3	0	0	0	1
9000	647	50	3	209	0	0	0.0	0.0	0.0	0.0	0.0	0
9000	647	50	3.2	76	729	0	56	56	0.04	0	0	1
9000	647	50	3.4	31	701	0	14	14	0.01	0	0	1
9000	647	50	3.6	17	268	0	8	8	0	0	0	1
9000	647	50	3.8	9	72	0	3	3	0	0	0	1
9000	647	50	4	3	7	0	1	1	0	0	0	1
9000	648	50	3	203	0	0	0.0	0.0	0.0	0.0	0.0	0
9000	648	50	3.2	87	1784	0	64	64	0.05	0	0	1
9000	648	50	3.4	45	1802	0	23	23	0.02	0	0	1
9000	648	50	3.6	19	867	0	7	7	0	0	0	1
9000	648	50	3.8	11	463	0	3	3	0	0	0	1
9000	648	50	4	7	71	0	2	2	0	0	0	1
9000	649	50	3	183	0	0	0.0	0.0	0.0	0.0	0.0	0
9000	649	50	3.2	76	2395	0	45	45	0.09	0	0	1
9000	649	50	3.4	43	2143	0	19	19	0.02	0.01	0	1
9000	649	50	3.6	20	569	0	9	9	0	0	0	1
9000	649	50	3.8	10	92	0	3	3	0	0	0	1
9000	649	50	4	7	35	0	3	3	0	0	0	1
9000	650	50	3	188	0	0	0.0	0.0	0.0	0.0	0.0	0
9000	650	50	3.2	73	1947	0	51	51	0.03	0	0.01	1
9000	650	50	3.4	32	2183	1	14.5	15	0.01	0	0.02	1
9000	650	50	3.6	20	1595	0	7	7	0.01	0	0	1
9000	650	50	3.8	15	883	0	6	6	0	0	0	1
9000	650	50	4	9	107	0	4	4	0	0	0	1
