4000	1	50	4	42	24312959	
ERROR: Too many feasible sets (>max)
4000	3	50	4	34	3991679	1	0	5.00000000000000000	5.00000000000000000	1.00000000000000000	33.18999999999999773	15.93999999999999950	47.20000000000000284	0
4000	4	50	4	32	9870335	1	0	3.00000000000000000	3.00000000000000000	1.00000000000000000	81.04000000000000625	20.67999999999999972	673.74000000000000909	0
4000	5	50	4	36	5037119	1	0	6.00000000000000000	6.00000000000000000	1.00000000000000000	32.20000000000000284	23.53000000000000114	76.17000000000000171	0
ERROR: Too many feasible sets (>max)
4000	7	50	4	29	2280959	1	0	5.00000000000000000	5.00000000000000000	1.00000000000000000	15.02999999999999936	3.24000000000000021	1362.15000000000009095	0
4000	8	50	4	37	5759999	1	0	6.00000000000000000	6.00000000000000000	1.00000000000000000	47.29999999999999716	6.58000000000000007	460.56999999999999318	0
4000	9	50	4	28	1612799	1	0	4.00000000000000000	4.00000000000000000	1.00000000000000000	14.35999999999999943	2.45000000000000018	100.60999999999999943	0
4000	10	50	4	24	138239	0	0	4.00000000000000000	4.00000000000000000	1.00000000000000000	0.72999999999999998	0.26000000000000001	0.00000000000000000	0
4000	11	50	4	19	22679	0	0	4.00000000000000000	4.00000000000000000	1.00000000000000000	0.14000000000000001	0.03000000000000000	0.00000000000000000	0
4000	12	50	4	30	414719	1	0	6.00000000000000000	6.00000000000000000	1.00000000000000000	4.15000000000000036	0.50000000000000000	2.50999999999999979	0
4000	13	50	4	41	36181727	
4000	14	50	4	29	1327103	1	0	5.00000000000000000	5.00000000000000000	1.00000000000000000	7.92999999999999972	1.22999999999999998	198.65999999999999659	0
4000	15	50	4	30	1741823	1	0	5.00000000000000000	5.00000000000000000	1.00000000000000000	12.96000000000000085	3.14000000000000012	140.11000000000001364	0
4000	16	50	4	28	2156543	1	0	5.00000000000000000	5.00000000000000000	1.00000000000000000	25.37999999999999901	4.41000000000000014	134.46000000000000796	0
ERROR: Too many feasible sets (>max)
4000	18	50	4	38	18260351	
4000	19	50	4	19	17279	0	0	4.00000000000000000	4.00000000000000000	1.00000000000000000	0.17000000000000001	0.03000000000000000	0.00000000000000000	0
4000	20	50	4	17	6335	1	0	4.00000000000000000	4.00000000000000000	1.00000000000000000	0.02000000000000000	0.01000000000000000	0.06000000000000000	0
4000	21	50	4	28	829439	0	0	5.00000000000000000	5.00000000000000000	1.00000000000000000	5.79999999999999982	0.72999999999999998	0.00000000000000000	0
4000	22	50	4	29	1154735	1	0	4.00000000000000000	4.00000000000000000	1.00000000000000000	7.30999999999999961	2.04000000000000004	211.62999999999999545	0
4000	23	50	4	41	8087039	1	0	7.00000000000000000	7.00000000000000000	1.00000000000000000	67.56999999999999318	22.80000000000000071	888.01999999999998181	0
4000	24	50	4	33	3839999	1	0	6.00000000000000000	6.00000000000000000	1.00000000000000000	27.82000000000000028	8.11999999999999922	291.54000000000002046	0
ERROR: Too many feasible sets (>max)
4000	26	50	4	21	64799	0	0	4.00000000000000000	4.00000000000000000	1.00000000000000000	0.56999999999999995	0.11000000000000000	0.00000000000000000	0
ERROR: Too many feasible sets (>max)
4000	28	50	4	28	829439	1	0	5.00000000000000000	5.00000000000000000	1.00000000000000000	8.14000000000000057	0.79000000000000004	64.07999999999999829	0
4000	29	50	4	29	362879	1	0	5.00000000000000000	5.00000000000000000	1.00000000000000000	3.20999999999999996	0.34000000000000002	0.79000000000000004	0
4000	30	50	4	40	39029759	1	0	7.00000000000000000	7.00000000000000000	1.00000000000000000	345.81000000000000227	77.03000000000000114	2613.32999999999992724	0
4000	31	50	4	35	1776383	1	0	6.00000000000000000	6.00000000000000000	1.00000000000000000	16.98000000000000043	3.33000000000000007	123.51000000000000512	0
4000	32	50	4	33	2159999	1	0	7.00000000000000000	7.00000000000000000	1.00000000000000000	19.42999999999999972	4.25000000000000000	12.96000000000000085	0
4000	33	50	4	36	7030799	1	0	6.00000000000000000	6.00000000000000000	1.00000000000000000	85.76000000000000512	16.57000000000000028	736.32000000000005002	0
4000	34	50	4	25	248831	1	0	5.00000000000000000	5.00000000000000000	1.00000000000000000	2.20999999999999996	0.23000000000000001	9.65000000000000036	0
4000	35	50	4	26	129599	1	0	6.00000000000000000	6.00000000000000000	1.00000000000000000	0.60999999999999999	0.17000000000000001	1.09000000000000008	0
4000	36	50	4	42	32071679	1	0	7.00000000000000000	7.00000000000000000	1.00000000000000000	242.43000000000000682	100.20000000000000284	504.36000000000001364	0
4000	37	50	4	32	1843199	1	0	5.00000000000000000	5.00000000000000000	1.00000000000000000	16.92999999999999972	4.65000000000000036	580.71000000000003638	0
4000	101	50	4	27	373247	0	0	5.00000000000000000	5.00000000000000000	1.00000000000000000	2.06999999999999984	0.38000000000000000	0.00000000000000000	0
4000	102	50	4	32	4838399	1	0	5.00000000000000000	5.00000000000000000	1.00000000000000000	33.10000000000000142	9.24000000000000021	1526.52999999999997272	0
4000	103	50	4	27	933119	1	0	6.00000000000000000	6.00000000000000000	1.00000000000000000	5.63999999999999968	1.21999999999999997	4.71999999999999975	0
4000	104	50	4	21	43199	0	0	4.00000000000000000	4.00000000000000000	1.00000000000000000	0.29999999999999999	0.05000000000000000	0.00000000000000000	0
4000	105	50	4	34	2096639	1	0	6.00000000000000000	6.00000000000000000	1.00000000000000000	17.37999999999999901	5.83000000000000007	158.81999999999999318	0
4000	106	50	4	37	24952319	
4000	107	50	4	32	7879679	1	0	4.00000000000000000	4.00000000000000000	1.00000000000000000	75.31000000000000227	14.78999999999999915	1001.65999999999996817	0
4000	108	50	4	26	226799	0	0	4.00000000000000000	4.00000000000000000	1.00000000000000000	1.45999999999999996	0.52000000000000002	0.00000000000000000	0
4000	109	50	4	37	19051199	1	0	5.00000000000000000	5.00000000000000000	1.00000000000000000	143.91999999999998749	43.89999999999999858	9650.45999999999912689	0
4000	110	50	4	27	552959	0	0	5.00000000000000000	5.00000000000000000	1.00000000000000000	4.20999999999999996	0.57999999999999996	0.00000000000000000	0
4000	111	50	4	32	403199	1	0	5.00000000000000000	5.00000000000000000	1.00000000000000000	2.83999999999999986	0.40000000000000002	63.61999999999999744	0
4000	112	50	4	21	191999	1	0	4.00000000000000000	4.00000000000000000	1.00000000000000000	1.04000000000000004	0.22000000000000000	0.77000000000000002	0
4000	113	50	4	30	1457999	1	0	5.00000000000000000	5.00000000000000000	1.00000000000000000	9.32000000000000028	1.67999999999999994	82.90999999999999659	0
4000	114	50	4	40	16422911	1	0	5.00000000000000000	5.00000000000000000	1.00000000000000000	127.40999999999999659	46.00000000000000000	5474.22000000000025466	0
4000	115	50	4	26	276479	1	0	4.00000000000000000	4.00000000000000000	1.00000000000000000	2.10999999999999988	0.45000000000000001	1.56000000000000005	0
4000	116	50	4	35	2192399	1	0	6.00000000000000000	6.00000000000000000	1.00000000000000000	22.53000000000000114	4.76999999999999957	14.24000000000000021	0
4000	117	50	4	39	6511679	1	0	6.00000000000000000	6.00000000000000000	1.00000000000000000	69.85999999999999943	13.64000000000000057	2541.65999999999985448	0
4000	201	50	4	26	1539647	1	0	3.00000000000000000	3.00000000000000000	1.00000000000000000	10.24000000000000021	1.47999999999999998	84.50000000000000000	0
4000	202	50	4	37	10056959	1	0	8.00000000000000000	8.00000000000000000	1.00000000000000000	70.53000000000000114	13.53999999999999915	849.39999999999997726	0
ERROR: Too many feasible sets (>max)
4000	204	50	4	39	5409599	1	0	6.00000000000000000	6.00000000000000000	1.00000000000000000	44.82999999999999829	10.46000000000000085	2895.48999999999978172	0
4000	205	50	4	23	80639	0	0	5.00000000000000000	5.00000000000000000	1.00000000000000000	0.39000000000000001	0.08000000000000000	0.00000000000000000	0
4000	206	50	4	33	5291999	1	0	6.00000000000000000	6.00000000000000000	1.00000000000000000	36.11999999999999744	6.87000000000000011	338.93999999999999773	0
4000	207	50	4	32	1555199	1	0	6.00000000000000000	6.00000000000000000	1.00000000000000000	16.46000000000000085	2.52000000000000002	208.65000000000000568	0
4000	208	50	4	33	17031167	1	0	5.00000000000000000	5.00000000000000000	1.00000000000000000	107.23999999999999488	44.96000000000000085	13748.13999999999941792	0
4000	209	50	4	41	7197119	1	0	6.00000000000000000	6.00000000000000000	1.00000000000000000	93.54000000000000625	23.00000000000000000	856.38999999999998636	0
4000	210	50	4	26	373247	1	0	5.00000000000000000	5.00000000000000000	1.00000000000000000	2.95000000000000018	0.41999999999999998	1.37999999999999989	0
4000	211	50	4	33	4478975	1	0	5.00000000000000000	5.00000000000000000	1.00000000000000000	30.14000000000000057	8.84999999999999964	1646.61999999999989086	0
4000	212	50	4	33	3317759	1	0	4.00000000000000000	4.00000000000000000	1.00000000000000000	23.87000000000000099	9.59999999999999964	218.09000000000000341	0
4000	213	50	4	23	491519	1	0	3.00000000000000000	3.00000000000000000	1.00000000000000000	3.18000000000000016	0.46999999999999997	2.24000000000000021	0
4000	214	50	4	32	3096575	1	0	5.00000000000000000	5.00000000000000000	1.00000000000000000	25.67999999999999972	5.71999999999999975	951.41999999999995907	0
4000	215	50	4	39	18800639	1	0	6.00000000000000000	6.00000000000000000	1.00000000000000000	176.19999999999998863	39.02000000000000313	13886.95000000000072760	0
4000	216	50	4	39	2399999	1	0	6.00000000000000000	6.00000000000000000	1.00000000000000000	25.14999999999999858	2.93999999999999995	1359.23000000000001819	0
4000	217	50	4	25	190079	0	0	5.00000000000000000	5.00000000000000000	1.00000000000000000	1.25000000000000000	0.23999999999999999	0.00000000000000000	0
4000	218	50	4	35	2851199	1	0	6.00000000000000000	6.00000000000000000	1.00000000000000000	23.39999999999999858	8.74000000000000021	822.96000000000003638	0
ERROR: Too many feasible sets (>max)
4000	220	50	4	38	3565919	1	0	6.00000000000000000	6.00000000000000000	1.00000000000000000	43.34000000000000341	7.29999999999999982	1341.60999999999989996	0
4000	221	50	4	37	16096319	1	0	5.00000000000000000	5.00000000000000000	1.00000000000000000	166.05000000000001137	93.56000000000000227	1724.71000000000003638	0
ERROR: Too many feasible sets (>max)
4000	223	50	4	26	725759	1	0	4.00000000000000000	4.00000000000000000	1.00000000000000000	4.91000000000000014	0.70999999999999996	36.29999999999999716	0
ERROR: Too many feasible sets (>max)
4000	225	50	4	29	1088639	1	0	4.00000000000000000	4.00000000000000000	1.00000000000000000	12.31000000000000050	1.87999999999999989	410.31999999999999318	0
4000	226	50	4	38	8164799	1	0	5.00000000000000000	5.00000000000000000	1.00000000000000000	99.48999999999999488	19.33999999999999986	4226.64000000000032742	0
4000	227	50	4	33	7257599	1	0	5.00000000000000000	5.00000000000000000	1.00000000000000000	52.61999999999999744	11.55000000000000071	3804.40000000000009095	0
4000	228	50	4	27	1347839	1	0	4.00000000000000000	4.00000000000000000	1.00000000000000000	8.25000000000000000	1.04000000000000004	6.23000000000000043	0
4000	229	50	4	32	2580479	1	0	5.00000000000000000	5.00000000000000000	1.00000000000000000	15.01999999999999957	2.35000000000000009	296.27999999999997272	0
4000	230	50	4	29	2488319	1	0	4.00000000000000000	4.00000000000000000	1.00000000000000000	18.42999999999999972	2.81000000000000005	140.00000000000000000	0
4000	231	50	4	28	988415	1	0	5.00000000000000000	5.00000000000000000	1.00000000000000000	10.06000000000000050	0.89000000000000001	4.98000000000000043	0
4000	232	50	4	32	16796159	1	0	5.00000000000000000	5.00000000000000000	1.00000000000000000	144.65999999999999659	28.57999999999999829	1230.57999999999992724	0
4000	233	50	4	33	1976831	1	0	6.00000000000000000	6.00000000000000000	1.00000000000000000	16.42000000000000171	2.68000000000000016	146.40000000000000568	0
ERROR: Too many feasible sets (>max)
4000	235	50	4	24	230399	1	0	4.00000000000000000	4.00000000000000000	1.00000000000000000	1.39999999999999991	0.19000000000000000	9.52999999999999936	0
ERROR: Too many feasible sets (>max)
4000	237	50	4	30	435455	0	0	7.00000000000000000	7.00000000000000000	1.00000000000000000	2.79999999999999982	0.58999999999999997	0.00000000000000000	0
ERROR: Too many feasible sets (>max)
ERROR: Too many feasible sets (>max)
4000	240	50	4	19	9215	0	0	5.00000000000000000	5.00000000000000000	1.00000000000000000	0.04000000000000000	0.02000000000000000	0.00000000000000000	0
4000	241	50	4	37	31103999	
ERROR: Too many feasible sets (>max)
4000	243	50	4	27	2488319	1	0	4.00000000000000000	4.00000000000000000	1.00000000000000000	15.83000000000000007	2.41999999999999993	373.50000000000000000	0
4000	244	50	4	26	259199	1	0	5.00000000000000000	5.00000000000000000	1.00000000000000000	1.44999999999999996	0.25000000000000000	9.41000000000000014	0
4000	245	50	4	35	2838527	1	0	6.00000000000000000	6.00000000000000000	1.00000000000000000	28.57999999999999829	6.28000000000000025	1169.65000000000009095	0
4000	246	50	4	34	4031999	1	0	6.00000000000000000	6.00000000000000000	1.00000000000000000	38.82999999999999829	5.54000000000000004	34.00999999999999801	0
4000	247	50	4	26	307199	1	0	4.00000000000000000	4.00000000000000000	1.00000000000000000	1.82000000000000006	0.35999999999999999	12.13000000000000078	0
4000	248	50	4	33	1663199	1	0	5.00000000000000000	5.00000000000000000	1.00000000000000000	17.66000000000000014	2.87999999999999989	97.34000000000000341	0
4000	249	50	4	37	8279039	1	0	6.00000000000000000	6.00000000000000000	1.00000000000000000	60.10000000000000142	15.58000000000000007	3762.51999999999998181	0
4000	250	50	4	31	870911	1	0	5.00000000000000000	5.00000000000000000	1.00000000000000000	6.17999999999999972	1.18999999999999995	150.00999999999999091	0
4000	251	50	4	29	1425599	1	0	4.00000000000000000	4.00000000000000000	1.00000000000000000	10.33000000000000007	1.52000000000000002	74.09999999999999432	0
4000	252	50	4	41	6478847	1	0	8.00000000000000000	8.00000000000000000	1.00000000000000000	81.51999999999999602	11.84999999999999964	530.45000000000004547	0
4000	253	50	4	33	8164799	1	0	5.00000000000000000	5.00000000000000000	1.00000000000000000	81.93000000000000682	22.94999999999999929	3411.28999999999996362	0
4000	254	50	4	25	304127	1	0	6.00000000000000000	6.00000000000000000	1.00000000000000000	1.73999999999999999	0.28999999999999998	11.92999999999999972	0
