5000	1	50	4	26	122471	0	0	4.00000000000000000	4.00000000000000000	1.00000000000000000	1.01000000000000001	0.17000000000000001	0.00000000000000000	0
5000	2	50	4	21	44799	1	0	4.00000000000000000	4.00000000000000000	1.00000000000000000	0.23000000000000001	0.04000000000000000	0.75000000000000000	0
5000	3	50	4	22	42335	0	0	4.00000000000000000	4.00000000000000000	1.00000000000000000	0.23000000000000001	0.05000000000000000	0.00000000000000000	0
5000	4	50	4	14	4607	0	0	3.00000000000000000	3.00000000000000000	1.00000000000000000	0.02000000000000000	0.00000000000000000	0.00000000000000000	0
5000	5	50	4	23	49535	0	0	5.00000000000000000	5.00000000000000000	1.00000000000000000	0.28999999999999998	0.06000000000000000	0.00000000000000000	0
5000	6	50	4	17	4799	0	0	4.00000000000000000	4.00000000000000000	1.00000000000000000	0.02000000000000000	0.00000000000000000	0.00000000000000000	0
5000	7	50	4	18	31103	1	0	3.00000000000000000	3.00000000000000000	1.00000000000000000	0.16000000000000000	0.04000000000000000	0.32000000000000001	0
5000	8	50	4	27	207359	0	0	5.00000000000000000	5.00000000000000000	1.00000000000000000	1.23999999999999999	0.32000000000000001	0.00000000000000000	0
5000	9	50	4	19	51839	0	0	4.00000000000000000	4.00000000000000000	1.00000000000000000	0.39000000000000001	0.05000000000000000	0.00000000000000000	0
5000	10	50	4	17	14111	1	0	3.00000000000000000	3.00000000000000000	1.00000000000000000	0.09000000000000000	0.02000000000000000	0.14999999999999999	0
5000	11	50	4	13	1727	1	0	3.00000000000000000	3.00000000000000000	1.00000000000000000	0.00000000000000000	0.00000000000000000	0.03000000000000000	0
5000	12	50	4	17	4607	1	0	3.00000000000000000	3.00000000000000000	1.00000000000000000	0.02000000000000000	0.01000000000000000	0.05000000000000000	0
5000	13	50	4	24	125567	0	0	6.00000000000000000	6.00000000000000000	1.00000000000000000	0.64000000000000001	0.16000000000000000	0.00000000000000000	0
5000	14	50	4	16	6911	0	0	3.00000000000000000	3.00000000000000000	1.00000000000000000	0.02000000000000000	0.01000000000000000	0.00000000000000000	0
5000	15	50	4	17	9719	0	0	4.00000000000000000	4.00000000000000000	1.00000000000000000	0.04000000000000000	0.00000000000000000	0.00000000000000000	0
5000	16	50	4	14	2303	0	0	4.00000000000000000	4.00000000000000000	1.00000000000000000	0.00000000000000000	0.01000000000000000	0.00000000000000000	0
5000	17	50	4	31	3144959	1	0	4.00000000000000000	4.00000000000000000	1.00000000000000000	31.16000000000000014	4.07000000000000028	773.44000000000005457	0
5000	18	50	4	33	6531839	1	0	4.00000000000000000	4.00000000000000000	1.00000000000000000	48.85000000000000142	27.07000000000000028	47.61999999999999744	0
5000	19	50	4	12	1727	0	0	2.00000000000000000	2.00000000000000000	1.00000000000000000	0.01000000000000000	0.00000000000000000	0.00000000000000000	0
5000	20	50	4	13	1535	0	0	3.00000000000000000	3.00000000000000000	1.00000000000000000	0.00000000000000000	0.01000000000000000	0.00000000000000000	0
5000	21	50	4	18	15119	0	0	4.00000000000000000	4.00000000000000000	1.00000000000000000	0.11000000000000000	0.02000000000000000	0.00000000000000000	0
5000	22	50	4	16	3023	0	0	4.00000000000000000	4.00000000000000000	1.00000000000000000	0.01000000000000000	0.00000000000000000	0.00000000000000000	0
5000	23	50	4	26	217727	1	0	5.00000000000000000	5.00000000000000000	1.00000000000000000	1.08000000000000007	0.31000000000000000	8.06000000000000050	0
5000	24	50	4	10	767	0	0	2.00000000000000000	2.00000000000000000	1.00000000000000000	0.00000000000000000	0.00000000000000000	0.00000000000000000	0
5000	25	50	4	25	241919	1	0	4.00000000000000000	4.00000000000000000	1.00000000000000000	1.69999999999999996	0.20000000000000001	10.63000000000000078	0
5000	26	50	4	10	511	0	0	3.00000000000000000	3.00000000000000000	1.00000000000000000	0.00000000000000000	0.00000000000000000	0.00000000000000000	0
5000	27	50	4	40	3234815	1	0	10.00000000000000000	10.00000000000000000	1.00000000000000000	41.35000000000000142	5.29999999999999982	135.38999999999998636	0
5000	28	50	4	17	3239	0	0	5.00000000000000000	5.00000000000000000	1.00000000000000000	0.04000000000000000	0.00000000000000000	0.00000000000000000	0
5000	29	50	4	26	172799	1	0	5.00000000000000000	5.00000000000000000	1.00000000000000000	1.72999999999999998	0.25000000000000000	0.68000000000000005	0
5000	30	50	4	27	331775	1	0	5.00000000000000000	5.00000000000000000	1.00000000000000000	2.08999999999999986	0.23999999999999999	2.06000000000000005	0
5000	31	50	4	21	23039	0	0	5.00000000000000000	5.00000000000000000	1.00000000000000000	0.16000000000000000	0.02000000000000000	0.00000000000000000	0
5000	32	50	4	22	44927	0	0	5.00000000000000000	5.00000000000000000	1.00000000000000000	0.26000000000000001	0.06000000000000000	0.00000000000000000	0
5000	33	50	4	28	202175	1	0	6.00000000000000000	6.00000000000000000	1.00000000000000000	1.93999999999999995	0.28999999999999998	0.82999999999999996	0
5000	34	50	4	15	6911	1	0	3.00000000000000000	3.00000000000000000	1.00000000000000000	0.03000000000000000	0.00000000000000000	0.08000000000000000	0
5000	35	50	4	19	11519	1	0	5.00000000000000000	5.00000000000000000	1.00000000000000000	0.04000000000000000	0.01000000000000000	0.11000000000000000	0
5000	36	50	4	23	76031	1	0	5.00000000000000000	5.00000000000000000	1.00000000000000000	0.34000000000000002	0.10000000000000001	5.88999999999999968	0
5000	37	50	4	26	233279	1	0	5.00000000000000000	5.00000000000000000	1.00000000000000000	1.51000000000000001	0.34999999999999998	0.89000000000000001	0
5000	38	50	4	22	311039	1	0	4.00000000000000000	4.00000000000000000	1.00000000000000000	2.00000000000000000	0.28999999999999998	1.96999999999999997	0
5000	39	50	4	32	3981311	1	0	5.00000000000000000	5.00000000000000000	1.00000000000000000	26.78999999999999915	5.44000000000000039	340.01999999999998181	0
5000	40	50	4	19	15551	1	0	5.00000000000000000	5.00000000000000000	1.00000000000000000	0.13000000000000000	0.01000000000000000	0.14999999999999999	0
5000	41	50	4	19	10367	0	0	4.00000000000000000	4.00000000000000000	1.00000000000000000	0.05000000000000000	0.01000000000000000	0.00000000000000000	0
5000	42	50	4	22	82943	0	0	5.00000000000000000	5.00000000000000000	1.00000000000000000	0.40000000000000002	0.12000000000000000	0.00000000000000000	0
5000	43	50	4	19	20159	1	0	3.00000000000000000	3.00000000000000000	1.00000000000000000	0.10000000000000001	0.02000000000000000	0.19000000000000000	0
5000	44	50	4	19	51839	0	0	4.00000000000000000	4.00000000000000000	1.00000000000000000	0.25000000000000000	0.06000000000000000	0.00000000000000000	0
5000	45	50	4	24	414719	1	0	4.00000000000000000	4.00000000000000000	1.00000000000000000	2.68000000000000016	0.54000000000000004	39.89999999999999858	0
5000	46	50	4	17	11663	0	0	3.00000000000000000	3.00000000000000000	1.00000000000000000	0.04000000000000000	0.01000000000000000	0.00000000000000000	0
5000	47	50	4	14	9215	0	0	2.00000000000000000	2.00000000000000000	1.00000000000000000	0.03000000000000000	0.01000000000000000	0.00000000000000000	0
5000	48	50	4	17	4535	0	0	5.00000000000000000	5.00000000000000000	1.00000000000000000	0.02000000000000000	0.00000000000000000	0.00000000000000000	0
5000	49	50	4	16	11519	1	0	3.00000000000000000	3.00000000000000000	1.00000000000000000	0.04000000000000000	0.01000000000000000	0.11000000000000000	0
5000	50	50	4	29	1866239	1	0	5.00000000000000000	5.00000000000000000	1.00000000000000000	13.74000000000000021	2.77999999999999980	102.93999999999999773	0
5000	51	50	4	25	259199	1	0	6.00000000000000000	6.00000000000000000	1.00000000000000000	2.14999999999999991	0.25000000000000000	8.78999999999999915	0
5000	52	50	4	23	114047	0	0	5.00000000000000000	5.00000000000000000	1.00000000000000000	0.68999999999999995	0.14000000000000001	0.00000000000000000	0
5000	53	50	4	14	1727	1	0	3.00000000000000000	3.00000000000000000	1.00000000000000000	0.00000000000000000	0.00000000000000000	0.02000000000000000	0
5000	54	50	4	20	23039	0	0	5.00000000000000000	5.00000000000000000	1.00000000000000000	0.09000000000000000	0.03000000000000000	0.00000000000000000	0
5000	55	50	4	21	41471	1	0	5.00000000000000000	5.00000000000000000	1.00000000000000000	0.17000000000000001	0.04000000000000000	0.34999999999999998	0
5000	56	50	4	18	5375	0	0	6.00000000000000000	6.00000000000000000	1.00000000000000000	0.02000000000000000	0.00000000000000000	0.00000000000000000	0
5000	57	50	4	13	2591	0	0	2.00000000000000000	2.00000000000000000	1.00000000000000000	0.01000000000000000	0.00000000000000000	0.00000000000000000	0
5000	58	50	4	15	6143	0	0	3.00000000000000000	3.00000000000000000	1.00000000000000000	0.02000000000000000	0.00000000000000000	0.00000000000000000	0
5000	59	50	4	23	97919	0	0	5.00000000000000000	5.00000000000000000	1.00000000000000000	0.53000000000000003	0.09000000000000000	0.00000000000000000	0
5000	60	50	4	26	172799	0	0	5.00000000000000000	5.00000000000000000	1.00000000000000000	0.77000000000000002	0.17999999999999999	0.00000000000000000	0
5000	61	50	4	32	1866239	1	0	5.00000000000000000	5.00000000000000000	1.00000000000000000	21.26000000000000156	1.95999999999999996	120.71999999999999886	0
5000	62	50	4	19	20735	1	0	5.00000000000000000	5.00000000000000000	1.00000000000000000	0.08000000000000000	0.03000000000000000	0.17999999999999999	0
5000	63	50	4	26	176255	0	0	5.00000000000000000	5.00000000000000000	1.00000000000000000	1.87000000000000011	0.28000000000000003	0.00000000000000000	0
ERROR: Too many feasible sets (>max)
5000	65	50	4	18	10943	1	0	4.00000000000000000	4.00000000000000000	1.00000000000000000	0.08000000000000000	0.01000000000000000	0.25000000000000000	0
5000	66	50	4	26	408239	1	0	4.00000000000000000	4.00000000000000000	1.00000000000000000	3.41000000000000014	0.54000000000000004	3.45000000000000018	0
5000	67	50	4	26	317519	1	0	4.00000000000000000	4.00000000000000000	1.00000000000000000	1.94999999999999996	0.37000000000000000	16.23999999999999844	0
5000	68	50	4	17	8639	0	0	3.00000000000000000	3.00000000000000000	1.00000000000000000	0.07000000000000001	0.01000000000000000	0.00000000000000000	0
5000	69	50	4	17	41471	0	0	2.00000000000000000	2.00000000000000000	1.00000000000000000	0.25000000000000000	0.05000000000000000	0.00000000000000000	0
5000	70	50	4	18	13823	1	0	5.00000000000000000	5.00000000000000000	1.00000000000000000	0.12000000000000000	0.01000000000000000	0.14999999999999999	0
5000	71	50	4	11	479	1	0	4.00000000000000000	4.00000000000000000	1.00000000000000000	0.00000000000000000	0.00000000000000000	0.01000000000000000	0
5000	72	50	4	19	41471	0	0	4.00000000000000000	4.00000000000000000	1.00000000000000000	0.22000000000000000	0.04000000000000000	0.00000000000000000	0
5000	73	50	4	13	4607	1	0	2.00000000000000000	2.00000000000000000	1.00000000000000000	0.01000000000000000	0.01000000000000000	0.05000000000000000	0
5000	74	50	4	18	13607	0	0	4.00000000000000000	4.00000000000000000	1.00000000000000000	0.08000000000000000	0.01000000000000000	0.00000000000000000	0
5000	75	50	4	17	4859	1	0	5.00000000000000000	5.00000000000000000	1.00000000000000000	0.02000000000000000	0.00000000000000000	0.05000000000000000	0
5000	76	50	4	21	40319	0	0	4.00000000000000000	4.00000000000000000	1.00000000000000000	0.34999999999999998	0.05000000000000000	0.00000000000000000	0
5000	77	50	4	18	31103	0	0	3.00000000000000000	3.00000000000000000	1.00000000000000000	0.19000000000000000	0.04000000000000000	0.00000000000000000	0
5000	78	50	4	15	5183	0	0	3.00000000000000000	3.00000000000000000	1.00000000000000000	0.02000000000000000	0.00000000000000000	0.00000000000000000	0
5000	79	50	4	26	217727	1	0	6.00000000000000000	6.00000000000000000	1.00000000000000000	2.33000000000000007	0.31000000000000000	1.06000000000000005	0
5000	80	50	4	18	23039	0	0	4.00000000000000000	4.00000000000000000	1.00000000000000000	0.17000000000000001	0.02000000000000000	0.00000000000000000	0
5000	81	50	4	27	622079	1	0	4.00000000000000000	4.00000000000000000	1.00000000000000000	5.34999999999999964	0.65000000000000002	4.83000000000000007	0
5000	82	50	4	19	13439	0	0	4.00000000000000000	4.00000000000000000	1.00000000000000000	0.06000000000000000	0.01000000000000000	0.00000000000000000	0
5000	83	50	4	18	13823	0	0	5.00000000000000000	5.00000000000000000	1.00000000000000000	0.04000000000000000	0.02000000000000000	0.00000000000000000	0
5000	84	50	4	24	77759	1	0	5.00000000000000000	5.00000000000000000	1.00000000000000000	0.41999999999999998	0.09000000000000000	0.65000000000000002	0
5000	85	50	4	25	349919	1	0	5.00000000000000000	5.00000000000000000	1.00000000000000000	2.10999999999999988	0.31000000000000000	1.50000000000000000	0
5000	86	50	4	17	5183	0	0	5.00000000000000000	5.00000000000000000	1.00000000000000000	0.02000000000000000	0.00000000000000000	0.00000000000000000	0
5000	87	50	4	17	20735	0	0	3.00000000000000000	3.00000000000000000	1.00000000000000000	0.10000000000000001	0.01000000000000000	0.00000000000000000	0
5000	88	50	4	26	126719	0	0	5.00000000000000000	5.00000000000000000	1.00000000000000000	1.11000000000000010	0.19000000000000000	0.00000000000000000	0
5000	89	50	4	19	6749	0	0	4.00000000000000000	4.00000000000000000	1.00000000000000000	0.02000000000000000	0.01000000000000000	0.00000000000000000	0
5000	90	50	4	23	17279	1	0	6.00000000000000000	6.00000000000000000	1.00000000000000000	0.06000000000000000	0.01000000000000000	1.33000000000000007	0
5000	91	50	4	29	362879	1	0	6.00000000000000000	6.00000000000000000	1.00000000000000000	3.50999999999999979	0.34000000000000002	1.35000000000000009	0
5000	92	50	4	15	3023	0	0	4.00000000000000000	4.00000000000000000	1.00000000000000000	0.01000000000000000	0.00000000000000000	0.00000000000000000	0
5000	93	50	4	16	13823	0	0	3.00000000000000000	3.00000000000000000	1.00000000000000000	0.06000000000000000	0.01000000000000000	0.00000000000000000	0
5000	94	50	4	15	2879	0	0	4.00000000000000000	4.00000000000000000	1.00000000000000000	0.01000000000000000	0.00000000000000000	0.00000000000000000	0
5000	95	50	4	21	41471	0	0	4.00000000000000000	4.00000000000000000	1.00000000000000000	0.26000000000000001	0.06000000000000000	0.00000000000000000	0
5000	96	50	4	28	215999	1	0	5.00000000000000000	5.00000000000000000	1.00000000000000000	1.78000000000000003	0.32000000000000001	0.98999999999999999	0
5000	97	50	4	18	15551	0	0	3.00000000000000000	3.00000000000000000	1.00000000000000000	0.09000000000000000	0.01000000000000000	0.00000000000000000	0
5000	98	50	4	20	82943	1	0	3.00000000000000000	3.00000000000000000	1.00000000000000000	0.42999999999999999	0.09000000000000000	2.45999999999999996	0
5000	99	50	4	21	96767	0	0	3.00000000000000000	3.00000000000000000	1.00000000000000000	0.50000000000000000	0.12000000000000000	0.00000000000000000	0
5000	100	50	4	14	1919	0	0	4.00000000000000000	4.00000000000000000	1.00000000000000000	0.00000000000000000	0.01000000000000000	0.00000000000000000	0
