4000	3	10	4	1	1	0	0	1.00000000000000000	1.00000000000000000	1.00000000000000000	0.00000000000000000	0.00000000000000000	0.00000000000000000	0
4000	4	10	4	4	4	0	0	4.00000000000000000	4.00000000000000000	1.00000000000000000	0.00000000000000000	0.00000000000000000	0.00000000000000000	0
4000	5	10	4	4	4	0	0	4.00000000000000000	4.00000000000000000	1.00000000000000000	0.00000000000000000	0.00000000000000000	0.00000000000000000	0
4000	7	10	4	2	2	0	0	2.00000000000000000	2.00000000000000000	1.00000000000000000	0.00000000000000000	0.00000000000000000	0.00000000000000000	0
4000	8	10	4	3	3	0	0	3.00000000000000000	3.00000000000000000	1.00000000000000000	0.00000000000000000	0.00000000000000000	0.00000000000000000	0
4000	9	10	4	1	1	0	0	1.00000000000000000	1.00000000000000000	1.00000000000000000	0.00000000000000000	0.00000000000000000	0.00000000000000000	0
4000	11	10	4	2	2	0	0	2.00000000000000000	2.00000000000000000	1.00000000000000000	0.00000000000000000	0.00000000000000000	0.00000000000000000	0
4000	12	10	4	3	5	0	0	2.00000000000000000	2.00000000000000000	1.00000000000000000	0.00000000000000000	0.00000000000000000	0.00000000000000000	0
4000	13	10	4	3	5	0	0	2.00000000000000000	2.00000000000000000	1.00000000000000000	0.00000000000000000	0.00000000000000000	0.00000000000000000	0
4000	14	10	4	2	2	0	0	2.00000000000000000	2.00000000000000000	1.00000000000000000	0.00000000000000000	0.00000000000000000	0.00000000000000000	0
4000	15	10	4	3	5	0	0	2.00000000000000000	2.00000000000000000	1.00000000000000000	0.00000000000000000	0.00000000000000000	0.00000000000000000	0
4000	18	10	4	1	1	0	0	1.00000000000000000	1.00000000000000000	1.00000000000000000	0.00000000000000000	0.00000000000000000	0.00000000000000000	0
4000	19	10	4	2	2	0	0	2.00000000000000000	2.00000000000000000	1.00000000000000000	0.00000000000000000	0.00000000000000000	0.00000000000000000	0
4000	20	10	4	2	3	0	0	1.00000000000000000	1.00000000000000000	1.00000000000000000	0.00000000000000000	0.00000000000000000	0.00000000000000000	0
4000	21	10	4	2	2	0	0	2.00000000000000000	2.00000000000000000	1.00000000000000000	0.00000000000000000	0.00000000000000000	0.00000000000000000	0
4000	23	10	4	2	2	0	0	2.00000000000000000	2.00000000000000000	1.00000000000000000	0.00000000000000000	0.00000000000000000	0.00000000000000000	0
4000	24	10	4	2	2	0	0	2.00000000000000000	2.00000000000000000	1.00000000000000000	0.00000000000000000	0.00000000000000000	0.00000000000000000	0
4000	25	10	4	3	4	0	0	2.00000000000000000	2.00000000000000000	1.00000000000000000	0.00000000000000000	0.00000000000000000	0.00000000000000000	0
4000	27	10	4	7	9	0	0	6.00000000000000000	6.00000000000000000	1.00000000000000000	0.00000000000000000	0.00000000000000000	0.00000000000000000	0
4000	30	10	4	1	1	0	0	1.00000000000000000	1.00000000000000000	1.00000000000000000	0.00000000000000000	0.00000000000000000	0.00000000000000000	0
4000	32	10	4	3	5	0	0	2.00000000000000000	2.00000000000000000	1.00000000000000000	0.00000000000000000	0.00000000000000000	0.00000000000000000	0
4000	33	10	4	3	3	0	0	3.00000000000000000	3.00000000000000000	1.00000000000000000	0.00000000000000000	0.00000000000000000	0.00000000000000000	0
4000	34	10	4	4	4	0	0	4.00000000000000000	4.00000000000000000	1.00000000000000000	0.00000000000000000	0.00000000000000000	0.00000000000000000	0
4000	36	10	4	2	2	0	0	2.00000000000000000	2.00000000000000000	1.00000000000000000	0.00000000000000000	0.00000000000000000	0.00000000000000000	0
4000	37	10	4	1	1	0	0	1.00000000000000000	1.00000000000000000	1.00000000000000000	0.00000000000000000	0.00000000000000000	0.00000000000000000	0
4000	38	10	4	3	3	0	0	3.00000000000000000	3.00000000000000000	1.00000000000000000	0.00000000000000000	0.00000000000000000	0.00000000000000000	0
4000	39	10	4	1	1	0	0	1.00000000000000000	1.00000000000000000	1.00000000000000000	0.00000000000000000	0.00000000000000000	0.00000000000000000	0
4000	41	10	4	1	1	0	0	1.00000000000000000	1.00000000000000000	1.00000000000000000	0.00000000000000000	0.00000000000000000	0.00000000000000000	0
4000	44	10	4	1	1	0	0	1.00000000000000000	1.00000000000000000	1.00000000000000000	0.00000000000000000	0.00000000000000000	0.00000000000000000	0
4000	45	10	4	1	1	0	0	1.00000000000000000	1.00000000000000000	1.00000000000000000	0.00000000000000000	0.00000000000000000	0.00000000000000000	0
4000	46	10	4	1	1	0	0	1.00000000000000000	1.00000000000000000	1.00000000000000000	0.00000000000000000	0.00000000000000000	0.00000000000000000	0
4000	47	10	4	2	2	0	0	2.00000000000000000	2.00000000000000000	1.00000000000000000	0.00000000000000000	0.00000000000000000	0.00000000000000000	0
4000	49	10	4	4	4	0	0	4.00000000000000000	4.00000000000000000	1.00000000000000000	0.00000000000000000	0.00000000000000000	0.00000000000000000	0
4000	51	10	4	1	1	0	0	1.00000000000000000	1.00000000000000000	1.00000000000000000	0.00000000000000000	0.00000000000000000	0.00000000000000000	0
4000	54	10	4	1	1	0	0	1.00000000000000000	1.00000000000000000	1.00000000000000000	0.00000000000000000	0.00000000000000000	0.00000000000000000	0
4000	55	10	4	1	1	0	0	1.00000000000000000	1.00000000000000000	1.00000000000000000	0.00000000000000000	0.00000000000000000	0.00000000000000000	0
4000	57	10	4	1	1	0	0	1.00000000000000000	1.00000000000000000	1.00000000000000000	0.00000000000000000	0.00000000000000000	0.00000000000000000	0
4000	58	10	4	1	1	0	0	1.00000000000000000	1.00000000000000000	1.00000000000000000	0.00000000000000000	0.00000000000000000	0.00000000000000000	0
4000	59	10	4	3	3	0	0	3.00000000000000000	3.00000000000000000	1.00000000000000000	0.00000000000000000	0.00000000000000000	0.00000000000000000	0
4000	61	10	4	2	3	0	0	1.00000000000000000	1.00000000000000000	1.00000000000000000	0.00000000000000000	0.00000000000000000	0.00000000000000000	0
4000	62	10	4	2	3	0	0	1.00000000000000000	1.00000000000000000	1.00000000000000000	0.00000000000000000	0.00000000000000000	0.00000000000000000	0
4000	63	10	4	1	1	0	0	1.00000000000000000	1.00000000000000000	1.00000000000000000	0.00000000000000000	0.00000000000000000	0.00000000000000000	0
4000	64	10	4	2	3	0	0	1.00000000000000000	1.00000000000000000	1.00000000000000000	0.00000000000000000	0.00000000000000000	0.00000000000000000	0
4000	67	10	4	1	1	0	0	1.00000000000000000	1.00000000000000000	1.00000000000000000	0.00000000000000000	0.00000000000000000	0.00000000000000000	0
4000	68	10	4	1	1	0	0	1.00000000000000000	1.00000000000000000	1.00000000000000000	0.00000000000000000	0.00000000000000000	0.00000000000000000	0
4000	69	10	4	2	2	0	0	2.00000000000000000	2.00000000000000000	1.00000000000000000	0.00000000000000000	0.00000000000000000	0.00000000000000000	0
4000	70	10	4	1	1	0	0	1.00000000000000000	1.00000000000000000	1.00000000000000000	0.00000000000000000	0.00000000000000000	0.00000000000000000	0
4000	71	10	4	1	1	0	0	1.00000000000000000	1.00000000000000000	1.00000000000000000	0.00000000000000000	0.00000000000000000	0.00000000000000000	0
4000	72	10	4	1	1	0	0	1.00000000000000000	1.00000000000000000	1.00000000000000000	0.00000000000000000	0.00000000000000000	0.00000000000000000	0
4000	73	10	4	2	3	0	0	1.00000000000000000	1.00000000000000000	1.00000000000000000	0.00000000000000000	0.00000000000000000	0.00000000000000000	0
4000	75	10	4	3	3	0	0	3.00000000000000000	3.00000000000000000	1.00000000000000000	0.00000000000000000	0.00000000000000000	0.00000000000000000	0
4000	76	10	4	2	3	0	0	1.00000000000000000	1.00000000000000000	1.00000000000000000	0.00000000000000000	0.00000000000000000	0.00000000000000000	0
4000	81	10	4	2	3	0	0	1.00000000000000000	1.00000000000000000	1.00000000000000000	0.00000000000000000	0.00000000000000000	0.00000000000000000	0
4000	82	10	4	2	2	0	0	2.00000000000000000	2.00000000000000000	1.00000000000000000	0.00000000000000000	0.00000000000000000	0.00000000000000000	0
4000	83	10	4	5	5	0	0	5.00000000000000000	5.00000000000000000	1.00000000000000000	0.00000000000000000	0.00000000000000000	0.00000000000000000	0
4000	84	10	4	1	1	0	0	1.00000000000000000	1.00000000000000000	1.00000000000000000	0.00000000000000000	0.00000000000000000	0.00000000000000000	0
4000	86	10	4	1	1	0	0	1.00000000000000000	1.00000000000000000	1.00000000000000000	0.00000000000000000	0.00000000000000000	0.00000000000000000	0
4000	87	10	4	4	8	0	0	2.00000000000000000	2.00000000000000000	1.00000000000000000	0.00000000000000000	0.00000000000000000	0.00000000000000000	0
4000	91	10	4	2	2	0	0	2.00000000000000000	2.00000000000000000	1.00000000000000000	0.00000000000000000	0.00000000000000000	0.00000000000000000	0
4000	92	10	4	1	1	0	0	1.00000000000000000	1.00000000000000000	1.00000000000000000	0.00000000000000000	0.00000000000000000	0.00000000000000000	0
4000	93	10	4	3	5	0	0	2.00000000000000000	2.00000000000000000	1.00000000000000000	0.00000000000000000	0.00000000000000000	0.00000000000000000	0
4000	94	10	4	1	1	0	0	1.00000000000000000	1.00000000000000000	1.00000000000000000	0.00000000000000000	0.00000000000000000	0.00000000000000000	0
4000	95	10	4	2	2	0	0	2.00000000000000000	2.00000000000000000	1.00000000000000000	0.00000000000000000	0.00000000000000000	0.00000000000000000	0
4000	98	10	4	1	1	0	0	1.00000000000000000	1.00000000000000000	1.00000000000000000	0.00000000000000000	0.00000000000000000	0.00000000000000000	0
4000	99	10	4	1	1	0	0	1.00000000000000000	1.00000000000000000	1.00000000000000000	0.00000000000000000	0.00000000000000000	0.00000000000000000	0
4000	102	10	4	1	1	0	0	1.00000000000000000	1.00000000000000000	1.00000000000000000	0.00000000000000000	0.00000000000000000	0.00000000000000000	0
4000	105	10	4	1	1	0	0	1.00000000000000000	1.00000000000000000	1.00000000000000000	0.00000000000000000	0.00000000000000000	0.00000000000000000	0
4000	106	10	4	3	3	0	0	3.00000000000000000	3.00000000000000000	1.00000000000000000	0.00000000000000000	0.00000000000000000	0.00000000000000000	0
4000	107	10	4	2	2	0	0	2.00000000000000000	2.00000000000000000	1.00000000000000000	0.00000000000000000	0.00000000000000000	0.00000000000000000	0
4000	108	10	4	2	2	0	0	2.00000000000000000	2.00000000000000000	1.00000000000000000	0.00000000000000000	0.00000000000000000	0.00000000000000000	0
4000	111	10	4	4	11	0	0	2.00000000000000000	2.00000000000000000	1.00000000000000000	0.00000000000000000	0.00000000000000000	0.00000000000000000	0
4000	112	10	4	1	1	0	0	1.00000000000000000	1.00000000000000000	1.00000000000000000	0.00000000000000000	0.00000000000000000	0.00000000000000000	0
4000	113	10	4	1	1	0	0	1.00000000000000000	1.00000000000000000	1.00000000000000000	0.00000000000000000	0.00000000000000000	0.00000000000000000	0
4000	115	10	4	1	1	0	0	1.00000000000000000	1.00000000000000000	1.00000000000000000	0.00000000000000000	0.00000000000000000	0.00000000000000000	0
4000	116	10	4	1	1	0	0	1.00000000000000000	1.00000000000000000	1.00000000000000000	0.00000000000000000	0.00000000000000000	0.00000000000000000	0
4000	117	10	4	1	1	0	0	1.00000000000000000	1.00000000000000000	1.00000000000000000	0.00000000000000000	0.00000000000000000	0.00000000000000000	0
4000	118	10	4	2	2	0	0	2.00000000000000000	2.00000000000000000	1.00000000000000000	0.00000000000000000	0.00000000000000000	0.00000000000000000	0
4000	119	10	4	1	1	0	0	1.00000000000000000	1.00000000000000000	1.00000000000000000	0.00000000000000000	0.00000000000000000	0.00000000000000000	0
4000	120	10	4	1	1	0	0	1.00000000000000000	1.00000000000000000	1.00000000000000000	0.00000000000000000	0.00000000000000000	0.00000000000000000	0
4000	121	10	4	3	5	0	0	2.00000000000000000	2.00000000000000000	1.00000000000000000	0.00000000000000000	0.00000000000000000	0.00000000000000000	0
4000	124	10	4	4	4	0	0	4.00000000000000000	4.00000000000000000	1.00000000000000000	0.00000000000000000	0.00000000000000000	0.00000000000000000	0
4000	125	10	4	2	2	0	0	2.00000000000000000	2.00000000000000000	1.00000000000000000	0.00000000000000000	0.00000000000000000	0.00000000000000000	0
4000	128	10	4	1	1	0	0	1.00000000000000000	1.00000000000000000	1.00000000000000000	0.00000000000000000	0.00000000000000000	0.00000000000000000	0
4000	131	10	4	3	5	0	0	2.00000000000000000	2.00000000000000000	1.00000000000000000	0.00000000000000000	0.00000000000000000	0.00000000000000000	0
4000	132	10	4	4	4	0	0	4.00000000000000000	4.00000000000000000	1.00000000000000000	0.00000000000000000	0.00000000000000000	0.00000000000000000	0
4000	135	10	4	2	3	0	0	1.00000000000000000	1.00000000000000000	1.00000000000000000	0.00000000000000000	0.00000000000000000	0.00000000000000000	0
4000	136	10	4	1	1	0	0	1.00000000000000000	1.00000000000000000	1.00000000000000000	0.00000000000000000	0.00000000000000000	0.00000000000000000	0
4000	137	10	4	1	1	0	0	1.00000000000000000	1.00000000000000000	1.00000000000000000	0.00000000000000000	0.00000000000000000	0.00000000000000000	0
4000	139	10	4	2	2	0	0	2.00000000000000000	2.00000000000000000	1.00000000000000000	0.00000000000000000	0.00000000000000000	0.00000000000000000	0
4000	142	10	4	1	1	0	0	1.00000000000000000	1.00000000000000000	1.00000000000000000	0.00000000000000000	0.00000000000000000	0.00000000000000000	0
4000	143	10	4	3	3	0	0	3.00000000000000000	3.00000000000000000	1.00000000000000000	0.00000000000000000	0.00000000000000000	0.00000000000000000	0
4000	145	10	4	1	1	0	0	1.00000000000000000	1.00000000000000000	1.00000000000000000	0.00000000000000000	0.00000000000000000	0.00000000000000000	0
4000	146	10	4	1	1	0	0	1.00000000000000000	1.00000000000000000	1.00000000000000000	0.00000000000000000	0.00000000000000000	0.00000000000000000	0
4000	148	10	4	4	4	0	0	4.00000000000000000	4.00000000000000000	1.00000000000000000	0.00000000000000000	0.00000000000000000	0.00000000000000000	0
4000	149	10	4	1	1	0	0	1.00000000000000000	1.00000000000000000	1.00000000000000000	0.00000000000000000	0.00000000000000000	0.00000000000000000	0
4000	150	10	4	1	1	0	0	1.00000000000000000	1.00000000000000000	1.00000000000000000	0.00000000000000000	0.00000000000000000	0.00000000000000000	0
4000	151	10	4	2	2	0	0	2.00000000000000000	2.00000000000000000	1.00000000000000000	0.00000000000000000	0.00000000000000000	0.00000000000000000	0
4000	152	10	4	1	1	0	0	1.00000000000000000	1.00000000000000000	1.00000000000000000	0.00000000000000000	0.00000000000000000	0.00000000000000000	0
4000	154	10	4	1	1	0	0	1.00000000000000000	1.00000000000000000	1.00000000000000000	0.00000000000000000	0.00000000000000000	0.00000000000000000	0
4000	155	10	4	1	1	0	0	1.00000000000000000	1.00000000000000000	1.00000000000000000	0.00000000000000000	0.00000000000000000	0.00000000000000000	0
4000	156	10	4	1	1	0	0	1.00000000000000000	1.00000000000000000	1.00000000000000000	0.00000000000000000	0.00000000000000000	0.00000000000000000	0
4000	161	10	4	2	2	0	0	2.00000000000000000	2.00000000000000000	1.00000000000000000	0.00000000000000000	0.00000000000000000	0.00000000000000000	0
4000	162	10	4	2	2	0	0	2.00000000000000000	2.00000000000000000	1.00000000000000000	0.00000000000000000	0.00000000000000000	0.00000000000000000	0
4000	168	10	4	1	1	0	0	1.00000000000000000	1.00000000000000000	1.00000000000000000	0.00000000000000000	0.00000000000000000	0.00000000000000000	0
4000	169	10	4	4	4	0	0	4.00000000000000000	4.00000000000000000	1.00000000000000000	0.00000000000000000	0.00000000000000000	0.00000000000000000	0
4000	173	10	4	4	4	0	0	4.00000000000000000	4.00000000000000000	1.00000000000000000	0.00000000000000000	0.00000000000000000	0.00000000000000000	0
4000	174	10	4	2	2	0	0	2.00000000000000000	2.00000000000000000	1.00000000000000000	0.00000000000000000	0.00000000000000000	0.00000000000000000	0
4000	175	10	4	2	2	0	0	2.00000000000000000	2.00000000000000000	1.00000000000000000	0.00000000000000000	0.00000000000000000	0.00000000000000000	0
4000	176	10	4	1	1	0	0	1.00000000000000000	1.00000000000000000	1.00000000000000000	0.00000000000000000	0.00000000000000000	0.00000000000000000	0
4000	178	10	4	2	2	0	0	2.00000000000000000	2.00000000000000000	1.00000000000000000	0.00000000000000000	0.00000000000000000	0.00000000000000000	0
4000	180	10	4	2	3	0	0	1.00000000000000000	1.00000000000000000	1.00000000000000000	0.00000000000000000	0.00000000000000000	0.00000000000000000	0
4000	181	10	4	2	2	0	0	2.00000000000000000	2.00000000000000000	1.00000000000000000	0.00000000000000000	0.00000000000000000	0.00000000000000000	0
4000	182	10	4	3	5	0	0	2.00000000000000000	2.00000000000000000	1.00000000000000000	0.01000000000000000	0.00000000000000000	0.00000000000000000	0
4000	183	10	4	1	1	0	0	1.00000000000000000	1.00000000000000000	1.00000000000000000	0.00000000000000000	0.00000000000000000	0.00000000000000000	0
4000	185	10	4	1	1	0	0	1.00000000000000000	1.00000000000000000	1.00000000000000000	0.00000000000000000	0.00000000000000000	0.00000000000000000	0
4000	186	10	4	2	2	0	0	2.00000000000000000	2.00000000000000000	1.00000000000000000	0.00000000000000000	0.00000000000000000	0.00000000000000000	0
4000	188	10	4	2	2	0	0	2.00000000000000000	2.00000000000000000	1.00000000000000000	0.00000000000000000	0.00000000000000000	0.00000000000000000	0
4000	189	10	4	2	2	0	0	2.00000000000000000	2.00000000000000000	1.00000000000000000	0.00000000000000000	0.00000000000000000	0.00000000000000000	0
4000	190	10	4	1	1	0	0	1.00000000000000000	1.00000000000000000	1.00000000000000000	0.00000000000000000	0.00000000000000000	0.00000000000000000	0
4000	191	10	4	1	1	0	0	1.00000000000000000	1.00000000000000000	1.00000000000000000	0.00000000000000000	0.00000000000000000	0.00000000000000000	0
4000	192	10	4	3	3	0	0	3.00000000000000000	3.00000000000000000	1.00000000000000000	0.00000000000000000	0.00000000000000000	0.00000000000000000	0
4000	193	10	4	2	2	0	0	2.00000000000000000	2.00000000000000000	1.00000000000000000	0.00000000000000000	0.00000000000000000	0.00000000000000000	0
4000	195	10	4	2	2	0	0	2.00000000000000000	2.00000000000000000	1.00000000000000000	0.00000000000000000	0.00000000000000000	0.00000000000000000	0
4000	196	10	4	2	3	0	0	1.00000000000000000	1.00000000000000000	1.00000000000000000	0.00000000000000000	0.00000000000000000	0.00000000000000000	0
4000	197	10	4	2	2	0	0	2.00000000000000000	2.00000000000000000	1.00000000000000000	0.00000000000000000	0.00000000000000000	0.00000000000000000	0
4000	198	10	4	2	3	0	0	1.00000000000000000	1.00000000000000000	1.00000000000000000	0.00000000000000000	0.00000000000000000	0.00000000000000000	0
4000	199	10	4	1	1	0	0	1.00000000000000000	1.00000000000000000	1.00000000000000000	0.00000000000000000	0.00000000000000000	0.00000000000000000	0
4000	201	10	4	2	2	0	0	2.00000000000000000	2.00000000000000000	1.00000000000000000	0.00000000000000000	0.00000000000000000	0.00000000000000000	0
4000	203	10	4	3	3	0	0	3.00000000000000000	3.00000000000000000	1.00000000000000000	0.00000000000000000	0.00000000000000000	0.00000000000000000	0
4000	204	10	4	1	1	0	0	1.00000000000000000	1.00000000000000000	1.00000000000000000	0.00000000000000000	0.00000000000000000	0.00000000000000000	0
4000	205	10	4	1	1	0	0	1.00000000000000000	1.00000000000000000	1.00000000000000000	0.01000000000000000	0.00000000000000000	0.00000000000000000	0
4000	206	10	4	1	1	0	0	1.00000000000000000	1.00000000000000000	1.00000000000000000	0.00000000000000000	0.00000000000000000	0.00000000000000000	0
4000	207	10	4	3	7	0	0	1.00000000000000000	1.00000000000000000	1.00000000000000000	0.00000000000000000	0.00000000000000000	0.00000000000000000	0
4000	208	10	4	1	1	0	0	1.00000000000000000	1.00000000000000000	1.00000000000000000	0.00000000000000000	0.00000000000000000	0.00000000000000000	0
4000	209	10	4	3	5	0	0	2.00000000000000000	2.00000000000000000	1.00000000000000000	0.00000000000000000	0.00000000000000000	0.00000000000000000	0
4000	212	10	4	3	3	0	0	3.00000000000000000	3.00000000000000000	1.00000000000000000	0.00000000000000000	0.00000000000000000	0.00000000000000000	0
4000	214	10	4	2	2	0	0	2.00000000000000000	2.00000000000000000	1.00000000000000000	0.00000000000000000	0.00000000000000000	0.00000000000000000	0
4000	215	10	4	4	4	0	0	4.00000000000000000	4.00000000000000000	1.00000000000000000	0.00000000000000000	0.00000000000000000	0.00000000000000000	0
4000	218	10	4	4	6	0	0	3.00000000000000000	3.00000000000000000	1.00000000000000000	0.00000000000000000	0.00000000000000000	0.00000000000000000	0
4000	220	10	4	1	1	0	0	1.00000000000000000	1.00000000000000000	1.00000000000000000	0.00000000000000000	0.00000000000000000	0.00000000000000000	0
4000	221	10	4	3	5	0	0	2.00000000000000000	2.00000000000000000	1.00000000000000000	0.00000000000000000	0.00000000000000000	0.00000000000000000	0
4000	222	10	4	3	3	0	0	3.00000000000000000	3.00000000000000000	1.00000000000000000	0.00000000000000000	0.00000000000000000	0.00000000000000000	0
4000	225	10	4	1	1	0	0	1.00000000000000000	1.00000000000000000	1.00000000000000000	0.00000000000000000	0.00000000000000000	0.00000000000000000	0
4000	226	10	4	4	8	0	0	2.00000000000000000	2.00000000000000000	1.00000000000000000	0.00000000000000000	0.00000000000000000	0.00000000000000000	0
4000	229	10	4	1	1	0	0	1.00000000000000000	1.00000000000000000	1.00000000000000000	0.00000000000000000	0.00000000000000000	0.00000000000000000	0
4000	230	10	4	1	1	0	0	1.00000000000000000	1.00000000000000000	1.00000000000000000	0.00000000000000000	0.00000000000000000	0.00000000000000000	0
4000	233	10	4	2	3	0	0	1.00000000000000000	1.00000000000000000	1.00000000000000000	0.00000000000000000	0.00000000000000000	0.00000000000000000	0
4000	234	10	4	1	1	0	0	1.00000000000000000	1.00000000000000000	1.00000000000000000	0.00000000000000000	0.00000000000000000	0.00000000000000000	0
4000	237	10	4	1	1	0	0	1.00000000000000000	1.00000000000000000	1.00000000000000000	0.00000000000000000	0.00000000000000000	0.00000000000000000	0
4000	238	10	4	1	1	0	0	1.00000000000000000	1.00000000000000000	1.00000000000000000	0.00000000000000000	0.00000000000000000	0.00000000000000000	0
4000	241	10	4	1	1	0	0	1.00000000000000000	1.00000000000000000	1.00000000000000000	0.00000000000000000	0.00000000000000000	0.00000000000000000	0
4000	242	10	4	3	5	0	0	2.00000000000000000	2.00000000000000000	1.00000000000000000	0.00000000000000000	0.00000000000000000	0.00000000000000000	0
4000	244	10	4	1	1	0	0	1.00000000000000000	1.00000000000000000	1.00000000000000000	0.01000000000000000	0.00000000000000000	0.00000000000000000	0
4000	245	10	4	3	3	0	0	3.00000000000000000	3.00000000000000000	1.00000000000000000	0.00000000000000000	0.00000000000000000	0.00000000000000000	0
4000	247	10	4	1	1	0	0	1.00000000000000000	1.00000000000000000	1.00000000000000000	0.00000000000000000	0.00000000000000000	0.00000000000000000	0
4000	248	10	4	2	3	0	0	1.00000000000000000	1.00000000000000000	1.00000000000000000	0.00000000000000000	0.00000000000000000	0.00000000000000000	0
4000	249	10	4	2	2	0	0	2.00000000000000000	2.00000000000000000	1.00000000000000000	0.00000000000000000	0.00000000000000000	0.00000000000000000	0
4000	251	10	4	2	2	0	0	2.00000000000000000	2.00000000000000000	1.00000000000000000	0.00000000000000000	0.00000000000000000	0.00000000000000000	0
4000	255	10	4	2	2	0	0	2.00000000000000000	2.00000000000000000	1.00000000000000000	0.00000000000000000	0.00000000000000000	0.00000000000000000	0
4000	256	10	4	2	2	0	0	2.00000000000000000	2.00000000000000000	1.00000000000000000	0.00000000000000000	0.00000000000000000	0.00000000000000000	0
4000	259	10	4	3	3	0	0	3.00000000000000000	3.00000000000000000	1.00000000000000000	0.00000000000000000	0.00000000000000000	0.00000000000000000	0
4000	261	10	4	2	2	0	0	2.00000000000000000	2.00000000000000000	1.00000000000000000	0.00000000000000000	0.00000000000000000	0.00000000000000000	0
4000	265	10	4	2	2	0	0	2.00000000000000000	2.00000000000000000	1.00000000000000000	0.00000000000000000	0.00000000000000000	0.00000000000000000	0
4000	270	10	4	1	1	0	0	1.00000000000000000	1.00000000000000000	1.00000000000000000	0.00000000000000000	0.00000000000000000	0.00000000000000000	0
4000	271	10	4	1	1	0	0	1.00000000000000000	1.00000000000000000	1.00000000000000000	0.00000000000000000	0.00000000000000000	0.00000000000000000	0
4000	273	10	4	1	1	0	0	1.00000000000000000	1.00000000000000000	1.00000000000000000	0.00000000000000000	0.00000000000000000	0.00000000000000000	0
4000	274	10	4	3	3	0	0	3.00000000000000000	3.00000000000000000	1.00000000000000000	0.00000000000000000	0.00000000000000000	0.00000000000000000	0
4000	277	10	4	1	1	0	0	1.00000000000000000	1.00000000000000000	1.00000000000000000	0.00000000000000000	0.00000000000000000	0.00000000000000000	0
4000	278	10	4	2	2	0	0	2.00000000000000000	2.00000000000000000	1.00000000000000000	0.00000000000000000	0.00000000000000000	0.00000000000000000	0
4000	279	10	4	2	2	0	0	2.00000000000000000	2.00000000000000000	1.00000000000000000	0.00000000000000000	0.00000000000000000	0.00000000000000000	0
4000	281	10	4	1	1	0	0	1.00000000000000000	1.00000000000000000	1.00000000000000000	0.01000000000000000	0.00000000000000000	0.00000000000000000	0
4000	282	10	4	1	1	0	0	1.00000000000000000	1.00000000000000000	1.00000000000000000	0.00000000000000000	0.00000000000000000	0.00000000000000000	0
4000	285	10	4	2	2	0	0	2.00000000000000000	2.00000000000000000	1.00000000000000000	0.00000000000000000	0.00000000000000000	0.00000000000000000	0
4000	288	10	4	1	1	0	0	1.00000000000000000	1.00000000000000000	1.00000000000000000	0.00000000000000000	0.00000000000000000	0.00000000000000000	0
4000	289	10	4	3	5	0	0	2.00000000000000000	2.00000000000000000	1.00000000000000000	0.00000000000000000	0.00000000000000000	0.00000000000000000	0
4000	290	10	4	1	1	0	0	1.00000000000000000	1.00000000000000000	1.00000000000000000	0.00000000000000000	0.00000000000000000	0.00000000000000000	0
4000	291	10	4	1	1	0	0	1.00000000000000000	1.00000000000000000	1.00000000000000000	0.00000000000000000	0.01000000000000000	0.00000000000000000	0
4000	292	10	4	1	1	0	0	1.00000000000000000	1.00000000000000000	1.00000000000000000	0.00000000000000000	0.00000000000000000	0.00000000000000000	0
4000	293	10	4	1	1	0	0	1.00000000000000000	1.00000000000000000	1.00000000000000000	0.00000000000000000	0.00000000000000000	0.00000000000000000	0
4000	295	10	4	1	1	0	0	1.00000000000000000	1.00000000000000000	1.00000000000000000	0.00000000000000000	0.00000000000000000	0.00000000000000000	0
4000	298	10	4	2	3	0	0	1.00000000000000000	1.00000000000000000	1.00000000000000000	0.00000000000000000	0.00000000000000000	0.00000000000000000	0
4000	299	10	4	2	2	0	0	2.00000000000000000	2.00000000000000000	1.00000000000000000	0.00000000000000000	0.00000000000000000	0.00000000000000000	0
4000	303	10	4	2	2	0	0	2.00000000000000000	2.00000000000000000	1.00000000000000000	0.00000000000000000	0.00000000000000000	0.00000000000000000	0
4000	304	10	4	1	1	0	0	1.00000000000000000	1.00000000000000000	1.00000000000000000	0.00000000000000000	0.00000000000000000	0.00000000000000000	0
4000	305	10	4	3	3	0	0	3.00000000000000000	3.00000000000000000	1.00000000000000000	0.00000000000000000	0.00000000000000000	0.00000000000000000	0
4000	306	10	4	2	2	0	0	2.00000000000000000	2.00000000000000000	1.00000000000000000	0.00000000000000000	0.00000000000000000	0.00000000000000000	0
4000	309	10	4	2	3	0	0	1.00000000000000000	1.00000000000000000	1.00000000000000000	0.00000000000000000	0.00000000000000000	0.00000000000000000	0
4000	310	10	4	2	2	0	0	2.00000000000000000	2.00000000000000000	1.00000000000000000	0.00000000000000000	0.00000000000000000	0.00000000000000000	0
4000	312	10	4	1	1	0	0	1.00000000000000000	1.00000000000000000	1.00000000000000000	0.00000000000000000	0.00000000000000000	0.00000000000000000	0
4000	317	10	4	2	2	0	0	2.00000000000000000	2.00000000000000000	1.00000000000000000	0.00000000000000000	0.00000000000000000	0.00000000000000000	0
4000	318	10	4	1	1	0	0	1.00000000000000000	1.00000000000000000	1.00000000000000000	0.00000000000000000	0.00000000000000000	0.00000000000000000	0
4000	321	10	4	1	1	0	0	1.00000000000000000	1.00000000000000000	1.00000000000000000	0.00000000000000000	0.00000000000000000	0.00000000000000000	0
4000	322	10	4	3	5	0	0	2.00000000000000000	2.00000000000000000	1.00000000000000000	0.00000000000000000	0.00000000000000000	0.00000000000000000	0
4000	323	10	4	4	4	0	0	4.00000000000000000	4.00000000000000000	1.00000000000000000	0.00000000000000000	0.00000000000000000	0.00000000000000000	0
4000	325	10	4	1	1	0	0	1.00000000000000000	1.00000000000000000	1.00000000000000000	0.00000000000000000	0.00000000000000000	0.00000000000000000	0
4000	327	10	4	1	1	0	0	1.00000000000000000	1.00000000000000000	1.00000000000000000	0.00000000000000000	0.00000000000000000	0.00000000000000000	0
4000	328	10	4	2	2	0	0	2.00000000000000000	2.00000000000000000	1.00000000000000000	0.00000000000000000	0.00000000000000000	0.00000000000000000	0
4000	329	10	4	1	1	0	0	1.00000000000000000	1.00000000000000000	1.00000000000000000	0.00000000000000000	0.00000000000000000	0.00000000000000000	0
4000	330	10	4	5	14	0	0	2.00000000000000000	2.00000000000000000	1.00000000000000000	0.00000000000000000	0.00000000000000000	0.00000000000000000	0
4000	332	10	4	2	2	0	0	2.00000000000000000	2.00000000000000000	1.00000000000000000	0.00000000000000000	0.00000000000000000	0.00000000000000000	0
4000	335	10	4	1	1	0	0	1.00000000000000000	1.00000000000000000	1.00000000000000000	0.00000000000000000	0.00000000000000000	0.00000000000000000	0
4000	336	10	4	1	1	0	0	1.00000000000000000	1.00000000000000000	1.00000000000000000	0.00000000000000000	0.00000000000000000	0.00000000000000000	0
4000	337	10	4	3	3	0	0	3.00000000000000000	3.00000000000000000	1.00000000000000000	0.00000000000000000	0.00000000000000000	0.00000000000000000	0
4000	338	10	4	1	1	0	0	1.00000000000000000	1.00000000000000000	1.00000000000000000	0.00000000000000000	0.00000000000000000	0.00000000000000000	0
4000	339	10	4	1	1	0	0	1.00000000000000000	1.00000000000000000	1.00000000000000000	0.00000000000000000	0.00000000000000000	0.00000000000000000	0
4000	341	10	4	1	1	0	0	1.00000000000000000	1.00000000000000000	1.00000000000000000	0.00000000000000000	0.00000000000000000	0.00000000000000000	0
4000	343	10	4	3	3	0	0	3.00000000000000000	3.00000000000000000	1.00000000000000000	0.00000000000000000	0.00000000000000000	0.00000000000000000	0
4000	344	10	4	1	1	0	0	1.00000000000000000	1.00000000000000000	1.00000000000000000	0.00000000000000000	0.00000000000000000	0.00000000000000000	0
4000	346	10	4	3	3	0	0	3.00000000000000000	3.00000000000000000	1.00000000000000000	0.00000000000000000	0.00000000000000000	0.00000000000000000	0
4000	348	10	4	2	2	0	0	2.00000000000000000	2.00000000000000000	1.00000000000000000	0.00000000000000000	0.00000000000000000	0.00000000000000000	0
4000	349	10	4	1	1	0	0	1.00000000000000000	1.00000000000000000	1.00000000000000000	0.00000000000000000	0.00000000000000000	0.00000000000000000	0
4000	350	10	4	2	2	0	0	2.00000000000000000	2.00000000000000000	1.00000000000000000	0.00000000000000000	0.00000000000000000	0.00000000000000000	0
4000	351	10	4	2	2	0	0	2.00000000000000000	2.00000000000000000	1.00000000000000000	0.00000000000000000	0.00000000000000000	0.00000000000000000	0
4000	353	10	4	1	1	0	0	1.00000000000000000	1.00000000000000000	1.00000000000000000	0.00000000000000000	0.00000000000000000	0.00000000000000000	0
4000	355	10	4	1	1	0	0	1.00000000000000000	1.00000000000000000	1.00000000000000000	0.00000000000000000	0.00000000000000000	0.00000000000000000	0
4000	359	10	4	1	1	0	0	1.00000000000000000	1.00000000000000000	1.00000000000000000	0.00000000000000000	0.00000000000000000	0.00000000000000000	0
4000	360	10	4	4	4	0	0	4.00000000000000000	4.00000000000000000	1.00000000000000000	0.00000000000000000	0.00000000000000000	0.00000000000000000	0
4000	361	10	4	1	1	0	0	1.00000000000000000	1.00000000000000000	1.00000000000000000	0.00000000000000000	0.00000000000000000	0.00000000000000000	0
4000	362	10	4	1	1	0	0	1.00000000000000000	1.00000000000000000	1.00000000000000000	0.00000000000000000	0.00000000000000000	0.00000000000000000	0
4000	363	10	4	3	5	0	0	2.00000000000000000	2.00000000000000000	1.00000000000000000	0.00000000000000000	0.00000000000000000	0.00000000000000000	0
4000	364	10	4	1	1	0	0	1.00000000000000000	1.00000000000000000	1.00000000000000000	0.00000000000000000	0.00000000000000000	0.00000000000000000	0
4000	366	10	4	1	1	0	0	1.00000000000000000	1.00000000000000000	1.00000000000000000	0.00000000000000000	0.00000000000000000	0.00000000000000000	0
4000	368	10	4	1	1	0	0	1.00000000000000000	1.00000000000000000	1.00000000000000000	0.00000000000000000	0.00000000000000000	0.00000000000000000	0
4000	370	10	4	3	5	0	0	2.00000000000000000	2.00000000000000000	1.00000000000000000	0.00000000000000000	0.00000000000000000	0.00000000000000000	0
4000	372	10	4	2	2	0	0	2.00000000000000000	2.00000000000000000	1.00000000000000000	0.00000000000000000	0.00000000000000000	0.00000000000000000	0
4000	373	10	4	4	6	0	0	3.00000000000000000	3.00000000000000000	1.00000000000000000	0.00000000000000000	0.00000000000000000	0.00000000000000000	0
4000	376	10	4	1	1	0	0	1.00000000000000000	1.00000000000000000	1.00000000000000000	0.00000000000000000	0.00000000000000000	0.00000000000000000	0
4000	377	10	4	2	3	0	0	1.00000000000000000	1.00000000000000000	1.00000000000000000	0.00000000000000000	0.00000000000000000	0.00000000000000000	0
4000	378	10	4	1	1	0	0	1.00000000000000000	1.00000000000000000	1.00000000000000000	0.00000000000000000	0.00000000000000000	0.00000000000000000	0
4000	379	10	4	1	1	0	0	1.00000000000000000	1.00000000000000000	1.00000000000000000	0.00000000000000000	0.00000000000000000	0.00000000000000000	0
4000	380	10	4	2	2	0	0	2.00000000000000000	2.00000000000000000	1.00000000000000000	0.00000000000000000	0.00000000000000000	0.00000000000000000	0
4000	381	10	4	2	2	0	0	2.00000000000000000	2.00000000000000000	1.00000000000000000	0.00000000000000000	0.00000000000000000	0.00000000000000000	0
4000	382	10	4	1	1	0	0	1.00000000000000000	1.00000000000000000	1.00000000000000000	0.00000000000000000	0.00000000000000000	0.00000000000000000	0
4000	383	10	4	2	3	0	0	1.00000000000000000	1.00000000000000000	1.00000000000000000	0.00000000000000000	0.00000000000000000	0.00000000000000000	0
4000	384	10	4	3	3	0	0	3.00000000000000000	3.00000000000000000	1.00000000000000000	0.00000000000000000	0.00000000000000000	0.00000000000000000	0
4000	386	10	4	6	11	0	0	5.00000000000000000	5.00000000000000000	1.00000000000000000	0.00000000000000000	0.00000000000000000	0.00000000000000000	0
4000	388	10	4	4	8	0	0	2.00000000000000000	2.00000000000000000	1.00000000000000000	0.00000000000000000	0.00000000000000000	0.00000000000000000	0
4000	389	10	4	3	3	0	0	3.00000000000000000	3.00000000000000000	1.00000000000000000	0.00000000000000000	0.00000000000000000	0.00000000000000000	0
4000	390	10	4	3	3	0	0	3.00000000000000000	3.00000000000000000	1.00000000000000000	0.00000000000000000	0.00000000000000000	0.00000000000000000	0
4000	391	10	4	1	1	0	0	1.00000000000000000	1.00000000000000000	1.00000000000000000	0.00000000000000000	0.00000000000000000	0.00000000000000000	0
4000	392	10	4	2	2	0	0	2.00000000000000000	2.00000000000000000	1.00000000000000000	0.00000000000000000	0.00000000000000000	0.00000000000000000	0
4000	393	10	4	1	1	0	0	1.00000000000000000	1.00000000000000000	1.00000000000000000	0.00000000000000000	0.00000000000000000	0.00000000000000000	0
4000	395	10	4	1	1	0	0	1.00000000000000000	1.00000000000000000	1.00000000000000000	0.00000000000000000	0.00000000000000000	0.00000000000000000	0
4000	396	10	4	4	4	0	0	4.00000000000000000	4.00000000000000000	1.00000000000000000	0.00000000000000000	0.00000000000000000	0.00000000000000000	0
4000	398	10	4	1	1	0	0	1.00000000000000000	1.00000000000000000	1.00000000000000000	0.00000000000000000	0.00000000000000000	0.00000000000000000	0
4000	400	10	4	2	3	0	0	1.00000000000000000	1.00000000000000000	1.00000000000000000	0.00000000000000000	0.00000000000000000	0.00000000000000000	0
4000	402	10	4	1	1	0	0	1.00000000000000000	1.00000000000000000	1.00000000000000000	0.00000000000000000	0.00000000000000000	0.00000000000000000	0
4000	404	10	4	4	11	0	0	2.00000000000000000	2.00000000000000000	1.00000000000000000	0.00000000000000000	0.00000000000000000	0.00000000000000000	0
4000	405	10	4	2	3	0	0	1.00000000000000000	1.00000000000000000	1.00000000000000000	0.00000000000000000	0.00000000000000000	0.00000000000000000	0
4000	408	10	4	2	2	0	0	2.00000000000000000	2.00000000000000000	1.00000000000000000	0.00000000000000000	0.00000000000000000	0.00000000000000000	0
4000	409	10	4	1	1	0	0	1.00000000000000000	1.00000000000000000	1.00000000000000000	0.00000000000000000	0.00000000000000000	0.00000000000000000	0
4000	410	10	4	5	5	0	0	5.00000000000000000	5.00000000000000000	1.00000000000000000	0.00000000000000000	0.00000000000000000	0.00000000000000000	0
4000	411	10	4	1	1	0	0	1.00000000000000000	1.00000000000000000	1.00000000000000000	0.00000000000000000	0.00000000000000000	0.00000000000000000	0
4000	412	10	4	2	2	0	0	2.00000000000000000	2.00000000000000000	1.00000000000000000	0.00000000000000000	0.00000000000000000	0.00000000000000000	0
4000	413	10	4	3	3	0	0	3.00000000000000000	3.00000000000000000	1.00000000000000000	0.00000000000000000	0.00000000000000000	0.00000000000000000	0
4000	414	10	4	2	2	0	0	2.00000000000000000	2.00000000000000000	1.00000000000000000	0.00000000000000000	0.00000000000000000	0.00000000000000000	0
4000	415	10	4	2	2	0	0	2.00000000000000000	2.00000000000000000	1.00000000000000000	0.00000000000000000	0.00000000000000000	0.00000000000000000	0
4000	418	10	4	1	1	0	0	1.00000000000000000	1.00000000000000000	1.00000000000000000	0.00000000000000000	0.00000000000000000	0.00000000000000000	0
4000	420	10	4	2	2	0	0	2.00000000000000000	2.00000000000000000	1.00000000000000000	0.00000000000000000	0.00000000000000000	0.00000000000000000	0
4000	421	10	4	3	5	0	0	2.00000000000000000	2.00000000000000000	1.00000000000000000	0.00000000000000000	0.00000000000000000	0.00000000000000000	0
4000	423	10	4	1	1	0	0	1.00000000000000000	1.00000000000000000	1.00000000000000000	0.00000000000000000	0.00000000000000000	0.00000000000000000	0
4000	424	10	4	1	1	0	0	1.00000000000000000	1.00000000000000000	1.00000000000000000	0.00000000000000000	0.00000000000000000	0.00000000000000000	0
4000	425	10	4	2	2	0	0	2.00000000000000000	2.00000000000000000	1.00000000000000000	0.00000000000000000	0.00000000000000000	0.00000000000000000	0
4000	426	10	4	2	2	0	0	2.00000000000000000	2.00000000000000000	1.00000000000000000	0.00000000000000000	0.00000000000000000	0.00000000000000000	0
4000	428	10	4	2	2	0	0	2.00000000000000000	2.00000000000000000	1.00000000000000000	0.00000000000000000	0.00000000000000000	0.00000000000000000	0
4000	430	10	4	1	1	0	0	1.00000000000000000	1.00000000000000000	1.00000000000000000	0.00000000000000000	0.00000000000000000	0.00000000000000000	0
4000	432	10	4	2	2	0	0	2.00000000000000000	2.00000000000000000	1.00000000000000000	0.00000000000000000	0.00000000000000000	0.00000000000000000	0
4000	433	10	4	1	1	0	0	1.00000000000000000	1.00000000000000000	1.00000000000000000	0.00000000000000000	0.00000000000000000	0.00000000000000000	0
4000	434	10	4	1	1	0	0	1.00000000000000000	1.00000000000000000	1.00000000000000000	0.00000000000000000	0.00000000000000000	0.00000000000000000	0
4000	435	10	4	2	2	0	0	2.00000000000000000	2.00000000000000000	1.00000000000000000	0.00000000000000000	0.00000000000000000	0.00000000000000000	0
4000	436	10	4	3	5	0	0	2.00000000000000000	2.00000000000000000	1.00000000000000000	0.00000000000000000	0.00000000000000000	0.00000000000000000	0
4000	438	10	4	2	2	0	0	2.00000000000000000	2.00000000000000000	1.00000000000000000	0.00000000000000000	0.00000000000000000	0.00000000000000000	0
4000	439	10	4	1	1	0	0	1.00000000000000000	1.00000000000000000	1.00000000000000000	0.00000000000000000	0.00000000000000000	0.00000000000000000	0
4000	440	10	4	3	5	0	0	2.00000000000000000	2.00000000000000000	1.00000000000000000	0.00000000000000000	0.00000000000000000	0.00000000000000000	0
4000	441	10	4	3	5	0	0	2.00000000000000000	2.00000000000000000	1.00000000000000000	0.00000000000000000	0.00000000000000000	0.00000000000000000	0
4000	443	10	4	1	1	0	0	1.00000000000000000	1.00000000000000000	1.00000000000000000	0.00000000000000000	0.00000000000000000	0.00000000000000000	0
4000	444	10	4	1	1	0	0	1.00000000000000000	1.00000000000000000	1.00000000000000000	0.00000000000000000	0.00000000000000000	0.00000000000000000	0
4000	445	10	4	1	1	0	0	1.00000000000000000	1.00000000000000000	1.00000000000000000	0.00000000000000000	0.00000000000000000	0.00000000000000000	0
4000	447	10	4	2	2	0	0	2.00000000000000000	2.00000000000000000	1.00000000000000000	0.00000000000000000	0.00000000000000000	0.00000000000000000	0
4000	448	10	4	1	1	0	0	1.00000000000000000	1.00000000000000000	1.00000000000000000	0.00000000000000000	0.00000000000000000	0.00000000000000000	0
4000	451	10	4	2	2	0	0	2.00000000000000000	2.00000000000000000	1.00000000000000000	0.00000000000000000	0.00000000000000000	0.00000000000000000	0
4000	452	10	4	1	1	0	0	1.00000000000000000	1.00000000000000000	1.00000000000000000	0.00000000000000000	0.00000000000000000	0.00000000000000000	0
4000	454	10	4	1	1	0	0	1.00000000000000000	1.00000000000000000	1.00000000000000000	0.00000000000000000	0.00000000000000000	0.00000000000000000	0
4000	455	10	4	1	1	0	0	1.00000000000000000	1.00000000000000000	1.00000000000000000	0.00000000000000000	0.00000000000000000	0.00000000000000000	0
4000	456	10	4	1	1	0	0	1.00000000000000000	1.00000000000000000	1.00000000000000000	0.00000000000000000	0.00000000000000000	0.00000000000000000	0
4000	457	10	4	6	11	0	0	5.00000000000000000	5.00000000000000000	1.00000000000000000	0.00000000000000000	0.00000000000000000	0.00000000000000000	0
4000	458	10	4	1	1	0	0	1.00000000000000000	1.00000000000000000	1.00000000000000000	0.00000000000000000	0.00000000000000000	0.00000000000000000	0
4000	459	10	4	2	2	0	0	2.00000000000000000	2.00000000000000000	1.00000000000000000	0.00000000000000000	0.00000000000000000	0.00000000000000000	0
4000	460	10	4	4	4	0	0	4.00000000000000000	4.00000000000000000	1.00000000000000000	0.00000000000000000	0.00000000000000000	0.00000000000000000	0
4000	462	10	4	2	2	0	0	2.00000000000000000	2.00000000000000000	1.00000000000000000	0.00000000000000000	0.00000000000000000	0.00000000000000000	0
4000	463	10	4	1	1	0	0	1.00000000000000000	1.00000000000000000	1.00000000000000000	0.00000000000000000	0.00000000000000000	0.00000000000000000	0
4000	466	10	4	2	3	0	0	1.00000000000000000	1.00000000000000000	1.00000000000000000	0.00000000000000000	0.00000000000000000	0.00000000000000000	0
4000	467	10	4	2	2	0	0	2.00000000000000000	2.00000000000000000	1.00000000000000000	0.00000000000000000	0.00000000000000000	0.00000000000000000	0
4000	468	10	4	2	3	0	0	1.00000000000000000	1.00000000000000000	1.00000000000000000	0.00000000000000000	0.00000000000000000	0.00000000000000000	0
4000	469	10	4	1	1	0	0	1.00000000000000000	1.00000000000000000	1.00000000000000000	0.00000000000000000	0.00000000000000000	0.00000000000000000	0
4000	470	10	4	1	1	0	0	1.00000000000000000	1.00000000000000000	1.00000000000000000	0.00000000000000000	0.00000000000000000	0.00000000000000000	0
4000	473	10	4	1	1	0	0	1.00000000000000000	1.00000000000000000	1.00000000000000000	0.00000000000000000	0.00000000000000000	0.00000000000000000	0
4000	474	10	4	1	1	0	0	1.00000000000000000	1.00000000000000000	1.00000000000000000	0.00000000000000000	0.00000000000000000	0.00000000000000000	0
4000	476	10	4	2	2	0	0	2.00000000000000000	2.00000000000000000	1.00000000000000000	0.00000000000000000	0.00000000000000000	0.00000000000000000	0
4000	477	10	4	1	1	0	0	1.00000000000000000	1.00000000000000000	1.00000000000000000	0.00000000000000000	0.00000000000000000	0.00000000000000000	0
4000	479	10	4	3	5	0	0	2.00000000000000000	2.00000000000000000	1.00000000000000000	0.00000000000000000	0.00000000000000000	0.00000000000000000	0
4000	480	10	4	2	2	0	0	2.00000000000000000	2.00000000000000000	1.00000000000000000	0.00000000000000000	0.00000000000000000	0.00000000000000000	0
4000	481	10	4	2	2	0	0	2.00000000000000000	2.00000000000000000	1.00000000000000000	0.00000000000000000	0.00000000000000000	0.00000000000000000	0
4000	483	10	4	1	1	0	0	1.00000000000000000	1.00000000000000000	1.00000000000000000	0.00000000000000000	0.00000000000000000	0.00000000000000000	0
4000	484	10	4	1	1	0	0	1.00000000000000000	1.00000000000000000	1.00000000000000000	0.00000000000000000	0.00000000000000000	0.00000000000000000	0
4000	485	10	4	3	3	0	0	3.00000000000000000	3.00000000000000000	1.00000000000000000	0.00000000000000000	0.00000000000000000	0.00000000000000000	0
4000	486	10	4	1	1	0	0	1.00000000000000000	1.00000000000000000	1.00000000000000000	0.00000000000000000	0.00000000000000000	0.00000000000000000	0
4000	487	10	4	4	8	0	0	2.00000000000000000	2.00000000000000000	1.00000000000000000	0.00000000000000000	0.00000000000000000	0.00000000000000000	0
4000	488	10	4	1	1	0	0	1.00000000000000000	1.00000000000000000	1.00000000000000000	0.00000000000000000	0.00000000000000000	0.00000000000000000	0
4000	491	10	4	2	2	0	0	2.00000000000000000	2.00000000000000000	1.00000000000000000	0.00000000000000000	0.00000000000000000	0.00000000000000000	0
4000	492	10	4	2	3	0	0	1.00000000000000000	1.00000000000000000	1.00000000000000000	0.00000000000000000	0.00000000000000000	0.00000000000000000	0
4000	495	10	4	1	1	0	0	1.00000000000000000	1.00000000000000000	1.00000000000000000	0.00000000000000000	0.00000000000000000	0.00000000000000000	0
4000	496	10	4	2	2	0	0	2.00000000000000000	2.00000000000000000	1.00000000000000000	0.00000000000000000	0.00000000000000000	0.00000000000000000	0
4000	498	10	4	2	2	0	0	2.00000000000000000	2.00000000000000000	1.00000000000000000	0.00000000000000000	0.00000000000000000	0.00000000000000000	0
4000	499	10	4	2	2	0	0	2.00000000000000000	2.00000000000000000	1.00000000000000000	0.00000000000000000	0.00000000000000000	0.00000000000000000	0
4000	501	10	4	2	2	0	0	2.00000000000000000	2.00000000000000000	1.00000000000000000	0.00000000000000000	0.00000000000000000	0.00000000000000000	0
4000	502	10	4	1	1	0	0	1.00000000000000000	1.00000000000000000	1.00000000000000000	0.00000000000000000	0.00000000000000000	0.00000000000000000	0
4000	503	10	4	2	3	0	0	1.00000000000000000	1.00000000000000000	1.00000000000000000	0.00000000000000000	0.00000000000000000	0.00000000000000000	0
4000	504	10	4	5	9	0	0	4.00000000000000000	4.00000000000000000	1.00000000000000000	0.00000000000000000	0.00000000000000000	0.00000000000000000	0
4000	505	10	4	2	2	0	0	2.00000000000000000	2.00000000000000000	1.00000000000000000	0.00000000000000000	0.00000000000000000	0.00000000000000000	0
4000	506	10	4	1	1	0	0	1.00000000000000000	1.00000000000000000	1.00000000000000000	0.00000000000000000	0.00000000000000000	0.00000000000000000	0
4000	508	10	4	2	2	0	0	2.00000000000000000	2.00000000000000000	1.00000000000000000	0.00000000000000000	0.00000000000000000	0.00000000000000000	0
4000	509	10	4	1	1	0	0	1.00000000000000000	1.00000000000000000	1.00000000000000000	0.00000000000000000	0.00000000000000000	0.00000000000000000	0
4000	510	10	4	3	3	0	0	3.00000000000000000	3.00000000000000000	1.00000000000000000	0.00000000000000000	0.00000000000000000	0.00000000000000000	0
4000	512	10	4	2	2	0	0	2.00000000000000000	2.00000000000000000	1.00000000000000000	0.00000000000000000	0.00000000000000000	0.00000000000000000	0
4000	515	10	4	1	1	0	0	1.00000000000000000	1.00000000000000000	1.00000000000000000	0.00000000000000000	0.00000000000000000	0.00000000000000000	0
4000	516	10	4	1	1	0	0	1.00000000000000000	1.00000000000000000	1.00000000000000000	0.00000000000000000	0.00000000000000000	0.00000000000000000	0
4000	517	10	4	1	1	0	0	1.00000000000000000	1.00000000000000000	1.00000000000000000	0.00000000000000000	0.00000000000000000	0.00000000000000000	0
4000	518	10	4	2	2	0	0	2.00000000000000000	2.00000000000000000	1.00000000000000000	0.00000000000000000	0.00000000000000000	0.00000000000000000	0
4000	520	10	4	1	1	0	0	1.00000000000000000	1.00000000000000000	1.00000000000000000	0.00000000000000000	0.00000000000000000	0.00000000000000000	0
4000	521	10	4	1	1	0	0	1.00000000000000000	1.00000000000000000	1.00000000000000000	0.00000000000000000	0.00000000000000000	0.00000000000000000	0
4000	522	10	4	1	1	0	0	1.00000000000000000	1.00000000000000000	1.00000000000000000	0.00000000000000000	0.00000000000000000	0.00000000000000000	0
4000	523	10	4	3	5	0	0	2.00000000000000000	2.00000000000000000	1.00000000000000000	0.00000000000000000	0.00000000000000000	0.00000000000000000	0
4000	525	10	4	1	1	0	0	1.00000000000000000	1.00000000000000000	1.00000000000000000	0.00000000000000000	0.00000000000000000	0.00000000000000000	0
4000	526	10	4	1	1	0	0	1.00000000000000000	1.00000000000000000	1.00000000000000000	0.00000000000000000	0.00000000000000000	0.00000000000000000	0
4000	528	10	4	2	2	0	0	2.00000000000000000	2.00000000000000000	1.00000000000000000	0.00000000000000000	0.00000000000000000	0.00000000000000000	0
4000	529	10	4	6	11	0	0	5.00000000000000000	5.00000000000000000	1.00000000000000000	0.00000000000000000	0.00000000000000000	0.00000000000000000	0
4000	531	10	4	1	1	0	0	1.00000000000000000	1.00000000000000000	1.00000000000000000	0.00000000000000000	0.00000000000000000	0.00000000000000000	0
4000	535	10	4	1	1	0	0	1.00000000000000000	1.00000000000000000	1.00000000000000000	0.00000000000000000	0.00000000000000000	0.00000000000000000	0
4000	536	10	4	1	1	0	0	1.00000000000000000	1.00000000000000000	1.00000000000000000	0.00000000000000000	0.00000000000000000	0.00000000000000000	0
4000	538	10	4	1	1	0	0	1.00000000000000000	1.00000000000000000	1.00000000000000000	0.00000000000000000	0.00000000000000000	0.00000000000000000	0
4000	539	10	4	1	1	0	0	1.00000000000000000	1.00000000000000000	1.00000000000000000	0.00000000000000000	0.00000000000000000	0.00000000000000000	0
4000	540	10	4	1	1	0	0	1.00000000000000000	1.00000000000000000	1.00000000000000000	0.00000000000000000	0.00000000000000000	0.00000000000000000	0
4000	541	10	4	2	2	0	0	2.00000000000000000	2.00000000000000000	1.00000000000000000	0.00000000000000000	0.00000000000000000	0.00000000000000000	0
4000	542	10	4	2	2	0	0	2.00000000000000000	2.00000000000000000	1.00000000000000000	0.00000000000000000	0.00000000000000000	0.00000000000000000	0
4000	544	10	4	1	1	0	0	1.00000000000000000	1.00000000000000000	1.00000000000000000	0.00000000000000000	0.00000000000000000	0.00000000000000000	0
4000	545	10	4	4	8	0	0	2.00000000000000000	2.00000000000000000	1.00000000000000000	0.00000000000000000	0.00000000000000000	0.00000000000000000	0
4000	546	10	4	2	3	0	0	1.00000000000000000	1.00000000000000000	1.00000000000000000	0.00000000000000000	0.00000000000000000	0.00000000000000000	0
4000	548	10	4	2	2	0	0	2.00000000000000000	2.00000000000000000	1.00000000000000000	0.00000000000000000	0.00000000000000000	0.00000000000000000	0
4000	549	10	4	1	1	0	0	1.00000000000000000	1.00000000000000000	1.00000000000000000	0.00000000000000000	0.00000000000000000	0.00000000000000000	0
4000	550	10	4	6	6	0	0	6.00000000000000000	6.00000000000000000	1.00000000000000000	0.00000000000000000	0.00000000000000000	0.00000000000000000	0
4000	551	10	4	2	2	0	0	2.00000000000000000	2.00000000000000000	1.00000000000000000	0.00000000000000000	0.00000000000000000	0.00000000000000000	0
4000	552	10	4	4	7	0	0	3.00000000000000000	3.00000000000000000	1.00000000000000000	0.00000000000000000	0.00000000000000000	0.00000000000000000	0
4000	553	10	4	2	2	0	0	2.00000000000000000	2.00000000000000000	1.00000000000000000	0.00000000000000000	0.00000000000000000	0.00000000000000000	0
4000	555	10	4	1	1	0	0	1.00000000000000000	1.00000000000000000	1.00000000000000000	0.00000000000000000	0.00000000000000000	0.00000000000000000	0
4000	556	10	4	1	1	0	0	1.00000000000000000	1.00000000000000000	1.00000000000000000	0.00000000000000000	0.00000000000000000	0.00000000000000000	0
4000	557	10	4	2	2	0	0	2.00000000000000000	2.00000000000000000	1.00000000000000000	0.00000000000000000	0.00000000000000000	0.00000000000000000	0
4000	558	10	4	1	1	0	0	1.00000000000000000	1.00000000000000000	1.00000000000000000	0.00000000000000000	0.00000000000000000	0.00000000000000000	0
4000	559	10	4	2	3	0	0	1.00000000000000000	1.00000000000000000	1.00000000000000000	0.00000000000000000	0.00000000000000000	0.00000000000000000	0
4000	562	10	4	1	1	0	0	1.00000000000000000	1.00000000000000000	1.00000000000000000	0.00000000000000000	0.00000000000000000	0.00000000000000000	0
4000	563	10	4	1	1	0	0	1.00000000000000000	1.00000000000000000	1.00000000000000000	0.00000000000000000	0.00000000000000000	0.00000000000000000	0
4000	564	10	4	4	4	0	0	4.00000000000000000	4.00000000000000000	1.00000000000000000	0.00000000000000000	0.00000000000000000	0.00000000000000000	0
4000	565	10	4	2	2	0	0	2.00000000000000000	2.00000000000000000	1.00000000000000000	0.00000000000000000	0.00000000000000000	0.00000000000000000	0
4000	567	10	4	2	3	0	0	1.00000000000000000	1.00000000000000000	1.00000000000000000	0.00000000000000000	0.00000000000000000	0.00000000000000000	0
4000	568	10	4	1	1	0	0	1.00000000000000000	1.00000000000000000	1.00000000000000000	0.00000000000000000	0.00000000000000000	0.00000000000000000	0
4000	569	10	4	5	5	0	0	5.00000000000000000	5.00000000000000000	1.00000000000000000	0.00000000000000000	0.00000000000000000	0.00000000000000000	0
4000	570	10	4	2	3	0	0	1.00000000000000000	1.00000000000000000	1.00000000000000000	0.00000000000000000	0.00000000000000000	0.00000000000000000	0
4000	571	10	4	1	1	0	0	1.00000000000000000	1.00000000000000000	1.00000000000000000	0.00000000000000000	0.00000000000000000	0.00000000000000000	0
4000	572	10	4	6	14	0	0	4.00000000000000000	4.00000000000000000	1.00000000000000000	0.00000000000000000	0.00000000000000000	0.00000000000000000	0
4000	574	10	4	1	1	0	0	1.00000000000000000	1.00000000000000000	1.00000000000000000	0.00000000000000000	0.00000000000000000	0.00000000000000000	0
4000	575	10	4	1	1	0	0	1.00000000000000000	1.00000000000000000	1.00000000000000000	0.00000000000000000	0.00000000000000000	0.00000000000000000	0
4000	577	10	4	1	1	0	0	1.00000000000000000	1.00000000000000000	1.00000000000000000	0.00000000000000000	0.00000000000000000	0.00000000000000000	0
4000	580	10	4	1	1	0	0	1.00000000000000000	1.00000000000000000	1.00000000000000000	0.00000000000000000	0.00000000000000000	0.00000000000000000	0
4000	581	10	4	1	1	0	0	1.00000000000000000	1.00000000000000000	1.00000000000000000	0.00000000000000000	0.00000000000000000	0.00000000000000000	0
4000	584	10	4	1	1	0	0	1.00000000000000000	1.00000000000000000	1.00000000000000000	0.00000000000000000	0.00000000000000000	0.00000000000000000	0
4000	585	10	4	1	1	0	0	1.00000000000000000	1.00000000000000000	1.00000000000000000	0.00000000000000000	0.00000000000000000	0.00000000000000000	0
4000	586	10	4	1	1	0	0	1.00000000000000000	1.00000000000000000	1.00000000000000000	0.00000000000000000	0.00000000000000000	0.00000000000000000	0
4000	587	10	4	1	1	0	0	1.00000000000000000	1.00000000000000000	1.00000000000000000	0.00000000000000000	0.00000000000000000	0.00000000000000000	0
4000	588	10	4	3	5	0	0	2.00000000000000000	2.00000000000000000	1.00000000000000000	0.00000000000000000	0.00000000000000000	0.00000000000000000	0
4000	592	10	4	1	1	0	0	1.00000000000000000	1.00000000000000000	1.00000000000000000	0.00000000000000000	0.00000000000000000	0.00000000000000000	0
4000	593	10	4	2	2	0	0	2.00000000000000000	2.00000000000000000	1.00000000000000000	0.00000000000000000	0.00000000000000000	0.00000000000000000	0
4000	594	10	4	2	2	0	0	2.00000000000000000	2.00000000000000000	1.00000000000000000	0.00000000000000000	0.00000000000000000	0.00000000000000000	0
4000	597	10	4	1	1	0	0	1.00000000000000000	1.00000000000000000	1.00000000000000000	0.00000000000000000	0.00000000000000000	0.00000000000000000	0
4000	598	10	4	1	1	0	0	1.00000000000000000	1.00000000000000000	1.00000000000000000	0.00000000000000000	0.00000000000000000	0.00000000000000000	0
4000	599	10	4	4	7	0	0	3.00000000000000000	3.00000000000000000	1.00000000000000000	0.00000000000000000	0.00000000000000000	0.00000000000000000	0
4000	601	10	4	1	1	0	0	1.00000000000000000	1.00000000000000000	1.00000000000000000	0.00000000000000000	0.00000000000000000	0.00000000000000000	0
4000	605	10	4	3	3	0	0	3.00000000000000000	3.00000000000000000	1.00000000000000000	0.00000000000000000	0.00000000000000000	0.00000000000000000	0
4000	606	10	4	2	3	0	0	1.00000000000000000	1.00000000000000000	1.00000000000000000	0.00000000000000000	0.00000000000000000	0.00000000000000000	0
4000	608	10	4	1	1	0	0	1.00000000000000000	1.00000000000000000	1.00000000000000000	0.00000000000000000	0.00000000000000000	0.00000000000000000	0
4000	610	10	4	1	1	0	0	1.00000000000000000	1.00000000000000000	1.00000000000000000	0.00000000000000000	0.00000000000000000	0.00000000000000000	0
4000	611	10	4	2	2	0	0	2.00000000000000000	2.00000000000000000	1.00000000000000000	0.00000000000000000	0.00000000000000000	0.00000000000000000	0
4000	613	10	4	3	3	0	0	3.00000000000000000	3.00000000000000000	1.00000000000000000	0.00000000000000000	0.00000000000000000	0.00000000000000000	0
4000	615	10	4	1	1	0	0	1.00000000000000000	1.00000000000000000	1.00000000000000000	0.00000000000000000	0.00000000000000000	0.00000000000000000	0
4000	617	10	4	1	1	0	0	1.00000000000000000	1.00000000000000000	1.00000000000000000	0.00000000000000000	0.00000000000000000	0.00000000000000000	0
4000	618	10	4	2	3	0	0	1.00000000000000000	1.00000000000000000	1.00000000000000000	0.00000000000000000	0.00000000000000000	0.00000000000000000	0
4000	619	10	4	1	1	0	0	1.00000000000000000	1.00000000000000000	1.00000000000000000	0.00000000000000000	0.00000000000000000	0.00000000000000000	0
4000	620	10	4	2	2	0	0	2.00000000000000000	2.00000000000000000	1.00000000000000000	0.00000000000000000	0.00000000000000000	0.00000000000000000	0
4000	621	10	4	2	2	0	0	2.00000000000000000	2.00000000000000000	1.00000000000000000	0.00000000000000000	0.00000000000000000	0.00000000000000000	0
4000	622	10	4	2	2	0	0	2.00000000000000000	2.00000000000000000	1.00000000000000000	0.00000000000000000	0.00000000000000000	0.00000000000000000	0
4000	623	10	4	1	1	0	0	1.00000000000000000	1.00000000000000000	1.00000000000000000	0.00000000000000000	0.00000000000000000	0.00000000000000000	0
4000	624	10	4	1	1	0	0	1.00000000000000000	1.00000000000000000	1.00000000000000000	0.00000000000000000	0.00000000000000000	0.00000000000000000	0
4000	625	10	4	2	2	0	0	2.00000000000000000	2.00000000000000000	1.00000000000000000	0.00000000000000000	0.00000000000000000	0.00000000000000000	0
4000	627	10	4	4	4	0	0	4.00000000000000000	4.00000000000000000	1.00000000000000000	0.00000000000000000	0.00000000000000000	0.00000000000000000	0
4000	630	10	4	1	1	0	0	1.00000000000000000	1.00000000000000000	1.00000000000000000	0.00000000000000000	0.00000000000000000	0.00000000000000000	0
4000	632	10	4	1	1	0	0	1.00000000000000000	1.00000000000000000	1.00000000000000000	0.00000000000000000	0.00000000000000000	0.00000000000000000	0
4000	633	10	4	1	1	0	0	1.00000000000000000	1.00000000000000000	1.00000000000000000	0.00000000000000000	0.00000000000000000	0.00000000000000000	0
4000	635	10	4	2	2	0	0	2.00000000000000000	2.00000000000000000	1.00000000000000000	0.00000000000000000	0.00000000000000000	0.00000000000000000	0
4000	637	10	4	1	1	0	0	1.00000000000000000	1.00000000000000000	1.00000000000000000	0.00000000000000000	0.00000000000000000	0.00000000000000000	0
4000	642	10	4	1	1	0	0	1.00000000000000000	1.00000000000000000	1.00000000000000000	0.00000000000000000	0.00000000000000000	0.00000000000000000	0
4000	643	10	4	1	1	0	0	1.00000000000000000	1.00000000000000000	1.00000000000000000	0.00000000000000000	0.00000000000000000	0.00000000000000000	0
4000	644	10	4	2	2	0	0	2.00000000000000000	2.00000000000000000	1.00000000000000000	0.00000000000000000	0.00000000000000000	0.00000000000000000	0
4000	645	10	4	2	2	0	0	2.00000000000000000	2.00000000000000000	1.00000000000000000	0.00000000000000000	0.00000000000000000	0.00000000000000000	0
4000	647	10	4	2	3	0	0	1.00000000000000000	1.00000000000000000	1.00000000000000000	0.00000000000000000	0.00000000000000000	0.00000000000000000	0
4000	649	10	4	1	1	0	0	1.00000000000000000	1.00000000000000000	1.00000000000000000	0.00000000000000000	0.00000000000000000	0.00000000000000000	0
4000	650	10	4	2	2	0	0	2.00000000000000000	2.00000000000000000	1.00000000000000000	0.00000000000000000	0.00000000000000000	0.00000000000000000	0
4000	653	10	4	2	2	0	0	2.00000000000000000	2.00000000000000000	1.00000000000000000	0.00000000000000000	0.00000000000000000	0.00000000000000000	0
4000	655	10	4	1	1	0	0	1.00000000000000000	1.00000000000000000	1.00000000000000000	0.00000000000000000	0.00000000000000000	0.00000000000000000	0
4000	656	10	4	3	5	0	0	2.00000000000000000	2.00000000000000000	1.00000000000000000	0.00000000000000000	0.00000000000000000	0.00000000000000000	0
4000	657	10	4	1	1	0	0	1.00000000000000000	1.00000000000000000	1.00000000000000000	0.00000000000000000	0.00000000000000000	0.00000000000000000	0
4000	659	10	4	2	2	0	0	2.00000000000000000	2.00000000000000000	1.00000000000000000	0.00000000000000000	0.00000000000000000	0.00000000000000000	0
4000	663	10	4	4	7	0	0	3.00000000000000000	3.00000000000000000	1.00000000000000000	0.00000000000000000	0.00000000000000000	0.00000000000000000	0
4000	665	10	4	1	1	0	0	1.00000000000000000	1.00000000000000000	1.00000000000000000	0.00000000000000000	0.00000000000000000	0.00000000000000000	0
4000	668	10	4	2	2	0	0	2.00000000000000000	2.00000000000000000	1.00000000000000000	0.00000000000000000	0.00000000000000000	0.00000000000000000	0
4000	670	10	4	6	15	0	0	3.00000000000000000	3.00000000000000000	1.00000000000000000	0.00000000000000000	0.00000000000000000	0.00000000000000000	0
4000	672	10	4	1	1	0	0	1.00000000000000000	1.00000000000000000	1.00000000000000000	0.00000000000000000	0.00000000000000000	0.00000000000000000	0
4000	673	10	4	1	1	0	0	1.00000000000000000	1.00000000000000000	1.00000000000000000	0.00000000000000000	0.00000000000000000	0.00000000000000000	0
4000	674	10	4	1	1	0	0	1.00000000000000000	1.00000000000000000	1.00000000000000000	0.00000000000000000	0.00000000000000000	0.00000000000000000	0
4000	675	10	4	2	2	0	0	2.00000000000000000	2.00000000000000000	1.00000000000000000	0.00000000000000000	0.00000000000000000	0.00000000000000000	0
4000	679	10	4	4	8	0	0	2.00000000000000000	2.00000000000000000	1.00000000000000000	0.00000000000000000	0.00000000000000000	0.00000000000000000	0
4000	680	10	4	2	3	0	0	1.00000000000000000	1.00000000000000000	1.00000000000000000	0.00000000000000000	0.00000000000000000	0.00000000000000000	0
4000	681	10	4	1	1	0	0	1.00000000000000000	1.00000000000000000	1.00000000000000000	0.00000000000000000	0.00000000000000000	0.00000000000000000	0
4000	682	10	4	1	1	0	0	1.00000000000000000	1.00000000000000000	1.00000000000000000	0.00000000000000000	0.00000000000000000	0.00000000000000000	0
4000	683	10	4	2	3	0	0	1.00000000000000000	1.00000000000000000	1.00000000000000000	0.00000000000000000	0.00000000000000000	0.00000000000000000	0
4000	684	10	4	3	5	0	0	2.00000000000000000	2.00000000000000000	1.00000000000000000	0.00000000000000000	0.00000000000000000	0.00000000000000000	0
4000	685	10	4	1	1	0	0	1.00000000000000000	1.00000000000000000	1.00000000000000000	0.00000000000000000	0.00000000000000000	0.00000000000000000	0
4000	686	10	4	3	3	0	0	3.00000000000000000	3.00000000000000000	1.00000000000000000	0.00000000000000000	0.00000000000000000	0.00000000000000000	0
4000	687	10	4	1	1	0	0	1.00000000000000000	1.00000000000000000	1.00000000000000000	0.00000000000000000	0.00000000000000000	0.00000000000000000	0
4000	688	10	4	3	5	0	0	2.00000000000000000	2.00000000000000000	1.00000000000000000	0.00000000000000000	0.00000000000000000	0.00000000000000000	0
4000	691	10	4	1	1	0	0	1.00000000000000000	1.00000000000000000	1.00000000000000000	0.00000000000000000	0.00000000000000000	0.00000000000000000	0
4000	694	10	4	2	3	0	0	1.00000000000000000	1.00000000000000000	1.00000000000000000	0.00000000000000000	0.00000000000000000	0.00000000000000000	0
4000	695	10	4	2	2	0	0	2.00000000000000000	2.00000000000000000	1.00000000000000000	0.00000000000000000	0.00000000000000000	0.00000000000000000	0
4000	697	10	4	2	2	0	0	2.00000000000000000	2.00000000000000000	1.00000000000000000	0.00000000000000000	0.00000000000000000	0.00000000000000000	0
4000	701	10	4	1	1	0	0	1.00000000000000000	1.00000000000000000	1.00000000000000000	0.00000000000000000	0.00000000000000000	0.00000000000000000	0
4000	703	10	4	2	2	0	0	2.00000000000000000	2.00000000000000000	1.00000000000000000	0.00000000000000000	0.00000000000000000	0.00000000000000000	0
4000	704	10	4	2	2	0	0	2.00000000000000000	2.00000000000000000	1.00000000000000000	0.00000000000000000	0.00000000000000000	0.00000000000000000	0
4000	705	10	4	1	1	0	0	1.00000000000000000	1.00000000000000000	1.00000000000000000	0.00000000000000000	0.00000000000000000	0.00000000000000000	0
4000	707	10	4	1	1	0	0	1.00000000000000000	1.00000000000000000	1.00000000000000000	0.00000000000000000	0.00000000000000000	0.00000000000000000	0
4000	708	10	4	4	11	0	0	2.00000000000000000	2.00000000000000000	1.00000000000000000	0.00000000000000000	0.00000000000000000	0.00000000000000000	0
4000	709	10	4	1	1	0	0	1.00000000000000000	1.00000000000000000	1.00000000000000000	0.00000000000000000	0.00000000000000000	0.00000000000000000	0
4000	710	10	4	1	1	0	0	1.00000000000000000	1.00000000000000000	1.00000000000000000	0.00000000000000000	0.00000000000000000	0.00000000000000000	0
4000	712	10	4	3	3	0	0	3.00000000000000000	3.00000000000000000	1.00000000000000000	0.00000000000000000	0.00000000000000000	0.00000000000000000	0
4000	715	10	4	1	1	0	0	1.00000000000000000	1.00000000000000000	1.00000000000000000	0.00000000000000000	0.00000000000000000	0.00000000000000000	0
4000	716	10	4	2	2	0	0	2.00000000000000000	2.00000000000000000	1.00000000000000000	0.00000000000000000	0.00000000000000000	0.00000000000000000	0
4000	718	10	4	1	1	0	0	1.00000000000000000	1.00000000000000000	1.00000000000000000	0.00000000000000000	0.00000000000000000	0.00000000000000000	0
4000	720	10	4	2	2	0	0	2.00000000000000000	2.00000000000000000	1.00000000000000000	0.00000000000000000	0.00000000000000000	0.00000000000000000	0
4000	722	10	4	1	1	0	0	1.00000000000000000	1.00000000000000000	1.00000000000000000	0.00000000000000000	0.00000000000000000	0.00000000000000000	0
4000	724	10	4	1	1	0	0	1.00000000000000000	1.00000000000000000	1.00000000000000000	0.00000000000000000	0.00000000000000000	0.00000000000000000	0
4000	726	10	4	2	2	0	0	2.00000000000000000	2.00000000000000000	1.00000000000000000	0.00000000000000000	0.00000000000000000	0.00000000000000000	0
4000	728	10	4	3	3	0	0	3.00000000000000000	3.00000000000000000	1.00000000000000000	0.00000000000000000	0.00000000000000000	0.00000000000000000	0
4000	729	10	4	1	1	0	0	1.00000000000000000	1.00000000000000000	1.00000000000000000	0.00000000000000000	0.00000000000000000	0.00000000000000000	0
4000	732	10	4	1	1	0	0	1.00000000000000000	1.00000000000000000	1.00000000000000000	0.00000000000000000	0.00000000000000000	0.00000000000000000	0
4000	733	10	4	1	1	0	0	1.00000000000000000	1.00000000000000000	1.00000000000000000	0.00000000000000000	0.00000000000000000	0.00000000000000000	0
4000	734	10	4	2	2	0	0	2.00000000000000000	2.00000000000000000	1.00000000000000000	0.00000000000000000	0.00000000000000000	0.00000000000000000	0
4000	736	10	4	6	14	0	0	4.00000000000000000	4.00000000000000000	1.00000000000000000	0.00000000000000000	0.00000000000000000	0.00000000000000000	0
4000	739	10	4	2	2	0	0	2.00000000000000000	2.00000000000000000	1.00000000000000000	0.00000000000000000	0.00000000000000000	0.00000000000000000	0
4000	743	10	4	2	2	0	0	2.00000000000000000	2.00000000000000000	1.00000000000000000	0.00000000000000000	0.00000000000000000	0.00000000000000000	0
4000	744	10	4	2	2	0	0	2.00000000000000000	2.00000000000000000	1.00000000000000000	0.00000000000000000	0.00000000000000000	0.00000000000000000	0
4000	746	10	4	1	1	0	0	1.00000000000000000	1.00000000000000000	1.00000000000000000	0.00000000000000000	0.00000000000000000	0.00000000000000000	0
4000	747	10	4	1	1	0	0	1.00000000000000000	1.00000000000000000	1.00000000000000000	0.00000000000000000	0.00000000000000000	0.00000000000000000	0
4000	748	10	4	1	1	0	0	1.00000000000000000	1.00000000000000000	1.00000000000000000	0.00000000000000000	0.00000000000000000	0.00000000000000000	0
4000	749	10	4	1	1	0	0	1.00000000000000000	1.00000000000000000	1.00000000000000000	0.00000000000000000	0.00000000000000000	0.00000000000000000	0
4000	750	10	4	1	1	0	0	1.00000000000000000	1.00000000000000000	1.00000000000000000	0.00000000000000000	0.00000000000000000	0.00000000000000000	0
4000	752	10	4	5	5	0	0	5.00000000000000000	5.00000000000000000	1.00000000000000000	0.00000000000000000	0.00000000000000000	0.00000000000000000	0
4000	754	10	4	4	11	0	0	2.00000000000000000	2.00000000000000000	1.00000000000000000	0.00000000000000000	0.00000000000000000	0.00000000000000000	0
4000	755	10	4	2	2	0	0	2.00000000000000000	2.00000000000000000	1.00000000000000000	0.00000000000000000	0.00000000000000000	0.00000000000000000	0
4000	757	10	4	2	2	0	0	2.00000000000000000	2.00000000000000000	1.00000000000000000	0.00000000000000000	0.00000000000000000	0.00000000000000000	0
4000	759	10	4	1	1	0	0	1.00000000000000000	1.00000000000000000	1.00000000000000000	0.00000000000000000	0.00000000000000000	0.00000000000000000	0
4000	762	10	4	1	1	0	0	1.00000000000000000	1.00000000000000000	1.00000000000000000	0.00000000000000000	0.00000000000000000	0.00000000000000000	0
4000	763	10	4	2	2	0	0	2.00000000000000000	2.00000000000000000	1.00000000000000000	0.00000000000000000	0.00000000000000000	0.00000000000000000	0
4000	765	10	4	2	2	0	0	2.00000000000000000	2.00000000000000000	1.00000000000000000	0.00000000000000000	0.00000000000000000	0.00000000000000000	0
4000	767	10	4	5	9	0	0	4.00000000000000000	4.00000000000000000	1.00000000000000000	0.00000000000000000	0.00000000000000000	0.00000000000000000	0
4000	770	10	4	4	8	0	0	2.00000000000000000	2.00000000000000000	1.00000000000000000	0.00000000000000000	0.00000000000000000	0.00000000000000000	0
4000	771	10	4	1	1	0	0	1.00000000000000000	1.00000000000000000	1.00000000000000000	0.00000000000000000	0.00000000000000000	0.00000000000000000	0
4000	772	10	4	1	1	0	0	1.00000000000000000	1.00000000000000000	1.00000000000000000	0.00000000000000000	0.00000000000000000	0.00000000000000000	0
4000	775	10	4	3	3	0	0	3.00000000000000000	3.00000000000000000	1.00000000000000000	0.00000000000000000	0.00000000000000000	0.00000000000000000	0
4000	777	10	4	5	7	0	0	4.00000000000000000	4.00000000000000000	1.00000000000000000	0.00000000000000000	0.00000000000000000	0.00000000000000000	0
4000	778	10	4	2	2	0	0	2.00000000000000000	2.00000000000000000	1.00000000000000000	0.00000000000000000	0.00000000000000000	0.00000000000000000	0
4000	779	10	4	1	1	0	0	1.00000000000000000	1.00000000000000000	1.00000000000000000	0.00000000000000000	0.00000000000000000	0.00000000000000000	0
4000	780	10	4	2	2	0	0	2.00000000000000000	2.00000000000000000	1.00000000000000000	0.00000000000000000	0.00000000000000000	0.00000000000000000	0
4000	781	10	4	4	4	0	0	4.00000000000000000	4.00000000000000000	1.00000000000000000	0.00000000000000000	0.00000000000000000	0.00000000000000000	0
4000	783	10	4	1	1	0	0	1.00000000000000000	1.00000000000000000	1.00000000000000000	0.00000000000000000	0.00000000000000000	0.00000000000000000	0
4000	784	10	4	2	2	0	0	2.00000000000000000	2.00000000000000000	1.00000000000000000	0.00000000000000000	0.00000000000000000	0.00000000000000000	0
4000	786	10	4	2	3	0	0	1.00000000000000000	1.00000000000000000	1.00000000000000000	0.00000000000000000	0.00000000000000000	0.00000000000000000	0
4000	787	10	4	1	1	0	0	1.00000000000000000	1.00000000000000000	1.00000000000000000	0.00000000000000000	0.00000000000000000	0.00000000000000000	0
4000	788	10	4	1	1	0	0	1.00000000000000000	1.00000000000000000	1.00000000000000000	0.00000000000000000	0.00000000000000000	0.00000000000000000	0
4000	792	10	4	2	2	0	0	2.00000000000000000	2.00000000000000000	1.00000000000000000	0.00000000000000000	0.00000000000000000	0.00000000000000000	0
4000	793	10	4	1	1	0	0	1.00000000000000000	1.00000000000000000	1.00000000000000000	0.00000000000000000	0.00000000000000000	0.00000000000000000	0
4000	795	10	4	1	1	0	0	1.00000000000000000	1.00000000000000000	1.00000000000000000	0.00000000000000000	0.00000000000000000	0.00000000000000000	0
4000	796	10	4	3	5	0	0	2.00000000000000000	2.00000000000000000	1.00000000000000000	0.00000000000000000	0.00000000000000000	0.00000000000000000	0
4000	797	10	4	2	3	0	0	1.00000000000000000	1.00000000000000000	1.00000000000000000	0.00000000000000000	0.00000000000000000	0.00000000000000000	0
4000	801	10	4	2	3	0	0	1.00000000000000000	1.00000000000000000	1.00000000000000000	0.00000000000000000	0.00000000000000000	0.00000000000000000	0
4000	805	10	4	2	2	0	0	2.00000000000000000	2.00000000000000000	1.00000000000000000	0.00000000000000000	0.00000000000000000	0.00000000000000000	0
4000	807	10	4	2	2	0	0	2.00000000000000000	2.00000000000000000	1.00000000000000000	0.00000000000000000	0.00000000000000000	0.00000000000000000	0
4000	808	10	4	4	5	0	0	3.00000000000000000	3.00000000000000000	1.00000000000000000	0.00000000000000000	0.00000000000000000	0.00000000000000000	0
4000	811	10	4	1	1	0	0	1.00000000000000000	1.00000000000000000	1.00000000000000000	0.00000000000000000	0.00000000000000000	0.00000000000000000	0
4000	812	10	4	1	1	0	0	1.00000000000000000	1.00000000000000000	1.00000000000000000	0.00000000000000000	0.00000000000000000	0.00000000000000000	0
4000	814	10	4	5	9	0	0	3.00000000000000000	3.00000000000000000	1.00000000000000000	0.00000000000000000	0.00000000000000000	0.00000000000000000	0
4000	815	10	4	1	1	0	0	1.00000000000000000	1.00000000000000000	1.00000000000000000	0.00000000000000000	0.00000000000000000	0.00000000000000000	0
4000	816	10	4	2	2	0	0	2.00000000000000000	2.00000000000000000	1.00000000000000000	0.00000000000000000	0.00000000000000000	0.00000000000000000	0
4000	820	10	4	1	1	0	0	1.00000000000000000	1.00000000000000000	1.00000000000000000	0.00000000000000000	0.00000000000000000	0.00000000000000000	0
4000	822	10	4	2	2	0	0	2.00000000000000000	2.00000000000000000	1.00000000000000000	0.00000000000000000	0.00000000000000000	0.00000000000000000	0
4000	823	10	4	1	1	0	0	1.00000000000000000	1.00000000000000000	1.00000000000000000	0.00000000000000000	0.00000000000000000	0.00000000000000000	0
4000	824	10	4	1	1	0	0	1.00000000000000000	1.00000000000000000	1.00000000000000000	0.01000000000000000	0.00000000000000000	0.00000000000000000	0
4000	826	10	4	1	1	0	0	1.00000000000000000	1.00000000000000000	1.00000000000000000	0.00000000000000000	0.00000000000000000	0.00000000000000000	0
4000	827	10	4	1	1	0	0	1.00000000000000000	1.00000000000000000	1.00000000000000000	0.00000000000000000	0.00000000000000000	0.00000000000000000	0
4000	828	10	4	3	5	0	0	2.00000000000000000	2.00000000000000000	1.00000000000000000	0.00000000000000000	0.00000000000000000	0.00000000000000000	0
4000	829	10	4	2	2	0	0	2.00000000000000000	2.00000000000000000	1.00000000000000000	0.00000000000000000	0.00000000000000000	0.00000000000000000	0
4000	831	10	4	1	1	0	0	1.00000000000000000	1.00000000000000000	1.00000000000000000	0.00000000000000000	0.00000000000000000	0.00000000000000000	0
4000	832	10	4	1	1	0	0	1.00000000000000000	1.00000000000000000	1.00000000000000000	0.00000000000000000	0.00000000000000000	0.00000000000000000	0
4000	833	10	4	2	2	0	0	2.00000000000000000	2.00000000000000000	1.00000000000000000	0.00000000000000000	0.00000000000000000	0.00000000000000000	0
4000	835	10	4	2	2	0	0	2.00000000000000000	2.00000000000000000	1.00000000000000000	0.00000000000000000	0.00000000000000000	0.00000000000000000	0
4000	836	10	4	4	8	0	0	2.00000000000000000	2.00000000000000000	1.00000000000000000	0.00000000000000000	0.00000000000000000	0.00000000000000000	0
4000	837	10	4	1	1	0	0	1.00000000000000000	1.00000000000000000	1.00000000000000000	0.00000000000000000	0.00000000000000000	0.00000000000000000	0
4000	838	10	4	2	2	0	0	2.00000000000000000	2.00000000000000000	1.00000000000000000	0.00000000000000000	0.00000000000000000	0.00000000000000000	0
4000	841	10	4	2	2	0	0	2.00000000000000000	2.00000000000000000	1.00000000000000000	0.00000000000000000	0.00000000000000000	0.00000000000000000	0
4000	842	10	4	2	3	0	0	1.00000000000000000	1.00000000000000000	1.00000000000000000	0.00000000000000000	0.00000000000000000	0.00000000000000000	0
4000	844	10	4	1	1	0	0	1.00000000000000000	1.00000000000000000	1.00000000000000000	0.00000000000000000	0.00000000000000000	0.00000000000000000	0
4000	845	10	4	1	1	0	0	1.00000000000000000	1.00000000000000000	1.00000000000000000	0.00000000000000000	0.00000000000000000	0.00000000000000000	0
4000	847	10	4	3	5	0	0	2.00000000000000000	2.00000000000000000	1.00000000000000000	0.00000000000000000	0.00000000000000000	0.00000000000000000	0
4000	848	10	4	1	1	0	0	1.00000000000000000	1.00000000000000000	1.00000000000000000	0.00000000000000000	0.00000000000000000	0.00000000000000000	0
4000	850	10	4	2	2	0	0	2.00000000000000000	2.00000000000000000	1.00000000000000000	0.00000000000000000	0.00000000000000000	0.00000000000000000	0
4000	851	10	4	2	2	0	0	2.00000000000000000	2.00000000000000000	1.00000000000000000	0.00000000000000000	0.00000000000000000	0.00000000000000000	0
4000	852	10	4	1	1	0	0	1.00000000000000000	1.00000000000000000	1.00000000000000000	0.00000000000000000	0.00000000000000000	0.00000000000000000	0
4000	853	10	4	2	2	0	0	2.00000000000000000	2.00000000000000000	1.00000000000000000	0.00000000000000000	0.00000000000000000	0.00000000000000000	0
4000	854	10	4	5	9	0	0	4.00000000000000000	4.00000000000000000	1.00000000000000000	0.00000000000000000	0.00000000000000000	0.00000000000000000	0
4000	855	10	4	1	1	0	0	1.00000000000000000	1.00000000000000000	1.00000000000000000	0.00000000000000000	0.00000000000000000	0.00000000000000000	0
4000	856	10	4	4	4	0	0	4.00000000000000000	4.00000000000000000	1.00000000000000000	0.00000000000000000	0.00000000000000000	0.00000000000000000	0
4000	857	10	4	1	1	0	0	1.00000000000000000	1.00000000000000000	1.00000000000000000	0.00000000000000000	0.00000000000000000	0.00000000000000000	0
4000	858	10	4	2	2	0	0	2.00000000000000000	2.00000000000000000	1.00000000000000000	0.00000000000000000	0.00000000000000000	0.00000000000000000	0
4000	859	10	4	4	4	0	0	4.00000000000000000	4.00000000000000000	1.00000000000000000	0.00000000000000000	0.00000000000000000	0.00000000000000000	0
4000	860	10	4	5	8	0	0	4.00000000000000000	4.00000000000000000	1.00000000000000000	0.00000000000000000	0.00000000000000000	0.00000000000000000	0
4000	861	10	4	2	2	0	0	2.00000000000000000	2.00000000000000000	1.00000000000000000	0.00000000000000000	0.00000000000000000	0.00000000000000000	0
4000	862	10	4	1	1	0	0	1.00000000000000000	1.00000000000000000	1.00000000000000000	0.00000000000000000	0.00000000000000000	0.00000000000000000	0
4000	863	10	4	2	3	0	0	1.00000000000000000	1.00000000000000000	1.00000000000000000	0.00000000000000000	0.00000000000000000	0.00000000000000000	0
4000	866	10	4	2	3	0	0	1.00000000000000000	1.00000000000000000	1.00000000000000000	0.00000000000000000	0.00000000000000000	0.00000000000000000	0
4000	868	10	4	1	1	0	0	1.00000000000000000	1.00000000000000000	1.00000000000000000	0.00000000000000000	0.00000000000000000	0.00000000000000000	0
4000	869	10	4	1	1	0	0	1.00000000000000000	1.00000000000000000	1.00000000000000000	0.00000000000000000	0.00000000000000000	0.00000000000000000	0
4000	872	10	4	3	3	0	0	3.00000000000000000	3.00000000000000000	1.00000000000000000	0.00000000000000000	0.00000000000000000	0.00000000000000000	0
4000	873	10	4	2	2	0	0	2.00000000000000000	2.00000000000000000	1.00000000000000000	0.00000000000000000	0.00000000000000000	0.00000000000000000	0
4000	874	10	4	1	1	0	0	1.00000000000000000	1.00000000000000000	1.00000000000000000	0.00000000000000000	0.00000000000000000	0.00000000000000000	0
4000	875	10	4	2	2	0	0	2.00000000000000000	2.00000000000000000	1.00000000000000000	0.00000000000000000	0.00000000000000000	0.00000000000000000	0
4000	876	10	4	4	4	0	0	4.00000000000000000	4.00000000000000000	1.00000000000000000	0.00000000000000000	0.00000000000000000	0.00000000000000000	0
4000	877	10	4	3	5	0	0	2.00000000000000000	2.00000000000000000	1.00000000000000000	0.00000000000000000	0.00000000000000000	0.00000000000000000	0
4000	878	10	4	1	1	0	0	1.00000000000000000	1.00000000000000000	1.00000000000000000	0.00000000000000000	0.00000000000000000	0.00000000000000000	0
4000	880	10	4	5	5	0	0	5.00000000000000000	5.00000000000000000	1.00000000000000000	0.00000000000000000	0.00000000000000000	0.00000000000000000	0
4000	882	10	4	2	3	0	0	1.00000000000000000	1.00000000000000000	1.00000000000000000	0.00000000000000000	0.00000000000000000	0.00000000000000000	0
4000	887	10	4	2	3	0	0	1.00000000000000000	1.00000000000000000	1.00000000000000000	0.00000000000000000	0.00000000000000000	0.00000000000000000	0
4000	889	10	4	1	1	0	0	1.00000000000000000	1.00000000000000000	1.00000000000000000	0.00000000000000000	0.00000000000000000	0.00000000000000000	0
4000	890	10	4	2	3	0	0	1.00000000000000000	1.00000000000000000	1.00000000000000000	0.00000000000000000	0.00000000000000000	0.00000000000000000	0
4000	891	10	4	1	1	0	0	1.00000000000000000	1.00000000000000000	1.00000000000000000	0.00000000000000000	0.00000000000000000	0.00000000000000000	0
4000	892	10	4	4	11	0	0	2.00000000000000000	2.00000000000000000	1.00000000000000000	0.00000000000000000	0.00000000000000000	0.00000000000000000	0
4000	897	10	4	4	8	0	0	2.00000000000000000	2.00000000000000000	1.00000000000000000	0.00000000000000000	0.00000000000000000	0.00000000000000000	0
4000	898	10	4	5	17	0	0	2.00000000000000000	2.00000000000000000	1.00000000000000000	0.00000000000000000	0.00000000000000000	0.00000000000000000	0
4000	899	10	4	1	1	0	0	1.00000000000000000	1.00000000000000000	1.00000000000000000	0.00000000000000000	0.00000000000000000	0.00000000000000000	0
4000	900	10	4	1	1	0	0	1.00000000000000000	1.00000000000000000	1.00000000000000000	0.00000000000000000	0.00000000000000000	0.00000000000000000	0
4000	902	10	4	2	2	0	0	2.00000000000000000	2.00000000000000000	1.00000000000000000	0.00000000000000000	0.00000000000000000	0.00000000000000000	0
4000	904	10	4	1	1	0	0	1.00000000000000000	1.00000000000000000	1.00000000000000000	0.00000000000000000	0.00000000000000000	0.00000000000000000	0
4000	906	10	4	1	1	0	0	1.00000000000000000	1.00000000000000000	1.00000000000000000	0.00000000000000000	0.00000000000000000	0.00000000000000000	0
4000	908	10	4	2	3	0	0	1.00000000000000000	1.00000000000000000	1.00000000000000000	0.00000000000000000	0.00000000000000000	0.00000000000000000	0
4000	910	10	4	1	1	0	0	1.00000000000000000	1.00000000000000000	1.00000000000000000	0.00000000000000000	0.00000000000000000	0.00000000000000000	0
4000	911	10	4	3	3	0	0	3.00000000000000000	3.00000000000000000	1.00000000000000000	0.00000000000000000	0.00000000000000000	0.00000000000000000	0
4000	912	10	4	1	1	0	0	1.00000000000000000	1.00000000000000000	1.00000000000000000	0.00000000000000000	0.00000000000000000	0.00000000000000000	0
4000	913	10	4	2	2	0	0	2.00000000000000000	2.00000000000000000	1.00000000000000000	0.01000000000000000	0.00000000000000000	0.00000000000000000	0
4000	914	10	4	2	2	0	0	2.00000000000000000	2.00000000000000000	1.00000000000000000	0.00000000000000000	0.00000000000000000	0.00000000000000000	0
4000	916	10	4	2	3	0	0	1.00000000000000000	1.00000000000000000	1.00000000000000000	0.00000000000000000	0.00000000000000000	0.00000000000000000	0
4000	917	10	4	1	1	0	0	1.00000000000000000	1.00000000000000000	1.00000000000000000	0.01000000000000000	0.00000000000000000	0.00000000000000000	0
4000	918	10	4	4	4	0	0	4.00000000000000000	4.00000000000000000	1.00000000000000000	0.00000000000000000	0.00000000000000000	0.00000000000000000	0
4000	919	10	4	2	2	0	0	2.00000000000000000	2.00000000000000000	1.00000000000000000	0.00000000000000000	0.00000000000000000	0.00000000000000000	0
4000	921	10	4	2	2	0	0	2.00000000000000000	2.00000000000000000	1.00000000000000000	0.00000000000000000	0.00000000000000000	0.00000000000000000	0
4000	923	10	4	4	4	0	0	4.00000000000000000	4.00000000000000000	1.00000000000000000	0.00000000000000000	0.00000000000000000	0.00000000000000000	0
4000	924	10	4	1	1	0	0	1.00000000000000000	1.00000000000000000	1.00000000000000000	0.00000000000000000	0.00000000000000000	0.00000000000000000	0
4000	925	10	4	1	1	0	0	1.00000000000000000	1.00000000000000000	1.00000000000000000	0.00000000000000000	0.00000000000000000	0.00000000000000000	0
4000	926	10	4	2	2	0	0	2.00000000000000000	2.00000000000000000	1.00000000000000000	0.00000000000000000	0.00000000000000000	0.00000000000000000	0
4000	927	10	4	3	5	0	0	2.00000000000000000	2.00000000000000000	1.00000000000000000	0.00000000000000000	0.00000000000000000	0.00000000000000000	0
4000	928	10	4	1	1	0	0	1.00000000000000000	1.00000000000000000	1.00000000000000000	0.00000000000000000	0.00000000000000000	0.00000000000000000	0
4000	931	10	4	3	5	0	0	2.00000000000000000	2.00000000000000000	1.00000000000000000	0.00000000000000000	0.00000000000000000	0.00000000000000000	0
4000	932	10	4	4	8	0	0	2.00000000000000000	2.00000000000000000	1.00000000000000000	0.00000000000000000	0.00000000000000000	0.00000000000000000	0
4000	934	10	4	2	2	0	0	2.00000000000000000	2.00000000000000000	1.00000000000000000	0.00000000000000000	0.00000000000000000	0.00000000000000000	0
4000	936	10	4	1	1	0	0	1.00000000000000000	1.00000000000000000	1.00000000000000000	0.00000000000000000	0.00000000000000000	0.00000000000000000	0
4000	937	10	4	1	1	0	0	1.00000000000000000	1.00000000000000000	1.00000000000000000	0.00000000000000000	0.00000000000000000	0.00000000000000000	0
4000	941	10	4	3	3	0	0	3.00000000000000000	3.00000000000000000	1.00000000000000000	0.00000000000000000	0.00000000000000000	0.00000000000000000	0
4000	942	10	4	3	5	0	0	2.00000000000000000	2.00000000000000000	1.00000000000000000	0.00000000000000000	0.00000000000000000	0.00000000000000000	0
4000	944	10	4	1	1	0	0	1.00000000000000000	1.00000000000000000	1.00000000000000000	0.00000000000000000	0.00000000000000000	0.00000000000000000	0
4000	945	10	4	2	2	0	0	2.00000000000000000	2.00000000000000000	1.00000000000000000	0.00000000000000000	0.00000000000000000	0.00000000000000000	0
4000	947	10	4	1	1	0	0	1.00000000000000000	1.00000000000000000	1.00000000000000000	0.00000000000000000	0.00000000000000000	0.00000000000000000	0
4000	948	10	4	2	3	0	0	1.00000000000000000	1.00000000000000000	1.00000000000000000	0.00000000000000000	0.00000000000000000	0.00000000000000000	0
4000	950	10	4	2	3	0	0	1.00000000000000000	1.00000000000000000	1.00000000000000000	0.00000000000000000	0.00000000000000000	0.00000000000000000	0
4000	952	10	4	1	1	0	0	1.00000000000000000	1.00000000000000000	1.00000000000000000	0.00000000000000000	0.00000000000000000	0.00000000000000000	0
4000	953	10	4	2	3	0	0	1.00000000000000000	1.00000000000000000	1.00000000000000000	0.00000000000000000	0.00000000000000000	0.00000000000000000	0
4000	955	10	4	2	2	0	0	2.00000000000000000	2.00000000000000000	1.00000000000000000	0.00000000000000000	0.00000000000000000	0.00000000000000000	0
4000	957	10	4	1	1	0	0	1.00000000000000000	1.00000000000000000	1.00000000000000000	0.00000000000000000	0.00000000000000000	0.00000000000000000	0
4000	958	10	4	3	5	0	0	2.00000000000000000	2.00000000000000000	1.00000000000000000	0.00000000000000000	0.00000000000000000	0.00000000000000000	0
4000	960	10	4	1	1	0	0	1.00000000000000000	1.00000000000000000	1.00000000000000000	0.00000000000000000	0.00000000000000000	0.00000000000000000	0
4000	964	10	4	1	1	0	0	1.00000000000000000	1.00000000000000000	1.00000000000000000	0.00000000000000000	0.00000000000000000	0.00000000000000000	0
4000	967	10	4	2	2	0	0	2.00000000000000000	2.00000000000000000	1.00000000000000000	0.00000000000000000	0.00000000000000000	0.00000000000000000	0
4000	968	10	4	1	1	0	0	1.00000000000000000	1.00000000000000000	1.00000000000000000	0.00000000000000000	0.00000000000000000	0.00000000000000000	0
4000	969	10	4	1	1	0	0	1.00000000000000000	1.00000000000000000	1.00000000000000000	0.00000000000000000	0.00000000000000000	0.00000000000000000	0
4000	970	10	4	1	1	0	0	1.00000000000000000	1.00000000000000000	1.00000000000000000	0.00000000000000000	0.00000000000000000	0.00000000000000000	0
4000	971	10	4	3	4	0	0	2.00000000000000000	2.00000000000000000	1.00000000000000000	0.00000000000000000	0.00000000000000000	0.00000000000000000	0
4000	973	10	4	2	2	0	0	2.00000000000000000	2.00000000000000000	1.00000000000000000	0.00000000000000000	0.00000000000000000	0.00000000000000000	0
4000	974	10	4	1	1	0	0	1.00000000000000000	1.00000000000000000	1.00000000000000000	0.00000000000000000	0.00000000000000000	0.00000000000000000	0
4000	976	10	4	2	2	0	0	2.00000000000000000	2.00000000000000000	1.00000000000000000	0.00000000000000000	0.00000000000000000	0.00000000000000000	0
4000	977	10	4	3	3	0	0	3.00000000000000000	3.00000000000000000	1.00000000000000000	0.00000000000000000	0.00000000000000000	0.00000000000000000	0
4000	981	10	4	1	1	0	0	1.00000000000000000	1.00000000000000000	1.00000000000000000	0.00000000000000000	0.00000000000000000	0.00000000000000000	0
4000	982	10	4	3	5	0	0	2.00000000000000000	2.00000000000000000	1.00000000000000000	0.00000000000000000	0.00000000000000000	0.00000000000000000	0
4000	983	10	4	1	1	0	0	1.00000000000000000	1.00000000000000000	1.00000000000000000	0.00000000000000000	0.00000000000000000	0.00000000000000000	0
4000	984	10	4	1	1	0	0	1.00000000000000000	1.00000000000000000	1.00000000000000000	0.00000000000000000	0.00000000000000000	0.00000000000000000	0
4000	985	10	4	2	2	0	0	2.00000000000000000	2.00000000000000000	1.00000000000000000	0.00000000000000000	0.00000000000000000	0.00000000000000000	0
4000	986	10	4	1	1	0	0	1.00000000000000000	1.00000000000000000	1.00000000000000000	0.00000000000000000	0.00000000000000000	0.00000000000000000	0
4000	988	10	4	1	1	0	0	1.00000000000000000	1.00000000000000000	1.00000000000000000	0.00000000000000000	0.00000000000000000	0.00000000000000000	0
4000	990	10	4	1	1	0	0	1.00000000000000000	1.00000000000000000	1.00000000000000000	0.00000000000000000	0.00000000000000000	0.00000000000000000	0
4000	991	10	4	2	2	0	0	2.00000000000000000	2.00000000000000000	1.00000000000000000	0.00000000000000000	0.00000000000000000	0.00000000000000000	0
4000	994	10	4	4	8	0	0	2.00000000000000000	2.00000000000000000	1.00000000000000000	0.00000000000000000	0.00000000000000000	0.00000000000000000	0
4000	995	10	4	3	5	0	0	2.00000000000000000	2.00000000000000000	1.00000000000000000	0.00000000000000000	0.00000000000000000	0.00000000000000000	0
4000	996	10	4	1	1	0	0	1.00000000000000000	1.00000000000000000	1.00000000000000000	0.00000000000000000	0.00000000000000000	0.00000000000000000	0
4000	998	10	4	2	3	0	0	1.00000000000000000	1.00000000000000000	1.00000000000000000	0.00000000000000000	0.00000000000000000	0.00000000000000000	0
4000	999	10	4	1	1	0	0	1.00000000000000000	1.00000000000000000	1.00000000000000000	0.00000000000000000	0.00000000000000000	0.00000000000000000	0
