3000.0000000000	860.5000000000	 202.8562723999	20.0000000000	 0.0000000000	300.0000000000	 0.0000000000	4.0000000000	 0.0000000000	25.0000000000	 0.0000000000	6.0000000000	 0.0000000000	23.0000000000	 5.8798919536	1.0000000000	 0.0000000000	1.0000000000	 0.0000000000	2.4166650000	 0.1633335987	3.0000000000	 0.0000000000	0.8055555000	 0.0544428996	0.0000000000	 0.0000000000	0.0000000000	 0.0000000000	0.0000000000	 0.0000000000	
3000.0000000000	414.0000000000	 507.6306719959	20.0000000000	 0.0000000000	300.0000000000	 0.0000000000	4.0000000000	 0.0000000000	25.0000000000	 0.0000000000	7.0000000000	 0.0000000000	21.0000000000	 3.9199279691	1.0000000000	 0.0000000000	1.0000000000	 0.0000000000	4.0000000000	 0.9799819923	4.5000000000	 0.9799819923	0.8875000000	 0.0244995498	0.0000000000	 0.0000000000	0.0000000000	 0.0000000000	0.0000000000	 0.0000000000	
3000.0000000000	814.5000000000	 146.5753008506	20.0000000000	 0.0000000000	300.0000000000	 0.0000000000	4.0000000000	 0.0000000000	25.0000000000	 0.0000000000	8.0000000000	 0.0000000000	26.7500000000	 9.6806812336	1.0000000000	 0.0000000000	1.0000000000	 0.0000000000	4.2083325000	 0.8681112398	4.7500000000	 0.9382613245	0.8847222500	 0.0118656860	0.0000000000	 0.0000000000	0.0000000000	 0.0000000000	0.0000000000	 0.0000000000	
3000.0000000000	538.5000000000	 498.8108340654	25.0000000000	 9.7998199227	300.0000000000	 0.0000000000	4.0000000000	 0.0000000000	25.0000000000	 0.0000000000	9.0000000000	 0.0000000000	133.5000000000	 57.8189375439	1.0000000000	 0.0000000000	1.0000000000	 0.0000000000	2.5000000000	 0.0000000000	3.0000000000	 0.0000000000	0.8333330000	 0.0000000000	0.0000000000	 0.0000000000	0.0000000000	 0.0000000000	0.0050000000	 0.0097998199	
3000.0000000000	562.0000000000	 723.2267102953	20.0000000000	 0.0000000000	300.0000000000	 0.0000000000	4.0000000000	 0.0000000000	25.0000000000	 0.0000000000	11.0000000000	 0.0000000000	61.0000000000	 33.3193877372	1.0000000000	 0.0000000000	1.0000000000	 0.0000000000	5.0000000000	 0.9799819923	5.5000000000	 0.9799819923	0.9083335000	 0.0163333599	0.0000000000	 0.0000000000	0.0000000000	 0.0000000000	0.0000000000	 0.0000000000	
3000.0000000000	600.5000000000	 147.9772808328	20.0000000000	 0.0000000000	300.0000000000	 0.0000000000	4.0000000000	 0.0000000000	25.0000000000	 0.0000000000	12.0000000000	 0.0000000000	38.0000000000	 27.4394957836	1.0000000000	 0.0000000000	1.0000000000	 0.0000000000	7.5000000000	 1.9599639845	8.0000000000	 1.9599639845	0.9365075000	 0.0155552542	0.0000000000	 0.0000000000	0.0000000000	 0.0000000000	0.0000000000	 0.0000000000	
3000.0000000000	740.5000000000	 46.0591536367	30.0000000000	 0.0000000000	300.0000000000	 0.0000000000	4.0000000000	 0.0000000000	25.0000000000	 0.0000000000	13.0000000000	 0.0000000000	96.0000000000	 58.7989195362	1.0000000000	 0.0000000000	1.0000000000	 0.0000000000	6.5000000000	 1.9599639845	7.0000000000	 1.9599639845	0.9270835000	 0.0204159648	0.0000000000	 0.0000000000	0.0000000000	 0.0000000000	0.0050000000	 0.0097998199	
3000.0000000000	662.5000000000	 314.5742195187	25.0000000000	 9.7998199227	300.0000000000	 0.0000000000	4.0000000000	 0.0000000000	25.0000000000	 0.0000000000	14.0000000000	 0.0000000000	161.5000000000	 28.4194777758	1.0000000000	 0.0000000000	1.0000000000	 0.0000000000	6.0000000000	 0.9799819923	6.5000000000	 0.9799819923	0.9226190000	 0.0116657056	0.0000000000	 0.0000000000	0.0000000000	 0.0000000000	0.0100000000	 0.0195996398	
3000.0000000000	617.5000000000	 298.8945076424	30.0000000000	 0.0000000000	300.0000000000	 0.0000000000	4.0000000000	 0.0000000000	25.0000000000	 0.0000000000	16.0000000000	 0.0000000000	133.0000000000	 39.1992796908	1.0000000000	 0.0000000000	1.0000000000	 0.0000000000	6.9166650000	 1.1433155909	7.5000000000	 0.9799819923	0.9211310000	 0.0320826505	0.0000000000	 0.0000000000	0.0000000000	 0.0000000000	0.0050000000	 0.0097998199	
3000.0000000000	347.5000000000	 594.8490693079	30.0000000000	 0.0000000000	300.0000000000	 0.0000000000	4.0000000000	 0.0000000000	25.0000000000	 0.0000000000	17.0000000000	 0.0000000000	122.5000000000	 0.9799819923	1.0000000000	 0.0000000000	1.0000000000	 0.0000000000	8.0000000000	 0.9799819923	8.5000000000	 0.9799819923	0.9409720000	 0.0068049950	0.0000000000	 0.0000000000	0.0000000000	 0.0000000000	0.0000000000	 0.0000000000	
3000.0000000000	693.5000000000	 116.6178570801	30.0000000000	 0.0000000000	300.0000000000	 0.0000000000	4.0000000000	 0.0000000000	25.0000000000	 0.0000000000	18.0000000000	 0.0000000000	219.5000000000	 240.0955881062	1.0000000000	 0.0000000000	1.0000000000	 0.0000000000	9.0000000000	 2.9399459768	9.5000000000	 2.9399459768	0.9460225000	 0.0167037931	0.0000000000	 0.0000000000	0.0000000000	 0.0000000000	0.0050000000	 0.0097998199	
3000.0000000000	540.3333333333	 78.9708489319	30.0000000000	 0.0000000000	300.0000000000	 0.0000000000	4.0000000000	 0.0000000000	25.0000000000	 0.0000000000	19.0000000000	 0.0000000000	204.3333333333	 109.7949206844	1.0000000000	 0.0000000000	1.0000000000	 0.0000000000	8.5000000000	 1.9599639845	9.0000000000	 1.9599639845	0.9431816667	 0.0111358620	0.0000000000	 0.0000000000	0.0000000000	 0.0000000000	0.0066666667	 0.0130664266	
3000.0000000000	436.3333333333	 410.0797588881	30.0000000000	 0.0000000000	300.0000000000	 0.0000000000	4.0000000000	 0.0000000000	25.0000000000	 0.0000000000	21.0000000000	 0.0000000000	216.6666666667	 28.4100894244	1.0000000000	 0.0000000000	1.0000000000	 0.0000000000	10.5000000000	 1.9690173454	11.0000000000	 1.9599639845	0.9538460000	 0.0203107515	0.0000000000	 0.0000000000	0.0000000000	 0.0000000000	0.0000000000	 0.0000000000	
3000.0000000000	495.5000000000	 188.5686703888	32.5000000000	 4.8999099614	300.0000000000	 0.0000000000	4.0000000000	 0.0000000000	25.0000000000	 0.0000000000	22.0000000000	 0.0000000000	390.5000000000	 71.0492576454	1.0000000000	 0.0000000000	1.0000000000	 0.0000000000	9.4583325000	 1.4262216518	10.0000000000	 1.3859038243	0.9446757500	 0.0134662856	0.0000000000	 0.0000000000	0.0000000000	 0.0000000000	0.0200000000	 0.0138590382	
3000.0000000000	422.4000000000	 232.2822769987	34.0000000000	 4.8009116764	300.0000000000	 0.0000000000	4.0000000000	 0.0000000000	25.0000000000	 0.0000000000	23.0000000000	 0.0000000000	308.4000000000	 175.7680140446	1.0000000000	 0.0000000000	1.0000000000	 0.0000000000	11.9000000000	 2.2856911419	12.4000000000	 2.2856911419	0.9582738000	 0.0073702510	0.0000000000	 0.0000000000	0.0000000000	 0.0000000000	0.0080000000	 0.0073335137	
3000.0000000000	629.5000000000	 377.2930670240	35.0000000000	 9.7998199227	300.0000000000	 0.0000000000	4.0000000000	 0.0000000000	25.0000000000	 0.0000000000	24.0000000000	 0.0000000000	433.5000000000	 132.2975689565	1.0000000000	 0.0000000000	1.0000000000	 0.0000000000	9.4166500000	 1.7966009864	10.0000000000	 1.9599639845	0.9419190000	 0.0049489091	0.0000000000	 0.0000000000	0.0000000000	 0.0000000000	0.0150000000	 0.0097998199	
3000.0000000000	480.7500000000	 380.5951770788	37.5000000000	 4.8999099614	300.0000000000	 0.0000000000	4.0000000000	 0.0000000000	25.0000000000	 0.0000000000	26.0000000000	 0.0000000000	1084.5000000000	 632.1962497974	1.0000000000	 0.0000000000	1.0000000000	 0.0000000000	10.0000000000	 0.5657928670	10.5000000000	 0.5657928670	0.9522725000	 0.0025715286	0.0025000000	 0.0048999100	0.0025000000	 0.0048999100	0.0175000000	 0.0093826132	
3000.0000000000	388.5000000000	 188.1931181498	35.0000000000	 5.6579286704	300.0000000000	 0.0000000000	4.0000000000	 0.0000000000	25.0000000000	 0.0000000000	27.0000000000	 0.0000000000	908.5000000000	 815.2179947838	1.0000000000	 0.0000000000	1.0000000000	 0.0000000000	11.9583250000	 3.3402937738	12.5000000000	 3.3472757421	0.9545737500	 0.0112215237	0.0050000000	 0.0056579287	0.0025000000	 0.0048999100	0.0125000000	 0.0093826132	
3000.0000000000	731.8750000000	 110.3068739808	38.7500000000	 2.4499549807	300.0000000000	 0.0000000000	4.0000000000	 0.0000000000	25.0000000000	 0.0000000000	29.0000000000	 0.0000000000	828.5000000000	 309.4560404424	1.0000000000	 0.0000000000	1.0000000000	 0.0000000000	12.6770750000	 1.8740956131	13.2500000000	 1.8427086605	0.9548213750	 0.0094289525	0.0075000000	 0.0096232321	0.0012500000	 0.0024499550	0.0275000000	 0.0198604004	
3000.0000000000	590.0000000000	 464.5114643360	40.0000000000	 0.0000000000	300.0000000000	 0.0000000000	4.0000000000	 0.0000000000	25.0000000000	 0.0000000000	31.0000000000	 0.0000000000	1108.0000000000	 1174.0184267395	1.0000000000	 0.0000000000	1.0000000000	 0.0000000000	13.0000000000	 0.9799819923	13.5000000000	 0.9799819923	0.9629120000	 0.0026929905	0.0050000000	 0.0097998199	0.0000000000	 0.0000000000	0.0250000000	 0.0097998199	
3000.0000000000	668.2000000000	 324.5734681258	40.0000000000	 0.0000000000	300.0000000000	 0.0000000000	4.0000000000	 0.0000000000	25.0000000000	 0.0000000000	32.0000000000	 0.0000000000	2756.0000000000	 3085.5150337078	1.0000000000	 0.0000000000	1.0000000000	 0.0000000000	13.2666600000	 2.4567017304	13.8000000000	 2.4322513406	0.9598832000	 0.0094797196	0.0320000000	 0.0481688813	0.0020000000	 0.0039199280	0.0940000000	 0.1499852755	
3000.0000000000	311.6666666667	 54.6490696967	40.0000000000	 0.0000000000	300.0000000000	 0.0000000000	4.0000000000	 0.0000000000	25.0000000000	 0.0000000000	33.0000000000	 0.0000000000	822.6666666667	 306.3073898315	1.0000000000	 0.0000000000	1.0000000000	 0.0000000000	16.1666666667	 3.6375392085	16.6666666667	 3.6375392085	0.9691480000	 0.0075033978	0.0033333333	 0.0065332133	0.0000000000	 0.0000000000	0.0166666667	 0.0065332133	
3000.0000000000	631.8000000000	 320.6499880685	40.0000000000	 0.0000000000	300.0000000000	 0.0000000000	4.0000000000	 0.0000000000	25.0000000000	 0.0000000000	34.0000000000	 0.0000000000	2779.2000000000	 1497.9763038045	1.0000000000	 0.0000000000	1.0000000000	 0.0000000000	13.7000000000	 0.9601823353	14.2000000000	 0.9601823353	0.9646292000	 0.0022726232	0.0380000000	 0.0243225134	0.0040000000	 0.0048009117	0.0340000000	 0.0170865699	
3000.0000000000	448.1666666667	 235.2133262325	38.3333333333	 3.2666066409	300.0000000000	 0.0000000000	4.0000000000	 0.0000000000	25.0000000000	 0.0000000000	35.0000000000	 0.0000000000	2557.6666666667	 1478.0626854172	1.0000000000	 0.0000000000	1.0000000000	 0.0000000000	14.7083333333	 1.3767303486	15.1666666667	 1.3781828516	0.9694660000	 0.0061764461	0.0266666667	 0.0172852576	0.0050000000	 0.0043826127	0.0283333333	 0.0155292707	
3000.0000000000	681.5000000000	 549.7698976635	45.0000000000	 9.7998199227	300.0000000000	 0.0000000000	4.0000000000	 0.0000000000	25.0000000000	 0.0000000000	36.0000000000	 0.0000000000	1513.0000000000	 1907.0449569575	1.0000000000	 0.0000000000	1.0000000000	 0.0000000000	17.5000000000	 3.9199279691	18.0000000000	 3.9199279691	0.9718750000	 0.0061248875	0.0100000000	 0.0195996398	0.0000000000	 0.0000000000	0.0200000000	 0.0195996398	
3000.0000000000	778.5000000000	 187.3389652673	40.0000000000	 0.0000000000	300.0000000000	 0.0000000000	4.0000000000	 0.0000000000	25.0000000000	 0.0000000000	37.0000000000	 0.0000000000	4552.0000000000	 4689.3295793696	1.0000000000	 0.0000000000	1.0000000000	 0.0000000000	16.2500000000	 1.6736378711	16.7500000000	 1.6736378711	0.9699222500	 0.0029161564	0.0425000000	 0.0333529976	0.0050000000	 0.0056579287	0.3600000000	 0.5846039569	
3000.0000000000	468.8333333333	 218.0224895738	41.6666666667	 3.2666066409	300.0000000000	 0.0000000000	4.0000000000	 0.0000000000	25.0000000000	 0.0000000000	39.0000000000	 0.0000000000	2137.8333333333	 926.0621960126	1.0000000000	 0.0000000000	1.0000000000	 0.0000000000	18.5000000000	 2.3736342607	19.0000000000	 2.3736342607	0.9730703333	 0.0038200392	0.0300000000	 0.0202424210	0.0033333333	 0.0065332133	0.0266666667	 0.0120466501	
3000.0000000000	489.8000000000	 198.4112887588	42.0000000000	 3.9199279691	300.0000000000	 0.0000000000	4.0000000000	 0.0000000000	25.0000000000	 0.0000000000	41.0000000000	 0.0000000000	3234.0000000000	 1625.4982309182	1.0000000000	 0.0000000000	1.0000000000	 0.0000000000	18.3666800000	 1.6182174521	18.8000000000	 1.5679711876	0.9765402000	 0.0057068147	0.0380000000	 0.0168602477	0.0040000000	 0.0048009117	0.0420000000	 0.0199877892	
3000.0000000000	322.0000000000	 161.6069244668	41.4285714286	 2.7999485493	300.0000000000	 0.0000000000	4.0000000000	 0.0000000000	25.0000000000	 0.0000000000	42.0000000000	 0.0000000000	2401.7142857143	 978.7885541592	1.0000000000	 0.0000000000	1.0000000000	 0.0000000000	18.3523857143	 3.0186666199	18.8571428571	 3.0069587682	0.9721045714	 0.0062181171	0.0271428571	 0.0146384923	0.0014285714	 0.0027999485	0.0357142857	 0.0164856507	
3000.0000000000	465.8571428571	 205.8404032976	44.2857142857	 3.9597252124	300.0000000000	 0.0000000000	4.0000000000	 0.0000000000	25.0000000000	 0.0000000000	43.0000000000	 0.0000000000	6037.5714285714	 3139.5742803339	1.0000000000	 0.0000000000	1.0000000000	 0.0000000000	17.4047571429	 1.1617325488	18.0000000000	 1.1315857341	0.9665165714	 0.0065084187	0.0800000000	 0.0414669765	0.0100000000	 0.0042769921	0.0642857143	 0.0301996658	
3000.0000000000	377.0000000000	 389.4718535349	47.5000000000	 4.8999099614	300.0000000000	 0.0000000000	4.0000000000	 0.0000000000	25.0000000000	 0.0000000000	44.0000000000	 0.0000000000	14797.0000000000	 15113.2990393236	1.0000000000	 0.0000000000	1.0000000000	 0.0000000000	15.8351250000	 1.0970481772	16.2500000000	 1.2331169652	0.9748512500	 0.0081958138	0.2775000000	 0.3485371317	0.0250000000	 0.0233282375	0.3375000000	 0.4853549826	
3000.0000000000	587.6000000000	 272.4615014269	48.0000000000	 3.9199279691	300.0000000000	 0.0000000000	4.0000000000	 0.0000000000	25.0000000000	 0.0000000000	45.0000000000	 0.0000000000	8335.8000000000	 6429.0919965993	1.0000000000	 0.0000000000	1.0000000000	 0.0000000000	18.6866600000	 4.6214641416	19.2000000000	 4.6132073297	0.9717854000	 0.0075156109	0.1920000000	 0.1909733229	0.0120000000	 0.0096018234	0.2380000000	 0.3218998450	
3000.0000000000	516.8000000000	 350.3083496454	48.0000000000	 3.9199279691	300.0000000000	 0.0000000000	4.0000000000	 0.0000000000	25.0000000000	 0.0000000000	46.0000000000	 0.0000000000	10339.8000000000	 13472.1807667979	1.0000000000	 0.0000000000	1.0000000000	 0.0000000000	21.3952400000	 4.8465204564	22.0000000000	 4.7607359769	0.9704952000	 0.0111250289	0.2160000000	 0.3149754205	0.0180000000	 0.0258537006	0.1600000000	 0.1987214047	
3000.0000000000	527.8000000000	 368.3733407938	50.0000000000	 0.0000000000	300.0000000000	 0.0000000000	4.0000000000	 0.0000000000	25.0000000000	 0.0000000000	47.0000000000	 0.0000000000	8816.4000000000	 4311.5565358429	1.0000000000	 0.0000000000	1.0000000000	 0.0000000000	16.7386600000	 2.4482294445	17.2000000000	 2.4322513406	0.9725576000	 0.0111105537	0.1560000000	 0.0864608516	0.0120000000	 0.0073335137	0.1560000000	 0.0963377626	
3000.0000000000	541.6666666667	 430.6458113133	46.6666666667	 6.5332132818	300.0000000000	 0.0000000000	4.0000000000	 0.0000000000	25.0000000000	 0.0000000000	48.0000000000	 0.0000000000	11653.6666666667	 14136.7825225386	1.0000000000	 0.0000000000	1.0000000000	 0.0000000000	18.3303000000	 5.2023888677	19.0000000000	 5.1855772817	0.9633163333	 0.0147190858	0.1866666667	 0.2485198609	0.0266666667	 0.0326660664	0.1866666667	 0.2781798947	
3000.0000000000	464.2500000000	 264.3196013601	47.5000000000	 4.8999099614	300.0000000000	 0.0000000000	4.0000000000	 0.0000000000	25.0000000000	 0.0000000000	49.0000000000	 0.0000000000	5765.0000000000	 2956.3600424058	1.0000000000	 0.0000000000	1.0000000000	 0.0000000000	19.8095250000	 1.6686059451	20.2500000000	 1.6736378711	0.9781475000	 0.0040110578	0.0850000000	 0.0568614794	0.0075000000	 0.0048999100	0.0775000000	 0.0323789768	
3000.0000000000	702.0000000000	 100.2715224779	50.0000000000	 0.0000000000	300.0000000000	 0.0000000000	4.0000000000	 0.0000000000	25.0000000000	 0.0000000000	50.0000000000	 0.0000000000	8115.3333333333	 3354.7084519425	1.0000000000	 0.0000000000	1.0000000000	 0.0000000000	18.7407333333	 1.4881353213	19.3333333333	 1.3066426564	0.9689300000	 0.0118969814	0.1566666667	 0.0942233419	0.0166666667	 0.0130664266	0.2833333333	 0.2056665503	
3000.0000000000	414.8000000000	 175.8551949832	48.0000000000	 3.9199279691	300.0000000000	 0.0000000000	4.0000000000	 0.0000000000	25.0000000000	 0.0000000000	51.0000000000	 0.0000000000	19995.8000000000	 17327.5217091045	1.0000000000	 0.0000000000	1.0000000000	 0.0000000000	19.0994200000	 3.7343743414	19.6000000000	 3.7496318864	0.9739080000	 0.0155664028	0.3100000000	 0.2139864228	0.0320000000	 0.0250997858	0.2580000000	 0.2339182324	
3000.0000000000	414.1666666667	 193.3624198468	50.0000000000	 0.0000000000	300.0000000000	 0.0000000000	4.0000000000	 0.0000000000	25.0000000000	 0.0000000000	52.0000000000	 0.0000000000	18619.8333333333	 15087.9971221878	1.0000000000	 0.0000000000	1.0000000000	 0.0000000000	18.7051333333	 1.4489056485	19.1666666667	 1.4681570853	0.9758620000	 0.0061730696	0.3100000000	 0.2572460507	0.0266666667	 0.0235558355	0.3416666667	 0.2376554552	
3000.0000000000	611.0000000000	 111.6376858440	46.6666666667	 6.5332132818	300.0000000000	 0.0000000000	4.0000000000	 0.0000000000	25.0000000000	 0.0000000000	53.0000000000	 0.0000000000	26800.3333333333	 24899.4150725013	1.0000000000	 0.0000000000	1.0000000000	 0.0000000000	19.6000000000	 4.0373989476	20.0000000000	 4.0799903868	0.9797430000	 0.0107004629	0.4400000000	 0.3730802299	0.0366666667	 0.0235558355	0.3300000000	 0.2527771055	
3000.0000000000	729.6000000000	 197.8851311295	50.0000000000	 0.0000000000	300.0000000000	 0.0000000000	4.0000000000	 0.0000000000	25.0000000000	 0.0000000000	54.0000000000	 0.0000000000	14609.8000000000	 7494.6969852687	1.0000000000	 0.0000000000	1.0000000000	 0.0000000000	19.9956400000	 2.3371382875	20.4000000000	 2.2856911419	0.9796702000	 0.0076911106	0.2760000000	 0.1486991492	0.0280000000	 0.0265862450	0.2120000000	 0.1712474719	
3000.0000000000	456.8571428571	 239.4475553900	50.0000000000	 0.0000000000	300.0000000000	 0.0000000000	4.0000000000	 0.0000000000	25.0000000000	 0.0000000000	55.0000000000	 0.0000000000	31116.2857142857	 20928.2892219127	1.0000000000	 0.0000000000	1.0000000000	 0.0000000000	21.9940428571	 4.3945647517	22.5714285714	 4.3796303189	0.9728598571	 0.0066199808	0.5128571429	 0.3262510815	0.0528571429	 0.0344063438	0.4400000000	 0.3292450598	
3000.0000000000	630.0000000000	 423.3522206607	50.0000000000	 0.0000000000	300.0000000000	 0.0000000000	4.0000000000	 0.0000000000	25.0000000000	 0.0000000000	56.0000000000	 0.0000000000	19850.0000000000	 1546.4115838021	1.0000000000	 0.0000000000	1.0000000000	 0.0000000000	19.4444500000	 1.7421139877	20.0000000000	 1.9599639845	0.9724310000	 0.0081867696	0.3250000000	 0.0489990996	0.0350000000	 0.0097998199	0.2200000000	 0.0391992797	
3000.0000000000	522.1250000000	 248.7683404983	51.2500000000	 2.4499549807	300.0000000000	 0.0000000000	4.0000000000	 0.0000000000	25.0000000000	 0.0000000000	57.0000000000	 0.0000000000	23519.5000000000	 11995.3147281394	1.0000000000	 0.0000000000	1.0000000000	 0.0000000000	21.6041625000	 2.2709007282	22.1250000000	 2.2358535904	0.9757673750	 0.0073117643	0.5237500000	 0.1641887687	0.0400000000	 0.0202875546	0.3100000000	 0.1379951454	
3000.0000000000	567.5000000000	 172.2121437659	52.5000000000	 4.8999099614	300.0000000000	 0.0000000000	4.0000000000	 0.0000000000	25.0000000000	 0.0000000000	58.0000000000	 0.0000000000	28994.2500000000	 17711.4824966575	1.0000000000	 0.0000000000	1.0000000000	 0.0000000000	22.3312500000	 1.7591262511	23.0000000000	 1.7891941437	0.9708960000	 0.0083662813	0.7050000000	 0.5654815953	0.0500000000	 0.0348778147	0.3275000000	 0.2135633874	
3000.0000000000	477.6666666667	 163.3734455624	50.0000000000	 0.0000000000	300.0000000000	 0.0000000000	4.0000000000	 0.0000000000	25.0000000000	 0.0000000000	59.0000000000	 0.0000000000	14020.6666666667	 13683.9032741220	1.0000000000	 0.0000000000	1.0000000000	 0.0000000000	24.6250000000	 3.6585629800	25.3333333333	 3.4570515212	0.9711746667	 0.0123999330	0.2833333333	 0.3028621800	0.0266666667	 0.0345705152	0.1733333333	 0.1768800383	
3000.0000000000	384.0000000000	 158.2339671188	52.5000000000	 4.8999099614	300.0000000000	 0.0000000000	4.0000000000	 0.0000000000	25.0000000000	 0.0000000000	60.0000000000	 0.0000000000	25993.0000000000	 15839.3779922991	1.0000000000	 0.0000000000	1.0000000000	 0.0000000000	22.7596250000	 2.2983215013	23.2500000000	 2.3156071063	0.9787960000	 0.0014638174	0.5700000000	 0.3217566087	0.0500000000	 0.0348778147	0.3075000000	 0.1586996043	
3000.0000000000	351.6666666667	 544.2684276671	53.3333333333	 6.5332132818	300.0000000000	 0.0000000000	4.0000000000	 0.0000000000	25.0000000000	 0.0000000000	61.0000000000	 0.0000000000	30109.6666666667	 3750.0458142930	1.0000000000	 0.0000000000	1.0000000000	 0.0000000000	22.4603333333	 1.9222708644	23.0000000000	 1.9599639845	0.9765210000	 0.0028255791	0.5733333333	 0.1832796313	0.0500000000	 0.0113158573	0.5966666667	 0.5031846770	
3000.0000000000	686.5000000000	 357.4033422765	55.0000000000	 5.6579286704	300.0000000000	 0.0000000000	4.0000000000	 0.0000000000	25.0000000000	 0.0000000000	63.0000000000	 0.0000000000	116148.7500000000	 94362.0732630713	1.0000000000	 0.0000000000	1.0000000000	 0.0000000000	20.5625000000	 1.4476863932	21.0000000000	 1.3859038243	0.9789457500	 0.0064999532	2.3925000000	 2.0819236347	0.2250000000	 0.1764874744	2.4200000000	 2.1314251630	
3000.0000000000	489.4000000000	 251.4035649397	56.0000000000	 4.8009116764	300.0000000000	 0.0000000000	4.0000000000	 0.0000000000	25.0000000000	 0.0000000000	64.0000000000	 0.0000000000	41444.4000000000	 35143.0345135836	1.0000000000	 0.0000000000	1.0000000000	 0.0000000000	25.2857200000	 2.8711404760	25.8000000000	 2.8671801262	0.9798112000	 0.0024400077	0.8500000000	 0.7529170460	0.0680000000	 0.0538187695	0.6820000000	 0.7840933844	
3000.0000000000	252.0000000000	 149.4957095560	57.5000000000	 4.8999099614	300.0000000000	 0.0000000000	4.0000000000	 0.0000000000	25.0000000000	 0.0000000000	65.0000000000	 0.0000000000	56417.0000000000	 41519.2829748821	1.0000000000	 0.0000000000	1.0000000000	 0.0000000000	24.0476250000	 4.5424294643	24.5000000000	 4.5615679262	0.9811450000	 0.0050043793	1.2600000000	 0.8444162371	0.0875000000	 0.0514684950	1.2750000000	 1.3251274803	
3000.0000000000	288.3333333333	 325.9130623241	50.0000000000	 0.0000000000	300.0000000000	 0.0000000000	4.0000000000	 0.0000000000	25.0000000000	 0.0000000000	66.0000000000	 0.0000000000	15352.6666666667	 8361.0296510878	1.0000000000	 0.0000000000	1.0000000000	 0.0000000000	27.6944333333	 7.8253009615	28.3333333333	 7.7025448614	0.9760930000	 0.0098177791	0.3833333333	 0.2385293974	0.0266666667	 0.0261328531	0.1766666667	 0.1051421173	
3000.0000000000	671.6000000000	 203.6331838911	58.0000000000	 3.9199279691	300.0000000000	 0.0000000000	4.0000000000	 0.0000000000	25.0000000000	 0.0000000000	67.0000000000	 0.0000000000	40196.0000000000	 29195.5991720405	1.0000000000	 0.0000000000	1.0000000000	 0.0000000000	28.3600000000	 4.4315946783	28.8000000000	 4.4435456944	0.9844006000	 0.0066018871	1.0100000000	 0.5449968771	0.0760000000	 0.0621651637	0.7980000000	 0.6837269117	
3000.0000000000	444.8333333333	 331.2406462655	56.6666666667	 4.1319668820	300.0000000000	 0.0000000000	4.0000000000	 0.0000000000	25.0000000000	 0.0000000000	68.0000000000	 0.0000000000	61723.3333333333	 41582.2230604113	1.0000000000	 0.0000000000	1.0000000000	 0.0000000000	26.5252166667	 4.5765910689	27.0000000000	 4.5825729548	0.9818066667	 0.0053508590	1.2983333333	 0.9522738261	0.1316666667	 0.1010115907	1.0066666667	 0.7889947213	
3000.0000000000	310.0000000000	 430.8556333398	57.5000000000	 4.8999099614	300.0000000000	 0.0000000000	4.0000000000	 0.0000000000	25.0000000000	 0.0000000000	69.0000000000	 0.0000000000	115038.7500000000	 165998.6281608909	1.0000000000	 0.0000000000	1.0000000000	 0.0000000000	24.2083250000	 2.5316111899	24.7500000000	 2.5773091674	0.9780810000	 0.0025258231	2.6575000000	 3.5233260191	0.1650000000	 0.2348551601	1.2500000000	 1.3582564554	
3000.0000000000	481.7500000000	 334.2963346694	60.0000000000	 0.0000000000	300.0000000000	 0.0000000000	4.0000000000	 0.0000000000	25.0000000000	 0.0000000000	70.0000000000	 0.0000000000	109173.5000000000	 99579.5826820208	1.0000000000	 0.0000000000	1.0000000000	 0.0000000000	25.4166500000	 4.8350497713	26.0000000000	 4.8671342760	0.9771285000	 0.0046508237	2.9975000000	 3.7093008833	0.2700000000	 0.3070957734	1.3425000000	 0.6649630963	
3000.0000000000	709.1666666667	 147.7700342865	60.0000000000	 0.0000000000	300.0000000000	 0.0000000000	4.0000000000	 0.0000000000	25.0000000000	 0.0000000000	71.0000000000	 0.0000000000	104948.8333333333	 96629.6739823257	1.0000000000	 0.0000000000	1.0000000000	 0.0000000000	25.6362500000	 2.7199137844	26.1666666667	 2.6497798148	0.9790735000	 0.0070404597	2.1333333333	 1.9324268636	0.1783333333	 0.1424555134	1.5733333333	 0.9413632635	
3000.0000000000	367.0000000000	 250.0189961115	60.0000000000	 0.0000000000	300.0000000000	 0.0000000000	4.0000000000	 0.0000000000	25.0000000000	 0.0000000000	72.0000000000	 0.0000000000	121140.0000000000	 136158.2949859847	1.0000000000	 0.0000000000	1.0000000000	 0.0000000000	24.8916666667	 4.6824558713	25.3333333333	 4.5732492973	0.9817683333	 0.0125247317	2.7200000000	 3.0120593197	0.2700000000	 0.3238391974	1.5700000000	 1.4525347614	
3000.0000000000	628.0000000000	 341.7885354725	57.5000000000	 4.8999099614	300.0000000000	 0.0000000000	4.0000000000	 0.0000000000	25.0000000000	 0.0000000000	73.0000000000	 0.0000000000	96810.0000000000	 116758.0591706226	1.0000000000	 0.0000000000	1.0000000000	 0.0000000000	30.4583250000	 5.9705073917	31.0000000000	 5.9340856518	0.9818612500	 0.0051542418	2.4950000000	 2.9337819614	0.1425000000	 0.1441106753	0.9775000000	 0.9845893268	
3000.0000000000	510.2000000000	 287.5631211930	60.0000000000	 0.0000000000	300.0000000000	 0.0000000000	4.0000000000	 0.0000000000	25.0000000000	 0.0000000000	74.0000000000	 0.0000000000	155727.0000000000	 177469.4778508680	1.0000000000	 0.0000000000	1.0000000000	 0.0000000000	28.3188800000	 1.6287506547	28.8000000000	 1.6860247707	0.9833576000	 0.0038019920	4.6880000000	 6.5894951063	0.6880000000	 1.1189901110	2.3700000000	 2.5233879800	
3000.0000000000	252.5000000000	 342.0137153022	60.0000000000	 0.0000000000	300.0000000000	 0.0000000000	4.0000000000	 0.0000000000	25.0000000000	 0.0000000000	75.0000000000	 0.0000000000	120849.0000000000	 19188.0474086471	1.0000000000	 0.0000000000	1.0000000000	 0.0000000000	26.5000000000	 0.0000000000	27.0000000000	 0.0000000000	0.9814810000	 0.0000000000	3.3350000000	 0.5585897356	0.2350000000	 0.0097998199	2.1200000000	 1.7051686665	
3000.0000000000	459.0000000000	 198.1147779882	56.6666666667	 6.5332132818	300.0000000000	 0.0000000000	4.0000000000	 0.0000000000	25.0000000000	 0.0000000000	76.0000000000	 0.0000000000	66896.3333333333	 98374.2174913186	1.0000000000	 0.0000000000	1.0000000000	 0.0000000000	29.3888666667	 7.1725187486	30.0000000000	 7.0667506443	0.9786696667	 0.0078285709	2.1000000000	 3.3643130529	0.1166666667	 0.1609611928	1.5500000000	 2.5691482235	
3000.0000000000	684.8571428571	 218.3380058585	58.5714285714	 2.7999485493	300.0000000000	 0.0000000000	4.0000000000	 0.0000000000	25.0000000000	 0.0000000000	77.0000000000	 0.0000000000	100441.7142857143	 39993.2709452003	1.0000000000	 0.0000000000	1.0000000000	 0.0000000000	29.7182571429	 2.7789849085	30.1428571429	 2.8185530633	0.9859078571	 0.0023461282	2.6442857143	 1.3626959632	0.2057142857	 0.0953354043	1.2600000000	 0.4602488620	
3000.0000000000	220.0000000000	 221.4759302530	60.0000000000	 0.0000000000	300.0000000000	 0.0000000000	4.0000000000	 0.0000000000	25.0000000000	 0.0000000000	78.0000000000	 0.0000000000	93959.5000000000	 2466.6146745437	1.0000000000	 0.0000000000	1.0000000000	 0.0000000000	28.5000000000	 5.8798919536	29.0000000000	 5.8798919536	0.9825720000	 0.0035338151	1.9550000000	 0.6761875747	0.1700000000	 0.0195996398	1.9700000000	 0.1567971188	
3000.0000000000	741.0000000000	 41.1592436753	60.0000000000	 0.0000000000	300.0000000000	 0.0000000000	4.0000000000	 0.0000000000	25.0000000000	 0.0000000000	79.0000000000	 0.0000000000	37793.0000000000	 10701.4033555887	1.0000000000	 0.0000000000	1.0000000000	 0.0000000000	33.5000000000	 3.9199279691	34.0000000000	 3.9199279691	0.9852430000	 0.0017012487	1.1900000000	 0.1175978391	0.0650000000	 0.0097998199	0.4650000000	 0.0881983793	
3000.0000000000	661.5714285714	 208.7136439907	58.5714285714	 2.7999485493	300.0000000000	 0.0000000000	4.0000000000	 0.0000000000	25.0000000000	 0.0000000000	81.0000000000	 0.0000000000	248013.4285714286	 109251.4791826517	1.0000000000	 0.0000000000	1.0000000000	 0.0000000000	28.6309571429	 3.0837444990	29.1428571429	 3.0372236737	0.9818952857	 0.0045175043	8.3742857143	 4.1854401637	0.7714285714	 0.5689754497	3.0642857143	 1.8743322102	
3000.0000000000	318.6000000000	 209.4142411217	60.0000000000	 6.1979503230	300.0000000000	 0.0000000000	4.0000000000	 0.0000000000	25.0000000000	 0.0000000000	82.0000000000	 0.0000000000	501735.8000000000	 594199.4779573620	1.0000000000	 0.0000000000	1.0000000000	 0.0000000000	31.3192000000	 6.6150479143	31.8000000000	 6.7155585438	0.9850030000	 0.0036074192	12.1680000000	 14.2160437071	4.3520000000	 7.7114418700	84.1120000000	 158.4534874781	
3000.0000000000	105.0000000000	 15.6797118763	70.0000000000	 0.0000000000	300.0000000000	 0.0000000000	4.0000000000	 0.0000000000	25.0000000000	 0.0000000000	83.0000000000	 0.0000000000	555200.5000000000	 479096.5363269476	1.0000000000	 0.0000000000	1.0000000000	 0.0000000000	28.5625000000	 0.1224977490	29.0000000000	 0.0000000000	0.9849140000	 0.0042237224	11.8500000000	 5.4291002372	2.2500000000	 2.7831488580	7.8150000000	 9.2412301871	
3000.0000000000	465.0000000000	 225.3958582221	65.0000000000	 9.7998199227	300.0000000000	 0.0000000000	4.0000000000	 0.0000000000	25.0000000000	 0.0000000000	84.0000000000	 0.0000000000	108619.5000000000	 98502.8899530218	1.0000000000	 0.0000000000	1.0000000000	 0.0000000000	36.0000000000	 12.7397658995	36.5000000000	 12.7397658995	0.9858525000	 0.0049381293	3.1250000000	 3.9297277890	0.2350000000	 0.2449954981	1.5600000000	 1.7051686665	
3000.0000000000	412.6666666667	 452.6644682443	66.6666666667	 6.5332132818	300.0000000000	 0.0000000000	4.0000000000	 0.0000000000	25.0000000000	 0.0000000000	85.0000000000	 0.0000000000	221967.0000000000	 126669.7589460887	1.0000000000	 0.0000000000	1.0000000000	 0.0000000000	30.2407333333	 6.6561568930	30.6666666667	 6.9141030423	0.9868826667	 0.0091986788	4.7466666667	 2.0425775528	0.4833333333	 0.3495727011	2.9366666667	 0.8678851934	
3000.0000000000	679.3333333333	 344.6144603329	60.0000000000	 0.0000000000	300.0000000000	 0.0000000000	4.0000000000	 0.0000000000	25.0000000000	 0.0000000000	86.0000000000	 0.0000000000	52980.3333333333	 30288.3657419159	1.0000000000	 0.0000000000	1.0000000000	 0.0000000000	39.4029000000	 5.2948943458	40.0000000000	 4.9324678608	0.9843236667	 0.0116999243	1.2800000000	 0.0966827275	0.1000000000	 0.0407999039	0.6366666667	 0.2278209318	
3000.0000000000	472.0000000000	 435.3429600488	66.6666666667	 6.5332132818	300.0000000000	 0.0000000000	4.0000000000	 0.0000000000	25.0000000000	 0.0000000000	87.0000000000	 0.0000000000	453809.6666666667	 740181.7516798269	1.0000000000	 0.0000000000	1.0000000000	 0.0000000000	30.0333333333	 7.2933252706	30.3333333333	 7.3625574529	0.9903280000	 0.0125069119	10.2400000000	 14.6234505245	5.5800000000	 10.6038942304	8.7066666667	 15.4586429239	
3000.0000000000	565.6666666667	 248.1243532329	61.6666666667	 3.2666066409	300.0000000000	 0.0000000000	4.0000000000	 0.0000000000	25.0000000000	 0.0000000000	88.0000000000	 0.0000000000	216935.6666666667	 113638.7982784364	1.0000000000	 0.0000000000	1.0000000000	 0.0000000000	31.7388833333	 3.7732165496	32.3333333333	 3.8094852365	0.9814085000	 0.0031434666	7.6300000000	 3.5441691520	1.1416666667	 1.5222029438	3.4550000000	 2.9523709369	
3000.0000000000	308.8000000000	 320.3443466779	62.0000000000	 3.9199279691	300.0000000000	 0.0000000000	4.0000000000	 0.0000000000	25.0000000000	 0.0000000000	89.0000000000	 0.0000000000	436294.4000000000	 396468.8027452704	1.0000000000	 0.0000000000	1.0000000000	 0.0000000000	29.9066600000	 4.4300091567	30.4000000000	 4.5376446841	0.9840460000	 0.0058728756	14.1400000000	 12.1087393464	3.8020000000	 5.3661558960	7.3600000000	 8.4882213833	
3000.0000000000	569.6666666667	 237.6403683300	65.0000000000	 4.3826127029	300.0000000000	 0.0000000000	4.0000000000	 0.0000000000	25.0000000000	 0.0000000000	91.0000000000	 0.0000000000	287839.0000000000	 68848.8071197121	1.0000000000	 0.0000000000	1.0000000000	 0.0000000000	33.7051666667	 2.5753485044	34.1666666667	 2.5513013458	0.9863218333	 0.0024219313	8.1316666667	 1.9491636807	0.5766666667	 0.1246457652	3.1016666667	 0.7361122484	
3000.0000000000	618.6666666667	 176.5612221262	63.3333333333	 6.5332132818	300.0000000000	 0.0000000000	4.0000000000	 0.0000000000	25.0000000000	 0.0000000000	92.0000000000	 0.0000000000	667474.6666666666	 224817.7643610610	1.0000000000	 0.0000000000	1.0000000000	 0.0000000000	32.2734666667	 3.8626277636	33.0000000000	 3.9199279691	0.9779290000	 0.0030376573	17.1166666667	 4.9208021920	4.1966666667	 1.9246717704	11.9700000000	 1.6463697470	
3000.0000000000	466.6666666667	 561.4904391133	66.6666666667	 6.5332132818	300.0000000000	 0.0000000000	4.0000000000	 0.0000000000	25.0000000000	 0.0000000000	93.0000000000	 0.0000000000	1803272.6666666667	 2818032.5213803221	1.0000000000	 0.0000000000	1.0000000000	 0.0000000000	32.5551666667	 7.5507198154	33.0000000000	 7.9211001385	0.9877470000	 0.0118261229	48.9566666667	 57.1278077673	7.2000000000	 8.5523255484	20.8400000000	 27.0974997711	
3000.0000000000	670.5000000000	 191.8241427124	63.3333333333	 4.1319668820	300.0000000000	 0.0000000000	4.0000000000	 0.0000000000	25.0000000000	 0.0000000000	94.0000000000	 0.0000000000	257387.0000000000	 182676.7108603035	1.0000000000	 0.0000000000	1.0000000000	 0.0000000000	35.4241333333	 4.0143813185	36.0000000000	 3.9847245566	0.9836721667	 0.0032438411	7.5300000000	 4.7008937046	1.2283333333	 1.4876752119	3.4016666667	 2.5019584065	
3000.0000000000	193.0000000000	 143.0773708714	65.0000000000	 9.7998199227	300.0000000000	 0.0000000000	4.0000000000	 0.0000000000	25.0000000000	 0.0000000000	95.0000000000	 0.0000000000	805624.5000000000	 485697.6950268786	1.0000000000	 0.0000000000	1.0000000000	 0.0000000000	30.3333000000	 1.9599639845	31.0000000000	 1.9599639845	0.9784725000	 0.0013611950	26.5300000000	 12.2105756237	8.3350000000	 1.1661785708	17.1150000000	 11.5931869686	
3000.0000000000	97.5000000000	 46.0591536367	70.0000000000	 0.0000000000	300.0000000000	 0.0000000000	4.0000000000	 0.0000000000	25.0000000000	 0.0000000000	96.0000000000	 0.0000000000	313270.5000000000	 94727.9993187976	1.0000000000	 0.0000000000	1.0000000000	 0.0000000000	39.0000000000	 10.7798019150	39.5000000000	 10.7798019150	0.9870915000	 0.0035230353	12.9700000000	 4.3119207660	0.7650000000	 0.5585897356	2.3800000000	 0.0587989195	
3000.0000000000	881.5000000000	 108.7780011420	70.0000000000	 0.0000000000	300.0000000000	 0.0000000000	4.0000000000	 0.0000000000	25.0000000000	 0.0000000000	97.0000000000	 0.0000000000	205453.5000000000	 134419.2299697183	1.0000000000	 0.0000000000	1.0000000000	 0.0000000000	34.4853000000	 0.0288114706	35.0000000000	 0.0000000000	0.9852940000	 0.0008231849	7.5850000000	 4.4981173445	0.6050000000	 0.4801911762	3.0350000000	 0.3625933371	
3000.0000000000	408.3333333333	 208.0282214752	68.3333333333	 3.2666066409	300.0000000000	 0.0000000000	4.0000000000	 0.0000000000	25.0000000000	 0.0000000000	98.0000000000	 0.0000000000	1494107.1666666667	 1836651.6793031716	1.0000000000	 0.0000000000	1.0000000000	 0.0000000000	33.6089666667	 4.4469763005	34.1666666667	 4.3947697656	0.9829960000	 0.0056646982	65.4750000000	 88.6374419136	14.5550000000	 19.2568330004	28.7200000000	 39.0430001093	
3000.0000000000	608.5000000000	 231.5970662595	65.0000000000	 4.3826127029	300.0000000000	 0.0000000000	4.0000000000	 0.0000000000	25.0000000000	 0.0000000000	99.0000000000	 0.0000000000	571653.5000000000	 444286.0757741908	1.0000000000	 0.0000000000	1.0000000000	 0.0000000000	36.9373666667	 9.3296281844	37.3333333333	 9.3814758897	0.9891026667	 0.0025766400	18.9566666667	 13.4728772706	2.8616666667	 3.1616570886	8.7416666667	 6.4679195892	
3000.0000000000	500.0000000000	 221.6152231229	68.3333333333	 3.2666066409	300.0000000000	 0.0000000000	4.0000000000	 0.0000000000	25.0000000000	 0.0000000000	100.0000000000	 0.0000000000	1346765.8333333333	 1191485.7352928980	1.0000000000	 0.0000000000	1.0000000000	 0.0000000000	34.5922333333	 5.3737726817	35.1666666667	 5.1958559386	0.9821565000	 0.0090419053	72.1050000000	 71.2523704545	16.0400000000	 15.9106909814	29.4850000000	 26.8477140762	
3000.0000000000	233.0000000000	 82.3184873507	70.0000000000	 0.0000000000	300.0000000000	 0.0000000000	4.0000000000	 0.0000000000	25.0000000000	 0.0000000000	101.0000000000	 0.0000000000	286836.5000000000	 331801.3229607935	1.0000000000	 0.0000000000	1.0000000000	 0.0000000000	35.5000000000	 1.9599639845	36.0000000000	 1.9599639845	0.9861000000	 0.0007565461	9.4500000000	 7.5850606202	0.9250000000	 1.2641767700	3.2000000000	 2.5479531799	
3000.0000000000	695.0000000000	 101.6885780320	70.0000000000	 0.0000000000	300.0000000000	 0.0000000000	4.0000000000	 0.0000000000	25.0000000000	 0.0000000000	102.0000000000	 0.0000000000	683687.5000000000	 476653.6220984781	1.0000000000	 0.0000000000	1.0000000000	 0.0000000000	35.7900500000	 4.2777752379	36.5000000000	 4.1190342466	0.9799430000	 0.0071289292	25.4825000000	 22.3818996296	4.8275000000	 3.5876566109	11.9500000000	 8.1448354463	
3000.0000000000	341.5000000000	 263.6151559206	70.0000000000	 0.0000000000	300.0000000000	 0.0000000000	4.0000000000	 0.0000000000	25.0000000000	 0.0000000000	103.0000000000	 0.0000000000	792576.5000000000	 679559.6927017198	1.0000000000	 0.0000000000	1.0000000000	 0.0000000000	39.6500000000	 2.2539585822	40.0000000000	 1.9599639845	0.9911505000	 0.0077839970	16.6950000000	 13.6511491523	5.3150000000	 8.4768442331	12.5650000000	 15.9835062939	
3000.0000000000	594.1250000000	 269.8210288183	67.5000000000	 3.2077440423	300.0000000000	 0.0000000000	4.0000000000	 0.0000000000	25.0000000000	 0.0000000000	104.0000000000	 0.0000000000	1275103.2500000000	 1209018.4209637819	1.0000000000	 0.0000000000	1.0000000000	 0.0000000000	35.9630125000	 1.9216867318	36.5000000000	 1.8145740517	0.9849583750	 0.0048860824	40.5375000000	 32.3424161328	17.0900000000	 20.0715391251	30.2150000000	 33.3844514264	
3000.0000000000	472.4000000000	 200.1492726979	70.0000000000	 0.0000000000	300.0000000000	 0.0000000000	4.0000000000	 0.0000000000	25.0000000000	 0.0000000000	105.0000000000	 0.0000000000	897103.4000000000	 414103.0747187995	1.0000000000	 0.0000000000	1.0000000000	 0.0000000000	36.1649800000	 3.0241517240	36.6000000000	 3.0109538052	0.9880076000	 0.0058426619	35.1100000000	 14.8328139753	7.2080000000	 8.4845263035	14.5140000000	 9.4775975148	
3000.0000000000	344.5000000000	 244.6114360860	70.0000000000	 0.0000000000	300.0000000000	 0.0000000000	4.0000000000	 0.0000000000	25.0000000000	 0.0000000000	106.0000000000	 0.0000000000	848782.3333333334	 520554.8187992025	1.0000000000	 0.0000000000	1.0000000000	 0.0000000000	37.8948333333	 4.2029126465	38.3333333333	 4.1934883836	0.9883488333	 0.0025576455	32.0166666667	 16.1353163897	7.2533333333	 8.2822717466	17.4566666667	 16.1766207914	
3000.0000000000	552.5000000000	 207.8024027855	70.0000000000	 0.0000000000	300.0000000000	 0.0000000000	4.0000000000	 0.0000000000	25.0000000000	 0.0000000000	108.0000000000	 0.0000000000	1049216.7500000000	 216904.5266380401	1.0000000000	 0.0000000000	1.0000000000	 0.0000000000	37.2648875000	 3.1790181589	37.7500000000	 3.2237428650	0.9871532500	 0.0017871233	33.7700000000	 9.4962140447	7.5350000000	 3.4705240851	42.8587500000	 42.8182416861	
3000.0000000000	357.3333333333	 248.5894092495	70.0000000000	 0.0000000000	300.0000000000	 0.0000000000	4.0000000000	 0.0000000000	25.0000000000	 0.0000000000	110.0000000000	 0.0000000000	3712390.6666666665	 5992689.9484640826	1.0000000000	 0.0000000000	1.0000000000	 0.0000000000	37.8333333333	 6.8946297045	38.3333333333	 6.6304873169	0.9862093333	 0.0100985831	192.7266666667	 330.5905081274	32.5866666667	 53.6515004710	438.0933333333	 835.6838830419	
3000.0000000000	801.0000000000	 292.0346336965	70.0000000000	 0.0000000000	300.0000000000	 0.0000000000	4.0000000000	 0.0000000000	25.0000000000	 0.0000000000	111.0000000000	 0.0000000000	1626449.5000000000	 1859248.2952484868	1.0000000000	 0.0000000000	1.0000000000	 0.0000000000	37.5833500000	 6.0432549517	38.0000000000	 5.8798919536	0.9887920000	 0.0060327691	45.0600000000	 60.7392838809	17.0100000000	 22.9315786191	439.1250000000	 833.9156763222	
3000.0000000000	417.0000000000	 533.5075729048	70.0000000000	 0.0000000000	300.0000000000	 0.0000000000	4.0000000000	 0.0000000000	25.0000000000	 0.0000000000	112.0000000000	 0.0000000000	2977820.6666666665	 4241683.6200830191	1.0000000000	 0.0000000000	1.0000000000	 0.0000000000	36.1833333333	 3.6799741052	36.6666666667	 3.4570515212	0.9864870000	 0.0090341661	81.4466666667	 99.7093771471	29.5600000000	 34.1496057792	57.9833333333	 75.3509424840	
3000.0000000000	605.1250000000	 122.7290514049	70.0000000000	 0.0000000000	300.0000000000	 0.0000000000	4.0000000000	 0.0000000000	25.0000000000	 0.0000000000	113.0000000000	 0.0000000000	1651593.7500000000	 1389764.6447679636	1.0000000000	 0.0000000000	1.0000000000	 0.0000000000	35.0916250000	 3.5068803888	35.7500000000	 3.4299369729	0.9809115000	 0.0045500740	72.7875000000	 61.6920931830	20.3225000000	 20.0689421419	47.2962500000	 42.4540012281	
3000.0000000000	675.0000000000	 357.1681470218	67.5000000000	 4.8999099614	300.0000000000	 0.0000000000	4.0000000000	 0.0000000000	25.0000000000	 0.0000000000	114.0000000000	 0.0000000000	332072.7500000000	 164739.3980484145	1.0000000000	 0.0000000000	1.0000000000	 0.0000000000	41.4137250000	 3.9028142055	42.0000000000	 3.7530452980	0.9857115000	 0.0066919565	10.1525000000	 6.2625034666	0.9075000000	 0.5045638516	7.1225000000	 6.9711806163	
3000.0000000000	585.1666666667	 212.0371959181	70.0000000000	 0.0000000000	300.0000000000	 0.0000000000	4.0000000000	 0.0000000000	25.0000000000	 0.0000000000	115.0000000000	 0.0000000000	1365843.6666666667	 1588057.2046504731	1.0000000000	 0.0000000000	1.0000000000	 0.0000000000	40.5491500000	 4.7159216037	41.0000000000	 4.7472685214	0.9889403333	 0.0017877144	55.6366666667	 66.6572353299	14.7433333333	 23.3748346597	76.6116666667	 135.4826519803	
3000.0000000000	351.2000000000	 274.6792852985	70.0000000000	 0.0000000000	300.0000000000	 0.0000000000	4.0000000000	 0.0000000000	25.0000000000	 0.0000000000	116.0000000000	 0.0000000000	2815627.3999999999	 3846164.7785659176	1.0000000000	 0.0000000000	1.0000000000	 0.0000000000	40.9953400000	 2.7920123085	41.6000000000	 2.8805470058	0.9855672000	 0.0057096995	93.2300000000	 129.8049026642	22.6100000000	 28.2491513567	49.9540000000	 57.2157380136	
3000.0000000000	347.0000000000	 270.4750298665	70.0000000000	 0.0000000000	300.0000000000	 0.0000000000	4.0000000000	 0.0000000000	25.0000000000	 0.0000000000	117.0000000000	 0.0000000000	1361308.0000000000	 2388466.9905520771	1.0000000000	 0.0000000000	1.0000000000	 0.0000000000	39.8500000000	 8.5258433327	40.5000000000	 8.8198379304	0.9841665000	 0.0038111500	75.8500000000	 133.1403534698	5.5850000000	 10.2800110989	22.2350000000	 40.0518640241	
3000.0000000000	678.3333333333	 164.1241483739	70.0000000000	 0.0000000000	300.0000000000	 0.0000000000	4.0000000000	 0.0000000000	25.0000000000	 0.0000000000	118.0000000000	 0.0000000000	1079415.0000000000	 1324821.4541194828	1.0000000000	 0.0000000000	1.0000000000	 0.0000000000	43.1944333333	 2.2121525668	43.6666666667	 2.3555835481	0.9892626667	 0.0050420804	38.9833333333	 46.7667755247	7.1466666667	 12.0570570593	24.3633333333	 39.5161944068	
3000.0000000000	484.0000000000	 269.7971881007	70.0000000000	 0.0000000000	300.0000000000	 0.0000000000	4.0000000000	 0.0000000000	25.0000000000	 0.0000000000	119.0000000000	 0.0000000000	1630668.7500000000	 872965.2044178114	1.0000000000	 0.0000000000	1.0000000000	 0.0000000000	42.5408750000	 4.6726127557	43.0000000000	 4.5965229809	0.9891160000	 0.0062632961	74.2825000000	 46.1166138077	7.3450000000	 7.0898948578	26.4850000000	 16.2284396553	
3000.0000000000	320.0000000000	 600.8251399405	70.0000000000	 0.0000000000	300.0000000000	 0.0000000000	4.0000000000	 0.0000000000	25.0000000000	 0.0000000000	120.0000000000	 0.0000000000	2266335.6666666665	 2971328.8986345250	1.0000000000	 0.0000000000	1.0000000000	 0.0000000000	42.5496000000	 13.0874081422	43.0000000000	 13.0500833095	0.9888060000	 0.0112346135	88.9666666667	 102.0464268043	14.2333333333	 16.5132300100	48.8333333333	 68.4031327434	
3000.0000000000	425.0000000000	 711.4669263880	70.0000000000	 0.0000000000	300.0000000000	 0.0000000000	4.0000000000	 0.0000000000	25.0000000000	 0.0000000000	121.0000000000	 0.0000000000	1818844.5000000000	 2343412.3184574628	1.0000000000	 0.0000000000	1.0000000000	 0.0000000000	41.2900000000	 0.4115924368	42.0000000000	 0.0000000000	0.9830950000	 0.0097998199	85.3200000000	 120.2633900914	8.9100000000	 3.2143409346	62.2050000000	 93.6176797216	
3000.0000000000	381.3333333333	 356.6027462828	70.0000000000	 0.0000000000	300.0000000000	 0.0000000000	4.0000000000	 0.0000000000	25.0000000000	 0.0000000000	122.0000000000	 0.0000000000	2103029.6666666665	 1113646.7899838788	1.0000000000	 0.0000000000	1.0000000000	 0.0000000000	44.2037000000	 3.5038233138	44.6666666667	 3.2666066409	0.9894126667	 0.0062363834	70.4066666667	 47.7176868337	17.7466666667	 12.9829447085	34.7600000000	 10.9156504425	
3000.0000000000	414.5000000000	 89.1783612966	70.0000000000	 0.0000000000	300.0000000000	 0.0000000000	4.0000000000	 0.0000000000	25.0000000000	 0.0000000000	123.0000000000	 0.0000000000	2157650.0000000000	 3125180.2130249771	1.0000000000	 0.0000000000	1.0000000000	 0.0000000000	39.9583000000	 10.5348064169	40.5000000000	 10.7798019150	0.9868010000	 0.0025361934	142.6100000000	 222.0835190882	28.5900000000	 42.0020281887	46.3250000000	 71.0584942595	
3000.0000000000	347.0000000000	 218.8280259230	70.0000000000	 0.0000000000	300.0000000000	 0.0000000000	4.0000000000	 0.0000000000	25.0000000000	 0.0000000000	125.0000000000	 0.0000000000	3525578.5000000000	 3096025.3085887805	1.0000000000	 0.0000000000	1.0000000000	 0.0000000000	41.2935500000	 4.7238847575	42.0000000000	 4.5965229809	0.9827642500	 0.0054899007	144.5550000000	 130.8713798892	29.5300000000	 30.2979264529	69.4675000000	 64.8444832248	
3000.0000000000	591.6666666667	 563.6175494615	70.0000000000	 0.0000000000	300.0000000000	 0.0000000000	4.0000000000	 0.0000000000	25.0000000000	 0.0000000000	127.0000000000	 0.0000000000	3361370.3333333335	 2630897.4235741105	1.0000000000	 0.0000000000	1.0000000000	 0.0000000000	48.3122000000	 8.3426027988	49.0000000000	 8.1599807736	0.9854600000	 0.0058083678	200.8566666667	 165.0476358882	52.0400000000	 83.2821262518	91.1266666667	 112.8965763826	
