3000.0000000000	514.2274509804	 36.4221275104	10.4705882353	 0.2604262828	300.0000000000	 0.0000000000	4.0000000000	 0.0000000000	25.0000000000	 0.0000000000	2.0000000000	 0.0000000000	2.2352941176	 0.0521655731	0.0000000000	 0.0000000000	0.0000000000	 0.0000000000	1.7647058824	 0.0521655731	1.7647058824	 0.0521655731	1.0000000000	 0.0000000000	0.0000392157	 0.0000768613	0.0000392157	 0.0000768613	0.0000000000	 0.0000000000	
3000.0000000000	489.5054945055	 42.1211290241	11.0989010989	 0.4556274917	300.0000000000	 0.0000000000	4.0000000000	 0.0000000000	25.0000000000	 0.0000000000	3.0000000000	 0.0000000000	4.0000000000	 0.1480648716	0.0000000000	 0.0000000000	0.0000000000	 0.0000000000	2.4285714286	 0.0782975187	2.4285714286	 0.0782975187	1.0000000000	 0.0000000000	0.0001098901	 0.0001518758	0.0000000000	 0.0000000000	0.0000000000	 0.0000000000	
3000.0000000000	471.8811188811	 47.7785321027	13.7062937063	 0.7943777491	300.0000000000	 0.0000000000	4.0000000000	 0.0000000000	25.0000000000	 0.0000000000	4.0000000000	 0.0000000000	6.2097902098	 0.3451476471	0.0000000000	 0.0000000000	0.0000000000	 0.0000000000	3.0769230769	 0.1376479399	3.0769230769	 0.1376479399	1.0000000000	 0.0000000000	0.0000699301	 0.0001370604	0.0000000000	 0.0000000000	0.0000699301	 0.0001370604	
3000.0000000000	466.9136690647	 48.2349178928	16.4028776978	 0.8007072356	300.0000000000	 0.0000000000	4.0000000000	 0.0000000000	25.0000000000	 0.0000000000	5.0000000000	 0.0000000000	9.8345323741	 0.6381027019	0.0000000000	 0.0000000000	0.0000000000	 0.0000000000	3.4964028777	 0.1489256446	3.4964028777	 0.1489256446	1.0000000000	 0.0000000000	0.0000000000	 0.0000000000	0.0000000000	 0.0000000000	0.0000000000	 0.0000000000	
3000.0000000000	507.7681159420	 48.4141889918	18.3333333333	 0.6240531206	300.0000000000	 0.0000000000	4.0000000000	 0.0000000000	25.0000000000	 0.0000000000	6.0000000000	 0.0000000000	13.5507246377	 1.0486558238	0.0000000000	 0.0000000000	0.0000000000	 0.0000000000	4.1086956522	 0.1670680971	4.1086956522	 0.1670680971	1.0000000000	 0.0000000000	0.0000724638	 0.0001420264	0.0000000000	 0.0000000000	0.0000000000	 0.0000000000	
3000.0000000000	523.8359375000	 48.7300463812	19.0625000000	 0.6314851417	300.0000000000	 0.0000000000	4.0000000000	 0.0000000000	25.0000000000	 0.0000000000	7.0000000000	 0.0000000000	18.1796875000	 1.3326064179	0.0000000000	 0.0000000000	0.0000000000	 0.0000000000	4.6406250000	 0.1916738204	4.6406250000	 0.1916738204	1.0000000000	 0.0000000000	0.0000000000	 0.0000000000	0.0000000000	 0.0000000000	0.0000000000	 0.0000000000	
3000.0000000000	532.2659574468	 57.4525070283	19.3617021277	 0.5785425085	300.0000000000	 0.0000000000	4.0000000000	 0.0000000000	25.0000000000	 0.0000000000	8.0000000000	 0.0000000000	25.8936170213	 2.4402107710	0.0000000000	 0.0000000000	0.0000000000	 0.0000000000	5.0744680851	 0.2605415700	5.0744680851	 0.2605415700	1.0000000000	 0.0000000000	0.0001063830	 0.0002085068	0.0000000000	 0.0000000000	0.0000000000	 0.0000000000	
3000.0000000000	514.2201834862	 50.9499911743	20.7339449541	 0.5542215336	300.0000000000	 0.0000000000	4.0000000000	 0.0000000000	25.0000000000	 0.0000000000	9.0000000000	 0.0000000000	33.5412844037	 3.5747873055	0.0000000000	 0.0000000000	0.0000000000	 0.0000000000	5.6055045872	 0.2463895445	5.6055045872	 0.2463895445	1.0000000000	 0.0000000000	0.0000000000	 0.0000000000	0.0000000000	 0.0000000000	0.0000000000	 0.0000000000	
3000.0000000000	483.2500000000	 53.3278885252	20.8333333333	 0.5837222625	300.0000000000	 0.0000000000	4.0000000000	 0.0000000000	25.0000000000	 0.0000000000	10.0000000000	 0.0000000000	38.2685185185	 3.9718737839	0.0000000000	 0.0000000000	0.0000000000	 0.0000000000	6.4629629630	 0.2721776425	6.4629629630	 0.2721776425	1.0000000000	 0.0000000000	0.0000925926	 0.0001814781	0.0000000000	 0.0000000000	0.0000000000	 0.0000000000	
3000.0000000000	468.9634146341	 62.7191835813	21.7073170732	 0.8194268747	300.0000000000	 0.0000000000	4.0000000000	 0.0000000000	25.0000000000	 0.0000000000	11.0000000000	 0.0000000000	51.4024390244	 8.2691012891	0.0000000000	 0.0000000000	0.0000000000	 0.0000000000	6.8902439024	 0.3772045941	6.8902439024	 0.3772045941	1.0000000000	 0.0000000000	0.0000000000	 0.0000000000	0.0000000000	 0.0000000000	0.0000000000	 0.0000000000	
3000.0000000000	482.0128205128	 63.4521022288	22.5641025641	 0.9752975211	300.0000000000	 0.0000000000	4.0000000000	 0.0000000000	25.0000000000	 0.0000000000	12.0000000000	 0.0000000000	65.6410256410	 10.9759669780	0.0000000000	 0.0000000000	0.0000000000	 0.0000000000	7.3717948718	 0.3820589043	7.3717948718	 0.3820589043	1.0000000000	 0.0000000000	0.0000000000	 0.0000000000	0.0000000000	 0.0000000000	0.0000000000	 0.0000000000	
3000.0000000000	493.1282051282	 61.4361721258	24.6153846154	 1.1134841036	300.0000000000	 0.0000000000	4.0000000000	 0.0000000000	25.0000000000	 0.0000000000	13.0000000000	 0.0000000000	86.4487179487	 14.6442308391	0.0000000000	 0.0000000000	0.0000000000	 0.0000000000	7.6410256410	 0.4170603804	7.6410256410	 0.4170603804	1.0000000000	 0.0000000000	0.0000000000	 0.0000000000	0.0000000000	 0.0000000000	0.0000000000	 0.0000000000	
3000.0000000000	539.3235294118	 71.7748544826	25.4411764706	 1.1925689175	300.0000000000	 0.0000000000	4.0000000000	 0.0000000000	25.0000000000	 0.0000000000	14.0000000000	 0.0000000000	104.8823529412	 19.7729102069	0.0000000000	 0.0000000000	0.0000000000	 0.0000000000	8.4705882353	 0.4296550859	8.4705882353	 0.4296550859	1.0000000000	 0.0000000000	0.0000000000	 0.0000000000	0.0000000000	 0.0000000000	0.0000000000	 0.0000000000	
3000.0000000000	482.7872340426	 59.5933657808	26.7021276596	 0.9554982254	300.0000000000	 0.0000000000	4.0000000000	 0.0000000000	25.0000000000	 0.0000000000	15.0000000000	 0.0000000000	128.5638297872	 19.7266987173	0.0000000000	 0.0000000000	0.0000000000	 0.0000000000	8.9042553191	 0.4367739612	8.9042553191	 0.4367739612	1.0000000000	 0.0000000000	0.0000000000	 0.0000000000	0.0000000000	 0.0000000000	0.0000000000	 0.0000000000	
3000.0000000000	458.3292682927	 65.5731608610	27.9268292683	 0.9460684078	300.0000000000	 0.0000000000	4.0000000000	 0.0000000000	25.0000000000	 0.0000000000	16.0000000000	 0.0000000000	149.7682926829	 21.0740108446	0.0000000000	 0.0000000000	0.0000000000	 0.0000000000	8.9024390244	 0.4429340506	8.9024390244	 0.4429340506	1.0000000000	 0.0000000000	0.0000000000	 0.0000000000	0.0000000000	 0.0000000000	0.0000000000	 0.0000000000	
3000.0000000000	502.6233766234	 58.4252658896	27.4025974026	 0.9858321911	300.0000000000	 0.0000000000	4.0000000000	 0.0000000000	25.0000000000	 0.0000000000	17.0000000000	 0.0000000000	180.2077922078	 29.8997593740	0.0000000000	 0.0000000000	0.0000000000	 0.0000000000	9.6493506494	 0.5395834748	9.6493506494	 0.5395834748	1.0000000000	 0.0000000000	0.0000000000	 0.0000000000	0.0001298701	 0.0002545408	0.0000000000	 0.0000000000	
3000.0000000000	518.4545454545	 65.1783475239	28.9610389610	 0.7758056180	300.0000000000	 0.0000000000	4.0000000000	 0.0000000000	25.0000000000	 0.0000000000	18.0000000000	 0.0000000000	203.2337662338	 36.6126728866	0.0000000000	 0.0000000000	0.0000000000	 0.0000000000	9.9740259740	 0.4271473827	9.9740259740	 0.4271473827	1.0000000000	 0.0000000000	0.0002597403	 0.0003575989	0.0000000000	 0.0000000000	0.0000000000	 0.0000000000	
3000.0000000000	507.7968750000	 81.0782901112	30.0000000000	 0.0000000000	300.0000000000	 0.0000000000	4.0000000000	 0.0000000000	25.0000000000	 0.0000000000	19.0000000000	 0.0000000000	250.4687500000	 48.9243962094	0.0000000000	 0.0000000000	0.0000000000	 0.0000000000	10.3125000000	 0.5069540022	10.3125000000	 0.5069540022	1.0000000000	 0.0000000000	0.0001562500	 0.0003062444	0.0000000000	 0.0000000000	0.0000000000	 0.0000000000	
3000.0000000000	458.0289855072	 68.8585492354	29.8550724638	 0.7562546587	300.0000000000	 0.0000000000	4.0000000000	 0.0000000000	25.0000000000	 0.0000000000	20.0000000000	 0.0000000000	406.3043478261	 137.8180810269	0.0000000000	 0.0000000000	0.0000000000	 0.0000000000	10.7246376812	 0.6161969340	10.7246376812	 0.6161969340	1.0000000000	 0.0000000000	0.0005797101	 0.0008942820	0.0000000000	 0.0000000000	0.0000000000	 0.0000000000	
3000.0000000000	471.3269230769	 82.1198426922	30.7692307692	 0.9080411183	300.0000000000	 0.0000000000	4.0000000000	 0.0000000000	25.0000000000	 0.0000000000	21.0000000000	 0.0000000000	374.2692307692	 97.4236782043	0.0000000000	 0.0000000000	0.0000000000	 0.0000000000	11.3269230769	 0.7053232954	11.3269230769	 0.7053232954	1.0000000000	 0.0000000000	0.0028846154	 0.0045460305	0.0000000000	 0.0000000000	0.0000000000	 0.0000000000	
3000.0000000000	526.3870967742	 76.3244500793	30.8064516129	 0.6833039229	300.0000000000	 0.0000000000	4.0000000000	 0.0000000000	25.0000000000	 0.0000000000	22.0000000000	 0.0000000000	447.0806451613	 81.8384149645	0.0000000000	 0.0000000000	0.0000000000	 0.0000000000	11.7096774194	 0.5813827590	11.7096774194	 0.5813827590	1.0000000000	 0.0000000000	0.0006451613	 0.0006165034	0.0001612903	 0.0003161232	0.0000000000	 0.0000000000	
3000.0000000000	505.7959183673	 78.0832431435	30.0000000000	 0.5715371043	300.0000000000	 0.0000000000	4.0000000000	 0.0000000000	25.0000000000	 0.0000000000	23.0000000000	 0.0000000000	421.6938775510	 85.4031584841	0.0000000000	 0.0000000000	0.0000000000	 0.0000000000	12.6938775510	 0.7120262409	12.6938775510	 0.7120262409	1.0000000000	 0.0000000000	0.0002040816	 0.0003999926	0.0008163265	 0.0007745824	0.0000000000	 0.0000000000	
3000.0000000000	467.7843137255	 76.1470367053	31.9607843137	 1.1004868087	300.0000000000	 0.0000000000	4.0000000000	 0.0000000000	25.0000000000	 0.0000000000	24.0000000000	 0.0000000000	477.4705882353	 97.5444254467	0.0000000000	 0.0000000000	0.0000000000	 0.0000000000	12.9803921569	 0.6412741408	12.9803921569	 0.6412741408	1.0000000000	 0.0000000000	0.0017647059	 0.0011907306	0.0001960784	 0.0003843067	0.0000000000	 0.0000000000	
3000.0000000000	526.1730769231	 71.1220285060	32.1153846154	 1.1208511204	300.0000000000	 0.0000000000	4.0000000000	 0.0000000000	25.0000000000	 0.0000000000	25.0000000000	 0.0000000000	588.6923076923	 139.5632413501	0.0000000000	 0.0000000000	0.0000000000	 0.0000000000	13.3653846154	 0.6976992426	13.3653846154	 0.6976992426	1.0000000000	 0.0000000000	0.0015384615	 0.0011270471	0.0000000000	 0.0000000000	0.0000000000	 0.0000000000	
3000.0000000000	496.5714285714	 80.6976389804	34.0816326531	 1.3904180246	300.0000000000	 0.0000000000	4.0000000000	 0.0000000000	25.0000000000	 0.0000000000	26.0000000000	 0.0000000000	629.9387755102	 145.3564757053	0.0000000000	 0.0000000000	0.0000000000	 0.0000000000	14.0204081633	 0.9294989230	14.0204081633	 0.9294989230	1.0000000000	 0.0000000000	0.0022448980	 0.0014305913	0.0004081633	 0.0005597516	0.0000000000	 0.0000000000	
3000.0000000000	410.7254901961	 79.3424620263	35.2941176471	 1.4884133081	300.0000000000	 0.0000000000	4.0000000000	 0.0000000000	25.0000000000	 0.0000000000	27.0000000000	 0.0000000000	792.3333333333	 178.0935415983	0.0000000000	 0.0000000000	0.0000000000	 0.0000000000	13.9411764706	 0.7514350071	13.9411764706	 0.7514350071	1.0000000000	 0.0000000000	0.0035294118	 0.0019656074	0.0003921569	 0.0005380293	0.0000000000	 0.0000000000	
3000.0000000000	460.4313725490	 83.8560722445	36.8627450980	 1.2861360936	300.0000000000	 0.0000000000	4.0000000000	 0.0000000000	25.0000000000	 0.0000000000	28.0000000000	 0.0000000000	1100.3137254902	 262.5200258403	0.0000000000	 0.0000000000	0.0000000000	 0.0000000000	14.2352941176	 0.8636902179	14.2352941176	 0.8636902179	1.0000000000	 0.0000000000	0.0070588235	 0.0024727379	0.0015686275	 0.0010080269	0.0000000000	 0.0000000000	
3000.0000000000	537.4347826087	 85.0640088514	35.0000000000	 1.4608709010	300.0000000000	 0.0000000000	4.0000000000	 0.0000000000	25.0000000000	 0.0000000000	29.0000000000	 0.0000000000	1027.3478260870	 301.1160902344	0.0000000000	 0.0000000000	0.0000000000	 0.0000000000	14.7173913043	 1.0598822367	14.7173913043	 1.0598822367	1.0000000000	 0.0000000000	0.0073913043	 0.0035750045	0.0006521739	 0.0007214045	0.0000000000	 0.0000000000	
3000.0000000000	542.8979591837	 78.3223621876	36.7346938776	 1.3266255386	300.0000000000	 0.0000000000	4.0000000000	 0.0000000000	25.0000000000	 0.0000000000	30.0000000000	 0.0000000000	1477.0612244898	 432.4601863037	0.0000000000	 0.0000000000	0.0000000000	 0.0000000000	14.7755102041	 0.6793008963	14.7755102041	 0.6793008963	1.0000000000	 0.0000000000	0.0120408163	 0.0052063106	0.0014285714	 0.0009899313	0.0000000000	 0.0000000000	
3000.0000000000	575.2439024390	 82.9759773853	39.0243902439	 0.9195282924	300.0000000000	 0.0000000000	4.0000000000	 0.0000000000	25.0000000000	 0.0000000000	31.0000000000	 0.0000000000	1278.4146341463	 331.8099737852	0.0000000000	 0.0000000000	0.0000000000	 0.0000000000	15.6097560976	 0.8868253955	15.6097560976	 0.8868253955	1.0000000000	 0.0000000000	0.0114634146	 0.0044124930	0.0017073171	 0.0011660649	0.0000000000	 0.0000000000	
3000.0000000000	519.9230769231	 87.5326822685	39.4871794872	 1.0051097357	300.0000000000	 0.0000000000	4.0000000000	 0.0000000000	25.0000000000	 0.0000000000	32.0000000000	 0.0000000000	1867.2564102564	 484.1202959220	0.0000000000	 0.0000000000	0.0000000000	 0.0000000000	15.4102564103	 0.8418830270	15.4102564103	 0.8418830270	1.0000000000	 0.0000000000	0.0174358974	 0.0061398788	0.0015384615	 0.0011471608	0.0000000000	 0.0000000000	
3000.0000000000	540.4901960784	 76.7337126734	38.8235294118	 0.8930479849	300.0000000000	 0.0000000000	4.0000000000	 0.0000000000	25.0000000000	 0.0000000000	33.0000000000	 0.0000000000	2193.7843137255	 809.6399975490	0.0000000000	 0.0000000000	0.0000000000	 0.0000000000	16.2156862745	 0.8701639816	16.2156862745	 0.8701639816	1.0000000000	 0.0000000000	0.0205882353	 0.0066643695	0.0017647059	 0.0011907306	0.0000000000	 0.0000000000	
3000.0000000000	479.5000000000	 71.9593000138	38.8888888889	 0.9921195083	300.0000000000	 0.0000000000	4.0000000000	 0.0000000000	25.0000000000	 0.0000000000	34.0000000000	 0.0000000000	2232.5185185185	 704.8579921069	0.0000000000	 0.0000000000	0.0000000000	 0.0000000000	17.1111111111	 1.1347443885	17.1111111111	 1.1347443885	1.0000000000	 0.0000000000	0.0214814815	 0.0076920370	0.0016666667	 0.0012424022	0.0000000000	 0.0000000000	
3000.0000000000	477.9807692308	 72.7950948636	40.0000000000	 0.7611869374	300.0000000000	 0.0000000000	4.0000000000	 0.0000000000	25.0000000000	 0.0000000000	35.0000000000	 0.0000000000	2413.5000000000	 933.2451223445	0.0000000000	 0.0000000000	0.0000000000	 0.0000000000	17.1730769231	 0.8623968410	17.1730769231	 0.8623968410	1.0000000000	 0.0000000000	0.0250000000	 0.0109713948	0.0030769231	 0.0024392723	0.0000000000	 0.0000000000	
3000.0000000000	501.5555555556	 92.9721879858	40.0000000000	 0.8809382992	300.0000000000	 0.0000000000	4.0000000000	 0.0000000000	25.0000000000	 0.0000000000	36.0000000000	 0.0000000000	2884.1777777778	 702.9718014335	0.0000000000	 0.0000000000	0.0000000000	 0.0000000000	17.2222222222	 0.9688096444	17.2222222222	 0.9688096444	1.0000000000	 0.0000000000	0.0311111111	 0.0072436011	0.0028888889	 0.0014770136	0.0000000000	 0.0000000000	
3000.0000000000	557.6666666667	 102.5130160859	40.3333333333	 1.4808837636	300.0000000000	 0.0000000000	4.0000000000	 0.0000000000	25.0000000000	 0.0000000000	37.0000000000	 0.0000000000	2787.3666666667	 985.4117860149	0.0000000000	 0.0000000000	0.0000000000	 0.0000000000	19.6000000000	 1.7495152874	19.6000000000	 1.7495152874	1.0000000000	 0.0000000000	0.0316666667	 0.0120741086	0.0016666667	 0.0013563846	0.0000000000	 0.0000000000	
3000.0000000000	354.3076923077	 107.6583885603	40.0000000000	 0.0000000000	300.0000000000	 0.0000000000	4.0000000000	 0.0000000000	25.0000000000	 0.0000000000	38.0000000000	 0.0000000000	3018.4615384615	 869.3887031823	0.0000000000	 0.0000000000	0.0000000000	 0.0000000000	18.1538461538	 1.1541268553	18.1538461538	 1.1541268553	1.0000000000	 0.0000000000	0.0353846154	 0.0124068980	0.0023076923	 0.0016515638	0.0000000000	 0.0000000000	
3000.0000000000	556.1176470588	 93.5572782504	41.4705882353	 1.4645425898	300.0000000000	 0.0000000000	4.0000000000	 0.0000000000	25.0000000000	 0.0000000000	39.0000000000	 0.0000000000	3789.1470588235	 1016.9622605544	0.0000000000	 0.0000000000	0.0000000000	 0.0000000000	18.0000000000	 0.9895430186	18.0000000000	 0.9895430186	1.0000000000	 0.0000000000	0.0470588235	 0.0160783714	0.0026470588	 0.0017176949	0.0000000000	 0.0000000000	
3000.0000000000	488.6000000000	 92.8775594223	41.2500000000	 1.0379461457	300.0000000000	 0.0000000000	4.0000000000	 0.0000000000	25.0000000000	 0.0000000000	40.0000000000	 0.0000000000	2980.2500000000	 712.3165285677	0.0000000000	 0.0000000000	0.0000000000	 0.0000000000	20.1750000000	 1.1907269791	20.1750000000	 1.1907269791	1.0000000000	 0.0000000000	0.0392500000	 0.0118762086	0.0030000000	 0.0016003039	0.0000000000	 0.0000000000	
3000.0000000000	511.0000000000	 80.4823055049	42.3255813953	 1.4345036432	300.0000000000	 0.0000000000	4.0000000000	 0.0000000000	25.0000000000	 0.0000000000	41.0000000000	 0.0000000000	5337.5813953488	 1469.5252181761	0.0000000000	 0.0000000000	0.0000000000	 0.0000000000	19.4418604651	 0.8461537322	19.4418604651	 0.8461537322	1.0000000000	 0.0000000000	0.0793023256	 0.0256983584	0.0051162791	 0.0021995023	0.0000000000	 0.0000000000	
3000.0000000000	490.5384615385	 95.8349156879	42.8205128205	 1.4307608366	300.0000000000	 0.0000000000	4.0000000000	 0.0000000000	25.0000000000	 0.0000000000	42.0000000000	 0.0000000000	5448.3589743590	 1951.8586539299	0.0000000000	 0.0000000000	0.0000000000	 0.0000000000	20.4615384615	 1.5355757688	20.4615384615	 1.5355757688	1.0000000000	 0.0000000000	0.0823076923	 0.0326035433	0.0084615385	 0.0042314624	0.0000000000	 0.0000000000	
3000.0000000000	491.6250000000	 129.3429790431	43.7500000000	 1.9785171337	300.0000000000	 0.0000000000	4.0000000000	 0.0000000000	25.0000000000	 0.0000000000	43.0000000000	 0.0000000000	5685.8333333333	 2372.0739854212	0.0000000000	 0.0000000000	0.0000000000	 0.0000000000	21.3750000000	 1.6508733474	21.3750000000	 1.6508733474	1.0000000000	 0.0000000000	0.0925000000	 0.0526581343	0.0066666667	 0.0034731185	0.0000000000	 0.0000000000	
3000.0000000000	590.8571428571	 95.8147366531	45.3571428571	 1.8811589072	300.0000000000	 0.0000000000	4.0000000000	 0.0000000000	25.0000000000	 0.0000000000	44.0000000000	 0.0000000000	4924.7500000000	 1255.0489952112	0.0000000000	 0.0000000000	0.0000000000	 0.0000000000	20.7857142857	 1.6014374928	20.7857142857	 1.6014374928	1.0000000000	 0.0000000000	0.0771428571	 0.0249156384	0.0057142857	 0.0021214559	0.0000000000	 0.0000000000	
3000.0000000000	464.3666666667	 108.6604954371	44.6666666667	 1.8157324138	300.0000000000	 0.0000000000	4.0000000000	 0.0000000000	25.0000000000	 0.0000000000	45.0000000000	 0.0000000000	7359.3333333333	 3272.8774782022	0.0000000000	 0.0000000000	0.0000000000	 0.0000000000	22.3000000000	 1.5445641430	22.3000000000	 1.5445641430	1.0000000000	 0.0000000000	0.1133333333	 0.0631952953	0.0086666667	 0.0053764867	0.0000000000	 0.0000000000	
3000.0000000000	418.4615384615	 119.6127203883	44.6153846154	 1.9541566711	300.0000000000	 0.0000000000	4.0000000000	 0.0000000000	25.0000000000	 0.0000000000	46.0000000000	 0.0000000000	6410.7692307692	 2842.6617496879	0.0000000000	 0.0000000000	0.0000000000	 0.0000000000	22.8076923077	 1.7765510054	22.8076923077	 1.7765510054	1.0000000000	 0.0000000000	0.1076923077	 0.0458210998	0.0061538462	 0.0043592109	0.0000000000	 0.0000000000	
3000.0000000000	420.6774193548	 90.7463114137	46.4516129032	 1.7121314712	300.0000000000	 0.0000000000	4.0000000000	 0.0000000000	25.0000000000	 0.0000000000	47.0000000000	 0.0000000000	7284.7741935484	 2418.3170189202	0.0000000000	 0.0000000000	0.0000000000	 0.0000000000	23.0000000000	 1.2757181302	23.0000000000	 1.2757181302	1.0000000000	 0.0000000000	0.1174193548	 0.0440045344	0.0096774194	 0.0049353035	0.0000000000	 0.0000000000	
3000.0000000000	587.0344827586	 109.3038832447	45.1724137931	 1.8508904935	300.0000000000	 0.0000000000	4.0000000000	 0.0000000000	25.0000000000	 0.0000000000	48.0000000000	 0.0000000000	7581.5862068966	 1815.5227099945	0.0000000000	 0.0000000000	0.0000000000	 0.0000000000	23.0689655172	 1.5347038980	23.0689655172	 1.5347038980	1.0000000000	 0.0000000000	0.1227586207	 0.0245481927	0.0072413793	 0.0030600394	0.0000000000	 0.0000000000	
3000.0000000000	460.3913043478	 100.4474306551	46.0869565217	 2.0393613634	300.0000000000	 0.0000000000	4.0000000000	 0.0000000000	25.0000000000	 0.0000000000	49.0000000000	 0.0000000000	7776.3913043478	 2022.6984298860	0.0000000000	 0.0000000000	0.0000000000	 0.0000000000	24.5652173913	 1.8060565286	24.5652173913	 1.8060565286	1.0000000000	 0.0000000000	0.1595652174	 0.0608481354	0.0082608696	 0.0036245196	0.0000000000	 0.0000000000	
3000.0000000000	574.2068965517	 105.2106942432	46.5517241379	 1.7605480310	300.0000000000	 0.0000000000	4.0000000000	 0.0000000000	25.0000000000	 0.0000000000	50.0000000000	 0.0000000000	10428.6206896552	 3780.3250643305	0.0000000000	 0.0000000000	0.0000000000	 0.0000000000	23.8965517241	 1.7300770423	23.8965517241	 1.7300770423	1.0000000000	 0.0000000000	0.1803448276	 0.0749335849	0.0144827586	 0.0068496049	0.0000000000	 0.0000000000	
3000.0000000000	463.8235294118	 97.9574706981	47.9411764706	 1.3795679811	300.0000000000	 0.0000000000	4.0000000000	 0.0000000000	25.0000000000	 0.0000000000	51.0000000000	 0.0000000000	8422.3235294118	 1750.8423341693	0.0000000000	 0.0000000000	0.0000000000	 0.0000000000	24.1764705882	 1.6077118741	24.1764705882	 1.6077118741	1.0000000000	 0.0000000000	0.1629411765	 0.0417171115	0.0085294118	 0.0032189920	0.0000000000	 0.0000000000	
3000.0000000000	582.7600000000	 114.5081612915	48.8000000000	 2.0618473339	300.0000000000	 0.0000000000	4.0000000000	 0.0000000000	25.0000000000	 0.0000000000	52.0000000000	 0.0000000000	12253.8800000000	 6456.5104497563	0.0000000000	 0.0000000000	0.0000000000	 0.0000000000	23.5200000000	 1.4802594743	23.5200000000	 1.4802594743	1.0000000000	 0.0000000000	0.2072000000	 0.0975103914	0.0172000000	 0.0110594778	0.0000000000	 0.0000000000	
3000.0000000000	551.1875000000	 138.8782612126	48.7500000000	 1.6736378711	300.0000000000	 0.0000000000	4.0000000000	 0.0000000000	25.0000000000	 0.0000000000	53.0000000000	 0.0000000000	15082.1250000000	 12684.9943792944	0.0000000000	 0.0000000000	0.0000000000	 0.0000000000	24.8125000000	 2.3818384538	24.8125000000	 2.3818384538	1.0000000000	 0.0000000000	0.3112500000	 0.2909125966	0.0206250000	 0.0195562071	0.0000000000	 0.0000000000	
3000.0000000000	496.1666666667	 123.7715039064	49.1666666667	 1.1295338997	300.0000000000	 0.0000000000	4.0000000000	 0.0000000000	25.0000000000	 0.0000000000	54.0000000000	 0.0000000000	11283.6666666667	 2321.4978199423	0.0000000000	 0.0000000000	0.0000000000	 0.0000000000	25.4166666667	 1.8575752330	25.4166666667	 1.8575752330	1.0000000000	 0.0000000000	0.2279166667	 0.0538309123	0.0154166667	 0.0040832583	0.0000000000	 0.0000000000	
3000.0000000000	667.0526315789	 110.8946396139	48.4210526316	 1.6845304128	300.0000000000	 0.0000000000	4.0000000000	 0.0000000000	25.0000000000	 0.0000000000	55.0000000000	 0.0000000000	11470.1578947368	 4984.5285793896	0.0000000000	 0.0000000000	0.0000000000	 0.0000000000	26.4736842105	 1.8195008006	26.4736842105	 1.8195008006	1.0000000000	 0.0000000000	0.2484210526	 0.1228143786	0.0142105263	 0.0075412923	0.0000000000	 0.0000000000	
3000.0000000000	506.2352941176	 142.4122572387	48.8235294118	 2.3058399818	300.0000000000	 0.0000000000	4.0000000000	 0.0000000000	25.0000000000	 0.0000000000	56.0000000000	 0.0000000000	13714.6470588235	 4128.1702541229	0.0000000000	 0.0000000000	0.0000000000	 0.0000000000	27.0000000000	 2.5153744544	27.0000000000	 2.5153744544	1.0000000000	 0.0000000000	0.2988235294	 0.1120744088	0.0200000000	 0.0080601394	0.0000000000	 0.0000000000	
3000.0000000000	528.7777777778	 149.9290649371	49.4444444444	 1.9226005403	300.0000000000	 0.0000000000	4.0000000000	 0.0000000000	25.0000000000	 0.0000000000	57.0000000000	 0.0000000000	17360.3333333333	 6135.4977511122	0.0000000000	 0.0000000000	0.0000000000	 0.0000000000	26.7777777778	 2.2327669611	26.7777777778	 2.2327669611	1.0000000000	 0.0000000000	0.3355555556	 0.1403654917	0.0238888889	 0.0113312552	0.0000000000	 0.0000000000	
3000.0000000000	447.0416666667	 98.8003111878	49.1666666667	 1.1295338997	300.0000000000	 0.0000000000	4.0000000000	 0.0000000000	25.0000000000	 0.0000000000	58.0000000000	 0.0000000000	18927.0000000000	 8289.3416981253	0.0000000000	 0.0000000000	0.0000000000	 0.0000000000	27.7500000000	 1.8133409058	27.7500000000	 1.8133409058	1.0000000000	 0.0000000000	0.3566666667	 0.1843774791	0.0262500000	 0.0119623501	0.0000000000	 0.0000000000	
3000.0000000000	613.6923076923	 150.7520740298	49.2307692308	 1.5076646035	300.0000000000	 0.0000000000	4.0000000000	 0.0000000000	25.0000000000	 0.0000000000	59.0000000000	 0.0000000000	19454.7692307692	 8055.8239995591	0.0000000000	 0.0000000000	0.0000000000	 0.0000000000	27.3846153846	 4.2196656692	27.3846153846	 4.2196656692	1.0000000000	 0.0000000000	0.3423076923	 0.1446271360	0.0292307692	 0.0141163360	0.0000000000	 0.0000000000	
3000.0000000000	457.1071428571	 82.8649559671	50.7142857143	 0.9714262826	300.0000000000	 0.0000000000	4.0000000000	 0.0000000000	25.0000000000	 0.0000000000	60.0000000000	 0.0000000000	18897.1428571429	 7482.1444274676	0.0000000000	 0.0000000000	0.0000000000	 0.0000000000	27.7857142857	 1.5300408736	27.7857142857	 1.5300408736	1.0000000000	 0.0000000000	0.4239285714	 0.2216261994	0.0282142857	 0.0111827677	0.0000000000	 0.0000000000	
3000.0000000000	588.7368421053	 131.8902689533	51.5789473684	 1.6845304128	300.0000000000	 0.0000000000	4.0000000000	 0.0000000000	25.0000000000	 0.0000000000	61.0000000000	 0.0000000000	20561.4210526316	 9655.2408588096	0.0000000000	 0.0000000000	0.0000000000	 0.0000000000	29.0000000000	 2.4582507245	29.0000000000	 2.4582507245	1.0000000000	 0.0000000000	0.3947368421	 0.1798921535	0.0305263158	 0.0171857881	0.0000000000	 0.0000000000	
3000.0000000000	445.8000000000	 156.6805509077	51.3333333333	 2.6132853127	300.0000000000	 0.0000000000	4.0000000000	 0.0000000000	25.0000000000	 0.0000000000	62.0000000000	 0.0000000000	15154.6000000000	 4908.9889616170	0.0000000000	 0.0000000000	0.0000000000	 0.0000000000	31.0000000000	 2.9570072679	31.0000000000	 2.9570072679	1.0000000000	 0.0000000000	0.3286666667	 0.1186796579	0.0233333333	 0.0105922135	0.0000000000	 0.0000000000	
3000.0000000000	547.8750000000	 140.3280234183	51.2500000000	 1.6736378711	300.0000000000	 0.0000000000	4.0000000000	 0.0000000000	25.0000000000	 0.0000000000	63.0000000000	 0.0000000000	29296.1250000000	 16554.1777213797	0.0000000000	 0.0000000000	0.0000000000	 0.0000000000	30.2500000000	 2.4564795062	30.2500000000	 2.4564795062	1.0000000000	 0.0000000000	0.6106250000	 0.3141219056	0.0368750000	 0.0231711867	0.0000000000	 0.0000000000	
3000.0000000000	485.8636363636	 140.2492563118	51.3636363636	 1.4677537231	300.0000000000	 0.0000000000	4.0000000000	 0.0000000000	25.0000000000	 0.0000000000	64.0000000000	 0.0000000000	28894.5909090909	 9649.1440177109	0.0000000000	 0.0000000000	0.0000000000	 0.0000000000	28.6363636364	 2.1943226039	28.6363636364	 2.1943226039	1.0000000000	 0.0000000000	0.6931818182	 0.2141658134	0.0431818182	 0.0176526981	0.0000000000	 0.0000000000	
3000.0000000000	471.5454545455	 177.8685823149	53.6363636364	 2.9814973078	300.0000000000	 0.0000000000	4.0000000000	 0.0000000000	25.0000000000	 0.0000000000	65.0000000000	 0.0000000000	50399.9090909091	 38565.6438625244	0.0000000000	 0.0000000000	0.0000000000	 0.0000000000	28.4545454545	 2.9234315771	28.4545454545	 2.9234315771	1.0000000000	 0.0000000000	0.9609090909	 0.6990505412	0.0818181818	 0.0569168204	0.0000000000	 0.0000000000	
3000.0000000000	492.2222222222	 203.7419453714	53.3333333333	 3.2666066409	300.0000000000	 0.0000000000	4.0000000000	 0.0000000000	25.0000000000	 0.0000000000	66.0000000000	 0.0000000000	26308.6666666667	 16074.3832666432	0.0000000000	 0.0000000000	0.0000000000	 0.0000000000	30.1111111111	 2.8746963329	30.1111111111	 2.8746963329	1.0000000000	 0.0000000000	0.8288888889	 0.9064903731	0.0400000000	 0.0279098994	0.0000000000	 0.0000000000	
3000.0000000000	482.3333333333	 164.3203207780	54.1666666667	 2.9134295751	300.0000000000	 0.0000000000	4.0000000000	 0.0000000000	25.0000000000	 0.0000000000	67.0000000000	 0.0000000000	37061.6666666667	 20717.5689190602	0.0000000000	 0.0000000000	0.0000000000	 0.0000000000	33.6666666667	 3.8247334038	33.6666666667	 3.8247334038	1.0000000000	 0.0000000000	1.0733333333	 0.7507964300	0.0575000000	 0.0378489632	0.0000000000	 0.0000000000	
3000.0000000000	200.0000000000	 131.3637338949	55.0000000000	 3.2666066409	300.0000000000	 0.0000000000	4.0000000000	 0.0000000000	25.0000000000	 0.0000000000	68.0000000000	 0.0000000000	45616.7000000000	 30003.0356505260	0.0000000000	 0.0000000000	0.0000000000	 0.0000000000	29.0000000000	 2.8627106299	29.0000000000	 2.8627106299	1.0000000000	 0.0000000000	1.2020000000	 0.8753520885	0.0640000000	 0.0462152692	0.0000000000	 0.0000000000	
3000.0000000000	528.0000000000	 148.2656116886	55.8823529412	 2.4115051755	300.0000000000	 0.0000000000	4.0000000000	 0.0000000000	25.0000000000	 0.0000000000	69.0000000000	 0.0000000000	44613.1764705882	 25493.1918899892	0.0000000000	 0.0000000000	0.0000000000	 0.0000000000	32.0000000000	 2.4700486797	32.0000000000	 2.4700486797	1.0000000000	 0.0000000000	0.8435294118	 0.3668217925	0.0729411765	 0.0459887197	0.0000000000	 0.0000000000	
3000.0000000000	523.4166666667	 166.9873313421	53.3333333333	 2.7857715036	300.0000000000	 0.0000000000	4.0000000000	 0.0000000000	25.0000000000	 0.0000000000	70.0000000000	 0.0000000000	28541.2500000000	 12067.1734956550	0.0000000000	 0.0000000000	0.0000000000	 0.0000000000	34.7500000000	 5.2973168364	34.7500000000	 5.2973168364	1.0000000000	 0.0000000000	0.6958333333	 0.3531353417	0.0500000000	 0.0275072896	0.0000000000	 0.0000000000	
3000.0000000000	407.8000000000	 203.4816028043	56.0000000000	 3.2006077842	300.0000000000	 0.0000000000	4.0000000000	 0.0000000000	25.0000000000	 0.0000000000	71.0000000000	 0.0000000000	35903.4000000000	 25805.5418332036	0.0000000000	 0.0000000000	0.0000000000	 0.0000000000	31.0000000000	 3.3055735056	31.0000000000	 3.3055735056	1.0000000000	 0.0000000000	0.8050000000	 0.5152899842	0.0570000000	 0.0405953918	0.0000000000	 0.0000000000	
3000.0000000000	616.5384615385	 124.7592990792	56.1538461538	 2.7526063749	300.0000000000	 0.0000000000	4.0000000000	 0.0000000000	25.0000000000	 0.0000000000	72.0000000000	 0.0000000000	65664.8461538462	 26052.0756865534	0.0000000000	 0.0000000000	0.0000000000	 0.0000000000	30.6923076923	 3.0781229248	30.6923076923	 3.0781229248	1.0000000000	 0.0000000000	1.7269230769	 0.7120293600	0.1261538462	 0.0556373862	0.0000000000	 0.0000000000	
3000.0000000000	549.2500000000	 353.8873822952	57.5000000000	 4.8999099614	300.0000000000	 0.0000000000	4.0000000000	 0.0000000000	25.0000000000	 0.0000000000	73.0000000000	 0.0000000000	53570.5000000000	 48968.5275573453	0.0000000000	 0.0000000000	0.0000000000	 0.0000000000	33.7500000000	 5.5652279146	33.7500000000	 5.5652279146	1.0000000000	 0.0000000000	1.7125000000	 1.8759660069	0.0900000000	 0.0992962452	0.0000000000	 0.0000000000	
3000.0000000000	619.4285714286	 146.6942638447	56.4285714286	 2.6046815639	300.0000000000	 0.0000000000	4.0000000000	 0.0000000000	25.0000000000	 0.0000000000	74.0000000000	 0.0000000000	57846.5000000000	 22597.5256113407	0.0000000000	 0.0000000000	0.0000000000	 0.0000000000	33.7857142857	 2.8408414818	33.7857142857	 2.8408414818	1.0000000000	 0.0000000000	1.6992857143	 0.8490733666	0.0950000000	 0.0410791672	0.0000000000	 0.0000000000	
3000.0000000000	461.6000000000	 200.4887004391	58.0000000000	 3.9199279691	300.0000000000	 0.0000000000	4.0000000000	 0.0000000000	25.0000000000	 0.0000000000	75.0000000000	 0.0000000000	93997.2000000000	 72879.8621918219	0.0000000000	 0.0000000000	0.0000000000	 0.0000000000	30.8000000000	 2.3519567814	30.8000000000	 2.3519567814	1.0000000000	 0.0000000000	2.3440000000	 1.8310155160	0.1760000000	 0.1383962199	0.0000000000	 0.0000000000	
3000.0000000000	576.6000000000	 329.8873833761	60.0000000000	 0.0000000000	300.0000000000	 0.0000000000	4.0000000000	 0.0000000000	25.0000000000	 0.0000000000	76.0000000000	 0.0000000000	98260.4000000000	 58098.3673166682	0.0000000000	 0.0000000000	0.0000000000	 0.0000000000	28.0000000000	 4.5121759440	28.0000000000	 4.5121759440	1.0000000000	 0.0000000000	2.0260000000	 0.8764480330	0.2020000000	 0.1329890086	0.0000000000	 0.0000000000	
3000.0000000000	351.6666666667	 117.7660397644	56.6666666667	 3.2666066409	300.0000000000	 0.0000000000	4.0000000000	 0.0000000000	25.0000000000	 0.0000000000	77.0000000000	 0.0000000000	66662.3333333333	 37292.0858417290	0.0000000000	 0.0000000000	0.0000000000	 0.0000000000	35.7777777778	 4.0770833751	35.7777777778	 4.0770833751	1.0000000000	 0.0000000000	1.8500000000	 1.1576238204	0.1100000000	 0.0730435450	0.0000000000	 0.0000000000	
3000.0000000000	506.8750000000	 250.8951960043	57.5000000000	 3.2077440423	300.0000000000	 0.0000000000	4.0000000000	 0.0000000000	25.0000000000	 0.0000000000	78.0000000000	 0.0000000000	60871.1250000000	 55292.5674720950	0.0000000000	 0.0000000000	0.0000000000	 0.0000000000	37.0000000000	 6.7388078366	37.0000000000	 6.7388078366	1.0000000000	 0.0000000000	1.5637500000	 1.5614254963	0.1175000000	 0.1315175057	0.0000000000	 0.0000000000	
3000.0000000000	305.2222222222	 180.6270364441	56.6666666667	 3.2666066409	300.0000000000	 0.0000000000	4.0000000000	 0.0000000000	25.0000000000	 0.0000000000	79.0000000000	 0.0000000000	22924.3333333333	 9472.6826092853	0.0000000000	 0.0000000000	0.0000000000	 0.0000000000	42.2222222222	 5.4834035708	42.2222222222	 5.4834035708	1.0000000000	 0.0000000000	0.6055555556	 0.2264376077	0.0311111111	 0.0174219021	0.0000000000	 0.0000000000	
3000.0000000000	482.0000000000	 251.6525573716	57.5000000000	 4.8999099614	300.0000000000	 0.0000000000	4.0000000000	 0.0000000000	25.0000000000	 0.0000000000	80.0000000000	 0.0000000000	34559.2500000000	 16679.4188054572	0.0000000000	 0.0000000000	0.0000000000	 0.0000000000	39.5000000000	 3.0468878357	39.5000000000	 3.0468878357	1.0000000000	 0.0000000000	1.1775000000	 0.7870980042	0.0525000000	 0.0269865998	0.0000000000	 0.0000000000	
3000.0000000000	531.1428571429	 202.9411001257	58.5714285714	 2.7999485493	300.0000000000	 0.0000000000	4.0000000000	 0.0000000000	25.0000000000	 0.0000000000	81.0000000000	 0.0000000000	101652.1428571429	 77568.6652160951	0.0000000000	 0.0000000000	0.0000000000	 0.0000000000	35.2857142857	 5.7336310612	35.2857142857	 5.7336310612	1.0000000000	 0.0000000000	2.6200000000	 2.0885301526	0.1857142857	 0.1601936023	0.0000000000	 0.0000000000	
3000.0000000000	551.2500000000	 234.8371719106	57.5000000000	 6.1423622018	300.0000000000	 0.0000000000	4.0000000000	 0.0000000000	25.0000000000	 0.0000000000	82.0000000000	 0.0000000000	73539.2500000000	 50169.4328752036	0.0000000000	 0.0000000000	0.0000000000	 0.0000000000	41.2500000000	 7.9333591201	41.2500000000	 7.9333591201	1.0000000000	 0.0000000000	1.9337500000	 1.0985664791	0.1550000000	 0.1362945241	0.0000000000	 0.0000000000	
3000.0000000000	407.6666666667	 157.3962132157	60.0000000000	 0.0000000000	300.0000000000	 0.0000000000	4.0000000000	 0.0000000000	25.0000000000	 0.0000000000	83.0000000000	 0.0000000000	125010.4444444444	 69606.3115248364	0.0000000000	 0.0000000000	0.0000000000	 0.0000000000	36.5555555556	 3.1689638944	36.5555555556	 3.1689638944	1.0000000000	 0.0000000000	3.0911111111	 1.0467037777	0.2488888889	 0.1485657744	0.0000000000	 0.0000000000	
3000.0000000000	352.8750000000	 222.5328165916	61.2500000000	 2.4499549807	300.0000000000	 0.0000000000	4.0000000000	 0.0000000000	25.0000000000	 0.0000000000	84.0000000000	 0.0000000000	103561.6250000000	 63563.6179360943	0.0000000000	 0.0000000000	0.0000000000	 0.0000000000	36.6250000000	 4.6401544912	36.6250000000	 4.6401544912	1.0000000000	 0.0000000000	2.6225000000	 1.7083990243	0.2112500000	 0.1436189557	0.0000000000	 0.0000000000	
3000.0000000000	488.4000000000	 264.6790401054	60.0000000000	 0.0000000000	300.0000000000	 0.0000000000	4.0000000000	 0.0000000000	25.0000000000	 0.0000000000	85.0000000000	 0.0000000000	84296.0000000000	 38175.0930037536	0.0000000000	 0.0000000000	0.0000000000	 0.0000000000	38.4000000000	 6.6059800335	38.4000000000	 6.6059800335	1.0000000000	 0.0000000000	2.1680000000	 1.0508112529	0.1580000000	 0.1030426716	0.0000000000	 0.0000000000	
3000.0000000000	455.8000000000	 248.4932900097	58.0000000000	 3.9199279691	300.0000000000	 0.0000000000	4.0000000000	 0.0000000000	25.0000000000	 0.0000000000	86.0000000000	 0.0000000000	180883.0000000000	 113394.6761042294	0.0000000000	 0.0000000000	0.0000000000	 0.0000000000	36.8000000000	 6.4231820568	36.8000000000	 6.4231820568	1.0000000000	 0.0000000000	4.8180000000	 3.3689346529	0.3640000000	 0.3099347016	0.0000000000	 0.0000000000	
3000.0000000000	528.0000000000	 205.5216402446	58.3333333333	 6.0233250301	300.0000000000	 0.0000000000	4.0000000000	 0.0000000000	25.0000000000	 0.0000000000	87.0000000000	 0.0000000000	48513.0000000000	 32522.4758052338	0.0000000000	 0.0000000000	0.0000000000	 0.0000000000	42.8333333333	 3.1771843074	42.8333333333	 3.1771843074	1.0000000000	 0.0000000000	1.5833333333	 1.2108355119	0.0733333333	 0.0431390007	0.0000000000	 0.0000000000	
3000.0000000000	662.4000000000	 262.2506517398	60.0000000000	 0.0000000000	300.0000000000	 0.0000000000	4.0000000000	 0.0000000000	25.0000000000	 0.0000000000	88.0000000000	 0.0000000000	90071.4000000000	 53856.3626224304	0.0000000000	 0.0000000000	0.0000000000	 0.0000000000	36.2000000000	 3.4730650292	36.2000000000	 3.4730650292	1.0000000000	 0.0000000000	3.3640000000	 2.8920369432	0.1820000000	 0.1056200569	0.0000000000	 0.0000000000	
3000.0000000000	561.6000000000	 94.8237786805	56.0000000000	 4.8009116764	300.0000000000	 0.0000000000	4.0000000000	 0.0000000000	25.0000000000	 0.0000000000	89.0000000000	 0.0000000000	54771.4000000000	 42086.1434322981	0.0000000000	 0.0000000000	0.0000000000	 0.0000000000	44.6000000000	 3.8507182509	44.6000000000	 3.8507182509	1.0000000000	 0.0000000000	1.5140000000	 0.9367438671	0.0780000000	 0.0538187695	0.0000000000	 0.0000000000	
3000.0000000000	572.6666666667	 169.1209678634	62.2222222222	 2.8808762676	300.0000000000	 0.0000000000	4.0000000000	 0.0000000000	25.0000000000	 0.0000000000	90.0000000000	 0.0000000000	97343.7777777778	 87494.7954441731	0.0000000000	 0.0000000000	0.0000000000	 0.0000000000	42.4444444444	 5.5734772349	42.4444444444	 5.5734772349	1.0000000000	 0.0000000000	3.0566666667	 2.7471210206	0.1755555556	 0.1612298266	0.0000000000	 0.0000000000	
3000.0000000000	422.4000000000	 189.7267409222	60.0000000000	 0.0000000000	300.0000000000	 0.0000000000	4.0000000000	 0.0000000000	25.0000000000	 0.0000000000	91.0000000000	 0.0000000000	107992.8000000000	 82344.6662241263	0.0000000000	 0.0000000000	0.0000000000	 0.0000000000	39.2000000000	 5.1633055513	39.2000000000	 5.1633055513	1.0000000000	 0.0000000000	3.3020000000	 2.8913381791	0.2240000000	 0.2067367187	0.0000000000	 0.0000000000	
3000.0000000000	523.6666666667	 96.8437313219	63.3333333333	 6.5332132818	300.0000000000	 0.0000000000	4.0000000000	 0.0000000000	25.0000000000	 0.0000000000	92.0000000000	 0.0000000000	48779.3333333333	 31752.1309672039	0.0000000000	 0.0000000000	0.0000000000	 0.0000000000	43.3333333333	 5.5819798749	43.3333333333	 5.5819798749	1.0000000000	 0.0000000000	1.2300000000	 0.7218239846	0.0866666667	 0.0623228826	0.0000000000	 0.0000000000	
3000.0000000000	593.2222222222	 181.6241452311	64.4444444444	 3.4433057350	300.0000000000	 0.0000000000	4.0000000000	 0.0000000000	25.0000000000	 0.0000000000	93.0000000000	 0.0000000000	157293.6666666667	 90136.4521250244	0.0000000000	 0.0000000000	0.0000000000	 0.0000000000	41.1111111111	 5.2311056117	41.1111111111	 5.2311056117	1.0000000000	 0.0000000000	5.6677777778	 3.3109709643	0.3355555556	 0.2100839813	0.0000000000	 0.0000000000	
3000.0000000000	541.3750000000	 202.7358312492	63.7500000000	 5.1557272125	300.0000000000	 0.0000000000	4.0000000000	 0.0000000000	25.0000000000	 0.0000000000	94.0000000000	 0.0000000000	127669.7500000000	 67561.8160570890	0.0000000000	 0.0000000000	0.0000000000	 0.0000000000	45.3750000000	 6.6252405117	45.3750000000	 6.6252405117	1.0000000000	 0.0000000000	2.9912500000	 1.7038101403	0.2450000000	 0.1515920692	0.0000000000	 0.0000000000	
3000.0000000000	500.5000000000	 346.2194689445	65.0000000000	 5.6579286704	300.0000000000	 0.0000000000	4.0000000000	 0.0000000000	25.0000000000	 0.0000000000	95.0000000000	 0.0000000000	216856.7500000000	 141855.4448832734	0.0000000000	 0.0000000000	0.0000000000	 0.0000000000	44.5000000000	 8.5619997174	44.5000000000	 8.5619997174	1.0000000000	 0.0000000000	5.7350000000	 3.7456727052	0.4400000000	 0.4102681083	0.0000000000	 0.0000000000	
3000.0000000000	198.0000000000	 335.1538413563	55.0000000000	 9.7998199227	300.0000000000	 0.0000000000	4.0000000000	 0.0000000000	25.0000000000	 0.0000000000	97.0000000000	 0.0000000000	69956.0000000000	 103548.8172312201	0.0000000000	 0.0000000000	0.0000000000	 0.0000000000	52.0000000000	 31.3594237526	52.0000000000	 31.3594237526	1.0000000000	 0.0000000000	3.1300000000	 4.3511200457	0.1450000000	 0.2645951379	0.0000000000	 0.0000000000	
3000.0000000000	568.6666666667	 328.3497062647	63.3333333333	 6.5332132818	300.0000000000	 0.0000000000	4.0000000000	 0.0000000000	25.0000000000	 0.0000000000	98.0000000000	 0.0000000000	531087.3333333334	 600764.2243657208	0.0000000000	 0.0000000000	0.0000000000	 0.0000000000	46.0000000000	 4.0799903868	46.0000000000	 4.0799903868	1.0000000000	 0.0000000000	12.8700000000	 6.2984818242	0.6600000000	 0.5000789630	0.0000000000	 0.0000000000	
3000.0000000000	452.2857142857	 180.1302893118	65.7142857143	 3.9597252124	300.0000000000	 0.0000000000	4.0000000000	 0.0000000000	25.0000000000	 0.0000000000	99.0000000000	 0.0000000000	219070.8571428571	 189388.2939728202	0.0000000000	 0.0000000000	0.0000000000	 0.0000000000	45.2857142857	 6.4823495487	45.2857142857	 6.4823495487	1.0000000000	 0.0000000000	7.0885714286	 6.0684359616	0.4728571429	 0.4436276747	0.0000000000	 0.0000000000	
3000.0000000000	859.0000000000	 101.9181271961	60.0000000000	 0.0000000000	300.0000000000	 0.0000000000	4.0000000000	 0.0000000000	25.0000000000	 0.0000000000	100.0000000000	 0.0000000000	94936.5000000000	 119370.6264964197	0.0000000000	 0.0000000000	0.0000000000	 0.0000000000	49.0000000000	 11.7597839072	49.0000000000	 11.7597839072	1.0000000000	 0.0000000000	2.4750000000	 2.4793544404	0.1700000000	 0.2351956781	0.0000000000	 0.0000000000	
3000.0000000000	441.1428571429	 210.2533922342	65.7142857143	 3.9597252124	300.0000000000	 0.0000000000	4.0000000000	 0.0000000000	25.0000000000	 0.0000000000	101.0000000000	 0.0000000000	225582.7142857143	 86791.3832989797	0.0000000000	 0.0000000000	0.0000000000	 0.0000000000	43.8571428571	 4.7130157002	43.8571428571	 4.7130157002	1.0000000000	 0.0000000000	9.0128571429	 4.2412964071	0.4785714286	 0.1839319711	0.0000000000	 0.0000000000	
3000.0000000000	724.0000000000	 433.1520405834	70.0000000000	 0.0000000000	300.0000000000	 0.0000000000	4.0000000000	 0.0000000000	25.0000000000	 0.0000000000	102.0000000000	 0.0000000000	120058.5000000000	 109723.6837645136	0.0000000000	 0.0000000000	0.0000000000	 0.0000000000	48.5000000000	 0.9799819923	48.5000000000	 0.9799819923	1.0000000000	 0.0000000000	3.2200000000	 0.0979981992	0.2000000000	 0.1371974789	0.0000000000	 0.0000000000	
3000.0000000000	561.1666666667	 238.2719849515	63.3333333333	 4.1319668820	300.0000000000	 0.0000000000	4.0000000000	 0.0000000000	25.0000000000	 0.0000000000	103.0000000000	 0.0000000000	478643.5000000000	 472474.0299433010	0.0000000000	 0.0000000000	0.0000000000	 0.0000000000	44.6666666667	 4.7382689522	44.6666666667	 4.7382689522	1.0000000000	 0.0000000000	19.6933333333	 22.4408981539	0.9833333333	 0.8684899008	0.0000000000	 0.0000000000	
3000.0000000000	565.8000000000	 278.9569306094	68.0000000000	 3.9199279691	300.0000000000	 0.0000000000	4.0000000000	 0.0000000000	25.0000000000	 0.0000000000	104.0000000000	 0.0000000000	173645.0000000000	 66877.6208711913	0.0000000000	 0.0000000000	0.0000000000	 0.0000000000	44.4000000000	 3.3720495413	44.4000000000	 3.3720495413	1.0000000000	 0.0000000000	6.7920000000	 3.2119283174	0.4500000000	 0.2322371242	0.0000000000	 0.0000000000	
3000.0000000000	579.0000000000	 218.9421016936	68.0000000000	 3.9199279691	300.0000000000	 0.0000000000	4.0000000000	 0.0000000000	25.0000000000	 0.0000000000	106.0000000000	 0.0000000000	308756.4000000000	 80747.2359173509	0.0000000000	 0.0000000000	0.0000000000	 0.0000000000	44.0000000000	 4.3826127029	44.0000000000	 4.3826127029	1.0000000000	 0.0000000000	10.7720000000	 4.5572150961	0.7080000000	 0.1968178619	0.0000000000	 0.0000000000	
3000.0000000000	767.0000000000	 138.0673717956	66.6666666667	 6.5332132818	300.0000000000	 0.0000000000	4.0000000000	 0.0000000000	25.0000000000	 0.0000000000	107.0000000000	 0.0000000000	232165.0000000000	 91396.7197711232	0.0000000000	 0.0000000000	0.0000000000	 0.0000000000	44.3333333333	 5.1026026917	44.3333333333	 5.1026026917	1.0000000000	 0.0000000000	8.8100000000	 4.3453334212	0.4833333333	 0.2224172948	0.0000000000	 0.0000000000	
3000.0000000000	455.0000000000	 346.9302347303	66.6666666667	 6.5332132818	300.0000000000	 0.0000000000	4.0000000000	 0.0000000000	25.0000000000	 0.0000000000	109.0000000000	 0.0000000000	255662.0000000000	 170050.9110750352	0.0000000000	 0.0000000000	0.0000000000	 0.0000000000	48.3333333333	 2.8477616472	48.3333333333	 2.8477616472	1.0000000000	 0.0000000000	9.8100000000	 4.0905689555	0.4433333333	 0.2934132929	0.0000000000	 0.0000000000	
3000.0000000000	742.0000000000	 228.3112682814	70.0000000000	 0.0000000000	300.0000000000	 0.0000000000	4.0000000000	 0.0000000000	25.0000000000	 0.0000000000	110.0000000000	 0.0000000000	271741.6666666667	 120326.5443384359	0.0000000000	 0.0000000000	0.0000000000	 0.0000000000	41.6666666667	 4.7111670962	41.6666666667	 4.7111670962	1.0000000000	 0.0000000000	7.9866666667	 4.1460123574	0.7233333333	 0.2929765574	0.0000000000	 0.0000000000	
3000.0000000000	483.0000000000	 309.8758225668	65.0000000000	 5.6579286704	300.0000000000	 0.0000000000	4.0000000000	 0.0000000000	25.0000000000	 0.0000000000	111.0000000000	 0.0000000000	104846.5000000000	 71275.1628061140	0.0000000000	 0.0000000000	0.0000000000	 0.0000000000	55.5000000000	 5.2163524913	55.5000000000	 5.2163524913	1.0000000000	 0.0000000000	3.9100000000	 2.7942034608	0.1800000000	 0.1378956894	0.0000000000	 0.0000000000	
3000.0000000000	663.5000000000	 391.0128149157	70.0000000000	 0.0000000000	300.0000000000	 0.0000000000	4.0000000000	 0.0000000000	25.0000000000	 0.0000000000	126.0000000000	 0.0000000000	323811.5000000000	 379646.0037874008	0.0000000000	 0.0000000000	0.0000000000	 0.0000000000	59.5000000000	 10.7798019150	59.5000000000	 10.7798019150	1.0000000000	 0.0000000000	14.7950000000	 16.4342980104	0.8600000000	 1.0583805517	0.0000000000	 0.0000000000	
