2000	23	20	300	4	25	22	3	1	0	14	14	1	0	0	0	0
2000	71	20	300	4	25	21	3	1	0	10	10	1	0	0	0	0
2000	96	20	300	4	25	23	3	1	0	14	14	1	0	0	0	0
2000	109	20	300	4	25	23	3	1	1	12.5	13	0.961538	0	0	0	0
2000	155	20	300	4	25	22	3	1	0	13	13	1	0	0	0	0
2000	163	20	300	4	25	13	3	1	0	7	7	1	0	0	0	0
2000	198	20	300	4	25	22	3	1	1	12.5	13	0.961538	0	0	0	0
2000	203	20	300	4	25	23	3	1	0	11	11	1	0	0	0.01	0
2000	206	20	300	4	25	18	3	1	1	8.66667	9	0.962963	0	0	0	0
2000	271	20	300	4	25	21	3	1	0	12	12	1	0	0	0	0
2000	297	20	300	4	25	20	3	1	0	12	12	1	0	0	0.02	0
2000	373	20	300	4	25	25	3	1	0	18	18	1	0	0	0	0
2000	375	20	300	4	25	23	3	1	0	10	10	1	0	0	0	0
2000	393	20	300	4	25	18	3	1	0	9	9	1	0	0	0	0
2000	460	20	300	4	25	26	3	1	0	17	17	1	0	0	0	0
2000	537	20	300	4	25	22	3	1	0	14	14	1	0	0	0	0
2000	559	20	300	4	25	24	3	1	1	11.5	12	0.958333	0	0	0	0
2000	570	20	300	4	25	19	3	1	0	10	10	1	0	0	0	0
2000	584	20	300	4	25	26	3	1	0	18	18	1	0	0	0	0
2000	609	20	300	4	25	32	3	1	1	16.5	17	0.970588	0	0	0.01	0
2000	659	20	300	4	25	18	3	1	0	9	9	1	0	0	0	0
2000	674	20	300	4	25	22	3	1	0	14	14	1	0	0	0.01	0
2000	797	20	300	4	25	25	3	1	0	20	20	1	0	0	0	0
2000	798	20	300	4	25	25	3	1	0	16	16	1	0	0	0	0
2000	800	20	300	4	25	23	3	1	0	14	14	1	0	0	0	0
2000	850	20	300	4	25	28	3	1	1	12.4286	13	0.956044	0	0	0	0
2000	869	20	300	4	25	23	3	1	1	15.5	16	0.96875	0	0	0	0
2000	877	20	300	4	25	27	3	1	1	12.5	13	0.961538	0	0	0.01	0
2000	916	20	300	4	25	15	3	1	0	6	6	1	0	0	0	0
2000	924	20	300	4	25	29	3	1	0	20	20	1	0	0	0	0
2000	955	20	300	4	25	21	3	1	0	15	15	1	0	0	0	0
2000	971	20	300	4	25	22	3	1	1	9.25	10	0.925	0	0	0.01	0
2000	972	20	300	4	25	29	3	1	0	21	21	1	0	0	0	0
2000	985	20	300	4	25	30	3	1	0	17	17	1	0.01	0	0.01	0
2000	990	20	300	4	25	28	3	1	1	15.3333	16	0.958333	0	0	0	0
2000	3	30	300	4	25	39	3	1	1	24.5	25	0.98	0.01	0	0.02	0
2000	9	30	300	4	25	38	3	1	1	19.5	20	0.975	0	0.01	0	0
2000	14	30	300	4	25	39	3	1	0	18	18	1	0	0	0.02	0
2000	31	30	300	4	25	39	3	1	1	25.5	26	0.980769	0	0.01	0	0
2000	33	30	300	4	25	51	3	1	1	36.5	37	0.986486	0	0	0.01	0
2000	37	30	300	4	25	41	3	1	0	26	26	1	0.01	0	0.01	0
2000	48	30	300	4	25	33	3	1	1	18.5	19	0.973684	0	0	0.01	0
2000	56	30	300	4	25	36	3	1	1	26.5	27	0.981481	0	0	0	0
2000	63	30	300	4	25	61	3	1	0	54	54	1	0	0	0	0
2000	69	30	300	4	25	41	3	1	0	26	26	1	0	0	0.01	0
2000	79	30	300	4	25	30	3	1	0	19	19	1	0	0	0	0
2000	98	30	300	4	25	50	3	1	0	32	32	1	0	0	0.01	0
2000	101	30	300	4	25	38	3	1	1	18.5	19	0.973684	0	0	0.01	0
2000	106	30	300	4	25	41	3	1	0	26	26	1	0	0	0.01	0
2000	109	30	300	4	25	48	3	1	0	28	28	1	0.01	0	0.01	0
2000	114	30	300	4	25	53	3	1	0	36	36	1	0.01	0	0.01	0
2000	115	30	300	4	25	45	3	1	0	35	35	1	0	0	0	0
2000	120	30	300	4	25	34	3	1	0	16	16	1	0.01	0	0.01	0
2000	124	30	300	4	25	47	3	1	0	39	39	1	0	0	0.01	0
2000	130	30	300	4	25	30	3	1	0	17	17	1	0	0	0.01	0
2000	137	30	300	4	25	42	3	1	1	22	22	1	0	0.01	0	0
2000	139	30	300	4	25	49	3	1	0	35	35	1	0	0	0.01	0
2000	165	30	300	4	25	47	3	1	1	24	24	1	0.01	0	0.01	0
2000	167	30	300	4	25	41	3	1	0	28	28	1	0	0	0	0
2000	170	30	300	4	25	42	3	1	0	24	24	1	0	0	0.01	0
2000	183	30	300	4	25	41	3	1	0	33	33	1	0	0	0	0
2000	189	30	300	4	25	31	3	1	1	15.5	16	0.96875	0	0	0.01	0
2000	191	30	300	4	25	49	3	1	0	27	27	1	0.01	0	0	0
2000	197	30	300	4	25	46	3	1	0	37	37	1	0	0	0	0
2000	199	30	300	4	25	51	3	1	0	29	29	1	0.01	0	0.02	0
2000	202	30	300	4	25	33	3	1	0	22	22	1	0	0	0	0
2000	204	30	300	4	25	55	3	1	1	31.5	32	0.984375	0.01	0	0.01	0
2000	208	30	300	4	25	29	3	1	1	16.5	17	0.970588	0	0	0	0
2000	216	30	300	4	25	47	3	1	1	28.5	29	0.982759	0.01	0.01	0.01	0
2000	221	30	300	4	25	47	3	1	0	35	35	1	0	0	0	0
2000	223	30	300	4	25	38	3	1	0	23	23	1	0.01	0	0	0
2000	226	30	300	4	25	39	3	1	1	19.3333	20	0.966667	0	0.01	0.01	0
2000	233	30	300	4	25	32	3	1	0	19	19	1	0	0	0.02	0
2000	239	30	300	4	25	42	3	1	0	26	26	1	0	0	0.01	0
2000	244	30	300	4	25	46	3	1	0	36	36	1	0	0	0.02	0
2000	266	30	300	4	25	36	3	1	0	25	25	1	0	0	0.01	0
2000	267	30	300	4	25	37	3	1	0	18	18	1	0	0	0.01	0
2000	269	30	300	4	25	38	3	1	1	26.3333	27	0.975309	0	0	0	0
2000	275	30	300	4	25	51	3	1	1	34.5	35	0.985714	0	0	0.01	0
2000	290	30	300	4	25	42	3	1	1	29.5	30	0.983333	0.01	0	0	0
2000	292	30	300	4	25	39	3	1	0	20	20	1	0	0	0.01	0
2000	302	30	300	4	25	46	3	1	0	33	33	1	0	0	0	0
2000	313	30	300	4	25	33	3	1	0	21	21	1	0	0	0	0
2000	318	30	300	4	25	45	3	1	0	32	32	1	0	0	0.01	0
2000	320	30	300	4	25	34	3	1	0	20	20	1	0	0	0	0
2000	326	30	300	4	25	27	3	1	1	11.5	12	0.958333	0	0	0.01	0
2000	328	30	300	4	25	47	3	1	1	22.4	23	0.973913	0	0.01	0.01	0
2000	335	30	300	4	25	43	3	1	0	21	21	1	0.01	0	0.02	0
2000	339	30	300	4	25	41	3	1	0	25	25	1	0	0	0	0
2000	344	30	300	4	25	46	3	1	0	34	34	1	0	0	0.01	0
2000	345	30	300	4	25	56	3	1	0	40	40	1	0.01	0	0	0
2000	353	30	300	4	25	37	3	1	1	17.5	18	0.972222	0.01	0	0.01	0
2000	357	30	300	4	25	46	3	1	0	29	29	1	0	0	0.01	0
2000	364	30	300	4	25	42	3	1	1	21.5	22	0.977273	0	0.01	0.01	0
2000	381	30	300	4	25	41	3	1	1	24.5	25	0.98	0	0	0.01	0
2000	401	30	300	4	25	46	3	1	0	23	23	1	0.01	0	0.01	0
2000	412	30	300	4	25	52	3	1	0	39	39	1	0.01	0	0.01	0
2000	416	30	300	4	25	54	3	1	0	31	31	1	0.01	0	0.01	0
2000	419	30	300	4	25	25	3	1	0	15	15	1	0	0	0	0
2000	433	30	300	4	25	51	3	1	0	29	29	1	0.01	0	0.01	0
2000	442	30	300	4	25	47	3	1	1	34.5	35	0.985714	0	0	0.01	0
2000	451	30	300	4	25	35	3	1	1	19.5	20	0.975	0	0	0.01	0
2000	472	30	300	4	25	46	3	1	0	33	33	1	0.01	0	0	0
2000	474	30	300	4	25	40	3	1	1	18.5	19	0.973684	0	0	0.02	0
2000	480	30	300	4	25	43	3	1	0	23	23	1	0.01	0	0.02	0
2000	486	30	300	4	25	28	3	1	0	14	14	1	0	0	0	0
2000	489	30	300	4	25	35	3	1	0	21	21	1	0	0	0.01	0
2000	496	30	300	4	25	39	3	1	1	26	26	1	0	0	0.01	0
2000	497	30	300	4	25	39	3	1	1	23.3333	24	0.972222	0	0	0.02	0
2000	520	30	300	4	25	63	3	1	1	52.5	53	0.990566	0	0	0.01	0
2000	549	30	300	4	25	47	3	1	0	28	28	1	0.01	0	0.02	0
2000	552	30	300	4	25	39	3	1	1	23.5	24	0.979167	0	0	0.01	0
2000	554	30	300	4	25	43	3	1	0	25	25	1	0.01	0	0.02	0
2000	555	30	300	4	25	39	3	1	1	22.4	23	0.973913	0	0	0.01	0
2000	559	30	300	4	25	41	3	1	0	23	23	1	0	0	0.01	0
2000	562	30	300	4	25	38	3	1	0	25	25	1	0	0	0	0
2000	569	30	300	4	25	43	3	1	1	25.125	26	0.966346	0.01	0	0	0
2000	571	30	300	4	25	46	3	1	0	34	34	1	0.01	0	0.01	0
2000	593	30	300	4	25	42	3	1	0	32	32	1	0	0	0	0
2000	595	30	300	4	25	34	3	1	0	23	23	1	0	0	0.01	0
2000	609	30	300	4	25	39	3	1	0	21	21	1	0	0	0.01	0
2000	615	30	300	4	25	41	3	1	0	29	29	1	0	0	0	0
2000	616	30	300	4	25	41	3	1	0	19	19	1	0.01	0	0.01	0
2000	618	30	300	4	25	36	3	1	0	19	19	1	0.01	0	0.01	0
2000	628	30	300	4	25	42	3	1	0	23	23	1	0	0	0.01	0
2000	631	30	300	4	25	40	3	1	1	23.2	24	0.966667	0	0	0.01	0
2000	636	30	300	4	25	36	3	1	0	25	25	1	0	0	0.01	0
2000	639	30	300	4	25	30	3	1	0	16	16	1	0	0	0.01	0
2000	642	30	300	4	25	42	3	1	0	24	24	1	0	0.01	0	0
2000	643	30	300	4	25	43	3	1	1	28.5	29	0.982759	0.01	0	0.01	0
2000	647	30	300	4	25	46	3	1	0	36	36	1	0	0	0.01	0
2000	649	30	300	4	25	37	3	1	0	20	20	1	0.01	0	0	0
2000	651	30	300	4	25	48	3	1	0	30	30	1	0.01	0	0.01	0
2000	656	30	300	4	25	41	3	1	0	23	23	1	0.01	0	0.02	0
2000	657	30	300	4	25	28	3	1	0	17	17	1	0	0	0	0
2000	668	30	300	4	25	38	3	1	0	21	21	1	0	0	0.01	0
2000	675	30	300	4	25	30	3	1	0	15	15	1	0	0	0.02	0
2000	677	30	300	4	25	41	3	1	1	23.5	24	0.979167	0	0	0.02	0
2000	688	30	300	4	25	41	3	1	0	26	26	1	0.01	0	0.01	0
2000	689	30	300	4	25	52	3	1	0	40	40	1	0	0	0	0
2000	690	30	300	4	25	42	3	1	1	23.5	24	0.979167	0.01	0	0.04	0
2000	701	30	300	4	25	26	3	1	1	16.5	17	0.970588	0	0	0	0
2000	712	30	300	4	25	56	3	1	0	35	35	1	0.01	0	0.01	0
2000	716	30	300	4	25	44	3	1	1	24.5	25	0.98	0.01	0	0.04	0
2000	722	30	300	4	25	32	3	1	0	17	17	1	0.03	0	0.03	0
2000	741	30	300	4	25	39	3	1	0	28	28	1	0	0	0	0
2000	744	30	300	4	25	41	3	1	0	25	25	1	0	0	0.02	0
2000	745	30	300	4	25	24	3	1	0	15	15	1	0	0	0	0
2000	747	30	300	4	25	46	3	1	0	24	24	1	0.01	0	0	0
2000	751	30	300	4	25	45	3	1	0	26	26	1	0.01	0	0.01	0
2000	758	30	300	4	25	46	3	1	0	29	29	1	0.01	0	0.01	0
2000	760	30	300	4	25	41	3	1	1	29.5	30	0.983333	0	0	0.01	0
2000	768	30	300	4	25	37	3	1	0	22	22	1	0	0	0.01	0
2000	776	30	300	4	25	40	3	1	0	20	20	1	0.01	0	0.02	0
2000	782	30	300	4	25	34	3	1	0	24	24	1	0	0	0.01	0
2000	787	30	300	4	25	46	3	1	0	29	29	1	0.01	0	0.01	0
2000	803	30	300	4	25	29	3	1	0	14	14	1	0	0	0.01	0
2000	819	30	300	4	25	35	3	1	0	17	17	1	0.01	0	0.01	0
2000	823	30	300	4	25	26	3	1	0	15	15	1	0	0	0.01	0
2000	827	30	300	4	25	45	3	1	0	31	31	1	0	0	0	0
2000	828	30	300	4	25	33	3	1	1	17.5	18	0.972222	0	0	0.02	0
2000	830	30	300	4	25	40	3	1	0	29	29	1	0	0	0	0
2000	837	30	300	4	25	36	3	1	1	16.6667	17	0.980392	0.01	0	0.01	0
2000	840	30	300	4	25	38	3	1	1	22.5	23	0.978261	0	0	0.02	0
2000	843	30	300	4	25	37	3	1	0	21	21	1	0	0.01	0	0
2000	845	30	300	4	25	31	3	1	0	20	20	1	0	0	0	0
2000	847	30	300	4	25	43	3	1	0	31	31	1	0	0	0	0
2000	852	30	300	4	25	38	3	1	1	17.5	18	0.972222	0.01	0	0.01	0
2000	855	30	300	4	25	54	3	1	0	28	28	1	0.01	0	0.01	0
2000	860	30	300	4	25	41	3	1	0	32	32	1	0	0	0	0
2000	866	30	300	4	25	40	3	1	1	28	28	1	0	0	0.01	0
2000	876	30	300	4	25	55	3	1	0	42	42	1	0.01	0	0.01	0
2000	879	30	300	4	25	42	3	1	0	30	30	1	0	0	0	0
2000	885	30	300	4	25	34	3	1	0	20	20	1	0	0	0.01	0
2000	887	30	300	4	25	38	3	1	0	22	22	1	0	0	0.01	0
2000	897	30	300	4	25	41	3	1	1	21.5	22	0.977273	0.01	0	0.01	0
2000	903	30	300	4	25	25	3	1	0	14	14	1	0	0	0.01	0
2000	910	30	300	4	25	35	3	1	0	21	21	1	0	0	0	0
2000	921	30	300	4	25	34	3	1	0	23	23	1	0	0	0	0
2000	933	30	300	4	25	53	3	1	0	38	38	1	0.02	0	0	0
2000	935	30	300	4	25	34	3	1	1	16.8	17	0.988235	0	0	0.02	0
2000	939	30	300	4	25	31	3	1	0	19	19	1	0	0	0	0
2000	945	30	300	4	25	40	3	1	1	29	29	1	0	0	0	0
2000	963	30	300	4	25	33	3	1	1	16.5	17	0.970588	0	0	0.01	0
2000	973	30	300	4	25	33	3	1	0	16	16	1	0.01	0	0	0
2000	975	30	300	4	25	28	3	1	1	14.25	15	0.95	0	0	0	0
2000	982	30	300	4	25	47	3	1	0	30	30	1	0.01	0	0.01	0
2000	20	40	300	4	25	61	3	1	0	41	41	1	0.01	0	0.02	0
2000	503	40	300	4	25	67	3	1	1	36.7143	37	0.992278	0.02	0	0.01	0
