4000	3	20	300	4	25	5	2	1	1	2.33333	3	0.777778	0	0	0	0
4000	41	20	300	4	25	5	2	1	0	2	2	1	0	0	0	0
4000	87	20	300	4	25	5	2	1	1	2.33333	3	0.777778	0	0	0	0
4000	113	20	300	4	25	8	2	1	1	2.5	3	0.833333	0	0	0	0
4000	162	20	300	4	25	10	2	1	1	5	5	1	0	0	0	0
4000	163	20	300	4	25	7	2	1	0	2	2	1	0	0	0	0
4000	175	20	300	4	25	7	2	1	1	3.5	4	0.875	0	0	0	0
4000	203	20	300	4	25	12	2	1	0	7	7	1	0	0	0	0
4000	269	20	300	4	25	6	2	1	1	2.5	3	0.833333	0	0	0	0
4000	279	20	300	4	25	6	2	1	1	2.66667	3	0.888889	0	0	0	0
4000	285	20	300	4	25	7	2	1	0	4	4	1	0	0	0	0
4000	330	20	300	4	25	10	2	1	0	4	4	1	0	0	0	0
4000	373	20	300	4	25	9	2	1	1	5.5	6	0.916667	0	0	0	0
4000	486	20	300	4	25	6	2	1	1	2.5	3	0.833333	0	0	0	0
4000	521	20	300	4	25	9	2	1	0	4	4	1	0	0	0	0
4000	580	20	300	4	25	11	2	1	0	6	6	1	0	0	0	0
4000	714	20	300	4	25	5	2	1	1	2.5	3	0.833333	0	0	0	0
4000	762	20	300	4	25	7	2	1	1	2.5	3	0.833333	0	0	0	0
4000	784	20	300	4	25	8	2	1	0	4	4	1	0	0	0	0
4000	806	20	300	4	25	5	2	1	0	2	2	1	0	0	0	0
4000	897	20	300	4	25	7	2	1	1	3.5	4	0.875	0	0	0	0
4000	8	30	300	4	25	10	2	1	0	5	5	1	0	0	0	0
4000	11	30	300	4	25	9	2	1	0	5	5	1	0	0	0	0
4000	102	30	300	4	25	13	2	1	0	8	8	1	0	0	0	0
4000	159	30	300	4	25	10	2	1	1	3.33333	4	0.833333	0	0	0	0
4000	166	30	300	4	25	10	2	1	1	4.5	5	0.9	0	0	0	0
4000	173	30	300	4	25	11	2	1	0	8	8	1	0	0	0	0
4000	191	30	300	4	25	10	2	1	0	6	6	1	0	0	0	0
4000	194	30	300	4	25	8	2	1	0	3	3	1	0	0	0	0
4000	215	30	300	4	25	10	2	1	1	6.5	7	0.928571	0	0	0	0
4000	286	30	300	4	25	7	2	1	0	2	2	1	0	0	0	0
4000	298	30	300	4	25	7	2	1	1	3.5	4	0.875	0	0	0	0
4000	324	30	300	4	25	8	2	1	1	5.5	6	0.916667	0	0	0	0
4000	351	30	300	4	25	10	2	1	1	6	6	1	0	0	0	0
4000	427	30	300	4	25	13	2	1	1	5.5	6	0.916667	0	0	0	0
4000	442	30	300	4	25	10	2	1	0	5	5	1	0	0	0	0
4000	448	30	300	4	25	10	2	1	0	5	5	1	0	0	0	0
4000	454	30	300	4	25	8	2	1	0	5	5	1	0	0	0	0
4000	483	30	300	4	25	9	2	1	0	3	3	1	0	0	0	0
4000	552	30	300	4	25	13	2	1	1	6.5	7	0.928571	0	0	0	0
4000	589	30	300	4	25	11	2	1	1	4.5	5	0.9	0	0	0	0
4000	604	30	300	4	25	14	2	1	1	8	8	1	0	0	0	0
4000	617	30	300	4	25	11	2	1	0	5	5	1	0	0	0	0
4000	645	30	300	4	25	12	2	1	0	6	6	1	0	0	0	0
4000	652	30	300	4	25	10	2	1	0	6	6	1	0	0	0	0
4000	675	30	300	4	25	9	2	1	1	4.5	5	0.9	0	0	0	0
4000	727	30	300	4	25	11	2	1	0	7	7	1	0	0	0	0
4000	751	30	300	4	25	8	2	1	0	4	4	1	0	0	0	0
4000	778	30	300	4	25	7	2	1	0	3	3	1	0	0	0	0
4000	787	30	300	4	25	9	2	1	1	3.5	4	0.875	0	0	0	0
4000	790	30	300	4	25	12	2	1	0	5	5	1	0	0	0	0
4000	901	30	300	4	25	11	2	1	0	5	5	1	0	0	0	0
4000	915	30	300	4	25	10	2	1	1	4.5	5	0.9	0	0	0	0
4000	941	30	300	4	25	10	2	1	0	5	5	1	0	0	0	0
4000	945	30	300	4	25	6	2	1	1	2.33333	3	0.777778	0	0	0	0
4000	991	30	300	4	25	13	2	1	0	6	6	1	0	0	0	0
4000	166	40	300	4	25	16	2	1	0	9	9	1	0	0	0	0
4000	406	40	300	4	25	15	2	1	0	8	8	1	0	0	0	0
