5000	899	50	300	4	25	36	111805	5.04846	6	1	1	8	0.125	8	0.125	1	0.9	-0.0457575	0.2	-0.69897	1.11	0.045323
5000	964	50	300	4	25	42	115377	5.06212	6	1	0	13	0.0769231	13	0.0769231	1	1.58	0.198657	0.13	-0.886057	2.68	0.428135
5000	18	60	300	4	25	42	137788	5.13921	6	1	1	10.5	0.0952381	11	0.0909091	0.954545	1.7	0.230449	0.17	-0.769551	1.5	0.176091
5000	23	60	300	4	25	40	133104	5.12419	6	1	0	10	0.1	10	0.1	1	1.16	0.064458	0.2	-0.69897	1.09	0.0374265
5000	25	60	300	4	25	40	150265	5.17686	6	1	0	12	0.0833333	12	0.0833333	1	2	0.30103	0.23	-0.638272	1.86	0.269513
5000	28	60	300	4	25	31	152774	5.18405	6	1	0	7	0.142857	7	0.142857	1	1.68	0.225309	0.28	-0.552842	1.39	0.143015
5000	44	60	300	4	25	42	912222	5.9601	6	1	0	8	0.125	8	0.125	1	13.08	1.11661	3.45	0.537819	13.73	1.13767
5000	50	60	300	4	25	42	227634	5.35724	6	1	0	10	0.1	10	0.1	1	2.5	0.39794	0.26	-0.585027	0.77	-0.113509
5000	55	60	300	4	25	35	125589	5.09895	6	1	1	9	0.111111	9	0.111111	1	1.33	0.123852	0.13	-0.886057	5.92	0.772322
5000	61	60	300	4	25	38	120648	5.08152	6	1	1	13	0.0769231	13	0.0769231	1	2.05	0.311754	0.14	-0.853872	0.96	-0.0177288
5000	64	60	300	4	25	53	336443	5.52691	6	1	0	16	0.0625	16	0.0625	1	7.81	0.892651	0.6	-0.221849	1.5	0.176091
5000	88	60	300	4	25	48	118652	5.07428	6	1	0	15	0.0666667	15	0.0666667	1	1.74	0.240549	0.18	-0.744727	1.01	0.00432137
5000	150	60	300	4	25	42	102160	5.00928	6	1	1	14	0.0714286	14	0.0714286	1	1.51	0.178977	0.16	-0.79588	1.2	0.0791812
5000	167	60	300	4	25	41	390924	5.59209	6	1	0	12	0.0833333	12	0.0833333	1	7.01	0.845718	0.64	-0.19382	5.2	0.716003
5000	171	60	300	4	25	38	250627	5.39903	6	1	0	10	0.1	10	0.1	1	3.52	0.546543	0.36	-0.443697	1.16	0.064458
5000	208	60	300	4	25	31	120191	5.07987	6	1	0	7	0.142857	7	0.142857	1	1.63	0.212188	0.19	-0.721246	0.9	-0.0457575
5000	222	60	300	4	25	47	357746	5.55357	6	1	1	19	0.0526316	19	0.0526316	1	6.07	0.783189	0.5	-0.30103	3.48	0.541579
5000	224	60	300	4	25	39	199470	5.29988	6	1	0	9	0.111111	9	0.111111	1	3.52	0.546543	0.4	-0.39794	1.07	0.0293838
5000	234	60	300	4	25	38	123573	5.09192	6	1	0	14	0.0714286	14	0.0714286	1	1.18	0.071882	0.14	-0.853872	1.15	0.0606978
5000	247	60	300	4	25	38	138730	5.14217	6	1	0	10	0.1	10	0.1	1	1.94	0.287802	0.25	-0.60206	1.35	0.130334
5000	331	60	300	4	25	32	128088	5.10751	6	1	1	9.5	0.105263	10	0.1	0.95	1.33	0.123852	0.16	-0.79588	1.18	0.071882
5000	355	60	300	4	25	36	125826	5.09977	6	1	1	9	0.111111	9	0.111111	1	1.88	0.274158	0.21	-0.677781	1.15	0.0606978
5000	359	60	300	4	25	38	869145	5.93909	6	1	1	9	0.111111	9	0.111111	1	7.69	0.885926	3.19	0.503791	76.47	1.88349
5000	374	60	300	4	25	47	226365	5.35481	6	1	1	11	0.0909091	11	0.0909091	1	3.32	0.521138	0.27	-0.568636	2	0.30103
5000	390	60	300	4	25	31	152102	5.18213	6	1	0	8	0.125	8	0.125	1	1.08	0.0334238	0.18	-0.744727	0.49	-0.309804
5000	399	60	300	4	25	37	139809	5.14554	6	1	1	10	0.1	10	0.1	1	1.05	0.0211893	0.22	-0.657577	8	0.90309
5000	512	60	300	4	25	43	167002	5.22272	6	1	0	14	0.0714286	14	0.0714286	1	3.59	0.555094	0.19	-0.721246	1.14	0.0569049
5000	521	60	300	4	25	53	297420	5.47337	6	1	1	20	0.05	20	0.05	1	6.9	0.838849	0.61	-0.21467	2.09	0.320146
5000	558	60	300	4	25	36	121749	5.08547	6	1	0	9	0.111111	9	0.111111	1	1.21	0.0827854	0.16	-0.79588	0.89	-0.05061
5000	563	60	300	4	25	36	238343	5.3772	6	1	0	10	0.1	10	0.1	1	2.28	0.357935	0.29	-0.537602	1.22	0.0863598
5000	564	60	300	4	25	39	270068	5.43147	6	1	0	10	0.1	10	0.1	1	3.44	0.536558	0.51	-0.29243	26.06	1.41597
5000	581	60	300	4	25	35	130274	5.11486	6	1	1	7	0.142857	7	0.142857	1	2.02	0.305351	0.16	-0.79588	0.91	-0.0409586
5000	593	60	300	4	25	48	599605	5.77787	6	1	1	14	0.0714286	14	0.0714286	1	13.73	1.13767	0.91	-0.0409586	5.44	0.735599
5000	606	60	300	4	25	45	123637	5.09215	6	1	0	13	0.0769231	13	0.0769231	1	0.95	-0.0222764	0.14	-0.853872	0.9	-0.0457575
5000	611	60	300	4	25	45	162545	5.21097	6	1	0	15	0.0666667	15	0.0666667	1	2.27	0.356026	0.18	-0.744727	4.28	0.631444
5000	633	60	300	4	25	38	507005	5.70501	6	1	0	12	0.0833333	12	0.0833333	1	6.03	0.780317	0.85	-0.0705811	1.76	0.245513
5000	676	60	300	4	25	41	385287	5.58578	6	1	0	8	0.125	8	0.125	1	5.03	0.701568	1.03	0.0128372	4.69	0.671173
5000	680	60	300	4	25	38	193604	5.28691	6	1	1	10	0.1	10	0.1	1	3.12	0.494155	0.39	-0.408935	0.83	-0.0809219
5000	712	60	300	4	25	36	211574	5.32546	6	1	0	10	0.1	10	0.1	1	3.49	0.542825	0.29	-0.537602	12.96	1.11261
5000	716	60	300	4	25	37	122298	5.08742	6	1	1	8	0.125	8	0.125	1	1.19	0.075547	0.14	-0.853872	13.78	1.13925
5000	753	60	300	4	25	45	545873	5.73709	6	1	0	11	0.0909091	11	0.0909091	1	7.58	0.879669	0.89	-0.05061	5.24	0.719331
5000	792	60	300	4	25	33	104734	5.02009	6	1	0	9	0.111111	9	0.111111	1	1.15	0.0606978	0.16	-0.79588	1.39	0.143015
5000	793	60	300	4	25	45	322290	5.50825	6	1	0	11	0.0909091	11	0.0909091	1	4.78	0.679428	0.35	-0.455932	2.93	0.466868
5000	802	60	300	4	25	41	145160	5.16185	6	1	0	12	0.0833333	12	0.0833333	1	1.98	0.296665	0.25	-0.60206	1.06	0.0253059
5000	849	60	300	4	25	49	111461	5.04712	6	1	0	18	0.0555556	18	0.0555556	1	1.37	0.136721	0.19	-0.721246	3	0.477121
5000	899	60	300	4	25	43	106053	5.02552	6	1	1	11	0.0909091	11	0.0909091	1	1.2	0.0791812	0.13	-0.886057	1.31	0.117271
5000	916	60	300	4	25	37	264641	5.42266	6	1	0	10	0.1	10	0.1	1	2.89	0.460898	0.58	-0.236572	0.8	-0.09691
5000	936	60	300	4	25	40	291393	5.46448	6	1	0	7	0.142857	7	0.142857	1	2.97	0.472756	0.64	-0.19382	3.13	0.495544
5000	954	60	300	4	25	44	207451	5.31692	6	1	0	10	0.1	10	0.1	1	3.06	0.485721	0.29	-0.537602	1.99	0.298853
5000	956	60	300	4	25	50	441338	5.64477	6	1	1	15	0.0666667	15	0.0666667	1	9.55	0.980003	0.84	-0.0757207	4.22	0.625312
5000	964	60	300	4	25	43	147322	5.16827	6	1	1	12	0.0833333	12	0.0833333	1	1.91	0.281033	0.18	-0.744727	3.2	0.50515
5000	995	60	300	4	25	47	443694	5.64708	6	1	0	11	0.0909091	11	0.0909091	1	6.53	0.814913	1.14	0.0569049	5.49	0.739572
5000	3	70	300	4	25	37	295461	5.4705	6	1	0	8	0.125	8	0.125	1	3.25	0.511883	0.28	-0.552842	45.74	1.6603
5000	12	70	300	4	25	39	134137	5.12755	6	1	0	9	0.111111	9	0.111111	1	1.33	0.123852	0.17	-0.769551	1.02	0.00860017
5000	13	70	300	4	25	41	108716	5.03629	6	1	0	15	0.0666667	15	0.0666667	1	1.52	0.181844	0.16	-0.79588	2.33	0.367356
5000	14	70	300	4	25	45	211152	5.3246	6	1	0	11	0.0909091	11	0.0909091	1	4.99	0.698101	0.4	-0.39794	1.16	0.064458
5000	17	70	300	4	25	49	113495	5.05498	6	1	1	11	0.0909091	11	0.0909091	1	1.48	0.170262	0.18	-0.744727	1.83	0.262451
5000	19	70	300	4	25	35	141228	5.14992	6	1	0	10	0.1	10	0.1	1	1.21	0.0827854	0.24	-0.619789	6.77	0.830589
5000	24	70	300	4	25	40	274130	5.43796	6	1	1	7.25	0.137931	8	0.125	0.90625	2.68	0.428135	0.62	-0.207608	3.28	0.515874
5000	25	70	300	4	25	51	525351	5.72045	6	1	0	14	0.0714286	14	0.0714286	1	9.53	0.979093	0.53	-0.275724	3.72	0.570543
5000	29	70	300	4	25	42	104444	5.01888	6	1	1	11	0.0909091	11	0.0909091	1	1.22	0.0863598	0.13	-0.886057	2.3	0.361728
5000	35	70	300	4	25	47	357677	5.55349	6	1	0	18	0.0555556	18	0.0555556	1	4.25	0.628389	0.48	-0.318759	2.92	0.465383
5000	37	70	300	4	25	47	202901	5.30728	6	1	1	15	0.0666667	15	0.0666667	1	3.52	0.546543	0.36	-0.443697	1.85	0.267172
5000	39	70	300	4	25	51	250487	5.39879	6	1	0	13	0.0769231	13	0.0769231	1	2.28	0.357935	0.46	-0.337242	2.2	0.342423
5000	40	70	300	4	25	44	151934	5.18165	6	1	0	12	0.0833333	12	0.0833333	1	2.25	0.352183	0.23	-0.638272	3.68	0.565848
5000	42	70	300	4	25	39	171650	5.23464	6	1	1	9	0.111111	9	0.111111	1	1.42	0.152288	0.23	-0.638272	11.2	1.04922
5000	43	70	300	4	25	44	188646	5.27565	6	1	1	12	0.0833333	12	0.0833333	1	3.12	0.494155	0.22	-0.657577	1.58	0.198657
5000	45	70	300	4	25	48	445228	5.64858	6	1	1	11	0.0909091	11	0.0909091	1	6.75	0.829304	0.9	-0.0457575	4.29	0.632457
5000	47	70	300	4	25	39	103735	5.01593	6	1	0	11	0.0909091	11	0.0909091	1	1	0	0.16	-0.79588	0.85	-0.0705811
5000	50	70	300	4	25	53	793474	5.89953	6	1	0	14	0.0714286	14	0.0714286	1	9.21	0.96426	3.56	0.55145	10.58	1.02449
5000	56	70	300	4	25	47	127614	5.1059	6	1	0	13	0.0769231	13	0.0769231	1	1.58	0.198657	0.2	-0.69897	1.02	0.00860017
5000	60	70	300	4	25	39	374847	5.57385	6	1	0	9	0.111111	9	0.111111	1	2.88	0.459392	0.71	-0.148742	27.53	1.43981
5000	61	70	300	4	25	47	335805	5.52609	6	1	0	14	0.0714286	14	0.0714286	1	7.59	0.880242	0.51	-0.29243	4.02	0.604226
5000	66	70	300	4	25	43	286126	5.45656	6	1	0	10	0.1	10	0.1	1	3.97	0.598791	0.43	-0.366532	1.38	0.139879
5000	69	70	300	4	25	39	232276	5.366	6	1	1	9	0.111111	9	0.111111	1	3.49	0.542825	0.34	-0.468521	12.33	1.09096
5000	73	70	300	4	25	36	215328	5.3331	6	1	0	8	0.125	8	0.125	1	2.72	0.434569	0.29	-0.537602	0.87	-0.0604807
5000	77	70	300	4	25	39	142469	5.15372	6	1	1	7	0.142857	7	0.142857	1	2.09	0.320146	0.26	-0.585027	1.24	0.0934217
5000	79	70	300	4	25	42	206873	5.3157	6	1	0	10	0.1	10	0.1	1	2.87	0.457882	0.39	-0.408935	1.63	0.212188
5000	81	70	300	4	25	42	144021	5.15843	6	1	0	9	0.111111	9	0.111111	1	1.76	0.245513	0.16	-0.79588	3.67	0.564666
5000	83	70	300	4	25	41	191946	5.28318	6	1	0	12	0.0833333	12	0.0833333	1	2.23	0.348305	0.37	-0.431798	0.84	-0.0757207
5000	87	70	300	4	25	36	133219	5.12457	6	1	0	9	0.111111	9	0.111111	1	0.97	-0.0132283	0.16	-0.79588	13.43	1.12808
5000	88	70	300	4	25	54	315475	5.49896	6	1	0	17	0.0588235	17	0.0588235	1	5.62	0.749736	0.65	-0.187087	3.12	0.494155
5000	89	70	300	4	25	31	103864	5.01647	6	1	0	9	0.111111	9	0.111111	1	1.05	0.0211893	0.16	-0.79588	0.9	-0.0457575
5000	90	70	300	4	25	58	272994	5.43615	6	1	1	29	0.0344828	29	0.0344828	1	3.69	0.567026	0.52	-0.283997	2.13	0.32838
5000	91	70	300	4	25	39	100716	5.0031	6	1	0	14	0.0714286	14	0.0714286	1	1.14	0.0569049	0.16	-0.79588	0.86	-0.0655015
5000	98	70	300	4	25	39	110602	5.04376	6	1	0	11	0.0909091	11	0.0909091	1	1.37	0.136721	0.19	-0.721246	0.88	-0.0555173
5000	102	70	300	4	25	41	107468	5.03128	6	1	0	14	0.0714286	14	0.0714286	1	0.82	-0.0861861	0.19	-0.721246	1.18	0.071882
5000	105	70	300	4	25	46	437892	5.64137	6	1	1	16	0.0625	16	0.0625	1	5.25	0.720159	0.76	-0.119186	3.08	0.488551
5000	108	70	300	4	25	44	308014	5.48857	6	1	1	15	0.0666667	15	0.0666667	1	7.31	0.863917	0.62	-0.207608	3.21	0.506505
5000	109	70	300	4	25	47	776617	5.89021	6	1	0	9	0.111111	9	0.111111	1	13.45	1.12872	1.54	0.187521	8.07	0.906874
5000	112	70	300	4	25	37	159080	5.20162	6	1	1	7	0.142857	7	0.142857	1	1.67	0.222716	0.19	-0.721246	9.29	0.968016
5000	115	70	300	4	25	49	578547	5.76234	6	1	1	12	0.0833333	12	0.0833333	1	12.95	1.11227	2.31	0.363612	7.18	0.856124
5000	117	70	300	4	25	43	119718	5.07816	6	1	0	13	0.0769231	13	0.0769231	1	1.87	0.271842	0.19	-0.721246	1.06	0.0253059
5000	120	70	300	4	25	42	379239	5.57891	6	1	0	10	0.1	10	0.1	1	9.05	0.956649	0.52	-0.283997	2.81	0.448706
5000	124	70	300	4	25	62	184576	5.26618	6	1	0	31	0.0322581	31	0.0322581	1	4.29	0.632457	0.22	-0.657577	1.39	0.143015
5000	132	70	300	4	25	29	105483	5.02318	6	1	0	7	0.142857	7	0.142857	1	0.92	-0.0362122	0.12	-0.920819	0.73	-0.136677
5000	141	70	300	4	25	55	545391	5.73671	6	1	1	16.5	0.0606061	17	0.0588235	0.970588	8.8	0.944483	0.61	-0.21467	3.35	0.525045
5000	142	70	300	4	25	49	138148	5.14034	6	1	0	12	0.0833333	12	0.0833333	1	2.25	0.352183	0.26	-0.585027	1.17	0.0681859
5000	147	70	300	4	25	52	450919	5.6541	6	1	0	15	0.0666667	15	0.0666667	1	8.22	0.914872	1.55	0.190332	4.96	0.695482
5000	150	70	300	4	25	49	359815	5.55608	6	1	0	18	0.0555556	18	0.0555556	1	9	0.954243	0.81	-0.091515	3.66	0.563481
5000	153	70	300	4	25	41	132471	5.12212	6	1	0	13	0.0769231	13	0.0769231	1	1.58	0.198657	0.15	-0.823909	1.53	0.184691
5000	161	70	300	4	25	54	355432	5.55076	6	1	0	16	0.0625	16	0.0625	1	6.86	0.836324	1.11	0.045323	4.72	0.673942
5000	162	70	300	4	25	56	263523	5.42082	6	1	0	14	0.0714286	14	0.0714286	1	4.75	0.676694	0.41	-0.387216	1	0
5000	163	70	300	4	25	46	396190	5.5979	6	1	0	14	0.0714286	14	0.0714286	1	5.67	0.753583	0.49	-0.309804	3.75	0.574031
5000	165	70	300	4	25	57	794169	5.89991	6	1	0	17	0.0588235	17	0.0588235	1	9.55	0.980003	3.01	0.478566	11.74	1.06967
5000	169	70	300	4	25	40	188929	5.2763	6	1	1	12	0.0833333	12	0.0833333	1	2.84	0.453318	0.28	-0.552842	1.63	0.212188
5000	170	70	300	4	25	35	108827	5.03674	6	1	0	10	0.1	10	0.1	1	1.61	0.206826	0.14	-0.853872	0.81	-0.091515
5000	171	70	300	4	25	44	530385	5.72459	6	1	1	11.5	0.0869565	12	0.0833333	0.958333	6.96	0.842609	0.79	-0.102373	5.19	0.715167
5000	172	70	300	4	25	46	270609	5.43234	6	1	1	11	0.0909091	11	0.0909091	1	4.17	0.620136	0.55	-0.259637	2.58	0.41162
5000	178	70	300	4	25	47	125752	5.09951	6	1	1	14	0.0714286	14	0.0714286	1	1.84	0.264818	0.16	-0.79588	1.94	0.287802
5000	184	70	300	4	25	40	181215	5.25819	6	1	1	8.58824	0.116438	9	0.111111	0.954248	2.68	0.428135	0.29	-0.537602	1.78	0.25042
5000	194	70	300	4	25	49	832430	5.92035	6	1	0	12	0.0833333	12	0.0833333	1	12.32	1.09061	0.99	-0.00436481	21.71	1.33666
5000	195	70	300	4	25	36	205792	5.31343	6	1	1	8.27273	0.120879	9	0.111111	0.919192	2.57	0.409933	0.31	-0.508638	0.96	-0.0177288
5000	196	70	300	4	25	39	140316	5.14711	6	1	0	10	0.1	10	0.1	1	2.03	0.307496	0.18	-0.744727	12.38	1.09272
5000	198	70	300	4	25	38	128089	5.10751	6	1	0	10	0.1	10	0.1	1	1.64	0.214844	0.14	-0.853872	11.73	1.0693
5000	199	70	300	4	25	47	395962	5.59765	6	1	0	16	0.0625	16	0.0625	1	7.31	0.863917	0.33	-0.481486	3.91	0.592177
5000	200	70	300	4	25	44	680773	5.833	6	1	1	9.5	0.105263	10	0.1	0.95	9.64	0.984077	0.91	-0.0409586	16.4	1.21484
5000	203	70	300	4	25	49	305006	5.48431	6	1	0	14	0.0714286	14	0.0714286	1	5.47	0.737987	0.59	-0.229148	1.84	0.264818
5000	208	70	300	4	25	37	267770	5.42776	6	1	1	7.6	0.131579	8	0.125	0.95	2.92	0.465383	0.58	-0.236572	15.95	1.20276
5000	210	70	300	4	25	40	379924	5.5797	6	1	1	10	0.1	10	0.1	1	6.54	0.815578	0.88	-0.0555173	3.77	0.576341
5000	211	70	300	4	25	47	265879	5.42468	6	1	0	14	0.0714286	14	0.0714286	1	4.67	0.669317	0.46	-0.337242	1.42	0.152288
5000	219	70	300	4	25	55	456887	5.65981	6	1	1	19	0.0526316	19	0.0526316	1	8.63	0.936011	1.84	0.264818	5.39	0.731589
5000	220	70	300	4	25	50	152735	5.18394	6	1	1	15	0.0666667	15	0.0666667	1	1.85	0.267172	0.19	-0.721246	3.16	0.499687
5000	221	70	300	4	25	48	271747	5.43416	6	1	0	11	0.0909091	11	0.0909091	1	5.35	0.728354	0.6	-0.221849	2.42	0.383815
5000	228	70	300	4	25	43	172870	5.23772	6	1	0	14	0.0714286	14	0.0714286	1	2.06	0.313867	0.3	-0.522879	3.09	0.489958
5000	232	70	300	4	25	43	226906	5.35585	6	1	0	10	0.1	10	0.1	1	2.51	0.399674	0.47	-0.327902	2.07	0.31597
5000	233	70	300	4	25	42	156555	5.19467	6	1	0	14	0.0714286	14	0.0714286	1	2.43	0.385606	0.18	-0.744727	1.15	0.0606978
5000	234	70	300	4	25	54	565378	5.75234	6	1	0	22	0.0454545	22	0.0454545	1	6.48	0.811575	0.73	-0.136677	4.55	0.658011
5000	236	70	300	4	25	49	601159	5.77899	6	1	0	11	0.0909091	11	0.0909091	1	7.74	0.888741	1.07	0.0293838	6.74	0.82866
5000	239	70	300	4	25	52	128655	5.10943	6	1	0	22	0.0454545	22	0.0454545	1	1.04	0.0170333	0.15	-0.823909	3.06	0.485721
5000	241	70	300	4	25	61	123208	5.09064	6	1	0	22	0.0454545	22	0.0454545	1	1.59	0.201397	0.22	-0.657577	1.45	0.161368
5000	242	70	300	4	25	66	896568	5.95258	6	1	0	20	0.05	20	0.05	1	13.49	1.13001	3.02	0.480007	11.16	1.04766
5000	246	70	300	4	25	48	200404	5.30191	6	1	0	16	0.0625	16	0.0625	1	2.3	0.361728	0.28	-0.552842	0.57	-0.244125
5000	247	70	300	4	25	44	286266	5.45677	6	1	0	10	0.1	10	0.1	1	4.85	0.685742	0.37	-0.431798	2.54	0.404834
5000	250	70	300	4	25	44	637418	5.80442	6	1	1	11	0.0909091	11	0.0909091	1	12.36	1.09202	0.76	-0.119186	5.83	0.765669
5000	251	70	300	4	25	32	146481	5.16578	6	1	0	7	0.142857	7	0.142857	1	1.28	0.10721	0.18	-0.744727	2.48	0.394452
5000	256	70	300	4	25	44	312610	5.495	6	1	0	10	0.1	10	0.1	1	4.74	0.675778	0.47	-0.327902	2.87	0.457882
5000	268	70	300	4	25	44	254816	5.40623	6	1	0	12	0.0833333	12	0.0833333	1	4.88	0.68842	0.47	-0.327902	2.14	0.330414
5000	272	70	300	4	25	53	553844	5.74339	6	1	0	18	0.0555556	18	0.0555556	1	6.89	0.838219	0.58	-0.236572	4.94	0.693727
5000	286	70	300	4	25	61	391512	5.59275	6	1	0	26	0.0384615	26	0.0384615	1	10.73	1.0306	0.89	-0.05061	3.61	0.557507
5000	287	70	300	4	25	52	182394	5.26101	6	1	1	27	0.037037	27	0.037037	1	2.91	0.463893	0.22	-0.657577	1.35	0.130334
5000	288	70	300	4	25	41	191582	5.28235	6	1	1	9	0.111111	9	0.111111	1	2.48	0.394452	0.25	-0.60206	1.52	0.181844
5000	290	70	300	4	25	40	120538	5.08112	6	1	0	11	0.0909091	11	0.0909091	1	1.55	0.190332	0.14	-0.853872	0.84	-0.0757207
5000	292	70	300	4	25	42	400458	5.60256	6	1	0	13	0.0769231	13	0.0769231	1	6.05	0.781755	1.02	0.00860017	2.95	0.469822
5000	294	70	300	4	25	57	173193	5.23853	6	1	0	17	0.0588235	17	0.0588235	1	3.89	0.58995	0.23	-0.638272	2.37	0.374748
5000	299	70	300	4	25	52	251903	5.40123	6	1	1	15	0.0666667	15	0.0666667	1	4.67	0.669317	0.33	-0.481486	2.3	0.361728
5000	301	70	300	4	25	59	422723	5.62606	6	1	0	28	0.0357143	28	0.0357143	1	9.29	0.968016	1	0	3.03	0.481443
5000	310	70	300	4	25	42	186982	5.2718	6	1	1	10	0.1	10	0.1	1	2.14	0.330414	0.35	-0.455932	1.62	0.209515
5000	312	70	300	4	25	50	952596	5.97891	6	1	0	17	0.0588235	17	0.0588235	1	20.72	1.31639	0.89	-0.05061	24.11	1.3822
5000	314	70	300	4	25	48	204627	5.31096	6	1	0	13	0.0769231	13	0.0769231	1	4.26	0.62941	0.27	-0.568636	1.8	0.255273
5000	315	70	300	4	25	49	959630	5.9821	6	1	0	13	0.0769231	13	0.0769231	1	17.28	1.23754	1.07	0.0293838	30.98	1.49108
5000	317	70	300	4	25	41	121737	5.08542	6	1	0	11	0.0909091	11	0.0909091	1	1.81	0.257679	0.2	-0.69897	3	0.477121
5000	320	70	300	4	25	56	107931	5.03315	6	1	0	18	0.0555556	18	0.0555556	1	2.39	0.378398	0.14	-0.853872	1.91	0.281033
5000	321	70	300	4	25	53	206514	5.31495	6	1	0	21	0.047619	21	0.047619	1	6.52	0.814248	0.4	-0.39794	1	0
5000	324	70	300	4	25	38	333885	5.5236	6	1	0	8	0.125	8	0.125	1	2.88	0.459392	0.73	-0.136677	18.22	1.26055
5000	325	70	300	4	25	46	157489	5.19725	6	1	0	15	0.0666667	15	0.0666667	1	2.53	0.403121	0.27	-0.568636	3.93	0.594393
5000	326	70	300	4	25	38	207319	5.31664	6	1	1	12	0.0833333	12	0.0833333	1	3.09	0.489958	0.39	-0.408935	1.31	0.117271
5000	327	70	300	4	25	41	215746	5.33394	6	1	1	10.5	0.0952381	11	0.0909091	0.954545	3.16	0.499687	0.28	-0.552842	1.24	0.0934217
5000	328	70	300	4	25	39	354524	5.54965	6	1	0	10	0.1	10	0.1	1	5.9	0.770852	0.49	-0.309804	50.01	1.69906
5000	330	70	300	4	25	44	113990	5.05687	6	1	1	11.5	0.0869565	12	0.0833333	0.958333	2.41	0.382017	0.18	-0.744727	2.35	0.371068
5000	331	70	300	4	25	35	253203	5.40347	6	1	0	9	0.111111	9	0.111111	1	2.93	0.466868	0.45	-0.346787	1.39	0.143015
5000	333	70	300	4	25	39	100635	5.00275	6	1	0	11	0.0909091	11	0.0909091	1	0.95	-0.0222764	0.12	-0.920819	4.33	0.636488
5000	336	70	300	4	25	40	289030	5.46094	6	1	1	10	0.1	10	0.1	1	3.73	0.571709	0.36	-0.443697	3.04	0.482874
5000	337	70	300	4	25	37	102773	5.01188	6	1	0	10	0.1	10	0.1	1	0.96	-0.0177288	0.14	-0.853872	6.61	0.820201
5000	338	70	300	4	25	35	186209	5.27	6	1	0	9	0.111111	9	0.111111	1	2.15	0.332438	0.25	-0.60206	0.54	-0.267606
5000	340	70	300	4	25	44	776819	5.89032	6	1	0	12	0.0833333	12	0.0833333	1	17.96	1.25431	0.63	-0.200659	1.57	0.1959
5000	342	70	300	4	25	45	258511	5.41248	6	1	1	10.3333	0.0967742	11	0.0909091	0.939394	2.67	0.426511	0.4	-0.39794	7.74	0.888741
5000	343	70	300	4	25	50	111693	5.04803	6	1	0	17	0.0588235	17	0.0588235	1	2.17	0.33646	0.13	-0.886057	1.44	0.158362
5000	349	70	300	4	25	44	297140	5.47296	6	1	1	10.5	0.0952381	11	0.0909091	0.954545	4.65	0.667453	0.47	-0.327902	2.39	0.378398
5000	351	70	300	4	25	57	390094	5.59117	6	1	0	13	0.0769231	13	0.0769231	1	9.83	0.992554	2.05	0.311754	4.8	0.681241
5000	355	70	300	4	25	47	322289	5.50825	6	1	1	11.5	0.0869565	12	0.0833333	0.958333	5.39	0.731589	0.64	-0.19382	3.55	0.550228
5000	357	70	300	4	25	51	495414	5.69497	6	1	0	15	0.0666667	15	0.0666667	1	6.33	0.801404	0.55	-0.259637	3.1	0.491362
5000	358	70	300	4	25	50	643717	5.80869	6	1	0	11	0.0909091	11	0.0909091	1	9.76	0.98945	2.33	0.367356	7.08	0.850033
5000	361	70	300	4	25	52	321637	5.50737	6	1	1	15.3333	0.0652174	16	0.0625	0.958333	3.18	0.502427	0.65	-0.187087	3.77	0.576341
5000	363	70	300	4	25	50	851721	5.9303	6	1	1	13	0.0769231	13	0.0769231	1	17.42	1.24105	0.96	-0.0177288	26.36	1.42095
5000	368	70	300	4	25	40	106661	5.02801	6	1	0	12	0.0833333	12	0.0833333	1	2.24	0.350248	0.12	-0.920819	2.27	0.356026
5000	369	70	300	4	25	36	295386	5.47039	6	1	0	8	0.125	8	0.125	1	4.24	0.627366	0.77	-0.113509	18.12	1.25816
5000	374	70	300	4	25	53	294170	5.4686	6	1	1	12	0.0833333	12	0.0833333	1	4.5	0.653213	0.48	-0.318759	2.26	0.354108
5000	375	70	300	4	25	50	403309	5.60564	6	1	0	19	0.0526316	19	0.0526316	1	6.15	0.788875	0.72	-0.142668	3.14	0.49693
5000	376	70	300	4	25	55	496144	5.69561	6	1	0	11	0.0909091	11	0.0909091	1	9.62	0.983175	0.66	-0.180456	5.17	0.713491
5000	381	70	300	4	25	46	203881	5.30938	6	1	1	14	0.0714286	14	0.0714286	1	3.9	0.591065	0.27	-0.568636	1.42	0.152288
5000	382	70	300	4	25	53	160236	5.20476	6	1	0	15	0.0666667	15	0.0666667	1	3.49	0.542825	0.28	-0.552842	3.3	0.518514
5000	383	70	300	4	25	53	273196	5.43647	6	1	0	19	0.0526316	19	0.0526316	1	4.63	0.665581	0.48	-0.318759	2.59	0.4133
5000	384	70	300	4	25	46	147489	5.16876	6	1	1	14	0.0714286	14	0.0714286	1	2.33	0.367356	0.18	-0.744727	3.05	0.4843
5000	387	70	300	4	25	48	699782	5.84496	6	1	0	11	0.0909091	11	0.0909091	1	11.48	1.05994	0.7	-0.154902	3.93	0.594393
5000	389	70	300	4	25	49	335383	5.52554	6	1	1	19	0.0526316	19	0.0526316	1	6.82	0.833784	0.52	-0.283997	2.08	0.318063
5000	391	70	300	4	25	46	100455	5.00197	6	1	1	17	0.0588235	17	0.0588235	1	1.49	0.173186	0.12	-0.920819	1.11	0.045323
5000	392	70	300	4	25	50	900036	5.95426	6	1	0	17	0.0588235	17	0.0588235	1	10.03	1.0013	1.59	0.201397	8.62	0.935507
5000	396	70	300	4	25	47	109657	5.04004	6	1	1	11.75	0.0851064	12	0.0833333	0.979167	2.37	0.374748	0.16	-0.79588	2.63	0.419956
5000	399	70	300	4	25	45	559778	5.74802	6	1	1	11	0.0909091	11	0.0909091	1	6.22	0.79379	1.64	0.214844	7.02	0.846337
5000	408	70	300	4	25	39	132205	5.12125	6	1	0	15	0.0666667	15	0.0666667	1	1.62	0.209515	0.16	-0.79588	0.85	-0.0705811
5000	409	70	300	4	25	43	272991	5.43615	6	1	1	8.57143	0.116667	9	0.111111	0.952381	3.31	0.519828	0.35	-0.455932	1.98	0.296665
5000	410	70	300	4	25	37	134560	5.12892	6	1	1	9.33333	0.107143	10	0.1	0.933333	1.56	0.193125	0.23	-0.638272	1.12	0.049218
5000	411	70	300	4	25	56	151966	5.18175	6	1	0	18	0.0555556	18	0.0555556	1	3.12	0.494155	0.24	-0.619789	2.88	0.459392
5000	417	70	300	4	25	54	514725	5.71158	6	1	1	15	0.0666667	15	0.0666667	1	8.63	0.936011	0.52	-0.283997	5.44	0.735599
5000	419	70	300	4	25	48	816711	5.91207	6	1	1	11	0.0909091	11	0.0909091	1	9.72	0.987666	0.84	-0.0757207	4.69	0.671173
5000	420	70	300	4	25	48	333413	5.52298	6	1	1	17	0.0588235	17	0.0588235	1	4	0.60206	0.47	-0.327902	3.03	0.481443
5000	421	70	300	4	25	50	411703	5.61458	6	1	1	12	0.0833333	12	0.0833333	1	7.56	0.878522	1.71	0.232996	5.14	0.710963
5000	422	70	300	4	25	43	294011	5.46836	6	1	0	10	0.1	10	0.1	1	4.73	0.674861	0.45	-0.346787	2.6	0.414973
5000	423	70	300	4	25	37	132239	5.12136	6	1	0	9	0.111111	9	0.111111	1	1.46	0.164353	0.16	-0.79588	1.03	0.0128372
5000	424	70	300	4	25	45	520829	5.7167	6	1	0	10	0.1	10	0.1	1	8.14	0.910624	0.52	-0.283997	4.94	0.693727
5000	426	70	300	4	25	39	104422	5.01879	6	1	0	10	0.1	10	0.1	1	1.61	0.206826	0.18	-0.744727	10.56	1.02366
5000	430	70	300	4	25	42	120238	5.08004	6	1	0	15	0.0666667	15	0.0666667	1	1.62	0.209515	0.13	-0.886057	0.94	-0.0268721
5000	432	70	300	4	25	40	215649	5.33375	6	1	1	9	0.111111	9	0.111111	1	2.19	0.340444	0.29	-0.537602	1.56	0.193125
5000	440	70	300	4	25	37	191018	5.28107	6	1	0	9	0.111111	9	0.111111	1	2.71	0.432969	0.26	-0.585027	0.71	-0.148742
5000	441	70	300	4	25	49	166155	5.22051	6	1	0	13	0.0769231	13	0.0769231	1	3.16	0.499687	0.24	-0.619789	4.78	0.679428
5000	442	70	300	4	25	43	157573	5.19748	6	1	1	8.75	0.114286	9	0.111111	0.972222	2.07	0.31597	0.3	-0.522879	4.33	0.636488
5000	444	70	300	4	25	47	496826	5.6962	6	1	1	15	0.0666667	15	0.0666667	1	8.18	0.912753	0.56	-0.251812	4.3	0.633468
5000	446	70	300	4	25	36	160926	5.20663	6	1	1	9	0.111111	9	0.111111	1	2.25	0.352183	0.17	-0.769551	8.78	0.943495
5000	453	70	300	4	25	35	120118	5.07961	6	1	0	9	0.111111	9	0.111111	1	2.08	0.318063	0.22	-0.657577	1.1	0.0413927
5000	458	70	300	4	25	43	290841	5.46366	6	1	0	14	0.0714286	14	0.0714286	1	3.66	0.563481	0.54	-0.267606	1.61	0.206826
5000	459	70	300	4	25	41	181294	5.25838	6	1	0	12	0.0833333	12	0.0833333	1	2.63	0.419956	0.32	-0.49485	1.79	0.252853
5000	463	70	300	4	25	44	273975	5.43771	6	1	1	11	0.0909091	11	0.0909091	1	6.37	0.804139	0.52	-0.283997	2.05	0.311754
5000	464	70	300	4	25	56	147367	5.1684	6	1	0	25	0.04	25	0.04	1	3.49	0.542825	0.18	-0.744727	1.02	0.00860017
5000	466	70	300	4	25	52	137080	5.13697	6	1	0	25	0.04	25	0.04	1	1.65	0.217484	0.19	-0.721246	0.94	-0.0268721
5000	467	70	300	4	25	57	250404	5.39864	6	1	1	23	0.0434783	23	0.0434783	1	6.5	0.812913	0.37	-0.431798	3.2	0.50515
5000	469	70	300	4	25	38	150101	5.17638	6	1	0	12	0.0833333	12	0.0833333	1	3.94	0.595496	0.21	-0.677781	1.28	0.10721
5000	470	70	300	4	25	49	639980	5.80617	6	1	1	11	0.0909091	11	0.0909091	1	17.46	1.24204	2.21	0.344392	7.13	0.85309
5000	476	70	300	4	25	39	147393	5.16848	6	1	0	10	0.1	10	0.1	1	2.36	0.372912	0.24	-0.619789	8.43	0.925828
5000	479	70	300	4	25	40	247634	5.39381	6	1	0	10	0.1	10	0.1	1	3.59	0.555094	0.51	-0.29243	2.53	0.403121
5000	480	70	300	4	25	48	175110	5.24331	6	1	0	18	0.0555556	18	0.0555556	1	1.35	0.130334	0.27	-0.568636	0.55	-0.259637
5000	488	70	300	4	25	43	140100	5.14644	6	1	0	12	0.0833333	12	0.0833333	1	2.41	0.382017	0.16	-0.79588	1.94	0.287802
5000	489	70	300	4	25	39	113374	5.05451	6	1	0	11	0.0909091	11	0.0909091	1	1.5	0.176091	0.16	-0.79588	0.77	-0.113509
5000	491	70	300	4	25	46	301585	5.47941	6	1	0	13	0.0769231	13	0.0769231	1	2.75	0.439333	0.42	-0.376751	3.07	0.487138
5000	497	70	300	4	25	46	196060	5.29239	6	1	1	14	0.0714286	14	0.0714286	1	2.94	0.468347	0.27	-0.568636	1.48	0.170262
5000	499	70	300	4	25	41	278809	5.44531	6	1	0	8	0.125	8	0.125	1	4.01	0.603144	0.61	-0.21467	1.33	0.123852
5000	501	70	300	4	25	43	111713	5.0481	6	1	0	11	0.0909091	11	0.0909091	1	1.6	0.20412	0.14	-0.853872	2.58	0.41162
5000	502	70	300	4	25	49	410687	5.61351	6	1	1	14	0.0714286	14	0.0714286	1	4.73	0.674861	0.81	-0.091515	4.98	0.697229
5000	506	70	300	4	25	45	846517	5.92764	6	1	0	9	0.111111	9	0.111111	1	12.54	1.0983	2.65	0.423246	10.78	1.03262
5000	507	70	300	4	25	42	102484	5.01066	6	1	0	12	0.0833333	12	0.0833333	1	1.17	0.0681859	0.17	-0.769551	1.11	0.045323
5000	509	70	300	4	25	37	226214	5.35452	6	1	0	10	0.1	10	0.1	1	4.15	0.618048	0.51	-0.29243	13.49	1.13001
5000	512	70	300	4	25	53	922624	5.96502	6	1	1	13	0.0769231	13	0.0769231	1	22.4	1.35025	5.9	0.770852	14.6	1.16435
5000	516	70	300	4	25	35	544215	5.73577	6	1	1	6	0.166667	6	0.166667	1	6.31	0.800029	1.68	0.225309	76.3	1.88252
5000	520	70	300	4	25	39	441392	5.64482	6	1	1	7	0.142857	7	0.142857	1	6.83	0.834421	0.47	-0.327902	23.23	1.36605
5000	530	70	300	4	25	47	420439	5.6237	6	1	0	17	0.0588235	17	0.0588235	1	8.8	0.944483	0.93	-0.0315171	4.45	0.64836
5000	534	70	300	4	25	44	262641	5.41936	6	1	0	14	0.0714286	14	0.0714286	1	4.48	0.651278	0.35	-0.455932	2.55	0.40654
5000	542	70	300	4	25	38	366048	5.56354	6	1	1	7.16667	0.139535	8	0.125	0.895833	5.61	0.748963	1.67	0.222716	3.81	0.580925
5000	544	70	300	4	25	40	194668	5.28929	6	1	0	11	0.0909091	11	0.0909091	1	2.22	0.346353	0.25	-0.60206	1.09	0.0374265
5000	555	70	300	4	25	48	871087	5.94006	6	1	0	11	0.0909091	11	0.0909091	1	14.72	1.16791	2.02	0.305351	12.09	1.08243
5000	557	70	300	4	25	38	410168	5.61296	6	1	0	9	0.111111	9	0.111111	1	4.57	0.659916	0.43	-0.366532	82.61	1.91703
5000	558	70	300	4	25	46	140066	5.14633	6	1	0	15	0.0666667	15	0.0666667	1	1.58	0.198657	0.19	-0.721246	1.59	0.201397
5000	562	70	300	4	25	28	135721	5.13265	6	1	0	6	0.166667	6	0.166667	1	1.5	0.176091	0.17	-0.769551	1.1	0.0413927
5000	563	70	300	4	25	41	352026	5.54657	6	1	0	12	0.0833333	12	0.0833333	1	3.81	0.580925	0.62	-0.207608	3.19	0.503791
5000	564	70	300	4	25	38	384999	5.58546	6	1	0	10	0.1	10	0.1	1	5.18	0.71433	0.71	-0.148742	22.71	1.35622
5000	568	70	300	4	25	46	357149	5.55285	6	1	0	14	0.0714286	14	0.0714286	1	3.87	0.587711	0.42	-0.376751	3.17	0.501059
5000	571	70	300	4	25	42	241685	5.38325	6	1	1	12	0.0833333	12	0.0833333	1	4	0.60206	0.35	-0.455932	0.76	-0.119186
5000	575	70	300	4	25	33	103053	5.01306	6	1	0	7	0.142857	7	0.142857	1	0.7	-0.154902	0.12	-0.920819	1.26	0.100371
5000	576	70	300	4	25	56	199201	5.29929	6	1	0	14	0.0714286	14	0.0714286	1	4.87	0.687529	0.39	-0.408935	1.74	0.240549
5000	579	70	300	4	25	47	268868	5.42954	6	1	0	11	0.0909091	11	0.0909091	1	3.22	0.507856	0.53	-0.275724	2.78	0.444045
5000	581	70	300	4	25	45	821763	5.91475	6	1	0	10	0.1	10	0.1	1	8.38	0.923244	0.76	-0.119186	7.17	0.855519
5000	586	70	300	4	25	40	663637	5.82193	6	1	1	8	0.125	8	0.125	1	5.88	0.769377	1.99	0.298853	7.99	0.902547
5000	590	70	300	4	25	46	426178	5.62959	6	1	0	13	0.0769231	13	0.0769231	1	3.76	0.575188	0.58	-0.236572	4.31	0.634477
5000	592	70	300	4	25	40	150627	5.1779	6	1	1	10	0.1	10	0.1	1	1.58	0.198657	0.17	-0.769551	1.62	0.209515
5000	594	70	300	4	25	52	296124	5.47147	6	1	0	17	0.0588235	17	0.0588235	1	3.01	0.478566	0.41	-0.387216	3.12	0.494155
5000	595	70	300	4	25	57	334314	5.52415	6	1	1	18	0.0555556	18	0.0555556	1	5.69	0.755112	0.64	-0.19382	3.34	0.523746
5000	597	70	300	4	25	41	106069	5.02559	6	1	1	10.2222	0.0978261	11	0.0909091	0.929293	1.11	0.045323	0.19	-0.721246	1.71	0.232996
5000	600	70	300	4	25	49	401156	5.60331	6	1	1	16	0.0625	16	0.0625	1	4.31	0.634477	0.5	-0.30103	4.34	0.63749
5000	601	70	300	4	25	56	334784	5.52476	6	1	0	14	0.0714286	14	0.0714286	1	8.96	0.952308	0.68	-0.167491	2.72	0.434569
5000	605	70	300	4	25	41	123164	5.09048	6	1	0	10	0.1	10	0.1	1	1.88	0.274158	0.19	-0.721246	2.53	0.403121
5000	606	70	300	4	25	49	209009	5.32016	6	1	0	13	0.0769231	13	0.0769231	1	2.13	0.32838	0.26	-0.585027	2.06	0.313867
5000	611	70	300	4	25	54	596746	5.77579	6	1	0	20	0.05	20	0.05	1	8.55	0.931966	1	0	5.74	0.758912
5000	621	70	300	4	25	49	190119	5.27903	6	1	0	14	0.0714286	14	0.0714286	1	4.15	0.618048	0.26	-0.585027	0.98	-0.00877392
5000	623	70	300	4	25	40	124490	5.09513	6	1	1	12	0.0833333	12	0.0833333	1	1.35	0.130334	0.16	-0.79588	2.57	0.409933
5000	624	70	300	4	25	52	518185	5.71448	6	1	1	11	0.0909091	11	0.0909091	1	9.07	0.957607	0.71	-0.148742	5.43	0.7348
5000	625	70	300	4	25	38	242574	5.38484	6	1	0	13	0.0769231	13	0.0769231	1	2.81	0.448706	0.34	-0.468521	0.95	-0.0222764
5000	627	70	300	4	25	44	218085	5.33863	6	1	1	12	0.0833333	12	0.0833333	1	2.07	0.31597	0.37	-0.431798	1.95	0.290035
5000	632	70	300	4	25	39	176478	5.24669	6	1	0	10	0.1	10	0.1	1	2.49	0.396199	0.23	-0.638272	9.94	0.997386
5000	640	70	300	4	25	38	174765	5.24245	6	1	0	11	0.0909091	11	0.0909091	1	3.35	0.525045	0.18	-0.744727	8.36	0.922206
5000	647	70	300	4	25	44	164359	5.21579	6	1	0	12	0.0833333	12	0.0833333	1	2.62	0.418301	0.22	-0.657577	1.26	0.100371
5000	648	70	300	4	25	38	542471	5.73438	6	1	1	9	0.111111	9	0.111111	1	5.77	0.761176	0.89	-0.05061	3.47	0.540329
5000	649	70	300	4	25	53	949449	5.97747	6	1	1	17	0.0588235	17	0.0588235	1	13.39	1.12678	1.71	0.232996	31.44	1.49748
5000	650	70	300	4	25	44	228155	5.35823	6	1	0	14	0.0714286	14	0.0714286	1	1.59	0.201397	0.28	-0.552842	1.2	0.0791812
5000	652	70	300	4	25	41	279891	5.44699	6	1	0	14	0.0714286	14	0.0714286	1	3.46	0.539076	0.38	-0.420216	1.08	0.0334238
5000	656	70	300	4	25	66	234130	5.36946	6	1	0	26	0.0384615	26	0.0384615	1	5.25	0.720159	0.31	-0.508638	0.61	-0.21467
5000	657	70	300	4	25	36	110936	5.04507	6	1	0	11	0.0909091	11	0.0909091	1	2.17	0.33646	0.12	-0.920819	0.75	-0.124939
5000	660	70	300	4	25	45	332366	5.52162	6	1	1	13	0.0769231	13	0.0769231	1	9.66	0.984977	1.13	0.0530784	4.24	0.627366
5000	661	70	300	4	25	46	336287	5.52671	6	1	0	14	0.0714286	14	0.0714286	1	4.32	0.635484	0.68	-0.167491	2.68	0.428135
5000	662	70	300	4	25	50	121781	5.08558	6	1	1	20	0.05	20	0.05	1	2.52	0.401401	0.21	-0.677781	0.9	-0.0457575
5000	663	70	300	4	25	40	139263	5.14384	6	1	0	17	0.0588235	17	0.0588235	1	3.26	0.513218	0.15	-0.823909	0.99	-0.00436481
5000	665	70	300	4	25	45	116222	5.06529	6	1	1	16	0.0625	16	0.0625	1	2.77	0.44248	0.14	-0.853872	1.03	0.0128372
5000	670	70	300	4	25	41	271891	5.43439	6	1	0	10	0.1	10	0.1	1	4.2	0.623249	0.39	-0.408935	1.13	0.0530784
5000	672	70	300	4	25	44	374279	5.5732	6	1	0	11	0.0909091	11	0.0909091	1	5.92	0.772322	0.69	-0.161151	3.81	0.580925
5000	676	70	300	4	25	49	614324	5.7884	6	1	1	11	0.0909091	11	0.0909091	1	8.44	0.926342	1.96	0.292256	8.61	0.935003
5000	680	70	300	4	25	43	552541	5.74236	6	1	0	12	0.0833333	12	0.0833333	1	7.82	0.893207	1.03	0.0128372	6.93	0.840733
5000	695	70	300	4	25	45	328359	5.51635	6	1	0	11	0.0909091	11	0.0909091	1	4.54	0.657056	0.62	-0.207608	3.36	0.526339
5000	696	70	300	4	25	42	196127	5.29254	6	1	1	9.68182	0.103286	10	0.1	0.968182	3.02	0.480007	0.38	-0.420216	39.1	1.59218
5000	698	70	300	4	25	42	122768	5.08909	6	1	0	12	0.0833333	12	0.0833333	1	1.52	0.181844	0.21	-0.677781	1.03	0.0128372
5000	703	70	300	4	25	47	191462	5.28208	6	1	1	20	0.05	20	0.05	1	2.25	0.352183	0.21	-0.677781	0.72	-0.142668
5000	711	70	300	4	25	46	142309	5.15323	6	1	0	15	0.0666667	15	0.0666667	1	2.58	0.41162	0.18	-0.744727	1.56	0.193125
5000	715	70	300	4	25	51	149519	5.1747	6	1	0	22	0.0454545	22	0.0454545	1	1.21	0.0827854	0.17	-0.769551	1.09	0.0374265
5000	717	70	300	4	25	48	476397	5.67797	6	1	1	17	0.0588235	17	0.0588235	1	8.8	0.944483	0.45	-0.346787	1.87	0.271842
5000	718	70	300	4	25	44	156339	5.19407	6	1	0	9	0.111111	9	0.111111	1	1.88	0.274158	0.21	-0.677781	3.52	0.546543
5000	723	70	300	4	25	40	283389	5.45238	6	1	0	13	0.0769231	13	0.0769231	1	4.87	0.687529	0.58	-0.236572	1.36	0.133539
5000	724	70	300	4	25	63	973895	5.98851	6	1	1	20	0.05	20	0.05	1	10.02	1.00087	3.81	0.580925	13.81	1.14019
5000	726	70	300	4	25	35	105103	5.02162	6	1	0	10	0.1	10	0.1	1	1.11	0.045323	0.12	-0.920819	0.92	-0.0362122
5000	727	70	300	4	25	51	347880	5.54143	6	1	0	13	0.0769231	13	0.0769231	1	3.66	0.563481	1.4	0.146128	4.72	0.673942
5000	730	70	300	4	25	40	631754	5.80055	6	1	0	9	0.111111	9	0.111111	1	5.65	0.752048	0.7	-0.154902	5.91	0.771587
5000	732	70	300	4	25	40	160092	5.20437	6	1	0	11	0.0909091	11	0.0909091	1	2.58	0.41162	0.2	-0.69897	3.59	0.555094
5000	734	70	300	4	25	45	593488	5.77341	6	1	0	11	0.0909091	11	0.0909091	1	9.74	0.988559	1.61	0.206826	6.14	0.788168
5000	735	70	300	4	25	50	207627	5.31728	6	1	0	17	0.0588235	17	0.0588235	1	2.54	0.404834	0.25	-0.60206	1.22	0.0863598
5000	736	70	300	4	25	67	257401	5.41061	6	1	1	28	0.0357143	28	0.0357143	1	7.33	0.865104	0.47	-0.327902	0.9	-0.0457575
5000	741	70	300	4	25	35	235235	5.3715	6	1	0	10	0.1	10	0.1	1	2.44	0.38739	0.46	-0.337242	1.25	0.09691
5000	745	70	300	4	25	37	110134	5.04192	6	1	0	9	0.111111	9	0.111111	1	1	0	0.1	-1	0.91	-0.0409586
5000	746	70	300	4	25	46	613609	5.78789	6	1	0	15	0.0666667	15	0.0666667	1	15.73	1.19673	1	0	7.3	0.863323
5000	752	70	300	4	25	51	312893	5.4954	6	1	1	17	0.0588235	17	0.0588235	1	5.48	0.738781	0.49	-0.309804	2.42	0.383815
5000	755	70	300	4	25	61	601378	5.77915	6	1	0	21	0.047619	21	0.047619	1	9.03	0.955688	0.8	-0.09691	2.53	0.403121
5000	756	70	300	4	25	39	332619	5.52195	6	1	1	9	0.111111	9	0.111111	1	4	0.60206	0.8	-0.09691	19.09	1.28081
5000	758	70	300	4	25	44	180210	5.25578	6	1	1	11.25	0.0888889	12	0.0833333	0.9375	1.41	0.149219	0.28	-0.552842	1.73	0.238046
5000	760	70	300	4	25	42	317692	5.50201	6	1	0	12	0.0833333	12	0.0833333	1	4.89	0.689309	0.5	-0.30103	3.57	0.552668
5000	761	70	300	4	25	49	717040	5.85554	6	1	0	13	0.0769231	13	0.0769231	1	8.64	0.936514	0.94	-0.0268721	24.68	1.39235
5000	766	70	300	4	25	50	275644	5.44035	6	1	0	19	0.0526316	19	0.0526316	1	3.82	0.582063	0.48	-0.318759	2.49	0.396199
5000	775	70	300	4	25	38	777997	5.89098	6	1	0	11	0.0909091	11	0.0909091	1	10.48	1.02036	1.38	0.139879	77.45	1.88902
5000	777	70	300	4	25	44	317593	5.50187	6	1	0	12	0.0833333	12	0.0833333	1	4.36	0.639486	0.39	-0.408935	2.73	0.436163
5000	778	70	300	4	25	42	192396	5.2842	6	1	0	14	0.0714286	14	0.0714286	1	2.67	0.426511	0.24	-0.619789	0.74	-0.130768
5000	783	70	300	4	25	41	205683	5.3132	6	1	0	11	0.0909091	11	0.0909091	1	3.43	0.535294	0.28	-0.552842	0.73	-0.136677
5000	784	70	300	4	25	46	582280	5.76513	6	1	0	10	0.1	10	0.1	1	6.13	0.78746	2.12	0.326336	7.22	0.858537
5000	785	70	300	4	25	55	392108	5.59341	6	1	1	25	0.04	25	0.04	1	9.3	0.968483	0.52	-0.283997	2.79	0.445604
5000	788	70	300	4	25	50	199711	5.3004	6	1	0	14	0.0714286	14	0.0714286	1	2.82	0.450249	0.29	-0.537602	1.35	0.130334
5000	790	70	300	4	25	40	384055	5.58439	6	1	0	9	0.111111	9	0.111111	1	3.85	0.585461	0.78	-0.107905	4.86	0.686636
5000	792	70	300	4	25	42	323238	5.50952	6	1	0	11	0.0909091	11	0.0909091	1	4.54	0.657056	0.65	-0.187087	3.35	0.525045
5000	793	70	300	4	25	49	382645	5.5828	6	1	1	14	0.0714286	14	0.0714286	1	6.78	0.83123	1.19	0.075547	4.17	0.620136
5000	798	70	300	4	25	52	372872	5.57156	6	1	0	16	0.0625	16	0.0625	1	4.91	0.691081	0.85	-0.0705811	3.69	0.567026
5000	800	70	300	4	25	41	507510	5.70544	6	1	0	9	0.111111	9	0.111111	1	8.48	0.928396	0.71	-0.148742	6.03	0.780317
5000	801	70	300	4	25	52	750210	5.87518	6	1	1	14	0.0714286	14	0.0714286	1	15.26	1.18355	2.89	0.460898	11.01	1.04179
5000	802	70	300	4	25	47	617589	5.7907	6	1	0	13	0.0769231	13	0.0769231	1	9.73	0.988113	1.38	0.139879	6.51	0.813581
5000	803	70	300	4	25	41	112087	5.04956	6	1	1	10.5	0.0952381	11	0.0909091	0.954545	1.75	0.243038	0.19	-0.721246	2.92	0.465383
5000	809	70	300	4	25	32	335634	5.52587	6	1	1	7	0.142857	7	0.142857	1	3.21	0.506505	0.51	-0.29243	14.88	1.1726
5000	812	70	300	4	25	51	307837	5.48832	6	1	0	12	0.0833333	12	0.0833333	1	4.06	0.608526	0.62	-0.207608	1.35	0.130334
5000	814	70	300	4	25	56	180765	5.25711	6	1	0	18	0.0555556	18	0.0555556	1	3.75	0.574031	0.35	-0.455932	4.15	0.618048
5000	815	70	300	4	25	49	904285	5.95631	6	1	0	12	0.0833333	12	0.0833333	1	17.83	1.25115	2.68	0.428135	9.34	0.970347
5000	816	70	300	4	25	55	199357	5.29963	6	1	0	19	0.0526316	19	0.0526316	1	3.99	0.600973	0.24	-0.619789	0.76	-0.119186
5000	817	70	300	4	25	43	188620	5.27559	6	1	0	13	0.0769231	13	0.0769231	1	1.81	0.257679	0.24	-0.619789	0.63	-0.200659
5000	823	70	300	4	25	31	110923	5.04502	6	1	0	8	0.125	8	0.125	1	1.82	0.260071	0.11	-0.958607	0.88	-0.0555173
5000	825	70	300	4	25	50	148295	5.17113	6	1	0	18	0.0555556	18	0.0555556	1	1.46	0.164353	0.24	-0.619789	1.31	0.117271
5000	828	70	300	4	25	33	181769	5.25952	6	1	0	8	0.125	8	0.125	1	2.02	0.305351	0.29	-0.537602	0.75	-0.124939
5000	831	70	300	4	25	46	195439	5.29101	6	1	1	17.5	0.0571429	18	0.0555556	0.972222	2.98	0.474216	0.25	-0.60206	1.16	0.064458
5000	832	70	300	4	25	48	264996	5.42324	6	1	1	11.75	0.0851064	12	0.0833333	0.979167	3.56	0.55145	0.5	-0.30103	6.34	0.802089
5000	833	70	300	4	25	45	359503	5.5557	6	1	1	13	0.0769231	13	0.0769231	1	4.54	0.657056	1	0	3.56	0.55145
5000	834	70	300	4	25	47	440044	5.6435	6	1	1	12	0.0833333	12	0.0833333	1	7.2	0.857332	0.8	-0.09691	4.33	0.636488
5000	836	70	300	4	25	57	701412	5.84597	6	1	1	14	0.0714286	14	0.0714286	1	17.16	1.23452	1.69	0.227887	6.29	0.798651
5000	837	70	300	4	25	43	308835	5.48973	6	1	0	20	0.05	20	0.05	1	4.23	0.62634	0.42	-0.376751	2.18	0.338456
5000	839	70	300	4	25	51	178092	5.25064	6	1	0	22	0.0454545	22	0.0454545	1	1.91	0.281033	0.2	-0.69897	0.36	-0.443697
5000	842	70	300	4	25	45	108496	5.03541	6	1	0	14	0.0714286	14	0.0714286	1	1.42	0.152288	0.18	-0.744727	2.52	0.401401
5000	844	70	300	4	25	48	137035	5.13683	6	1	1	20	0.05	20	0.05	1	3.88	0.588832	0.23	-0.638272	1.9	0.278754
5000	846	70	300	4	25	56	225597	5.35333	6	1	1	23	0.0434783	23	0.0434783	1	4.66	0.668386	0.29	-0.537602	2.08	0.318063
5000	849	70	300	4	25	59	644338	5.80911	6	1	1	19	0.0526316	19	0.0526316	1	7.38	0.868056	1.3	0.113943	7.36	0.866878
5000	850	70	300	4	25	64	318857	5.5036	6	1	0	23	0.0434783	23	0.0434783	1	6.22	0.79379	0.4	-0.39794	2.77	0.44248
5000	851	70	300	4	25	40	136431	5.13491	6	1	0	11	0.0909091	11	0.0909091	1	1.6	0.20412	0.24	-0.619789	1.73	0.238046
5000	854	70	300	4	25	48	119479	5.07729	6	1	0	14	0.0714286	14	0.0714286	1	1.88	0.274158	0.14	-0.853872	0.78	-0.107905
5000	858	70	300	4	25	44	235328	5.37167	6	1	0	17	0.0588235	17	0.0588235	1	1.51	0.178977	0.23	-0.638272	0.84	-0.0757207
5000	868	70	300	4	25	44	215222	5.33289	6	1	0	9	0.111111	9	0.111111	1	4.08	0.61066	0.43	-0.366532	1.59	0.201397
5000	869	70	300	4	25	46	520521	5.71644	6	1	0	13	0.0769231	13	0.0769231	1	7.64	0.883093	0.59	-0.229148	4.85	0.685742
5000	871	70	300	4	25	48	175672	5.2447	6	1	0	15	0.0666667	15	0.0666667	1	5.53	0.742725	0.23	-0.638272	4.75	0.676694
5000	876	70	300	4	25	44	117490	5.07	6	1	1	11.5	0.0869565	12	0.0833333	0.958333	2.19	0.340444	0.22	-0.657577	9.32	0.969416
5000	877	70	300	4	25	59	357963	5.55384	6	1	1	17	0.0588235	17	0.0588235	1	5.77	0.761176	1.18	0.071882	4.27	0.630428
5000	880	70	300	4	25	30	105541	5.02342	6	1	0	9	0.111111	9	0.111111	1	0.99	-0.00436481	0.08	-1.09691	0.71	-0.148742
5000	882	70	300	4	25	41	218592	5.33963	6	1	0	13	0.0769231	13	0.0769231	1	3.16	0.499687	0.27	-0.568636	1.28	0.10721
5000	883	70	300	4	25	48	371942	5.57048	6	1	0	16	0.0625	16	0.0625	1	7.33	0.865104	0.78	-0.107905	4.46	0.649335
5000	884	70	300	4	25	37	522579	5.71815	6	1	0	8	0.125	8	0.125	1	6.96	0.842609	0.96	-0.0177288	41.68	1.61993
5000	887	70	300	4	25	55	585818	5.76776	6	1	0	22	0.0454545	22	0.0454545	1	5.96	0.775246	0.55	-0.259637	1.21	0.0827854
5000	897	70	300	4	25	39	145448	5.16271	6	1	0	9	0.111111	9	0.111111	1	1.86	0.269513	0.26	-0.585027	1.21	0.0827854
5000	899	70	300	4	25	46	124723	5.09595	6	1	0	13	0.0769231	13	0.0769231	1	1.69	0.227887	0.19	-0.721246	3	0.477121
5000	900	70	300	4	25	37	127258	5.10469	6	1	1	8	0.125	8	0.125	1	3.01	0.478566	0.24	-0.619789	1.23	0.0899051
5000	901	70	300	4	25	46	377007	5.57635	6	1	1	13	0.0769231	13	0.0769231	1	7.23	0.859138	0.72	-0.142668	3.47	0.540329
5000	907	70	300	4	25	48	216789	5.33604	6	1	1	16	0.0625	16	0.0625	1	3.6	0.556303	0.29	-0.537602	2	0.30103
5000	909	70	300	4	25	52	415929	5.61902	6	1	0	16	0.0625	16	0.0625	1	5.74	0.758912	1.55	0.190332	4.17	0.620136
5000	910	70	300	4	25	43	152381	5.18293	6	1	1	12	0.0833333	12	0.0833333	1	1.93	0.285557	0.25	-0.60206	1.88	0.274158
5000	917	70	300	4	25	43	355889	5.55131	6	1	0	12	0.0833333	12	0.0833333	1	3.76	0.575188	0.54	-0.267606	3.88	0.588832
5000	922	70	300	4	25	37	232915	5.3672	6	1	0	10	0.1	10	0.1	1	4.07	0.609594	0.33	-0.481486	32.89	1.51706
5000	924	70	300	4	25	42	159400	5.20249	6	1	0	10	0.1	10	0.1	1	1.72	0.235528	0.21	-0.677781	3.52	0.546543
5000	928	70	300	4	25	37	176921	5.24778	6	1	1	10	0.1	10	0.1	1	1.91	0.281033	0.19	-0.721246	0.74	-0.130768
5000	933	70	300	4	25	46	170597	5.23197	6	1	1	16	0.0625	16	0.0625	1	3.24	0.510545	0.29	-0.537602	1.29	0.11059
5000	936	70	300	4	25	46	387796	5.5886	6	1	0	10	0.1	10	0.1	1	4.07	0.609594	1.07	0.0293838	4.55	0.658011
5000	939	70	300	4	25	40	165904	5.21986	6	1	1	8	0.125	8	0.125	1	2.68	0.428135	0.24	-0.619789	4.18	0.621176
5000	940	70	300	4	25	43	255269	5.407	6	1	1	15	0.0666667	15	0.0666667	1	1.74	0.240549	0.45	-0.346787	2.56	0.40824
5000	941	70	300	4	25	39	222653	5.34763	6	1	0	8	0.125	8	0.125	1	3.81	0.580925	0.26	-0.585027	10.54	1.02284
5000	943	70	300	4	25	48	471406	5.6734	6	1	0	12	0.0833333	12	0.0833333	1	6.64	0.822168	0.65	-0.187087	1.89	0.276462
5000	947	70	300	4	25	33	103176	5.01358	6	1	1	8	0.125	8	0.125	1	0.92	-0.0362122	0.17	-0.769551	0.96	-0.0177288
5000	949	70	300	4	25	48	626283	5.79677	6	1	0	11	0.0909091	11	0.0909091	1	9.33	0.969882	1.81	0.257679	5.02	0.700704
5000	950	70	300	4	25	40	201075	5.30336	6	1	0	10	0.1	10	0.1	1	2.01	0.303196	0.29	-0.537602	1.33	0.123852
5000	952	70	300	4	25	55	171438	5.23411	6	1	0	16	0.0625	16	0.0625	1	1.53	0.184691	0.28	-0.552842	1.4	0.146128
5000	960	70	300	4	25	39	151256	5.17971	6	1	0	11	0.0909091	11	0.0909091	1	1.85	0.267172	0.19	-0.721246	1.24	0.0934217
5000	962	70	300	4	25	61	116599	5.06669	6	1	0	19	0.0526316	19	0.0526316	1	2.56	0.40824	0.16	-0.79588	2.7	0.431364
5000	963	70	300	4	25	39	372102	5.57066	6	1	0	9	0.111111	9	0.111111	1	3.71	0.569374	1.19	0.075547	54.8	1.73878
5000	964	70	300	4	25	55	613994	5.78816	6	1	0	17	0.0588235	17	0.0588235	1	8.41	0.924796	1.92	0.283301	6.5	0.812913
5000	965	70	300	4	25	53	510833	5.70828	6	1	0	13	0.0769231	13	0.0769231	1	7.88	0.896526	0.57	-0.244125	4.65	0.667453
5000	966	70	300	4	25	59	532141	5.72603	6	1	0	16	0.0625	16	0.0625	1	10.9	1.03743	0.68	-0.167491	5.76	0.760422
5000	970	70	300	4	25	49	170997	5.23299	6	1	0	17	0.0588235	17	0.0588235	1	4.44	0.647383	0.2	-0.69897	2.56	0.40824
5000	971	70	300	4	25	41	127559	5.10571	6	1	0	11	0.0909091	11	0.0909091	1	2.41	0.382017	0.17	-0.769551	2.96	0.471292
5000	973	70	300	4	25	42	162017	5.20956	6	1	0	9	0.111111	9	0.111111	1	2.48	0.394452	0.21	-0.677781	3.57	0.552668
5000	974	70	300	4	25	50	412269	5.61518	6	1	0	19	0.0526316	19	0.0526316	1	7.98	0.902003	0.9	-0.0457575	4.26	0.62941
5000	983	70	300	4	25	52	367941	5.56578	6	1	1	17	0.0588235	17	0.0588235	1	8.44	0.926342	1	0	4.51	0.654177
5000	985	70	300	4	25	42	323558	5.50995	6	1	1	8	0.125	8	0.125	1	4.43	0.646404	0.72	-0.142668	4.07	0.609594
5000	986	70	300	4	25	40	134543	5.12886	6	1	1	9.33333	0.107143	10	0.1	0.933333	1.14	0.0569049	0.19	-0.721246	3.68	0.565848
5000	992	70	300	4	25	46	455813	5.65879	6	1	0	13	0.0769231	13	0.0769231	1	4.19	0.622214	0.37	-0.431798	2.97	0.472756
5000	994	70	300	4	25	60	470316	5.67239	6	1	0	21	0.047619	21	0.047619	1	12.81	1.10755	0.64	-0.19382	4.23	0.62634
5000	996	70	300	4	25	65	470921	5.67295	6	1	1	28	0.0357143	28	0.0357143	1	6.38	0.804821	1.62	0.209515	4.79	0.680336
5000	997	70	300	4	25	43	212452	5.32726	6	1	0	13	0.0769231	13	0.0769231	1	2.42	0.383815	0.25	-0.60206	1.72	0.235528
5000	998	70	300	4	25	49	239615	5.37951	6	1	1	13	0.0769231	13	0.0769231	1	4.46	0.649335	0.31	-0.508638	1.27	0.103804
5000	999	70	300	4	25	48	358547	5.55455	6	1	1	11	0.0909091	11	0.0909091	1	4.35	0.638489	1.05	0.0211893	4.3	0.633468
