5000	8	70	300	4	25	60	2239143	6.35008	7	1	0	22	0.0454545	22	0.0454545	1	21.26	1.32756	2.05	0.311754	12.05	1.08099
5000	18	70	300	4	25	57	1657785	6.21953	7	1	0	13	0.0769231	13	0.0769231	1	27.25	1.43537	1.85	0.267172	10.19	1.00817
5000	23	70	300	4	25	54	1375840	6.13857	7	1	0	12	0.0833333	12	0.0833333	1	18.13	1.2584	1.75	0.243038	42.81	1.63155
5000	28	70	300	4	25	44	1539823	6.18747	7	1	0	12	0.0833333	12	0.0833333	1	28.81	1.45954	3.13	0.495544	18.81	1.27439
5000	30	70	300	4	25	60	1560845	6.19336	7	1	1	13	0.0769231	13	0.0769231	1	23.27	1.3668	1.67	0.222716	52.12	1.717
5000	44	70	300	4	25	50	1525248	6.18334	7	1	0	13	0.0769231	13	0.0769231	1	21.22	1.32675	5.96	0.775246	20.41	1.30984
5000	55	70	300	4	25	49	1860647	6.26966	7	1	0	12	0.0833333	12	0.0833333	1	37.55	1.57461	1.97	0.294466	55.95	1.7478
5000	64	70	300	4	25	72	2523168	6.40195	7	1	0	22	0.0454545	22	0.0454545	1	66.77	1.82458	13.54	1.13162	42.96	1.63306
5000	85	70	300	4	25	38	2060796	6.31404	7	1	1	6.09091	0.164179	7	0.142857	0.87013	24	1.38021	8.57	0.932981	21.48	1.33203
5000	134	70	300	4	25	47	4194227	6.62265	7	1	0	10	0.1	10	0.1	1	64.33	1.80841	12.74	1.10517	59.41	1.77386
5000	140	70	300	4	25	55	1333094	6.12486	7	1	0	17	0.0588235	17	0.0588235	1	25.02	1.39829	3.37	0.52763	20.66	1.31513
5000	167	70	300	4	25	52	1339858	6.12706	7	1	0	18	0.0555556	18	0.0555556	1	22.76	1.35717	1.44	0.158362	37.26	1.57124
5000	224	70	300	4	25	46	1184849	6.07366	7	1	1	9	0.111111	9	0.111111	1	29.68	1.47246	1.63	0.212188	10.41	1.01745
5000	225	70	300	4	25	51	3030880	6.48157	7	1	0	15	0.0666667	15	0.0666667	1	67.99	1.83245	9.89	0.995196	36	1.5563
5000	227	70	300	4	25	50	1523807	6.18293	7	1	0	15	0.0666667	15	0.0666667	1	26.16	1.41764	2.87	0.457882	64.56	1.80996
5000	238	70	300	4	25	48	1986544	6.2981	7	1	1	10	0.1	10	0.1	1	34.66	1.53983	3	0.477121	76.08	1.88127
5000	309	70	300	4	25	43	1686832	6.22707	7	1	0	9	0.111111	9	0.111111	1	25.52	1.40688	1.73	0.238046	55.22	1.7421
5000	359	70	300	4	25	42	1815798	6.25907	7	1	0	11	0.0909091	11	0.0909091	1	15.85	1.20003	2.1	0.322219	59.63	1.77546
5000	373	70	300	4	25	50	1054702	6.02313	7	1	1	16	0.0625	16	0.0625	1	14.09	1.14891	1.01	0.00432137	23.95	1.37931
5000	377	70	300	4	25	66	3199961	6.50514	7	1	1	20	0.05	20	0.05	1	88.76	1.94822	12.39	1.09307	44.74	1.6507
5000	386	70	300	4	25	52	2284740	6.35884	7	1	0	16	0.0625	16	0.0625	1	60.73	1.7834	2.71	0.432969	79.88	1.90244
5000	390	70	300	4	25	39	2257190	6.35357	7	1	0	9	0.111111	9	0.111111	1	19.98	1.3006	2.16	0.334454	130.4	2.11528
5000	404	70	300	4	25	61	1695709	6.22935	7	1	0	17	0.0588235	17	0.0588235	1	51.13	1.70868	7.66	0.884229	25.53	1.40705
5000	428	70	300	4	25	55	1510214	6.17904	7	1	1	14	0.0714286	14	0.0714286	1	18.7	1.27184	2.06	0.313867	50.08	1.69966
5000	431	70	300	4	25	61	3771686	6.57654	7	1	0	17	0.0588235	17	0.0588235	1	32.98	1.51825	9.88	0.994757	45.79	1.66077
5000	521	70	300	4	25	62	1013857	6.00598	7	1	1	24	0.0416667	24	0.0416667	1	24.61	1.39111	1.89	0.276462	35.09	1.54518
5000	569	70	300	4	25	42	1285942	6.10922	7	1	1	12	0.0833333	12	0.0833333	1	17.25	1.23679	1.22	0.0863598	7.55	0.877947
5000	593	70	300	4	25	58	2063919	6.31469	7	1	1	15	0.0666667	15	0.0666667	1	53.88	1.73143	3.85	0.585461	81.02	1.90859
5000	633	70	300	4	25	49	6164218	6.78988	7	1	1	14	0.0714286	14	0.0714286	1	100.71	2.00307	12.93	1.1116	78.73	1.89614
5000	634	70	300	4	25	60	1100033	6.04141	7	1	0	18	0.0555556	18	0.0555556	1	18.56	1.26858	4.01	0.603144	12.49	1.09656
5000	712	70	300	4	25	48	1104759	6.04327	7	1	0	12	0.0833333	12	0.0833333	1	16.48	1.21696	3.83	0.583199	16.07	1.20602
5000	716	70	300	4	25	52	1637905	6.21429	7	1	0	15	0.0666667	15	0.0666667	1	20.55	1.31281	3.73	0.571709	60.54	1.78204
5000	753	70	300	4	25	52	1822486	6.26066	7	1	1	11.5	0.0869565	12	0.0833333	0.958333	32.6	1.51322	7.5	0.875061	22.26	1.34753
5000	807	70	300	4	25	57	1341355	6.12754	7	1	1	13	0.0769231	13	0.0769231	1	25.46	1.40586	1.5	0.176091	47.94	1.6807
5000	818	70	300	4	25	53	2509331	6.39956	7	1	1	15	0.0666667	15	0.0666667	1	52.06	1.7165	13.33	1.12483	29.34	1.46746
5000	830	70	300	4	25	54	1422588	6.15308	7	1	0	13	0.0769231	13	0.0769231	1	29.62	1.47159	8.68	0.93852	23.56	1.37218
5000	874	70	300	4	25	51	1246176	6.09558	7	1	1	10	0.1	10	0.1	1	25.22	1.40175	2.44	0.38739	13.46	1.12905
5000	891	70	300	4	25	51	1314551	6.11878	7	1	0	18	0.0555556	18	0.0555556	1	29.34	1.46746	2.71	0.432969	21.99	1.34223
5000	956	70	300	4	25	77	5471492	6.73811	7	1	1	34	0.0294118	34	0.0294118	1	166.69	2.22191	14.5	1.16137	56.98	1.75572
5000	995	70	300	4	25	59	1595191	6.20281	7	1	1	13.3333	0.075	14	0.0714286	0.952381	33.19	1.52101	5.39	0.731589	22.48	1.3518
