10000	134	80	300	4	25	27	81677	1	1	4.5	5	0.9	0.66	0.1	4.33	0
10000	317	80	300	4	25	27	299760	1	0	4	4	1	2.44	0.33	12.39	0
10000	712	80	300	4	25	27	187549	1	0	9	9	1	1.61	0.14	0.69	0
10000	874	80	300	4	25	27	67884	0	0	6	6	1	0.69	0.09	0	0
10000	181	90	300	4	25	27	117034	1	0	5	5	1	1.25	0.14	5.62	0
10000	190	90	300	4	25	27	90237	0	0	6	6	1	0.64	0.16	0	0
10000	280	90	300	4	25	27	9539	0	0	13	13	1	0.07	0.01	0	0
10000	289	90	300	4	25	27	59326	0	0	6	6	1	0.79	0.09	0	0
10000	345	90	300	4	25	27	16832	0	0	9	9	1	0.11	0.01	0	0
10000	428	90	300	4	25	27	101245	0	0	8	8	1	0.63	0.12	0	0
10000	559	90	300	4	25	27	125390	1	0	5	5	1	1.26	0.24	0.95	0
10000	594	90	300	4	25	27	137397	1	0	6	6	1	1.46	0.18	2.85	0
10000	656	90	300	4	25	27	57949	0	0	8	8	1	0.35	0.07	0	0
10000	671	90	300	4	25	27	65136	0	0	8	8	1	0.54	0.09	0	0
10000	683	90	300	4	25	27	355093	0	0	6	6	1	2.47	0.36	0	0
10000	684	90	300	4	25	27	117511	0	0	7	7	1	1.54	0.18	0	0
10000	697	90	300	4	25	27	170144	1	0	5	5	1	1.26	0.23	0.61	0
10000	736	90	300	4	25	27	77607	1	0	8	8	1	1.08	0.09	0.62	0
10000	783	90	300	4	25	27	52173	0	0	8	8	1	0.57	0.04	0	0
10000	807	90	300	4	25	27	244935	1	0	5	5	1	2.1	0.28	0.78	0
10000	923	90	300	4	25	27	25174	0	0	9	9	1	0.27	0.02	0	0
10000	933	90	300	4	25	27	97231	0	0	7	7	1	1.01	0.12	0	0
10000	963	90	300	4	25	27	144461	1	0	5	5	1	1.15	0.19	1.44	0
10000	980	90	300	4	25	27	25271	0	0	11	11	1	0.18	0.02	0	0
10000	983	90	300	4	25	27	51689	0	0	6	6	1	0.36	0.08	0	0
10000	3	100	300	4	25	27	53604	1	0	6	6	1	0.36	0.06	0.44	0
10000	9	100	300	4	25	27	115967	0	0	6	6	1	0.83	0.15	0	0
10000	66	100	300	4	25	27	1005732	1	0	3	3	1	11.39	1.38	51.14	0
10000	79	100	300	4	25	27	31533	1	0	6	6	1	0.31	0.03	2.06	0
10000	86	100	300	4	25	27	64998	0	0	7	7	1	0.69	0.08	0	0
10000	108	100	300	4	25	27	169135	1	0	5	5	1	2.57	0.3	0.74	0
10000	137	100	300	4	25	27	225850	1	0	5	5	1	1.62	0.34	13.52	0
10000	141	100	300	4	25	27	39227	0	0	9	9	1	0.29	0.05	0	0
10000	162	100	300	4	25	27	46378	1	0	6	6	1	0.41	0.07	1.29	0
10000	166	100	300	4	25	27	44267	1	0	6	6	1	0.3	0.05	0.4	0
10000	181	100	300	4	25	27	82702	1	0	5	5	1	0.86	0.14	2.78	0
10000	213	100	300	4	25	27	156126	0	0	8	8	1	1.56	0.12	0	0
10000	307	100	300	4	25	27	53602	1	0	5	5	1	0.48	0.09	0.49	0
10000	358	100	300	4	25	27	421069	1	0	6	6	1	3.24	0.38	22.44	0
10000	364	100	300	4	25	27	127631	1	0	7	7	1	1.82	0.16	1.14	0
10000	398	100	300	4	25	27	271377	1	0	6	6	1	3.1	0.26	1.02	0
10000	428	100	300	4	25	27	107999	0	0	9	9	1	0.62	0.12	0	0
10000	444	100	300	4	25	27	110726	0	0	8	8	1	0.89	0.07	0	0
10000	476	100	300	4	25	27	31302	0	0	9	9	1	0.15	0.05	0	0
10000	500	100	300	4	25	27	219729	1	0	5	5	1	1.47	0.51	1.55	0
10000	501	100	300	4	25	27	338006	0	0	5	5	1	2.84	0.34	0	0
10000	509	100	300	4	25	27	279999	1	0	5	5	1	4.87	0.36	13.29	0
10000	520	100	300	4	25	27	178446	0	0	6	6	1	1.42	0.36	0	0
10000	537	100	300	4	25	27	87189	1	0	6	6	1	0.65	0.11	0.76	0
10000	557	100	300	4	25	27	107641	1	0	5	5	1	1.05	0.14	2.28	0
10000	587	100	300	4	25	27	160268	1	0	5	5	1	1.26	0.22	0.86	0
10000	593	100	300	4	25	27	803923	1	0	4	4	1	7.28	1.61	4.56	0
10000	627	100	300	4	25	27	125870	1	0	5	5	1	1.09	0.22	5.15	0
10000	629	100	300	4	25	27	333506	1	1	5.5	6	0.916667	3.96	0.51	83.9	0
10000	650	100	300	4	25	27	238713	1	0	8	8	1	1.54	0.25	4.29	0
10000	684	100	300	4	25	27	116352	1	0	6	6	1	1.46	0.15	0.97	0
10000	700	100	300	4	25	27	208458	1	0	5	5	1	1.92	0.32	10.49	0
10000	730	100	300	4	25	27	93973	0	0	8	8	1	0.94	0.09	0	0
10000	741	100	300	4	25	27	302936	1	0	7	7	1	2.6	0.39	21.52	0
10000	745	100	300	4	25	27	1563095	0	0	4	4	1	12.28	1.83	0	0
10000	785	100	300	4	25	27	15981	0	0	11	11	1	0.11	0.01	0	0
10000	832	100	300	4	25	27	262460	1	0	4	4	1	2.24	0.46	1.62	0
10000	843	100	300	4	25	27	59501	0	0	8	8	1	0.4	0.04	0	0
10000	872	100	300	4	25	27	62731	1	0	7	7	1	0.54	0.08	0.6	0
10000	883	100	300	4	25	27	43679	0	0	8	8	1	0.53	0.04	0	0
10000	884	100	300	4	25	27	183627	0	0	4	4	1	1.22	0.24	0	0
10000	918	100	300	4	25	27	447790	1	0	7	7	1	4.89	0.48	49.9	0
10000	948	100	300	4	25	27	67331	1	0	6	6	1	0.81	0.1	1.11	0
10000	949	100	300	4	25	27	52521	1	0	6	6	1	0.44	0.06	2.04	0
10000	966	100	300	4	25	27	290715	0	0	4	4	1	2.72	0.24	0	0
10000	975	100	300	4	25	27	132582	1	0	4	4	1	1.32	0.15	5	0
