2000	1	10	300	4	25	5	5	0.69897	1	0	0	5	0.2	5	0.2	1	0	0	0	0	0	0
2000	24	10	300	4	25	5	9	0.954243	1	0	0	3	0.333333	3	0.333333	1	0	0	0	0	0	0
2000	25	10	300	4	25	5	11	1.04139	2	0	0	3	0.333333	3	0.333333	1	0	0	0	0	0	0
2000	33	10	300	4	25	5	5	0.69897	1	0	0	5	0.2	5	0.2	1	0	0	0	0	0	0
2000	36	10	300	4	25	5	5	0.69897	1	0	0	5	0.2	5	0.2	1	0	0	0	0	0	0
2000	49	10	300	4	25	5	5	0.69897	1	0	0	5	0.2	5	0.2	1	0	0	0	0	0	0
2000	65	10	300	4	25	5	5	0.69897	1	0	0	5	0.2	5	0.2	1	0	0	0	0	0	0
2000	94	10	300	4	25	5	9	0.954243	1	0	0	4	0.25	4	0.25	1	0	0	0	0	0	0
2000	109	10	300	4	25	5	8	0.90309	1	0	0	4	0.25	4	0.25	1	0	0	0	0	0	0
2000	116	10	300	4	25	5	5	0.69897	1	0	0	5	0.2	5	0.2	1	0	0	0	0	0	0
2000	120	10	300	4	25	5	5	0.69897	1	0	0	5	0.2	5	0.2	1	0	0	0	0	0	0
2000	122	10	300	4	25	5	5	0.69897	1	0	0	5	0.2	5	0.2	1	0	0	0	0	0	0
2000	123	10	300	4	25	5	11	1.04139	2	0	0	3	0.333333	3	0.333333	1	0	0	0	0	0	0
2000	127	10	300	4	25	5	5	0.69897	1	0	0	5	0.2	5	0.2	1	0	0	0	0	0	0
2000	138	10	300	4	25	5	5	0.69897	1	0	0	5	0.2	5	0.2	1	0	0	0	0	0	0
2000	139	10	300	4	25	5	5	0.69897	1	0	0	5	0.2	5	0.2	1	0	0	0	0	0	0
2000	145	10	300	4	25	5	6	0.778151	1	0	0	4	0.25	4	0.25	1	0	0	0	0	0	0
2000	155	10	300	4	25	5	8	0.90309	1	0	0	4	0.25	4	0.25	1	0	0	0	0	0	0
2000	160	10	300	4	25	5	5	0.69897	1	0	0	5	0.2	5	0.2	1	0	0	0	0	0	0
2000	167	10	300	4	25	5	5	0.69897	1	0	0	5	0.2	5	0.2	1	0	0	0	0	0	0
2000	168	10	300	4	25	5	5	0.69897	1	0	0	5	0.2	5	0.2	1	0	0	0	0	0	0
2000	182	10	300	4	25	5	8	0.90309	1	0	0	4	0.25	4	0.25	1	0	0	0	0	0	0
2000	185	10	300	4	25	5	5	0.69897	1	0	0	5	0.2	5	0.2	1	0	0	0	0	0	0
2000	186	10	300	4	25	5	5	0.69897	1	0	0	5	0.2	5	0.2	1	0	0	0	0	0	0
2000	190	10	300	4	25	5	9	0.954243	1	0	0	4	0.25	4	0.25	1	0	0	0	0	0	0
2000	251	10	300	4	25	5	7	0.845098	1	0	0	4	0.25	4	0.25	1	0	0	0	0	0	0
2000	276	10	300	4	25	5	5	0.69897	1	0	0	5	0.2	5	0.2	1	0	0	0	0	0	0
2000	278	10	300	4	25	5	9	0.954243	1	0	0	3	0.333333	3	0.333333	1	0	0	0	0	0	0
2000	288	10	300	4	25	5	9	0.954243	1	0	0	3	0.333333	3	0.333333	1	0	0	0	0	0	0
2000	295	10	300	4	25	5	5	0.69897	1	0	0	5	0.2	5	0.2	1	0	0	0	0	0	0
2000	298	10	300	4	25	5	11	1.04139	2	0	0	3	0.333333	3	0.333333	1	0	0	0	0	0	0
2000	302	10	300	4	25	5	5	0.69897	1	0	0	5	0.2	5	0.2	1	0	0	0	0	0	0
2000	306	10	300	4	25	5	7	0.845098	1	0	0	4	0.25	4	0.25	1	0	0	0	0	0	0
2000	313	10	300	4	25	5	5	0.69897	1	0	0	5	0.2	5	0.2	1	0	0	0	0	0	0
2000	325	10	300	4	25	5	5	0.69897	1	0	0	5	0.2	5	0.2	1	0	0	0	0	0	0
2000	330	10	300	4	25	5	17	1.23045	2	0	0	2	0.5	2	0.5	1	0	0	0	0	0	0
2000	351	10	300	4	25	5	8	0.90309	1	0	0	4	0.25	4	0.25	1	0	0	0	0	0	0
2000	353	10	300	4	25	5	11	1.04139	2	0	0	3	0.333333	3	0.333333	1	0	0	0	0	0	0
2000	356	10	300	4	25	5	9	0.954243	1	0	0	4	0.25	4	0.25	1	0	0	0	0	0	0
2000	362	10	300	4	25	5	7	0.845098	1	0	0	4	0.25	4	0.25	1	0	0	0	0	0	0
2000	382	10	300	4	25	5	5	0.69897	1	0	0	5	0.2	5	0.2	1	0	0	0	0	0	0
2000	388	10	300	4	25	5	9	0.954243	1	0	0	4	0.25	4	0.25	1	0	0	0	0	0	0
2000	399	10	300	4	25	5	5	0.69897	1	0	0	5	0.2	5	0.2	1	0	0	0	0	0	0
2000	401	10	300	4	25	5	5	0.69897	1	0	0	5	0.2	5	0.2	1	0	0	0	0	0	0
2000	409	10	300	4	25	5	5	0.69897	1	0	0	5	0.2	5	0.2	1	0	0	0	0	0	0
2000	415	10	300	4	25	5	5	0.69897	1	0	0	5	0.2	5	0.2	1	0	0	0	0	0	0
2000	424	10	300	4	25	5	6	0.778151	1	0	0	4	0.25	4	0.25	1	0	0	0	0	0	0
2000	444	10	300	4	25	5	5	0.69897	1	0	0	5	0.2	5	0.2	1	0	0	0	0	0	0
2000	454	10	300	4	25	5	7	0.845098	1	0	0	4	0.25	4	0.25	1	0	0	0	0	0	0
2000	455	10	300	4	25	5	9	0.954243	1	0	0	4	0.25	4	0.25	1	0	0	0	0	0	0
2000	456	10	300	4	25	5	6	0.778151	1	0	0	4	0.25	4	0.25	1	0	0	0	0	0	0
2000	465	10	300	4	25	5	5	0.69897	1	0	0	5	0.2	5	0.2	1	0	0	0	0	0	0
2000	466	10	300	4	25	5	11	1.04139	2	0	0	3	0.333333	3	0.333333	1	0	0	0	0	0	0
2000	486	10	300	4	25	5	6	0.778151	1	0	0	4	0.25	4	0.25	1	0	0	0	0	0	0
2000	502	10	300	4	25	5	6	0.778151	1	0	0	4	0.25	4	0.25	1	0	0	0	0	0	0
2000	510	10	300	4	25	5	5	0.69897	1	0	0	5	0.2	5	0.2	1	0	0	0	0	0	0
2000	515	10	300	4	25	5	8	0.90309	1	0	0	3	0.333333	3	0.333333	1	0	0	0	0	0	0
2000	518	10	300	4	25	5	9	0.954243	1	0	0	4	0.25	4	0.25	1	0	0	0	0	0	0
2000	526	10	300	4	25	5	5	0.69897	1	0	0	5	0.2	5	0.2	1	0	0	0	0	0	0
2000	533	10	300	4	25	5	5	0.69897	1	0	0	5	0.2	5	0.2	1	0	0	0	0	0	0
2000	537	10	300	4	25	5	5	0.69897	1	0	0	5	0.2	5	0.2	1	0	0	0	0	0	0
2000	542	10	300	4	25	5	5	0.69897	1	0	0	5	0.2	5	0.2	1	0	0	0	0	0	0
2000	545	10	300	4	25	5	7	0.845098	1	0	0	4	0.25	4	0.25	1	0	0	0	0	0	0
2000	547	10	300	4	25	5	7	0.845098	1	0	0	4	0.25	4	0.25	1	0	0	0	0	0	0
2000	551	10	300	4	25	5	5	0.69897	1	0	0	5	0.2	5	0.2	1	0	0	0	0	0	0
2000	555	10	300	4	25	5	8	0.90309	1	0	0	4	0.25	4	0.25	1	0	0	0	0	0	0
2000	561	10	300	4	25	5	5	0.69897	1	0	0	5	0.2	5	0.2	1	0	0	0	0	0	0
2000	570	10	300	4	25	5	7	0.845098	1	0	0	4	0.25	4	0.25	1	0	0	0	0	0	0
2000	571	10	300	4	25	5	5	0.69897	1	0	0	5	0.2	5	0.2	1	0	0	0	0	0	0
2000	573	10	300	4	25	5	5	0.69897	1	0	0	5	0.2	5	0.2	1	0	0	0	0	0	0
2000	583	10	300	4	25	5	7	0.845098	1	0	0	4	0.25	4	0.25	1	0	0	0	0	0	0
2000	588	10	300	4	25	5	11	1.04139	2	0	0	3	0.333333	3	0.333333	1	0	0	0	0	0	0
2000	596	10	300	4	25	5	6	0.778151	1	0	0	4	0.25	4	0.25	1	0	0	0	0	0	0
2000	599	10	300	4	25	5	10	1	2	0	0	3	0.333333	3	0.333333	1	0	0	0	0	0	0
2000	603	10	300	4	25	5	5	0.69897	1	0	0	5	0.2	5	0.2	1	0	0	0	0	0	0
2000	608	10	300	4	25	5	7	0.845098	1	0	0	4	0.25	4	0.25	1	0	0	0	0	0	0
2000	615	10	300	4	25	5	5	0.69897	1	0	0	5	0.2	5	0.2	1	0	0	0	0	0	0
2000	653	10	300	4	25	5	5	0.69897	1	0	0	5	0.2	5	0.2	1	0	0	0	0	0	0
2000	654	10	300	4	25	5	5	0.69897	1	0	0	5	0.2	5	0.2	1	0	0	0	0	0	0
2000	668	10	300	4	25	5	5	0.69897	1	0	0	5	0.2	5	0.2	1	0	0	0	0	0	0
2000	677	10	300	4	25	5	5	0.69897	1	0	0	5	0.2	5	0.2	1	0	0	0	0	0	0
2000	684	10	300	4	25	5	6	0.778151	1	0	0	4	0.25	4	0.25	1	0	0	0	0	0	0
2000	686	10	300	4	25	5	5	0.69897	1	0	0	5	0.2	5	0.2	1	0	0	0	0	0	0
2000	691	10	300	4	25	5	5	0.69897	1	0	0	5	0.2	5	0.2	1	0	0	0	0	0	0
2000	699	10	300	4	25	5	5	0.69897	1	0	0	5	0.2	5	0.2	1	0	0	0	0	0	0
2000	707	10	300	4	25	5	7	0.845098	1	0	0	4	0.25	4	0.25	1	0	0	0	0	0	0
2000	708	10	300	4	25	5	23	1.36173	2	0	0	2	0.5	2	0.5	1	0	0	0	0	0	0
2000	715	10	300	4	25	5	9	0.954243	1	0	0	3	0.333333	3	0.333333	1	0	0	0	0	0	0
2000	716	10	300	4	25	5	8	0.90309	1	0	0	4	0.25	4	0.25	1	0	0	0	0	0	0
2000	721	10	300	4	25	5	5	0.69897	1	0	0	5	0.2	5	0.2	1	0	0	0	0	0	0
2000	743	10	300	4	25	5	5	0.69897	1	0	0	5	0.2	5	0.2	1	0	0	0	0	0	0
2000	744	10	300	4	25	5	5	0.69897	1	0	0	5	0.2	5	0.2	1	0	0	0	0	0	0
2000	756	10	300	4	25	5	5	0.69897	1	0	0	5	0.2	5	0.2	1	0	0	0	0	0	0
2000	760	10	300	4	25	5	5	0.69897	1	0	0	5	0.2	5	0.2	1	0	0	0	0	0	0
2000	766	10	300	4	25	5	11	1.04139	2	0	0	3	0.333333	3	0.333333	1	0	0	0	0	0	0
2000	774	10	300	4	25	5	5	0.69897	1	0	0	5	0.2	5	0.2	1	0	0	0	0	0	0
2000	775	10	300	4	25	5	5	0.69897	1	0	0	5	0.2	5	0.2	1	0	0	0	0	0	0
2000	776	10	300	4	25	5	6	0.778151	1	0	0	4	0.25	4	0.25	1	0	0	0	0	0	0
2000	786	10	300	4	25	5	6	0.778151	1	0	0	4	0.25	4	0.25	1	0	0	0	0	0	0
2000	797	10	300	4	25	5	7	0.845098	1	0	0	4	0.25	4	0.25	1	0	0	0	0	0	0
2000	803	10	300	4	25	5	7	0.845098	1	0	0	4	0.25	4	0.25	1	0	0	0	0	0	0
2000	804	10	300	4	25	5	5	0.69897	1	0	0	5	0.2	5	0.2	1	0	0	0	0	0	0
2000	821	10	300	4	25	5	5	0.69897	1	0	0	5	0.2	5	0.2	1	0	0	0	0	0	0
2000	822	10	300	4	25	5	8	0.90309	1	0	0	3	0.333333	3	0.333333	1	0	0	0	0	0	0
2000	835	10	300	4	25	5	5	0.69897	1	0	0	5	0.2	5	0.2	1	0	0	0	0	0	0
2000	837	10	300	4	25	5	8	0.90309	1	0	0	4	0.25	4	0.25	1	0	0	0	0	0	0
2000	869	10	300	4	25	5	11	1.04139	2	0	0	3	0.333333	3	0.333333	1	0	0	0	0	0	0
2000	870	10	300	4	25	5	5	0.69897	1	0	0	5	0.2	5	0.2	1	0	0	0	0	0	0
2000	873	10	300	4	25	5	5	0.69897	1	0	0	5	0.2	5	0.2	1	0	0	0	0	0	0
2000	880	10	300	4	25	5	5	0.69897	1	0	0	5	0.2	5	0.2	1	0	0	0	0	0	0
2000	883	10	300	4	25	5	8	0.90309	1	0	0	4	0.25	4	0.25	1	0	0	0	0	0	0
2000	885	10	300	4	25	5	6	0.778151	1	0	0	4	0.25	4	0.25	1	0	0	0	0	0	0
2000	892	10	300	4	25	5	13	1.11394	2	0	0	3	0.333333	3	0.333333	1	0	0	0	0	0	0
2000	894	10	300	4	25	5	7	0.845098	1	0	0	4	0.25	4	0.25	1	0	0	0	0	0	0
2000	895	10	300	4	25	5	7	0.845098	1	0	0	4	0.25	4	0.25	1	0	0	0	0	0	0
2000	900	10	300	4	25	5	5	0.69897	1	0	0	5	0.2	5	0.2	1	0	0	0	0	0	0
2000	902	10	300	4	25	5	7	0.845098	1	0	0	4	0.25	4	0.25	1	0	0	0	0	0	0
2000	914	10	300	4	25	5	5	0.69897	1	0	0	5	0.2	5	0.2	1	0	0	0	0	0	0
2000	918	10	300	4	25	5	9	0.954243	1	0	0	4	0.25	4	0.25	1	0	0	0	0	0	0
2000	935	10	300	4	25	5	5	0.69897	1	0	0	5	0.2	5	0.2	1	0	0	0	0	0	0
2000	953	10	300	4	25	5	9	0.954243	1	0	0	4	0.25	4	0.25	1	0	0	0	0	0	0
2000	965	10	300	4	25	5	5	0.69897	1	0	0	5	0.2	5	0.2	1	0	0	0	0	0	0
2000	974	10	300	4	25	5	7	0.845098	1	0	0	4	0.25	4	0.25	1	0	0	0	0	0	0
2000	980	10	300	4	25	5	5	0.69897	1	0	0	5	0.2	5	0.2	1	0	0	0	0	0	0
2000	981	10	300	4	25	5	5	0.69897	1	0	0	5	0.2	5	0.2	1	0	0	0	0	0	0
2000	983	10	300	4	25	5	7	0.845098	1	0	0	4	0.25	4	0.25	1	0	0	0	0	0	0
2000	984	10	300	4	25	5	9	0.954243	1	0	0	3	0.333333	3	0.333333	1	0	0	0	0	0	0
2000	988	10	300	4	25	5	5	0.69897	1	0	0	5	0.2	5	0.2	1	0	0	0	0	0	0
2000	992	10	300	4	25	5	5	0.69897	1	0	0	5	0.2	5	0.2	1	0	0	0	0	0	0
