2000	44	50	300	4	25	118	37465	0	0	65	65	1	1.28	0.06	0	0
2000	142	50	300	4	25	118	156139	0	0	71	71	1	9.45	0.21	0	0
2000	198	50	300	4	25	118	19819	1	1	62.5	63	0.992063	1.29	0.04	0.24	0
2000	245	50	300	4	25	118	11607	1	1	60.5	61	0.991803	0.47	0.02	0.12	0
2000	278	50	300	4	25	118	7156	1	0	71	71	1	0.23	0.01	0.06	0
2000	292	50	300	4	25	118	9322	1	1	75.5	76	0.993421	0.43	0.01	0.09	0
2000	371	50	300	4	25	118	17558	1	1	71.5	72	0.993056	0.73	0.02	0.2	0
2000	429	50	300	4	25	118	8004	1	1	67.5	68	0.992647	0.52	0.02	0.08	0
2000	445	50	300	4	25	118	52399	1	0	65	65	1	2.12	0.06	0.43	0
2000	449	50	300	4	25	118	13047	0	0	74	74	1	0.44	0.02	0	0
2000	475	50	300	4	25	118	47247	1	0	75	75	1	1.37	0.06	0.37	0
2000	476	50	300	4	25	118	18225	1	1	73.2	74	0.989189	0.66	0.02	0.21	0
2000	489	50	300	4	25	118	12096	1	0	67	67	1	0.54	0.01	0.09	0
2000	490	50	300	4	25	118	14050	1	1	65	65	1	0.35	0.02	0.13	0
2000	537	50	300	4	25	118	50439	0	0	66	66	1	2.15	0.07	0	0
2000	619	50	300	4	25	118	11643	1	0	69	69	1	0.59	0.02	0.11	0
2000	620	50	300	4	25	118	23583	1	1	60.3913	61	0.990021	0.52	0.08	0.3	0
2000	646	50	300	4	25	118	17477	0	0	65	65	1	1.05	0.03	0	0
2000	676	50	300	4	25	118	125470	1	0	59	59	1	5.39	0.19	1.05	0
2000	763	50	300	4	25	118	18582	0	0	70	70	1	0.77	0.03	0	0
2000	783	50	300	4	25	118	14543	0	0	64	64	1	0.48	0.02	0	0
2000	787	50	300	4	25	118	49684	1	0	59	59	1	2.81	0.1	0.44	0
2000	793	50	300	4	25	118	180545	0	0	64	64	1	8.2	0.3	0	0
2000	848	50	300	4	25	118	28837	0	0	78	78	1	0.96	0.05	0	0
2000	945	50	300	4	25	118	43996	0	0	71	71	1	2.06	0.08	0	0
2000	948	50	300	4	25	118	49061	1	0	65	65	1	1.86	0.07	0.46	0
2000	951	50	300	4	25	118	28020	0	0	67	67	1	1.13	0.04	0	0
2000	955	50	300	4	25	118	72344	0	0	61	61	1	2.67	0.1	0	0
2000	981	50	300	4	25	118	43511	1	0	60	60	1	2.23	0.07	0.35	0
