2000	64	20	300	4	25	28	148	0	0	20	20	1	0	0	0	0
2000	94	20	300	4	25	28	115	0	0	20	20	1	0	0	0	0
2000	176	20	300	4	25	28	214	0	0	19	19	1	0	0	0	0
2000	204	20	300	4	25	28	110	0	0	22	22	1	0	0	0	0
2000	290	20	300	4	25	28	54	0	0	24	24	1	0	0	0	0
2000	295	20	300	4	25	28	95	0	0	20	20	1	0	0	0	0
2000	467	20	300	4	25	28	136	0	0	17	17	1	0	0	0	0
2000	471	20	300	4	25	28	86	0	0	25	25	1	0	0	0	0
2000	583	20	300	4	25	28	75	0	0	24	24	1	0	0	0	0
2000	635	20	300	4	25	28	204	0	0	19	19	1	0	0	0	0
2000	786	20	300	4	25	28	252	0	0	21	21	1	0	0	0	0
2000	850	20	300	4	25	28	428	1	1	12.4286	13	0.956044	0	0	0	0
2000	987	20	300	4	25	28	105	0	0	23	23	1	0	0	0	0
2000	990	20	300	4	25	28	193	1	1	15.3333	16	0.958333	0	0	0	0
2000	483	30	300	4	25	28	515	0	0	16	16	1	0	0	0	0
2000	486	30	300	4	25	28	250	1	0	14	14	1	0	0	0	0
2000	582	30	300	4	25	28	511	0	0	14	14	1	0	0	0	0
2000	657	30	300	4	25	28	182	1	0	17	17	1	0	0	0	0
2000	946	30	300	4	25	28	418	0	0	14	14	1	0	0	0	0
2000	975	30	300	4	25	28	294	1	1	14.25	15	0.95	0	0	0	0
