2000	30	40	300	4	25	85	21056	1	0	42	42	1	0.3	0.02	0.18	0
2000	143	40	300	4	25	85	18477	0	0	37	37	1	0.4	0.04	0	0
2000	154	40	300	4	25	85	6870	1	0	47	47	1	0.18	0	0.07	0
2000	158	40	300	4	25	85	2664	1	0	61	61	1	0.05	0.01	0.02	0
2000	173	40	300	4	25	85	3311	1	0	58	58	1	0.1	0	0.03	0
2000	187	40	300	4	25	85	2046	0	0	51	51	1	0.04	0	0	0
2000	325	40	300	4	25	85	2764	0	0	57	57	1	0.08	0.01	0	0
2000	343	40	300	4	25	85	3475	0	0	63	63	1	0.13	0	0	0
2000	349	40	300	4	25	85	2298	1	0	63	63	1	0.06	0.01	0.02	0
2000	388	40	300	4	25	85	16378	0	0	43	43	1	0.37	0.01	0	0
2000	432	40	300	4	25	85	10479	0	0	47	47	1	0.35	0.01	0	0
2000	512	40	300	4	25	85	14216	1	0	42	42	1	0.38	0.01	0.12	0
2000	538	40	300	4	25	85	4221	0	0	53	53	1	0.16	0	0	0
2000	636	40	300	4	25	85	9598	0	0	51	51	1	0.18	0.01	0	0
2000	665	40	300	4	25	85	6763	0	0	52	52	1	0.24	0.01	0	0
2000	678	40	300	4	25	85	4600	0	0	58	58	1	0.11	0	0	0
2000	684	40	300	4	25	85	8154	0	0	50	50	1	0.33	0	0	0
2000	707	40	300	4	25	85	5557	0	0	51	51	1	0.17	0	0	0
2000	715	40	300	4	25	85	12501	1	1	41.5	42	0.988095	0.28	0.01	0.11	0
2000	728	40	300	4	25	85	1920	0	0	60	60	1	0.07	0	0	0
2000	824	40	300	4	25	85	4871	0	0	55	55	1	0.14	0	0	0
2000	948	40	300	4	25	85	6337	0	0	51	51	1	0.12	0.01	0	0
