3000	33	40	300	4	25	40	3672	0	0	15	15	1	0.04	0	0	0
3000	39	40	300	4	25	40	2699	1	0	19	19	1	0.03	0	0.03	0
3000	55	40	300	4	25	40	2961	0	0	26	26	1	0.02	0.01	0	0
3000	60	40	300	4	25	40	11031	0	0	18	18	1	0.11	0.01	0	0
3000	67	40	300	4	25	40	1094	0	0	25	25	1	0.01	0	0	0
3000	102	40	300	4	25	40	1652	0	0	24	24	1	0.01	0	0	0
3000	139	40	300	4	25	40	587	0	0	21	21	1	0	0	0	0
3000	162	40	300	4	25	40	3102	1	0	20	20	1	0.04	0	0.03	0
3000	171	40	300	4	25	40	7697	1	0	13	13	1	0.08	0.01	0.07	0
3000	181	40	300	4	25	40	2616	1	0	16	16	1	0.03	0	0.03	0
3000	194	40	300	4	25	40	5423	0	0	16	16	1	0.09	0.01	0	0
3000	202	40	300	4	25	40	1882	0	0	22	22	1	0.01	0	0	0
3000	203	40	300	4	25	40	6948	1	0	17	17	1	0.11	0.01	0.06	0
3000	225	40	300	4	25	40	1032	1	1	22.5	23	0.978261	0.01	0	0.02	0
3000	246	40	300	4	25	40	2820	0	0	19	19	1	0.03	0.01	0	0
3000	299	40	300	4	25	40	2019	1	0	18	18	1	0.02	0	0.02	0
3000	306	40	300	4	25	40	4071	0	0	16	16	1	0.04	0.01	0	0
3000	312	40	300	4	25	40	1549	0	0	23	23	1	0.04	0	0	0
3000	326	40	300	4	25	40	7711	0	0	15	15	1	0.15	0.02	0	0
3000	339	40	300	4	25	40	551	0	0	20	20	1	0	0	0	0
3000	348	40	300	4	25	40	2440	0	0	17	17	1	0.03	0	0	0
3000	351	40	300	4	25	40	6487	0	0	16	16	1	0.07	0.01	0	0
3000	415	40	300	4	25	40	2257	0	0	26	26	1	0.02	0	0	0
3000	433	40	300	4	25	40	918	0	0	25	25	1	0.01	0	0	0
3000	466	40	300	4	25	40	11918	1	1	18	18	1	0.1	0.01	0.11	0
3000	491	40	300	4	25	40	2931	0	0	19	19	1	0.02	0.01	0	0
3000	534	40	300	4	25	40	5642	0	0	18	18	1	0.06	0	0	0
3000	589	40	300	4	25	40	1389	1	0	20	20	1	0.02	0	0.01	0
3000	594	40	300	4	25	40	2473	0	0	19	19	1	0.02	0	0	0
3000	605	40	300	4	25	40	1521	0	0	21	21	1	0.04	0	0	0
3000	652	40	300	4	25	40	7911	0	0	14	14	1	0.1	0.01	0	0
3000	693	40	300	4	25	40	2138	0	0	18	18	1	0.02	0	0	0
3000	694	40	300	4	25	40	3666	0	0	16	16	1	0.05	0	0	0
3000	743	40	300	4	25	40	645	0	0	32	32	1	0.01	0	0	0
3000	744	40	300	4	25	40	956	0	0	23	23	1	0.01	0	0	0
3000	766	40	300	4	25	40	1469	0	0	24	24	1	0.01	0	0	0
3000	808	40	300	4	25	40	1848	0	0	21	21	1	0.02	0	0	0
3000	858	40	300	4	25	40	2019	0	0	19	19	1	0.03	0	0	0
3000	859	40	300	4	25	40	2755	0	0	17	17	1	0.03	0	0	0
3000	879	40	300	4	25	40	2226	0	0	18	18	1	0.02	0.01	0	0
3000	919	40	300	4	25	40	1594	0	0	16	16	1	0.03	0	0	0
3000	951	40	300	4	25	40	890	0	0	25	25	1	0.01	0	0	0
3000	972	40	300	4	25	40	625	0	0	23	23	1	0.01	0	0	0
3000	984	40	300	4	25	40	4277	0	0	18	18	1	0.06	0	0	0
3000	992	40	300	4	25	40	4509	1	0	23	23	1	0.06	0	0.05	0
3000	170	50	300	4	25	40	653	0	0	23	23	1	0	0	0	0
3000	197	50	300	4	25	40	6011	1	0	15	15	1	0.15	0.01	0.05	0
3000	235	50	300	4	25	40	3381	0	0	19	19	1	0.04	0	0	0
3000	292	50	300	4	25	40	4052	0	0	21	21	1	0.07	0	0	0
3000	350	50	300	4	25	40	4807	0	0	19	19	1	0.07	0	0	0
3000	823	50	300	4	25	40	3625	0	0	20	20	1	0.16	0.01	0	0
3000	973	50	300	4	25	40	11239	1	0	16	16	1	0.26	0.02	0.11	0
3000	378	60	300	4	25	40	3620	1	1	16	16	1	0.06	0.01	0.03	0
