3000	176	70	300	4	25	126	531833	1	0	60	60	1	23.18	2.47	6.72	0
3000	194	70	300	4	25	126	2426780	1	1	45	45	1	139.58	33.17	48.55	0
3000	228	70	300	4	25	126	1409892	1	1	47	47	1	39.19	17.58	29.68	0
3000	286	70	300	4	25	126	981695	1	1	63	63	1	67.07	3.96	13.29	0
3000	464	70	300	4	25	126	517512	0	0	54	54	1	23.18	1.4	0	0
3000	477	70	300	4	25	126	677115	1	0	56	56	1	22.08	4.9	9.38	0
3000	514	70	300	4	25	126	356534	1	0	50	50	1	11.6	0.91	3.33	0
3000	612	70	300	4	25	126	155541	1	0	55	55	1	7.17	0.34	1.16	0
3000	707	70	300	4	25	126	597028	1	0	47	47	1	29.65	4.67	10.94	0
3000	717	70	300	4	25	126	2609321	1	0	63	63	1	123.46	14.11	37.28	0
3000	863	70	300	4	25	126	130111	0	0	65	65	1	6.41	0.32	0	0
3000	974	70	300	4	25	126	1985615	1	0	51	51	1	88.07	2.93	16.16	0
