3000	249	50	300	4	25	87	13546	0	0	45	45	1	0.39	0.02	0	0
3000	521	50	300	4	25	87	118401	0	0	40	40	1	3.3	0.15	0	0
3000	23	60	300	4	25	87	754610	1	1	27	27	1	25.53	3.24	13.85	0
3000	32	60	300	4	25	87	39036	1	1	36.8	37	0.994595	0.76	0.08	0.66	0
3000	58	60	300	4	25	87	100829	1	1	34	34	1	2.51	0.22	0.8	0
3000	125	60	300	4	25	87	52381	1	0	39	39	1	1.21	0.11	0.41	0
3000	147	60	300	4	25	87	415706	1	0	33	33	1	12.49	0.88	3.5	0
3000	193	60	300	4	25	87	47224	1	0	34	34	1	1.47	0.09	0.42	0
3000	247	60	300	4	25	87	434727	1	0	27	27	1	12.23	2.9	23	0
3000	252	60	300	4	25	87	65699	0	0	45	45	1	3.66	0.09	0	0
3000	265	60	300	4	25	87	58539	1	0	35	35	1	2.11	0.11	1.18	0
3000	306	60	300	4	25	87	62830	1	0	40	40	1	1.61	0.1	0.53	0
3000	342	60	300	4	25	87	169526	1	0	37	37	1	5.48	0.34	3.75	0
3000	358	60	300	4	25	87	299639	1	1	35	35	1	11.46	0.61	2.58	0
3000	406	60	300	4	25	87	12280	1	0	41	41	1	0.31	0.02	0.13	0
3000	420	60	300	4	25	87	389936	1	1	28	28	1	9.2	0.65	2.63	0
3000	460	60	300	4	25	87	125559	1	1	34	34	1	5.02	0.23	1.02	0
3000	504	60	300	4	25	87	40310	0	0	46	46	1	0.76	0.06	0	0
3000	605	60	300	4	25	87	139835	1	0	30	30	1	5.94	0.3	3.43	0
3000	632	60	300	4	25	87	175455	1	1	29	29	1	5.27	0.25	4.66	0
3000	635	60	300	4	25	87	17123	1	0	51	51	1	0.26	0.03	0.11	0
3000	642	60	300	4	25	87	87465	1	1	36	36	1	2.91	0.16	0.67	0
3000	676	60	300	4	25	87	884325	1	0	29	29	1	30	1.75	13.67	0
3000	708	60	300	4	25	87	174937	1	0	36	36	1	3.42	0.27	1.56	0
3000	754	60	300	4	25	87	73781	1	0	35	35	1	2.33	0.12	0.59	0
3000	863	60	300	4	25	87	6229	0	0	45	45	1	0.19	0.01	0	0
3000	89	70	300	4	25	87	691486	1	1	27	27	1	24.06	1.28	8.42	0
3000	174	70	300	4	25	87	1057844	1	1	27	27	1	28.76	7.27	20.2	0
3000	419	70	300	4	25	87	2414484	1	0	27	27	1	60.64	22.2	40.55	0
3000	592	70	300	4	25	87	2258367	1	0	27	27	1	64.87	25.6	45.84	0
3000	639	70	300	4	25	87	114541	1	1	29.3333	30	0.977778	5	0.26	0.98	0
3000	673	70	300	4	25	87	143396	1	0	32	32	1	5.79	0.23	0.99	0
3000	745	70	300	4	25	87	1207852	1	1	23.9667	24	0.998611	24.96	16.4	24.48	0
3000	779	70	300	4	25	87	46893	0	0	36	36	1	1.2	0.11	0	0
3000	870	70	300	4	25	87	114108	1	0	41	41	1	2.94	0.16	2.49	0
