4000	276	50	300	4	25	46	6105	3.78569	4	0	0	21	0.047619	21	0.047619	1	0.11	-0.958607	0	0	0	0
4000	280	50	300	4	25	46	3140	3.49693	4	0	0	26	0.0384615	26	0.0384615	1	0.04	-1.39794	0	0	0	0
4000	312	50	300	4	25	46	9326	3.9697	4	0	0	25	0.04	25	0.04	1	0.19	-0.721246	0.01	-2	0	0
4000	413	50	300	4	25	46	12819	4.10785	5	1	0	20	0.05	20	0.05	1	0.15	-0.823909	0.01	-2	0.1	-1
4000	466	50	300	4	25	46	77511	4.88936	5	1	1	21	0.047619	21	0.047619	1	0.67	-0.173925	0.16	-0.79588	0.64	-0.19382
4000	632	50	300	4	25	46	51159	4.70892	5	1	0	13	0.0769231	13	0.0769231	1	0.8	-0.09691	0.09	-1.04576	0.51	-0.29243
4000	670	50	300	4	25	46	81507	4.91119	5	1	1	13.5	0.0740741	14	0.0714286	0.964286	1.59	0.201397	0.1	-1	1.48	0.170262
4000	836	50	300	4	25	46	22913	4.36008	5	0	0	15	0.0666667	15	0.0666667	1	0.33	-0.481486	0.02	-1.69897	0	0
4000	930	50	300	4	25	46	7430	3.87099	4	1	1	17.5	0.0571429	18	0.0555556	0.972222	0.07	-1.1549	0.01	-2	0.05	-1.30103
4000	962	50	300	4	25	46	10566	4.02391	5	0	0	18	0.0555556	18	0.0555556	1	0.14	-0.853872	0.01	-2	0	0
4000	964	50	300	4	25	46	98123	4.99177	5	1	0	14	0.0714286	14	0.0714286	1	1.41	0.149219	0.13	-0.886057	1.05	0.0211893
4000	16	60	300	4	25	46	34701	4.54034	5	0	0	15	0.0666667	15	0.0666667	1	0.7	-0.154902	0.04	-1.39794	0	0
4000	29	60	300	4	25	46	69867	4.84427	5	1	0	14	0.0714286	14	0.0714286	1	0.72	-0.142668	0.12	-0.920819	0.57	-0.244125
4000	59	60	300	4	25	46	26666	4.42596	5	0	0	16	0.0625	16	0.0625	1	0.31	-0.508638	0.03	-1.52288	0	0
4000	83	60	300	4	25	46	107500	5.03141	6	1	1	18	0.0555556	18	0.0555556	1	1.45	0.161368	0.11	-0.958607	0.74	-0.130768
4000	90	60	300	4	25	46	127875	5.10679	6	1	0	20	0.05	20	0.05	1	1.23	0.0899051	0.1	-1	0.78	-0.107905
4000	192	60	300	4	25	46	49925	4.69832	5	0	0	19	0.0526316	19	0.0526316	1	0.51	-0.29243	0.08	-1.09691	0	0
4000	198	60	300	4	25	46	32727	4.51491	5	1	1	16.25	0.0615385	17	0.0588235	0.955882	0.4	-0.39794	0.06	-1.22185	0.44	-0.356547
4000	207	60	300	4	25	46	9296	3.9683	4	0	0	17	0.0588235	17	0.0588235	1	0.12	-0.920819	0	0	0	0
4000	212	60	300	4	25	46	52506	4.72021	5	1	1	16.5	0.0606061	17	0.0588235	0.970588	0.64	-0.19382	0.07	-1.1549	0.57	-0.244125
4000	215	60	300	4	25	46	17873	4.2522	5	0	0	22	0.0454545	22	0.0454545	1	0.27	-0.568636	0.02	-1.69897	0	0
4000	223	60	300	4	25	46	127195	5.10447	6	1	0	16	0.0625	16	0.0625	1	2.44	0.38739	0.2	-0.69897	1.18	0.071882
4000	238	60	300	4	25	46	53543	4.7287	5	1	0	16	0.0625	16	0.0625	1	0.65	-0.187087	0.1	-1	0.62	-0.207608
4000	245	60	300	4	25	46	4912	3.69126	4	1	0	17	0.0588235	17	0.0588235	1	0.08	-1.09691	0.01	-2	0.03	-1.52288
4000	326	60	300	4	25	46	55774	4.74643	5	1	1	14.75	0.0677966	15	0.0666667	0.983333	0.91	-0.0409586	0.07	-1.1549	0.67	-0.173925
4000	333	60	300	4	25	46	15282	4.18418	5	1	0	18	0.0555556	18	0.0555556	1	0.23	-0.638272	0.02	-1.69897	0.16	-0.79588
4000	336	60	300	4	25	46	71853	4.85644	5	1	0	12	0.0833333	12	0.0833333	1	1.47	0.167317	0.12	-0.920819	0.63	-0.200659
4000	395	60	300	4	25	46	12232	4.0875	5	1	0	19	0.0526316	19	0.0526316	1	0.21	-0.677781	0.01	-2	0.13	-0.886057
4000	399	60	300	4	25	46	115970	5.06435	6	1	0	18	0.0555556	18	0.0555556	1	1.4	0.146128	0.12	-0.920819	0.79	-0.102373
4000	403	60	300	4	25	46	116457	5.06617	6	1	0	21	0.047619	21	0.047619	1	1.27	0.103804	0.17	-0.769551	0.78	-0.107905
4000	419	60	300	4	25	46	82020	4.91392	5	1	0	12	0.0833333	12	0.0833333	1	1.08	0.0334238	0.11	-0.958607	1.78	0.25042
4000	450	60	300	4	25	46	45190	4.65504	5	0	0	18	0.0555556	18	0.0555556	1	0.58	-0.236572	0.08	-1.09691	0	0
4000	470	60	300	4	25	46	21762	4.3377	5	0	0	19	0.0526316	19	0.0526316	1	0.4	-0.39794	0.03	-1.52288	0	0
4000	473	60	300	4	25	46	31518	4.49856	5	1	0	16	0.0625	16	0.0625	1	0.47	-0.327902	0.05	-1.30103	0.17	-0.769551
4000	480	60	300	4	25	46	57565	4.76016	5	1	0	15	0.0666667	15	0.0666667	1	0.4	-0.39794	0.1	-1	0.54	-0.267606
4000	482	60	300	4	25	46	47778	4.67923	5	1	0	15	0.0666667	15	0.0666667	1	0.67	-0.173925	0.09	-1.04576	0.32	-0.49485
4000	483	60	300	4	25	46	69271	4.84055	5	0	0	18	0.0555556	18	0.0555556	1	0.97	-0.0132283	0.1	-1	0	0
4000	507	60	300	4	25	46	66583	4.82336	5	1	0	12	0.0833333	12	0.0833333	1	0.69	-0.161151	0.12	-0.920819	0.68	-0.167491
4000	554	60	300	4	25	46	38323	4.58346	5	0	0	18	0.0555556	18	0.0555556	1	0.48	-0.318759	0.06	-1.22185	0	0
4000	556	60	300	4	25	46	35596	4.5514	5	1	1	15.2	0.0657895	16	0.0625	0.95	0.94	-0.0268721	0.07	-1.1549	0.48	-0.318759
4000	575	60	300	4	25	46	93139	4.96913	5	1	0	15	0.0666667	15	0.0666667	1	1.34	0.127105	0.14	-0.853872	0.66	-0.180456
4000	581	60	300	4	25	46	190955	5.28093	6	0	0	11	0.0909091	11	0.0909091	1	4.35	0.638489	0.38	-0.420216	0	0
4000	610	60	300	4	25	46	33221	4.52141	5	0	0	18	0.0555556	18	0.0555556	1	0.57	-0.244125	0.04	-1.39794	0	0
4000	631	60	300	4	25	46	29375	4.46798	5	1	1	15	0.0666667	15	0.0666667	1	0.34	-0.468521	0.05	-1.30103	0.27	-0.568636
4000	654	60	300	4	25	46	23225	4.36596	5	0	0	15	0.0666667	15	0.0666667	1	0.33	-0.481486	0.04	-1.39794	0	0
4000	657	60	300	4	25	46	43731	4.64079	5	1	0	15	0.0666667	15	0.0666667	1	0.87	-0.0604807	0.06	-1.22185	0.53	-0.275724
4000	737	60	300	4	25	46	45677	4.6597	5	1	0	16	0.0625	16	0.0625	1	0.8	-0.09691	0.07	-1.1549	0.65	-0.187087
4000	830	60	300	4	25	46	83636	4.92239	5	0	0	16	0.0625	16	0.0625	1	2.08	0.318063	0.12	-0.920819	0	0
4000	887	60	300	4	25	46	117835	5.07127	6	0	0	14	0.0714286	14	0.0714286	1	1.15	0.0606978	0.21	-0.677781	0	0
4000	900	60	300	4	25	46	21522	4.33288	5	0	0	21	0.047619	21	0.047619	1	0.31	-0.508638	0.02	-1.69897	0	0
4000	941	60	300	4	25	46	166183	5.22059	6	0	0	12	0.0833333	12	0.0833333	1	2.49	0.396199	0.35	-0.455932	0	0
4000	943	60	300	4	25	46	97665	4.98974	5	1	1	12.5	0.08	13	0.0769231	0.961538	0.99	-0.00436481	0.2	-0.69897	2.07	0.31597
4000	944	60	300	4	25	46	16860	4.22686	5	0	0	17	0.0588235	17	0.0588235	1	0.28	-0.552842	0.03	-1.52288	0	0
4000	189	70	300	4	25	46	92378	4.96557	5	0	0	14	0.0714286	14	0.0714286	1	0.65	-0.187087	0.16	-0.79588	0	0
4000	235	70	300	4	25	46	57523	4.75984	5	1	1	15	0.0666667	15	0.0666667	1	0.56	-0.251812	0.07	-1.1549	0.85	-0.0705811
4000	264	70	300	4	25	46	18424	4.26538	5	1	0	15	0.0666667	15	0.0666667	1	0.24	-0.619789	0.04	-1.39794	0.17	-0.769551
4000	285	70	300	4	25	46	95795	4.98134	5	0	0	15	0.0666667	15	0.0666667	1	1.14	0.0569049	0.13	-0.886057	0	0
4000	436	70	300	4	25	46	23847	4.37743	5	1	0	16	0.0625	16	0.0625	1	0.44	-0.356547	0.03	-1.52288	0.19	-0.721246
4000	461	70	300	4	25	46	77605	4.88989	5	1	1	11	0.0909091	11	0.0909091	1	1.53	0.184691	0.14	-0.853872	1.64	0.214844
4000	535	70	300	4	25	46	124492	5.09514	6	0	0	19	0.0526316	19	0.0526316	1	1.66	0.220108	0.17	-0.769551	0	0
4000	757	70	300	4	25	46	19865	4.29809	5	0	0	19	0.0526316	19	0.0526316	1	0.29	-0.537602	0.03	-1.52288	0	0
4000	864	70	300	4	25	46	82412	4.91599	5	0	0	14	0.0714286	14	0.0714286	1	1.08	0.0334238	0.12	-0.920819	0	0
4000	937	70	300	4	25	46	56312	4.7506	5	0	0	12	0.0833333	12	0.0833333	1	0.78	-0.107905	0.09	-1.04576	0	0
