4000	25	70	300	4	25	79	1242846	1	1	22.5	23	0.978261	34.77	5.92	22.79	0
4000	50	70	300	4	25	79	1491851	1	0	27	27	1	20.55	8.93	24.83	0
4000	178	70	300	4	25	79	488456	1	1	22	22	1	9.12	1.82	6.31	0
4000	348	70	300	4	25	79	307579	1	0	35	35	1	4.43	0.53	1.33	0
4000	351	70	300	4	25	79	971955	1	1	23	23	1	25.92	6.08	185.47	0
4000	414	70	300	4	25	79	1179382	1	1	21	21	1	34.44	1.73	13.03	0
4000	519	70	300	4	25	79	127449	0	0	30	30	1	3.47	0.22	0	0
4000	533	70	300	4	25	79	131901	1	0	28	28	1	3.79	0.23	0.87	0
4000	594	70	300	4	25	79	852402	1	0	23	23	1	15.53	1.03	6.77	0
4000	596	70	300	4	25	79	51739	1	0	30	30	1	1.54	0.09	0.43	0
4000	601	70	300	4	25	79	1664081	1	0	24	24	1	67.84	2.32	14.61	0
4000	606	70	300	4	25	79	810772	1	1	23	23	1	14.74	5.06	11.87	0
4000	859	70	300	4	25	79	195867	1	1	43	43	1	3.73	0.21	1.5	0
4000	887	70	300	4	25	79	1298738	1	0	32	32	1	21.12	6.23	19.79	0
4000	952	70	300	4	25	79	1407337	1	1	19.25	20	0.9625	15.43	10.44	26.06	0
