4000	578	40	300	4	25	34	3150	0	0	15	15	1	0.02	0	0	0
4000	684	40	300	4	25	34	2633	0	0	13	13	1	0.03	0	0	0
4000	797	40	300	4	25	34	2058	0	0	16	16	1	0.03	0	0	0
4000	3	50	300	4	25	34	8254	1	0	14	14	1	0.08	0.01	0.08	0
4000	42	50	300	4	25	34	6326	0	0	12	12	1	0.05	0.01	0	0
4000	65	50	300	4	25	34	4068	0	0	14	14	1	0.04	0	0	0
4000	72	50	300	4	25	34	3157	0	0	13	13	1	0.05	0	0	0
4000	105	50	300	4	25	34	19057	0	0	12	12	1	0.28	0.03	0	0
4000	146	50	300	4	25	34	4039	1	0	14	14	1	0.04	0	0.04	0
4000	165	50	300	4	25	34	10069	0	0	11	11	1	0.07	0.01	0	0
4000	171	50	300	4	25	34	16380	1	0	10	10	1	0.12	0.03	0.16	0
4000	200	50	300	4	25	34	31174	0	0	11	11	1	0.31	0.04	0	0
4000	246	50	300	4	25	34	12560	1	1	15	15	1	0.1	0.01	0.12	0
4000	323	50	300	4	25	34	5231	0	0	15	15	1	0.05	0	0	0
4000	346	50	300	4	25	34	10264	1	0	9	9	1	0.13	0.01	0.13	0
4000	351	50	300	4	25	34	15646	0	0	13	13	1	0.16	0.02	0	0
4000	363	50	300	4	25	34	14388	0	0	13	13	1	0.08	0.01	0	0
4000	390	50	300	4	25	34	19582	0	0	12	12	1	0.15	0.03	0	0
4000	392	50	300	4	25	34	14969	0	0	12	12	1	0.37	0.03	0	0
4000	408	50	300	4	25	34	12534	0	0	12	12	1	0.19	0.01	0	0
4000	422	50	300	4	25	34	12017	0	0	16	16	1	0.18	0.01	0	0
4000	475	50	300	4	25	34	9736	0	0	11	11	1	0.13	0.01	0	0
4000	480	50	300	4	25	34	48246	0	0	8	8	1	0.28	0.06	0	0
4000	484	50	300	4	25	34	3624	0	0	15	15	1	0.1	0.01	0	0
4000	499	50	300	4	25	34	2066	0	0	19	19	1	0.02	0	0	0
4000	542	50	300	4	25	34	10520	1	0	11	11	1	0.09	0.01	0.1	0
4000	556	50	300	4	25	34	9869	1	0	11	11	1	0.2	0.01	0.09	0
4000	595	50	300	4	25	34	9667	0	0	14	14	1	0.07	0.01	0	0
4000	606	50	300	4	25	34	4540	0	0	13	13	1	0.04	0	0	0
4000	681	50	300	4	25	34	1046	0	0	19	19	1	0.01	0	0	0
4000	725	50	300	4	25	34	3978	1	1	13	13	1	0.05	0	0.05	0
4000	747	50	300	4	25	34	3161	0	0	15	15	1	0.03	0	0	0
4000	750	50	300	4	25	34	3217	0	0	17	17	1	0.04	0	0	0
4000	755	50	300	4	25	34	8455	0	0	12	12	1	0.1	0.01	0	0
4000	799	50	300	4	25	34	8347	0	0	10	10	1	0.13	0.01	0	0
4000	830	50	300	4	25	34	33644	1	0	12	12	1	0.59	0.04	1.21	0
4000	883	50	300	4	25	34	14212	1	0	13	13	1	0.2	0.02	0.13	0
4000	896	50	300	4	25	34	8293	0	0	14	14	1	0.08	0	0	0
4000	898	50	300	4	25	34	1347	0	0	18	18	1	0.02	0	0	0
4000	901	50	300	4	25	34	18119	1	1	9.5	10	0.95	0.15	0.03	0.19	0
4000	921	50	300	4	25	34	12290	1	0	14	14	1	0.11	0.02	0.09	0
4000	928	50	300	4	25	34	2014	0	0	18	18	1	0.02	0	0	0
4000	952	50	300	4	25	34	21256	1	1	8.5	9	0.944444	0.13	0.03	0.77	0
4000	959	50	300	4	25	34	4329	0	0	17	17	1	0.06	0	0	0
4000	965	50	300	4	25	34	18166	0	0	10	10	1	0.16	0.02	0	0
4000	11	60	300	4	25	34	17808	0	0	12	12	1	0.37	0.03	0	0
4000	97	60	300	4	25	34	14231	0	0	14	14	1	0.12	0.02	0	0
4000	319	60	300	4	25	34	8955	0	0	11	11	1	0.09	0.01	0	0
4000	366	60	300	4	25	34	7190	0	0	14	14	1	0.07	0.01	0	0
4000	371	60	300	4	25	34	2414	0	0	14	14	1	0.02	0	0	0
4000	429	60	300	4	25	34	11486	0	0	14	14	1	0.16	0.01	0	0
4000	465	60	300	4	25	34	4266	1	0	12	12	1	0.04	0	0.05	0
4000	549	60	300	4	25	34	8827	0	0	10	10	1	0.08	0.01	0	0
4000	560	60	300	4	25	34	8211	1	1	10.5	11	0.954545	0.07	0.02	1.87	0
4000	617	60	300	4	25	34	5563	1	0	11	11	1	0.05	0.01	0.06	0
4000	629	60	300	4	25	34	6002	1	0	11	11	1	0.07	0.01	0.06	0
4000	646	60	300	4	25	34	4429	1	0	13	13	1	0.05	0.01	0.04	0
4000	722	60	300	4	25	34	10589	0	0	17	17	1	0.22	0.01	0	0
4000	740	60	300	4	25	34	18676	1	0	10	10	1	0.29	0.02	0.17	0
4000	759	60	300	4	25	34	3123	1	0	15	15	1	0.03	0.01	0.03	0
4000	765	60	300	4	25	34	14798	0	0	10	10	1	0.18	0.03	0	0
4000	840	60	300	4	25	34	12329	0	0	9	9	1	0.09	0.03	0	0
4000	895	60	300	4	25	34	51683	0	0	9	9	1	0.49	0.1	0	0
4000	935	60	300	4	25	34	5581	1	1	12.5	13	0.961538	0.05	0.01	0.06	0
4000	967	60	300	4	25	34	3141	0	0	15	15	1	0.03	0.01	0	0
