4000	88	60	300	4	25	68	714230	1	1	21	21	1	17.31	4.01	9.62	0
4000	854	60	300	4	25	68	42437	0	0	27	27	1	0.65	0.09	0	0
4000	953	60	300	4	25	68	58305	1	0	26	26	1	1.6	0.1	0.48	0
4000	22	70	300	4	25	68	189211	1	0	24	24	1	2.44	0.35	3.85	0
4000	39	70	300	4	25	68	494871	1	0	18	18	1	6.77	2.32	6.14	0
4000	77	70	300	4	25	68	563015	1	1	20	20	1	17.94	0.66	5.1	0
4000	146	70	300	4	25	68	110691	1	0	25	25	1	2.49	0.2	1.63	0
4000	173	70	300	4	25	68	159007	1	0	23	23	1	3.12	0.26	3.08	0
4000	211	70	300	4	25	68	842723	1	0	21	21	1	29.87	1.02	3.5	0
4000	224	70	300	4	25	68	2519345	1	1	18	18	1	104.19	22.25	47.18	0
4000	265	70	300	4	25	68	436131	1	1	19	19	1	9.86	2.68	6.1	0
4000	335	70	300	4	25	68	184553	1	0	19	19	1	5.66	0.3	4.34	0
4000	352	70	300	4	25	68	49540	1	0	24	24	1	1.86	0.11	0.47	0
4000	448	70	300	4	25	68	602254	1	0	25	25	1	14.81	0.71	2.06	0
4000	471	70	300	4	25	68	70588	0	0	29	29	1	2	0.11	0	0
4000	485	70	300	4	25	68	582098	1	0	22	22	1	24.85	0.64	1.43	0
4000	510	70	300	4	25	68	144567	1	0	26	26	1	3.36	0.22	0.86	0
4000	571	70	300	4	25	68	998955	1	0	22	22	1	42.4	1.06	29.83	0
4000	587	70	300	4	25	68	243993	1	0	22	22	1	10.43	0.49	2.47	0
4000	600	70	300	4	25	68	792249	1	0	23	23	1	14.78	0.9	4.59	0
4000	633	70	300	4	25	68	7491072	1	0	19	19	1	220.73	32.65	105.45	0
4000	686	70	300	4	25	68	75359	1	0	27	27	1	1.85	0.12	0.61	0
4000	718	70	300	4	25	68	271456	0	0	20	20	1	5.04	0.57	0	0
4000	734	70	300	4	25	68	1134111	1	1	20	20	1	25.76	1.52	30.67	0
4000	735	70	300	4	25	68	566871	1	0	21	21	1	13.36	0.61	4.36	0
4000	830	70	300	4	25	68	2263823	1	0	25	25	1	70.13	10.42	36.14	0
4000	837	70	300	4	25	68	444117	1	0	33	33	1	11.22	0.79	4.64	0
4000	863	70	300	4	25	68	40959	0	0	37	37	1	0.59	0.07	0	0
4000	886	70	300	4	25	68	297288	1	0	21	21	1	7.32	0.49	2.05	0
4000	892	70	300	4	25	68	123733	1	0	26	26	1	2.51	0.22	2.67	0
4000	902	70	300	4	25	68	196676	1	0	21	21	1	6.72	0.39	1.72	0
4000	954	70	300	4	25	68	5325798	1	1	14.5	15	0.966667	111.57	41.37	88.15	0
4000	983	70	300	4	25	68	1079003	1	0	24	24	1	42.91	4.58	15.53	0
4000	990	70	300	4	25	68	248441	1	1	17.3333	18	0.962963	6.08	0.54	2.39	0
