4000	649	60	300	4	25	69	196099	1	0	22	22	1	3.78	0.28	4.78	0
4000	134	70	300	4	25	69	5269747	1	0	19	19	1	121.36	15.04	70.32	0
4000	167	70	300	4	25	69	4184950	1	0	18	18	1	104.48	47.65	79.22	0
4000	194	70	300	4	25	69	1624815	1	0	25	25	1	49.44	7.98	24.45	0
4000	306	70	300	4	25	69	208083	1	0	19	19	1	5.62	0.37	2.56	0
4000	315	70	300	4	25	69	2445533	1	0	22	22	1	72.33	2.59	76.05	0
4000	359	70	300	4	25	69	2569471	1	0	24	24	1	45.15	2.96	72.5	0
4000	382	70	300	4	25	69	708896	1	1	20	20	1	15.61	2.08	9.13	0
4000	392	70	300	4	25	69	1832825	1	0	26	26	1	32.71	1.86	48.61	0
4000	420	70	300	4	25	69	919479	1	1	17	17	1	17.87	4.85	11	0
4000	430	70	300	4	25	69	115559	1	0	23	23	1	2.65	0.22	0.93	0
4000	442	70	300	4	25	69	877676	1	0	19	19	1	12.98	6.73	14.89	0
4000	462	70	300	4	25	69	298591	1	0	22	22	1	6.49	0.59	0.98	0
4000	470	70	300	4	25	69	402243	1	0	21	21	1	16.05	2.34	6.26	0
4000	488	70	300	4	25	69	899425	1	1	17	17	1	15.79	5.59	15.51	0
4000	525	70	300	4	25	69	730655	1	1	23	23	1	14.85	2.98	6.75	0
4000	538	70	300	4	25	69	475316	1	0	23	23	1	15.8	2.12	5.15	0
4000	568	70	300	4	25	69	430685	1	1	26	26	1	9.38	1.64	4.97	0
4000	648	70	300	4	25	69	3283214	1	1	23	23	1	57.11	4.17	128.41	0
4000	815	70	300	4	25	69	1603353	1	1	21	21	1	41.53	9.71	28.86	0
4000	832	70	300	4	25	69	690165	1	1	22.5	23	0.978261	18.34	3.19	8.11	0
4000	838	70	300	4	25	69	479431	1	1	22.5	23	0.978261	8.68	2.42	6.23	0
4000	856	70	300	4	25	69	394880	1	0	31	31	1	10.89	1.17	4.04	0
4000	891	70	300	4	25	69	3795754	1	1	22	22	1	90.2	17.92	62.06	0
