6000	156	20	300	4	25	7	35	1.54407	2	0	0	3	0.333333	3	0.333333	1	0	0	0	0	0	0
6000	282	20	300	4	25	7	35	1.54407	2	0	0	3	0.333333	3	0.333333	1	0	0	0	0	0	0
6000	312	20	300	4	25	7	47	1.6721	2	0	0	3	0.333333	3	0.333333	1	0	0	0	0	0	0
6000	521	20	300	4	25	7	35	1.54407	2	0	0	3	0.333333	3	0.333333	1	0	0	0	0	0	0
6000	534	20	300	4	25	7	8	0.90309	1	0	0	6	0.166667	6	0.166667	1	0	0	0	0	0	0
6000	549	20	300	4	25	7	23	1.36173	2	0	0	4	0.25	4	0.25	1	0	0	0	0	0	0
6000	586	20	300	4	25	7	53	1.72428	2	0	0	2	0.5	2	0.5	1	0	0	0	0	0	0
6000	594	20	300	4	25	7	19	1.27875	2	0	0	4	0.25	4	0.25	1	0	0	0	0	0	0
6000	797	20	300	4	25	7	16	1.20412	2	0	0	4	0.25	4	0.25	1	0	0	0	0	0	0
6000	969	20	300	4	25	7	23	1.36173	2	0	0	4	0.25	4	0.25	1	0	0	0	0	0	0
6000	8	30	300	4	25	7	25	1.39794	2	0	0	4	0.25	4	0.25	1	0	0	0	0	0	0
6000	33	30	300	4	25	7	29	1.4624	2	0	0	4	0.25	4	0.25	1	0	0	0	0	0	0
6000	43	30	300	4	25	7	19	1.27875	2	0	0	4	0.25	4	0.25	1	0	0	0	0	0	0
6000	55	30	300	4	25	7	17	1.23045	2	0	0	5	0.2	5	0.2	1	0	0	0	0	0	0
6000	62	30	300	4	25	7	29	1.4624	2	0	0	4	0.25	4	0.25	1	0	0	0	0	0	0
6000	68	30	300	4	25	7	71	1.85126	2	0	0	2	0.5	2	0.5	1	0	0	0	0	0	0
6000	74	30	300	4	25	7	30	1.47712	2	0	0	3	0.333333	3	0.333333	1	0	0	0	0	0	0
6000	75	30	300	4	25	7	18	1.25527	2	0	0	5	0.2	5	0.2	1	0	0	0	0	0	0
6000	76	30	300	4	25	7	34	1.53148	2	0	0	3	0.333333	3	0.333333	1	0	0	0	0	0	0
6000	79	30	300	4	25	7	21	1.32222	2	0	0	5	0.2	5	0.2	1	0	0	0	0	0	0
6000	95	30	300	4	25	7	19	1.27875	2	0	0	4	0.25	4	0.25	1	0	0	0	0	0	0
6000	98	30	300	4	25	7	17	1.23045	2	0	0	4	0.25	4	0.25	1	0	0	0	0	0	0
6000	117	30	300	4	25	7	21	1.32222	2	0	0	4	0.25	4	0.25	1	0	0	0	0	0	0
6000	122	30	300	4	25	7	20	1.30103	2	0	0	4	0.25	4	0.25	1	0	0	0	0	0	0
6000	139	30	300	4	25	7	12	1.07918	2	0	0	6	0.166667	6	0.166667	1	0	0	0	0	0	0
6000	140	30	300	4	25	7	13	1.11394	2	0	0	6	0.166667	6	0.166667	1	0	0	0	0	0	0
6000	150	30	300	4	25	7	47	1.6721	2	0	0	3	0.333333	3	0.333333	1	0	0	0	0	0	0
6000	155	30	300	4	25	7	23	1.36173	2	0	0	4	0.25	4	0.25	1	0	0	0	0	0	0
6000	162	30	300	4	25	7	35	1.54407	2	0	0	3	0.333333	3	0.333333	1	0	0	0	0	0	0
6000	171	30	300	4	25	7	43	1.63347	2	1	0	3	0.333333	3	0.333333	1	0	0	0	0	0	0
6000	189	30	300	4	25	7	71	1.85126	2	0	0	2	0.5	2	0.5	1	0	0	0	0	0	0
6000	196	30	300	4	25	7	33	1.51851	2	0	0	4	0.25	4	0.25	1	0	0	0	0	0	0
6000	198	30	300	4	25	7	71	1.85126	2	0	0	2	0.5	2	0.5	1	0	0	0	0	0	0
6000	207	30	300	4	25	7	29	1.4624	2	0	0	4	0.25	4	0.25	1	0	0	0	0	0	0
6000	223	30	300	4	25	7	41	1.61278	2	0	0	3	0.333333	3	0.333333	1	0	0	0	0	0	0
6000	242	30	300	4	25	7	29	1.4624	2	0	0	4	0.25	4	0.25	1	0	0	0	0	0	0
6000	248	30	300	4	25	7	31	1.49136	2	0	0	3	0.333333	3	0.333333	1	0	0	0	0	0	0
6000	249	30	300	4	25	7	17	1.23045	2	0	0	5	0.2	5	0.2	1	0	0	0	0	0	0
6000	255	30	300	4	25	7	13	1.11394	2	0	0	6	0.166667	6	0.166667	1	0	0	0	0	0	0
6000	286	30	300	4	25	7	29	1.4624	2	0	0	3	0.333333	3	0.333333	1	0	0	0	0	0	0
6000	289	30	300	4	25	7	29	1.4624	2	0	0	4	0.25	4	0.25	1	0	0	0	0	0	0
6000	293	30	300	4	25	7	26	1.41497	2	0	0	4	0.25	4	0.25	1	0	0	0	0	0	0
6000	300	30	300	4	25	7	35	1.54407	2	0	0	3	0.333333	3	0.333333	1	0	0	0	0	0	0
6000	304	30	300	4	25	7	15	1.17609	2	0	0	5	0.2	5	0.2	1	0	0	0	0	0	0
6000	337	30	300	4	25	7	36	1.5563	2	0	0	3	0.333333	3	0.333333	1	0	0	0	0	0	0
6000	345	30	300	4	25	7	47	1.6721	2	0	0	3	0.333333	3	0.333333	1	0	0	0	0	0	0
6000	361	30	300	4	25	7	39	1.59106	2	0	0	3	0.333333	3	0.333333	1	0	0	0	0	0	0
6000	363	30	300	4	25	7	47	1.6721	2	0	0	3	0.333333	3	0.333333	1	0	0	0	0	0	0
6000	377	30	300	4	25	7	17	1.23045	2	0	0	5	0.2	5	0.2	1	0	0	0	0	0	0
6000	382	30	300	4	25	7	17	1.23045	2	0	0	5	0.2	5	0.2	1	0	0	0	0	0	0
6000	391	30	300	4	25	7	53	1.72428	2	0	0	2	0.5	2	0.5	1	0	0	0	0	0	0
6000	401	30	300	4	25	7	47	1.6721	2	0	0	3	0.333333	3	0.333333	1	0	0	0	0	0	0
6000	440	30	300	4	25	7	23	1.36173	2	0	0	5	0.2	5	0.2	1	0	0	0	0	0	0
6000	441	30	300	4	25	7	14	1.14613	2	0	0	4	0.25	4	0.25	1	0	0	0	0	0	0
6000	445	30	300	4	25	7	43	1.63347	2	0	0	3	0.333333	3	0.333333	1	0	0	0	0	0	0
6000	457	30	300	4	25	7	27	1.43136	2	0	0	3	0.333333	3	0.333333	1	0	0	0	0	0	0
6000	509	30	300	4	25	7	35	1.54407	2	0	0	3	0.333333	3	0.333333	1	0	0	0	0	0	0
6000	517	30	300	4	25	7	37	1.5682	2	0	0	3	0.333333	3	0.333333	1	0	0	0	0	0	0
6000	539	30	300	4	25	7	17	1.23045	2	0	0	5	0.2	5	0.2	1	0	0	0	0	0	0
6000	542	30	300	4	25	7	71	1.85126	2	0	0	2	0.5	2	0.5	1	0	0	0	0	0	0
6000	546	30	300	4	25	7	24	1.38021	2	0	0	3	0.333333	3	0.333333	1	0	0	0	0	0	0
6000	548	30	300	4	25	7	35	1.54407	2	0	0	3	0.333333	3	0.333333	1	0	0	0	0	0	0
6000	549	30	300	4	25	7	44	1.64345	2	0	0	2	0.5	2	0.5	1	0	0	0	0	0	0
6000	557	30	300	4	25	7	31	1.49136	2	0	0	3	0.333333	3	0.333333	1	0	0	0	0	0	0
6000	567	30	300	4	25	7	47	1.6721	2	0	0	3	0.333333	3	0.333333	1	0	0	0	0	0	0
6000	586	30	300	4	25	7	71	1.85126	2	0	0	2	0.5	2	0.5	1	0	0	0	0	0	0
6000	604	30	300	4	25	7	31	1.49136	2	0	0	4	0.25	4	0.25	1	0	0	0	0	0	0
6000	613	30	300	4	25	7	17	1.23045	2	0	0	4	0.25	4	0.25	1	0	0	0	0	0	0
6000	622	30	300	4	25	7	47	1.6721	2	0	0	2	0.5	2	0.5	1	0	0	0	0	0	0
6000	632	30	300	4	25	7	29	1.4624	2	0	0	4	0.25	4	0.25	1	0	0	0	0	0	0
6000	642	30	300	4	25	7	47	1.6721	2	0	0	3	0.333333	3	0.333333	1	0	0	0	0	0	0
6000	651	30	300	4	25	7	31	1.49136	2	0	0	3	0.333333	3	0.333333	1	0	0	0	0	0	0
6000	656	30	300	4	25	7	29	1.4624	2	0	0	4	0.25	4	0.25	1	0	0	0	0	0	0
6000	676	30	300	4	25	7	24	1.38021	2	0	0	3	0.333333	3	0.333333	1	0	0	0	0	0	0
6000	684	30	300	4	25	7	13	1.11394	2	0	0	6	0.166667	6	0.166667	1	0	0	0	0	0	0
6000	690	30	300	4	25	7	11	1.04139	2	0	0	5	0.2	5	0.2	1	0	0	0	0	0	0
6000	693	30	300	4	25	7	47	1.6721	2	0	0	3	0.333333	3	0.333333	1	0	0	0	0	0	0
6000	698	30	300	4	25	7	47	1.6721	2	0	0	3	0.333333	3	0.333333	1	0	0	0	0	0	0
6000	704	30	300	4	25	7	38	1.57978	2	0	0	3	0.333333	3	0.333333	1	0	0	0	0	0	0
6000	710	30	300	4	25	7	17	1.23045	2	0	0	5	0.2	5	0.2	1	0	0	0	0	0	0
6000	721	30	300	4	25	7	71	1.85126	2	0	0	2	0.5	2	0.5	1	0	0	0	0	0	0
6000	746	30	300	4	25	7	19	1.27875	2	0	0	5	0.2	5	0.2	1	0	0	0	0	0	0
6000	753	30	300	4	25	7	29	1.4624	2	0	0	4	0.25	4	0.25	1	0	0	0	0	0	0
6000	762	30	300	4	25	7	39	1.59106	2	0	0	4	0.25	4	0.25	1	0	0	0	0	0	0
6000	766	30	300	4	25	7	35	1.54407	2	0	0	3	0.333333	3	0.333333	1	0	0	0	0	0	0
6000	828	30	300	4	25	7	27	1.43136	2	0	0	3	0.333333	3	0.333333	1	0	0	0	0	0	0
6000	848	30	300	4	25	7	67	1.82607	2	0	0	2	0.5	2	0.5	1	0	0	0	0	0	0
6000	854	30	300	4	25	7	27	1.43136	2	0	0	3	0.333333	3	0.333333	1	0	0	0	0	0	0
6000	890	30	300	4	25	7	29	1.4624	2	0	0	3	0.333333	3	0.333333	1	0	0	0	0	0	0
6000	892	30	300	4	25	7	13	1.11394	2	0	0	6	0.166667	6	0.166667	1	0	0	0	0	0	0
6000	896	30	300	4	25	7	41	1.61278	2	0	0	3	0.333333	3	0.333333	1	0	0	0	0	0	0
6000	901	30	300	4	25	7	29	1.4624	2	0	0	4	0.25	4	0.25	1	0	0	0	0	0	0
6000	908	30	300	4	25	7	53	1.72428	2	0	0	2	0.5	2	0.5	1	0	0	0	0	0	0
6000	921	30	300	4	25	7	53	1.72428	2	0	0	2	0.5	2	0.5	1	0	0	0	0	0	0
6000	940	30	300	4	25	7	53	1.72428	2	0	0	2	0.5	2	0.5	1	0	0	0	0	0	0
6000	941	30	300	4	25	7	19	1.27875	2	0	0	4	0.25	4	0.25	1	0	0	0	0	0	0
6000	944	30	300	4	25	7	17	1.23045	2	0	0	5	0.2	5	0.2	1	0	0	0	0	0	0
6000	953	30	300	4	25	7	23	1.36173	2	0	0	4	0.25	4	0.25	1	0	0	0	0	0	0
6000	954	30	300	4	25	7	47	1.6721	2	0	0	2	0.5	2	0.5	1	0	0	0	0	0	0
6000	959	30	300	4	25	7	35	1.54407	2	0	0	3	0.333333	3	0.333333	1	0	0	0	0	0	0
6000	964	30	300	4	25	7	53	1.72428	2	0	0	2	0.5	2	0.5	1	0	0	0	0	0	0
6000	972	30	300	4	25	7	35	1.54407	2	0	0	3	0.333333	3	0.333333	1	0	0	0	0	0	0
6000	981	30	300	4	25	7	14	1.14613	2	0	0	4	0.25	4	0.25	1	0	0	0	0	0	0
6000	983	30	300	4	25	7	19	1.27875	2	0	0	4	0.25	4	0.25	1	0	0	0	0	0	0
6000	991	30	300	4	25	7	16	1.20412	2	0	0	4	0.25	4	0.25	1	0	0	0	0	0	0
6000	992	30	300	4	25	7	29	1.4624	2	0	0	4	0.25	4	0.25	1	0	0	0	0	0	0
6000	995	30	300	4	25	7	79	1.89763	2	0	0	2	0.5	2	0.5	1	0	0	0	0	0	0
6000	997	30	300	4	25	7	29	1.4624	2	0	0	4	0.25	4	0.25	1	0	0	0	0	0	0
6000	7	40	300	4	25	7	39	1.59106	2	1	1	2.33333	0.428571	3	0.333333	0.777778	0	0	0	0	0	0
6000	22	40	300	4	25	7	47	1.6721	2	0	0	3	0.333333	3	0.333333	1	0	0	0	0	0	0
6000	29	40	300	4	25	7	35	1.54407	2	0	0	3	0.333333	3	0.333333	1	0	0	0	0	0	0
6000	31	40	300	4	25	7	29	1.4624	2	0	0	4	0.25	4	0.25	1	0	0	0	0	0	0
6000	56	40	300	4	25	7	19	1.27875	2	0	0	4	0.25	4	0.25	1	0	0	0	0	0	0
6000	69	40	300	4	25	7	71	1.85126	2	0	0	2	0.5	2	0.5	1	0	0	0	0	0	0
6000	74	40	300	4	25	7	29	1.4624	2	0	0	3	0.333333	3	0.333333	1	0	0	0	0	0	0
6000	97	40	300	4	25	7	71	1.85126	2	0	0	2	0.5	2	0.5	1	0	0	0	0	0	0
6000	110	40	300	4	25	7	43	1.63347	2	0	0	3	0.333333	3	0.333333	1	0	0	0	0	0	0
6000	113	40	300	4	25	7	39	1.59106	2	0	0	4	0.25	4	0.25	1	0	0	0	0	0	0
6000	125	40	300	4	25	7	37	1.5682	2	0	0	3	0.333333	3	0.333333	1	0	0	0	0	0	0
6000	130	40	300	4	25	7	39	1.59106	2	0	0	3	0.333333	3	0.333333	1	0	0	0	0	0	0
6000	133	40	300	4	25	7	41	1.61278	2	0	0	3	0.333333	3	0.333333	1	0	0	0	0	0	0
6000	138	40	300	4	25	7	21	1.32222	2	0	0	4	0.25	4	0.25	1	0	0	0	0	0	0
6000	158	40	300	4	25	7	26	1.41497	2	0	0	4	0.25	4	0.25	1	0	0	0	0	0	0
6000	170	40	300	4	25	7	36	1.5563	2	0	0	3	0.333333	3	0.333333	1	0	0	0	0	0	0
6000	172	40	300	4	25	7	44	1.64345	2	0	0	2	0.5	2	0.5	1	0	0	0	0	0	0
6000	173	40	300	4	25	7	35	1.54407	2	0	0	3	0.333333	3	0.333333	1	0	0	0	0	0	0
6000	174	40	300	4	25	7	79	1.89763	2	0	0	2	0.5	2	0.5	1	0	0	0	0	0	0
6000	180	40	300	4	25	7	32	1.50515	2	0	0	4	0.25	4	0.25	1	0	0	0	0	0	0
6000	188	40	300	4	25	7	47	1.6721	2	0	0	3	0.333333	3	0.333333	1	0	0	0	0	0	0
6000	191	40	300	4	25	7	35	1.54407	2	0	0	3	0.333333	3	0.333333	1	0	0	0	0	0	0
6000	213	40	300	4	25	7	54	1.73239	2	0	0	3	0.333333	3	0.333333	1	0	0	0	0	0	0
6000	214	40	300	4	25	7	44	1.64345	2	0	0	2	0.5	2	0.5	1	0	0	0	0	0	0
6000	226	40	300	4	25	7	38	1.57978	2	0	0	3	0.333333	3	0.333333	1	0	0	0	0	0	0
6000	227	40	300	4	25	7	51	1.70757	2	0	0	3	0.333333	3	0.333333	1	0	0	0	0	0	0
6000	228	40	300	4	25	7	39	1.59106	2	0	0	4	0.25	4	0.25	1	0	0	0	0	0	0
6000	232	40	300	4	25	7	71	1.85126	2	0	0	2	0.5	2	0.5	1	0	0	0	0	0	0
6000	239	40	300	4	25	7	35	1.54407	2	0	0	3	0.333333	3	0.333333	1	0	0	0	0	0	0
6000	245	40	300	4	25	7	19	1.27875	2	0	0	5	0.2	5	0.2	1	0	0	0	0	0	0
6000	246	40	300	4	25	7	31	1.49136	2	0	0	3	0.333333	3	0.333333	1	0	0	0	0	0	0
6000	252	40	300	4	25	7	55	1.74036	2	0	0	3	0.333333	3	0.333333	1	0	0	0	0	0	0
6000	266	40	300	4	25	7	23	1.36173	2	0	0	4	0.25	4	0.25	1	0	0	0	0	0	0
6000	279	40	300	4	25	7	25	1.39794	2	0	0	4	0.25	4	0.25	1	0	0	0	0	0	0
6000	280	40	300	4	25	7	31	1.49136	2	0	0	3	0.333333	3	0.333333	1	0	0	0	0	0	0
6000	284	40	300	4	25	7	29	1.4624	2	0	0	4	0.25	4	0.25	1	0	0	0	0	0	0
6000	304	40	300	4	25	7	31	1.49136	2	0	0	4	0.25	4	0.25	1	0	0	0	0	0	0
6000	305	40	300	4	25	7	71	1.85126	2	0	0	2	0.5	2	0.5	1	0	0	0	0	0	0
6000	310	40	300	4	25	7	29	1.4624	2	0	0	4	0.25	4	0.25	1	0	0	0	0	0	0
6000	313	40	300	4	25	7	47	1.6721	2	0	0	3	0.333333	3	0.333333	1	0	0	0	0	0	0
6000	320	40	300	4	25	7	40	1.60206	2	0	0	3	0.333333	3	0.333333	1	0	0	0	0	0	0
6000	336	40	300	4	25	7	41	1.61278	2	0	0	3	0.333333	3	0.333333	1	0	0	0	0	0	0
6000	343	40	300	4	25	7	38	1.57978	2	0	0	3	0.333333	3	0.333333	1	0	0	0	0	0	0
6000	364	40	300	4	25	7	29	1.4624	2	0	0	4	0.25	4	0.25	1	0	0	0	0	0	0
6000	383	40	300	4	25	7	35	1.54407	2	0	0	3	0.333333	3	0.333333	1	0	0	0	0	0	0
6000	395	40	300	4	25	7	53	1.72428	2	0	0	2	0.5	2	0.5	1	0	0	0	0	0	0
6000	397	40	300	4	25	7	71	1.85126	2	0	0	2	0.5	2	0.5	1	0	0	0	0	0	0
6000	398	40	300	4	25	7	27	1.43136	2	0	0	4	0.25	4	0.25	1	0	0	0	0	0	0
6000	402	40	300	4	25	7	35	1.54407	2	0	0	3	0.333333	3	0.333333	1	0	0	0	0	0	0
6000	407	40	300	4	25	7	35	1.54407	2	0	0	4	0.25	4	0.25	1	0	0	0	0	0	0
6000	408	40	300	4	25	7	71	1.85126	2	0	0	2	0.5	2	0.5	1	0	0	0	0	0	0
6000	412	40	300	4	25	7	53	1.72428	2	0	0	2	0.5	2	0.5	1	0	0	0	0	0	0
6000	416	40	300	4	25	7	71	1.85126	2	0	0	2	0.5	2	0.5	1	0	0	0	0	0	0
6000	427	40	300	4	25	7	19	1.27875	2	0	0	4	0.25	4	0.25	1	0	0	0	0	0	0
6000	439	40	300	4	25	7	19	1.27875	2	0	0	5	0.2	5	0.2	1	0	0	0	0	0	0
6000	442	40	300	4	25	7	69	1.83885	2	0	0	2	0.5	2	0.5	1	0	0	0	0	0	0
6000	451	40	300	4	25	7	21	1.32222	2	0	0	4	0.25	4	0.25	1	0	0	0	0	0	0
6000	462	40	300	4	25	7	47	1.6721	2	0	0	3	0.333333	3	0.333333	1	0	0	0	0	0	0
6000	481	40	300	4	25	7	19	1.27875	2	0	0	5	0.2	5	0.2	1	0	0	0	0	0	0
6000	484	40	300	4	25	7	29	1.4624	2	0	0	4	0.25	4	0.25	1	0	0	0	0	0	0
6000	491	40	300	4	25	7	62	1.79239	2	0	0	2	0.5	2	0.5	1	0	0	0	0	0	0
6000	527	40	300	4	25	7	17	1.23045	2	0	0	5	0.2	5	0.2	1	0	0	0	0	0	0
6000	535	40	300	4	25	7	47	1.6721	2	0	0	3	0.333333	3	0.333333	1	0	0	0	0	0	0
6000	537	40	300	4	25	7	29	1.4624	2	0	0	4	0.25	4	0.25	1	0	0	0	0	0	0
6000	543	40	300	4	25	7	41	1.61278	2	0	0	3	0.333333	3	0.333333	1	0	0	0	0	0	0
6000	549	40	300	4	25	7	39	1.59106	2	0	0	3	0.333333	3	0.333333	1	0	0	0	0	0	0
6000	559	40	300	4	25	7	56	1.74819	2	0	0	2	0.5	2	0.5	1	0	0	0	0	0	0
6000	576	40	300	4	25	7	47	1.6721	2	0	0	3	0.333333	3	0.333333	1	0	0	0	0	0	0
6000	590	40	300	4	25	7	47	1.6721	2	0	0	3	0.333333	3	0.333333	1	0	0	0	0	0	0
6000	609	40	300	4	25	7	59	1.77085	2	1	0	2	0.5	2	0.5	1	0	0	0	0	0	0
6000	617	40	300	4	25	7	29	1.4624	2	0	0	3	0.333333	3	0.333333	1	0	0	0	0	0	0
6000	619	40	300	4	25	7	37	1.5682	2	1	0	3	0.333333	3	0.333333	1	0	0	0	0	0	0
6000	654	40	300	4	25	7	37	1.5682	2	0	0	3	0.333333	3	0.333333	1	0	0	0	0	0	0
6000	666	40	300	4	25	7	59	1.77085	2	0	0	2	0.5	2	0.5	1	0	0	0	0	0	0
6000	668	40	300	4	25	7	47	1.6721	2	0	0	3	0.333333	3	0.333333	1	0	0	0	0	0	0
6000	690	40	300	4	25	7	14	1.14613	2	0	0	5	0.2	5	0.2	1	0	0	0	0	0	0
6000	702	40	300	4	25	7	17	1.23045	2	0	0	5	0.2	5	0.2	1	0	0	0	0	0	0
6000	704	40	300	4	25	7	34	1.53148	2	0	0	3	0.333333	3	0.333333	1	0	0	0	0	0	0
6000	718	40	300	4	25	7	23	1.36173	2	0	0	4	0.25	4	0.25	1	0	0	0	0	0	0
6000	742	40	300	4	25	7	53	1.72428	2	0	0	2	0.5	2	0.5	1	0	0	0	0	0	0
6000	744	40	300	4	25	7	47	1.6721	2	0	0	3	0.333333	3	0.333333	1	0	0	0	0	0	0
6000	745	40	300	4	25	7	34	1.53148	2	0	0	3	0.333333	3	0.333333	1	0	0	0	0	0	0
6000	748	40	300	4	25	7	47	1.6721	2	0	0	3	0.333333	3	0.333333	1	0	0	0	0	0	0
6000	759	40	300	4	25	7	31	1.49136	2	0	0	3	0.333333	3	0.333333	1	0	0	0	0	0	0
6000	769	40	300	4	25	7	26	1.41497	2	0	0	4	0.25	4	0.25	1	0	0	0	0	0	0
6000	794	40	300	4	25	7	47	1.6721	2	0	0	3	0.333333	3	0.333333	1	0	0	0	0	0	0
6000	819	40	300	4	25	7	31	1.49136	2	0	0	3	0.333333	3	0.333333	1	0	0	0	0	0	0
6000	820	40	300	4	25	7	43	1.63347	2	0	0	3	0.333333	3	0.333333	1	0	0	0	0	0	0
6000	850	40	300	4	25	7	18	1.25527	2	0	0	4	0.25	4	0.25	1	0	0	0	0	0	0
6000	863	40	300	4	25	7	18	1.25527	2	0	0	4	0.25	4	0.25	1	0	0	0	0	0	0
6000	868	40	300	4	25	7	53	1.72428	2	0	0	2	0.5	2	0.5	1	0	0	0	0	0	0
6000	885	40	300	4	25	7	17	1.23045	2	0	0	5	0.2	5	0.2	1	0	0	0	0	0	0
6000	895	40	300	4	25	7	53	1.72428	2	0	0	2	0.5	2	0.5	1	0	0	0	0	0	0
6000	923	40	300	4	25	7	19	1.27875	2	0	0	5	0.2	5	0.2	1	0	0	0	0	0	0
6000	924	40	300	4	25	7	47	1.6721	2	0	0	3	0.333333	3	0.333333	1	0	0	0	0	0	0
6000	939	40	300	4	25	7	41	1.61278	2	0	0	3	0.333333	3	0.333333	1	0	0	0	0	0	0
6000	947	40	300	4	25	7	33	1.51851	2	0	0	4	0.25	4	0.25	1	0	0	0	0	0	0
6000	949	40	300	4	25	7	29	1.4624	2	0	0	4	0.25	4	0.25	1	0	0	0	0	0	0
6000	952	40	300	4	25	7	36	1.5563	2	0	0	3	0.333333	3	0.333333	1	0	0	0	0	0	0
6000	958	40	300	4	25	7	29	1.4624	2	0	0	4	0.25	4	0.25	1	0	0	0	0	0	0
6000	961	40	300	4	25	7	47	1.6721	2	0	0	3	0.333333	3	0.333333	1	0	0	0	0	0	0
6000	962	40	300	4	25	7	47	1.6721	2	0	0	3	0.333333	3	0.333333	1	0	0	0	0	0	0
6000	999	40	300	4	25	7	55	1.74036	2	0	0	3	0.333333	3	0.333333	1	0	0	0	0	0	0
6000	58	50	300	4	25	7	53	1.72428	2	0	0	2	0.5	2	0.5	1	0	0	0	0	0	0
6000	168	50	300	4	25	7	47	1.6721	2	0	0	3	0.333333	3	0.333333	1	0	0	0	0	0	0
6000	267	50	300	4	25	7	47	1.6721	2	0	0	3	0.333333	3	0.333333	1	0	0	0	0	0	0
6000	371	50	300	4	25	7	35	1.54407	2	0	0	3	0.333333	3	0.333333	1	0	0	0	0	0	0
6000	465	50	300	4	25	7	23	1.36173	2	0	0	5	0.2	5	0.2	1	0	0	0	0	0	0
6000	474	50	300	4	25	7	71	1.85126	2	0	0	2	0.5	2	0.5	1	0	0	0	0	0	0
6000	493	50	300	4	25	7	35	1.54407	2	0	0	3	0.333333	3	0.333333	1	0	0	0	0	0	0
6000	583	50	300	4	25	7	35	1.54407	2	1	1	3.5	0.285714	4	0.25	0.875	0	0	0	0	0	0
6000	667	50	300	4	25	7	47	1.6721	2	0	0	3	0.333333	3	0.333333	1	0	0	0	0	0	0
6000	732	50	300	4	25	7	38	1.57978	2	0	0	3	0.333333	3	0.333333	1	0	0	0	0	0	0
6000	738	50	300	4	25	7	29	1.4624	2	0	0	4	0.25	4	0.25	1	0	0	0	0	0	0
6000	774	50	300	4	25	7	23	1.36173	2	0	0	4	0.25	4	0.25	1	0	0	0	0	0	0
6000	885	50	300	4	25	7	39	1.59106	2	0	0	3	0.333333	3	0.333333	1	0	0	0	0	0	0
6000	937	50	300	4	25	7	47	1.6721	2	1	0	3	0.333333	3	0.333333	1	0	0	0	0	0	0
6000	584	60	300	4	25	7	31	1.49136	2	0	0	4	0.25	4	0.25	1	0	0	0	0	0	0
