6000	27	20	300	4	25	5	5	0.69897	1	0	0	5	0.2	5	0.2	1	0	0	0	0	0	0
6000	30	20	300	4	25	5	13	1.11394	2	0	0	3	0.333333	3	0.333333	1	0	0	0	0	0	0
6000	50	20	300	4	25	5	13	1.11394	2	0	0	3	0.333333	3	0.333333	1	0	0	0	0	0	0
6000	62	20	300	4	25	5	11	1.04139	2	0	0	3	0.333333	3	0.333333	1	0	0	0	0	0	0
6000	85	20	300	4	25	5	9	0.954243	1	0	0	4	0.25	4	0.25	1	0	0	0	0	0	0
6000	86	20	300	4	25	5	5	0.69897	1	0	0	5	0.2	5	0.2	1	0	0	0	0	0	0
6000	108	20	300	4	25	5	7	0.845098	1	0	0	4	0.25	4	0.25	1	0	0	0	0	0	0
6000	111	20	300	4	25	5	17	1.23045	2	0	0	2	0.5	2	0.5	1	0	0	0	0	0	0
6000	113	20	300	4	25	5	17	1.23045	2	0	0	2	0.5	2	0.5	1	0	0	0	0	0	0
6000	129	20	300	4	25	5	17	1.23045	2	0	0	2	0.5	2	0.5	1	0	0	0	0	0	0
6000	148	20	300	4	25	5	11	1.04139	2	0	0	3	0.333333	3	0.333333	1	0	0	0	0	0	0
6000	174	20	300	4	25	5	13	1.11394	2	0	0	3	0.333333	3	0.333333	1	0	0	0	0	0	0
6000	188	20	300	4	25	5	17	1.23045	2	0	0	2	0.5	2	0.5	1	0	0	0	0	0	0
6000	207	20	300	4	25	5	17	1.23045	2	0	0	2	0.5	2	0.5	1	0	0	0	0	0	0
6000	215	20	300	4	25	5	9	0.954243	1	0	0	4	0.25	4	0.25	1	0	0	0	0	0	0
6000	219	20	300	4	25	5	19	1.27875	2	1	0	2	0.5	2	0.5	1	0	0	0	0	0	0
6000	225	20	300	4	25	5	9	0.954243	1	0	0	4	0.25	4	0.25	1	0	0	0	0	0	0
6000	248	20	300	4	25	5	11	1.04139	2	0	0	3	0.333333	3	0.333333	1	0	0	0	0	0	0
6000	277	20	300	4	25	5	17	1.23045	2	0	0	2	0.5	2	0.5	1	0	0	0	0	0	0
6000	285	20	300	4	25	5	17	1.23045	2	0	0	2	0.5	2	0.5	1	0	0	0	0	0	0
6000	296	20	300	4	25	5	9	0.954243	1	0	0	4	0.25	4	0.25	1	0	0	0	0	0	0
6000	322	20	300	4	25	5	17	1.23045	2	0	0	2	0.5	2	0.5	1	0	0	0	0	0	0
6000	359	20	300	4	25	5	5	0.69897	1	0	0	5	0.2	5	0.2	1	0	0	0	0	0	0
6000	366	20	300	4	25	5	5	0.69897	1	0	0	5	0.2	5	0.2	1	0	0	0	0	0	0
6000	370	20	300	4	25	5	14	1.14613	2	0	0	3	0.333333	3	0.333333	1	0	0	0	0	0	0
6000	433	20	300	4	25	5	5	0.69897	1	0	0	5	0.2	5	0.2	1	0	0	0	0	0	0
6000	454	20	300	4	25	5	17	1.23045	2	0	0	2	0.5	2	0.5	1	0	0	0	0	0	0
6000	468	20	300	4	25	5	17	1.23045	2	0	0	2	0.5	2	0.5	1	0	0	0	0	0	0
6000	480	20	300	4	25	5	15	1.17609	2	0	0	3	0.333333	3	0.333333	1	0	0	0	0	0	0
6000	493	20	300	4	25	5	5	0.69897	1	0	0	5	0.2	5	0.2	1	0	0	0	0	0	0
6000	510	20	300	4	25	5	7	0.845098	1	0	0	4	0.25	4	0.25	1	0	0	0	0	0	0
6000	519	20	300	4	25	5	9	0.954243	1	0	0	4	0.25	4	0.25	1	0	0	0	0	0	0
6000	525	20	300	4	25	5	9	0.954243	1	0	0	4	0.25	4	0.25	1	0	0	0	0	0	0
6000	531	20	300	4	25	5	17	1.23045	2	0	0	2	0.5	2	0.5	1	0	0	0	0	0	0
6000	686	20	300	4	25	5	9	0.954243	1	0	0	3	0.333333	3	0.333333	1	0	0	0	0	0	0
6000	712	20	300	4	25	5	11	1.04139	2	0	0	3	0.333333	3	0.333333	1	0	0	0	0	0	0
6000	724	20	300	4	25	5	12	1.07918	2	1	1	2.5	0.4	3	0.333333	0.833333	0	0	0	0	0	0
6000	725	20	300	4	25	5	9	0.954243	1	0	0	4	0.25	4	0.25	1	0	0	0	0	0	0
6000	754	20	300	4	25	5	5	0.69897	1	0	0	5	0.2	5	0.2	1	0	0	0	0	0	0
6000	772	20	300	4	25	5	17	1.23045	2	0	0	2	0.5	2	0.5	1	0	0	0	0	0	0
6000	784	20	300	4	25	5	11	1.04139	2	0	0	3	0.333333	3	0.333333	1	0	0	0	0	0	0
6000	788	20	300	4	25	5	9	0.954243	1	0	0	4	0.25	4	0.25	1	0	0	0	0	0	0
6000	807	20	300	4	25	5	17	1.23045	2	0	0	2	0.5	2	0.5	1	0	0	0	0	0	0
6000	820	20	300	4	25	5	5	0.69897	1	0	0	5	0.2	5	0.2	1	0	0	0	0	0	0
6000	839	20	300	4	25	5	11	1.04139	2	0	0	3	0.333333	3	0.333333	1	0	0	0	0	0	0
6000	842	20	300	4	25	5	17	1.23045	2	0	0	2	0.5	2	0.5	1	0	0	0	0	0	0
6000	851	20	300	4	25	5	13	1.11394	2	0	0	3	0.333333	3	0.333333	1	0	0	0	0	0	0
6000	860	20	300	4	25	5	9	0.954243	1	0	0	3	0.333333	3	0.333333	1	0	0	0	0	0	0
6000	865	20	300	4	25	5	17	1.23045	2	0	0	2	0.5	2	0.5	1	0	0	0	0	0	0
6000	907	20	300	4	25	5	9	0.954243	1	0	0	4	0.25	4	0.25	1	0	0	0	0	0	0
6000	972	20	300	4	25	5	14	1.14613	2	0	0	2	0.5	2	0.5	1	0	0	0	0	0	0
6000	994	20	300	4	25	5	12	1.07918	2	1	1	2.5	0.4	3	0.333333	0.833333	0	0	0	0	0	0
6000	995	20	300	4	25	5	23	1.36173	2	0	0	2	0.5	2	0.5	1	0	0	0	0	0	0
6000	4	30	300	4	25	5	13	1.11394	2	0	0	3	0.333333	3	0.333333	1	0	0	0	0	0	0
6000	13	30	300	4	25	5	15	1.17609	2	0	0	3	0.333333	3	0.333333	1	0	0	0	0	0	0
6000	15	30	300	4	25	5	11	1.04139	2	0	0	3	0.333333	3	0.333333	1	0	0	0	0	0	0
6000	18	30	300	4	25	5	17	1.23045	2	0	0	2	0.5	2	0.5	1	0	0	0	0	0	0
6000	21	30	300	4	25	5	13	1.11394	2	0	0	3	0.333333	3	0.333333	1	0	0	0	0	0	0
6000	29	30	300	4	25	5	5	0.69897	1	0	0	5	0.2	5	0.2	1	0	0	0	0	0	0
6000	60	30	300	4	25	5	13	1.11394	2	0	0	3	0.333333	3	0.333333	1	0	0	0	0	0	0
6000	70	30	300	4	25	5	17	1.23045	2	0	0	2	0.5	2	0.5	1	0	0	0	0	0	0
6000	73	30	300	4	25	5	17	1.23045	2	0	0	2	0.5	2	0.5	1	0	0	0	0	0	0
6000	87	30	300	4	25	5	11	1.04139	2	0	0	3	0.333333	3	0.333333	1	0	0	0	0	0	0
6000	89	30	300	4	25	5	17	1.23045	2	0	0	2	0.5	2	0.5	1	0	0	0	0	0	0
6000	90	30	300	4	25	5	9	0.954243	1	0	0	4	0.25	4	0.25	1	0	0	0	0	0	0
6000	92	30	300	4	25	5	31	1.49136	2	0	0	1	1	1	1	1	0	0	0	0	0	0
6000	93	30	300	4	25	5	17	1.23045	2	0	0	2	0.5	2	0.5	1	0	0	0	0	0	0
6000	99	30	300	4	25	5	9	0.954243	1	0	0	3	0.333333	3	0.333333	1	0	0	0	0	0	0
6000	121	30	300	4	25	5	15	1.17609	2	0	0	3	0.333333	3	0.333333	1	0	0	0	0	0	0
6000	123	30	300	4	25	5	15	1.17609	2	0	0	3	0.333333	3	0.333333	1	0	0	0	0	0	0
6000	137	30	300	4	25	5	11	1.04139	2	0	0	3	0.333333	3	0.333333	1	0	0	0	0	0	0
6000	143	30	300	4	25	5	23	1.36173	2	0	0	2	0.5	2	0.5	1	0	0	0	0	0	0
6000	157	30	300	4	25	5	11	1.04139	2	0	0	3	0.333333	3	0.333333	1	0	0	0	0	0	0
6000	164	30	300	4	25	5	9	0.954243	1	0	0	4	0.25	4	0.25	1	0	0	0	0	0	0
6000	166	30	300	4	25	5	11	1.04139	2	0	0	3	0.333333	3	0.333333	1	0	0	0	0	0	0
6000	178	30	300	4	25	5	14	1.14613	2	0	0	2	0.5	2	0.5	1	0	0	0	0	0	0
6000	185	30	300	4	25	5	15	1.17609	2	0	0	3	0.333333	3	0.333333	1	0	0	0	0	0	0
6000	194	30	300	4	25	5	16	1.20412	2	0	0	2	0.5	2	0.5	1	0	0	0	0	0	0
6000	200	30	300	4	25	5	23	1.36173	2	0	0	2	0.5	2	0.5	1	0	0	0	0	0	0
6000	201	30	300	4	25	5	15	1.17609	2	0	0	3	0.333333	3	0.333333	1	0	0	0	0	0	0
6000	206	30	300	4	25	5	9	0.954243	1	0	0	4	0.25	4	0.25	1	0	0	0	0	0	0
6000	208	30	300	4	25	5	23	1.36173	2	0	0	2	0.5	2	0.5	1	0	0	0	0	0	0
6000	215	30	300	4	25	5	9	0.954243	1	0	0	4	0.25	4	0.25	1	0	0	0	0	0	0
6000	221	30	300	4	25	5	17	1.23045	2	1	0	2	0.5	2	0.5	1	0	0	0	0	0	0
6000	231	30	300	4	25	5	15	1.17609	2	0	0	3	0.333333	3	0.333333	1	0	0	0	0	0	0
6000	236	30	300	4	25	5	23	1.36173	2	0	0	2	0.5	2	0.5	1	0	0	0	0	0	0
6000	240	30	300	4	25	5	17	1.23045	2	0	0	2	0.5	2	0.5	1	0	0	0	0	0	0
6000	245	30	300	4	25	5	5	0.69897	1	0	0	5	0.2	5	0.2	1	0	0	0	0	0	0
6000	247	30	300	4	25	5	17	1.23045	2	0	0	2	0.5	2	0.5	1	0	0	0	0	0	0
6000	254	30	300	4	25	5	13	1.11394	2	0	0	3	0.333333	3	0.333333	1	0	0	0	0	0	0
6000	259	30	300	4	25	5	17	1.23045	2	0	0	2	0.5	2	0.5	1	0	0	0	0	0	0
6000	285	30	300	4	25	5	31	1.49136	2	0	0	1	1	1	1	1	0	0	0	0	0	0
6000	288	30	300	4	25	5	11	1.04139	2	0	0	3	0.333333	3	0.333333	1	0	0	0	0	0	0
6000	294	30	300	4	25	5	16	1.20412	2	1	0	2	0.5	2	0.5	1	0	0	0	0	0	0
6000	301	30	300	4	25	5	23	1.36173	2	0	0	2	0.5	2	0.5	1	0	0	0	0	0	0
6000	305	30	300	4	25	5	17	1.23045	2	0	0	2	0.5	2	0.5	1	0	0	0	0	0	0
6000	309	30	300	4	25	5	17	1.23045	2	0	0	2	0.5	2	0.5	1	0	0	0	0	0	0
6000	318	30	300	4	25	5	17	1.23045	2	0	0	2	0.5	2	0.5	1	0	0	0	0	0	0
6000	325	30	300	4	25	5	11	1.04139	2	0	0	3	0.333333	3	0.333333	1	0	0	0	0	0	0
6000	344	30	300	4	25	5	8	0.90309	1	0	0	4	0.25	4	0.25	1	0	0	0	0	0	0
6000	349	30	300	4	25	5	17	1.23045	2	0	0	2	0.5	2	0.5	1	0	0	0	0	0	0
6000	351	30	300	4	25	5	9	0.954243	1	0	0	4	0.25	4	0.25	1	0	0	0	0	0	0
6000	375	30	300	4	25	5	17	1.23045	2	0	0	2	0.5	2	0.5	1	0	0	0	0	0	0
6000	388	30	300	4	25	5	9	0.954243	1	0	0	3	0.333333	3	0.333333	1	0	0	0	0	0	0
6000	394	30	300	4	25	5	9	0.954243	1	0	0	4	0.25	4	0.25	1	0	0	0	0	0	0
6000	424	30	300	4	25	5	31	1.49136	2	0	0	1	1	1	1	1	0	0	0	0	0	0
6000	438	30	300	4	25	5	17	1.23045	2	1	0	2	0.5	2	0.5	1	0	0	0	0	0	0
6000	447	30	300	4	25	5	23	1.36173	2	0	0	2	0.5	2	0.5	1	0	0	0	0	0	0
6000	450	30	300	4	25	5	20	1.30103	2	1	0	2	0.5	2	0.5	1	0	0	0	0	0	0
6000	454	30	300	4	25	5	17	1.23045	2	0	0	2	0.5	2	0.5	1	0	0	0	0	0	0
6000	468	30	300	4	25	5	17	1.23045	2	0	0	2	0.5	2	0.5	1	0	0	0	0	0	0
6000	475	30	300	4	25	5	23	1.36173	2	0	0	2	0.5	2	0.5	1	0	0	0	0	0	0
6000	479	30	300	4	25	5	17	1.23045	2	0	0	2	0.5	2	0.5	1	0	0	0	0	0	0
6000	480	30	300	4	25	5	15	1.17609	2	0	0	3	0.333333	3	0.333333	1	0	0	0	0	0	0
6000	482	30	300	4	25	5	17	1.23045	2	1	0	2	0.5	2	0.5	1	0	0	0	0	0	0
6000	484	30	300	4	25	5	9	0.954243	1	0	0	4	0.25	4	0.25	1	0	0	0	0	0	0
6000	490	30	300	4	25	5	11	1.04139	2	0	0	3	0.333333	3	0.333333	1	0	0	0	0	0	0
6000	496	30	300	4	25	5	17	1.23045	2	0	0	2	0.5	2	0.5	1	0	0	0	0	0	0
6000	516	30	300	4	25	5	31	1.49136	2	0	0	1	1	1	1	1	0	0	0	0	0	0
6000	528	30	300	4	25	5	23	1.36173	2	0	0	2	0.5	2	0.5	1	0	0	0	0	0	0
6000	530	30	300	4	25	5	17	1.23045	2	0	0	2	0.5	2	0.5	1	0	0	0	0	0	0
6000	537	30	300	4	25	5	11	1.04139	2	0	0	3	0.333333	3	0.333333	1	0	0	0	0	0	0
6000	552	30	300	4	25	5	5	0.69897	1	0	0	5	0.2	5	0.2	1	0	0	0	0	0	0
6000	555	30	300	4	25	5	11	1.04139	2	0	0	3	0.333333	3	0.333333	1	0	0	0	0	0	0
6000	560	30	300	4	25	5	23	1.36173	2	0	0	2	0.5	2	0.5	1	0	0	0	0	0	0
6000	566	30	300	4	25	5	15	1.17609	2	0	0	3	0.333333	3	0.333333	1	0	0	0	0	0	0
6000	569	30	300	4	25	5	15	1.17609	2	0	0	3	0.333333	3	0.333333	1	0	0	0	0	0	0
6000	575	30	300	4	25	5	15	1.17609	2	0	0	3	0.333333	3	0.333333	1	0	0	0	0	0	0
6000	596	30	300	4	25	5	11	1.04139	2	0	0	3	0.333333	3	0.333333	1	0	0	0	0	0	0
6000	599	30	300	4	25	5	11	1.04139	2	0	0	3	0.333333	3	0.333333	1	0	0	0	0	0	0
6000	614	30	300	4	25	5	11	1.04139	2	0	0	3	0.333333	3	0.333333	1	0	0	0	0	0	0
6000	629	30	300	4	25	5	17	1.23045	2	0	0	2	0.5	2	0.5	1	0	0	0	0	0	0
6000	630	30	300	4	25	5	17	1.23045	2	0	0	2	0.5	2	0.5	1	0	0	0	0	0	0
6000	635	30	300	4	25	5	9	0.954243	1	0	0	4	0.25	4	0.25	1	0	0	0	0	0	0
6000	644	30	300	4	25	5	9	0.954243	1	0	0	4	0.25	4	0.25	1	0	0	0	0	0	0
6000	647	30	300	4	25	5	19	1.27875	2	1	0	2	0.5	2	0.5	1	0	0	0	0	0	0
6000	648	30	300	4	25	5	9	0.954243	1	0	0	4	0.25	4	0.25	1	0	0	0	0	0	0
6000	663	30	300	4	25	5	9	0.954243	1	0	0	4	0.25	4	0.25	1	0	0	0	0	0	0
6000	664	30	300	4	25	5	15	1.17609	2	0	0	2	0.5	2	0.5	1	0	0	0	0	0	0
6000	669	30	300	4	25	5	9	0.954243	1	0	0	4	0.25	4	0.25	1	0	0	0	0	0	0
6000	686	30	300	4	25	5	12	1.07918	2	0	0	3	0.333333	3	0.333333	1	0	0	0	0	0	0
6000	687	30	300	4	25	5	23	1.36173	2	0	0	2	0.5	2	0.5	1	0	0	0	0	0	0
6000	688	30	300	4	25	5	13	1.11394	2	1	1	2.5	0.4	3	0.333333	0.833333	0	0	0	0	0	0
6000	691	30	300	4	25	5	17	1.23045	2	0	0	2	0.5	2	0.5	1	0	0	0	0	0	0
6000	692	30	300	4	25	5	23	1.36173	2	0	0	2	0.5	2	0.5	1	0	0	0	0	0	0
6000	695	30	300	4	25	5	17	1.23045	2	0	0	2	0.5	2	0.5	1	0	0	0	0	0	0
6000	696	30	300	4	25	5	17	1.23045	2	0	0	2	0.5	2	0.5	1	0	0	0	0	0	0
6000	711	30	300	4	25	5	10	1	2	0	0	3	0.333333	3	0.333333	1	0	0	0	0	0	0
6000	718	30	300	4	25	5	11	1.04139	2	0	0	3	0.333333	3	0.333333	1	0	0	0	0	0	0
6000	729	30	300	4	25	5	31	1.49136	2	0	0	1	1	1	1	1	0	0	0	0	0	0
6000	730	30	300	4	25	5	11	1.04139	2	0	0	3	0.333333	3	0.333333	1	0	0	0	0	0	0
6000	734	30	300	4	25	5	23	1.36173	2	0	0	2	0.5	2	0.5	1	0	0	0	0	0	0
6000	739	30	300	4	25	5	10	1	2	0	0	3	0.333333	3	0.333333	1	0	0	0	0	0	0
6000	744	30	300	4	25	5	9	0.954243	1	0	0	4	0.25	4	0.25	1	0	0	0	0	0	0
6000	745	30	300	4	25	5	7	0.845098	1	0	0	4	0.25	4	0.25	1	0	0	0	0	0	0
6000	748	30	300	4	25	5	17	1.23045	2	0	0	2	0.5	2	0.5	1	0	0	0	0	0	0
6000	750	30	300	4	25	5	23	1.36173	2	0	0	2	0.5	2	0.5	1	0	0	0	0	0	0
6000	756	30	300	4	25	5	9	0.954243	1	0	0	4	0.25	4	0.25	1	0	0	0	0	0	0
6000	764	30	300	4	25	5	19	1.27875	2	0	0	2	0.5	2	0.5	1	0	0	0	0	0	0
6000	765	30	300	4	25	5	23	1.36173	2	0	0	2	0.5	2	0.5	1	0	0	0	0	0	0
6000	771	30	300	4	25	5	17	1.23045	2	0	0	2	0.5	2	0.5	1	0	0	0	0	0	0
6000	778	30	300	4	25	5	23	1.36173	2	0	0	2	0.5	2	0.5	1	0	0	0	0	0	0
6000	789	30	300	4	25	5	17	1.23045	2	0	0	2	0.5	2	0.5	1	0	0	0	0	0	0
6000	791	30	300	4	25	5	17	1.23045	2	0	0	2	0.5	2	0.5	1	0	0	0	0	0	0
6000	810	30	300	4	25	5	17	1.23045	2	0	0	2	0.5	2	0.5	1	0	0	0	0	0	0
6000	818	30	300	4	25	5	17	1.23045	2	0	0	2	0.5	2	0.5	1	0	0	0	0	0	0
6000	847	30	300	4	25	5	17	1.23045	2	0	0	2	0.5	2	0.5	1	0	0	0	0	0	0
6000	849	30	300	4	25	5	9	0.954243	1	0	0	3	0.333333	3	0.333333	1	0	0	0	0	0	0
6000	850	30	300	4	25	5	11	1.04139	2	0	0	3	0.333333	3	0.333333	1	0	0	0	0	0	0
6000	851	30	300	4	25	5	19	1.27875	2	0	0	2	0.5	2	0.5	1	0	0	0	0	0	0
6000	861	30	300	4	25	5	11	1.04139	2	0	0	3	0.333333	3	0.333333	1	0	0	0	0	0	0
6000	884	30	300	4	25	5	9	0.954243	1	0	0	4	0.25	4	0.25	1	0	0	0	0	0	0
6000	885	30	300	4	25	5	9	0.954243	1	0	0	4	0.25	4	0.25	1	0	0	0	0	0	0
6000	891	30	300	4	25	5	17	1.23045	2	1	0	2	0.5	2	0.5	1	0	0	0	0	0	0
6000	897	30	300	4	25	5	15	1.17609	2	0	0	3	0.333333	3	0.333333	1	0	0	0	0	0	0
6000	905	30	300	4	25	5	5	0.69897	1	0	0	5	0.2	5	0.2	1	0	0	0	0	0	0
6000	906	30	300	4	25	5	17	1.23045	2	0	0	2	0.5	2	0.5	1	0	0	0	0	0	0
6000	910	30	300	4	25	5	17	1.23045	2	0	0	2	0.5	2	0.5	1	0	0	0	0	0	0
6000	922	30	300	4	25	5	13	1.11394	2	0	0	3	0.333333	3	0.333333	1	0	0	0	0	0	0
6000	924	30	300	4	25	5	11	1.04139	2	0	0	3	0.333333	3	0.333333	1	0	0	0	0	0	0
6000	929	30	300	4	25	5	17	1.23045	2	0	0	2	0.5	2	0.5	1	0	0	0	0	0	0
6000	934	30	300	4	25	5	12	1.07918	2	0	0	3	0.333333	3	0.333333	1	0	0	0	0	0	0
6000	956	30	300	4	25	5	23	1.36173	2	0	0	2	0.5	2	0.5	1	0	0	0	0	0	0
6000	984	30	300	4	25	5	11	1.04139	2	0	0	3	0.333333	3	0.333333	1	0	0	0	0	0	0
6000	993	30	300	4	25	5	15	1.17609	2	0	0	3	0.333333	3	0.333333	1	0	0	0	0	0	0
6000	996	30	300	4	25	5	23	1.36173	2	0	0	2	0.5	2	0.5	1	0	0	0	0	0	0
6000	47	40	300	4	25	5	18	1.25527	2	0	0	2	0.5	2	0.5	1	0	0	0	0	0	0
6000	48	40	300	4	25	5	17	1.23045	2	0	0	2	0.5	2	0.5	1	0	0	0	0	0	0
6000	52	40	300	4	25	5	10	1	2	0	0	3	0.333333	3	0.333333	1	0	0	0	0	0	0
6000	78	40	300	4	25	5	23	1.36173	2	0	0	2	0.5	2	0.5	1	0	0	0	0	0	0
6000	120	40	300	4	25	5	23	1.36173	2	0	0	2	0.5	2	0.5	1	0	0	0	0	0	0
6000	135	40	300	4	25	5	19	1.27875	2	0	0	2	0.5	2	0.5	1	0	0	0	0	0	0
6000	251	40	300	4	25	5	31	1.49136	2	0	0	1	1	1	1	1	0	0	0	0	0	0
6000	260	40	300	4	25	5	17	1.23045	2	0	0	2	0.5	2	0.5	1	0	0	0	0	0	0
6000	267	40	300	4	25	5	17	1.23045	2	0	0	2	0.5	2	0.5	1	0	0	0	0	0	0
6000	275	40	300	4	25	5	9	0.954243	1	0	0	4	0.25	4	0.25	1	0	0	0	0	0	0
6000	303	40	300	4	25	5	23	1.36173	2	0	0	2	0.5	2	0.5	1	0	0	0	0	0	0
6000	317	40	300	4	25	5	18	1.25527	2	1	0	2	0.5	2	0.5	1	0	0	0	0	0	0
6000	325	40	300	4	25	5	11	1.04139	2	0	0	3	0.333333	3	0.333333	1	0	0	0	0	0	0
6000	328	40	300	4	25	5	19	1.27875	2	0	0	2	0.5	2	0.5	1	0	0	0	0	0	0
6000	335	40	300	4	25	5	23	1.36173	2	0	0	2	0.5	2	0.5	1	0	0	0	0	0	0
6000	346	40	300	4	25	5	23	1.36173	2	0	0	2	0.5	2	0.5	1	0	0	0	0	0	0
6000	353	40	300	4	25	5	23	1.36173	2	0	0	2	0.5	2	0.5	1	0	0	0	0	0	0
6000	368	40	300	4	25	5	11	1.04139	2	0	0	3	0.333333	3	0.333333	1	0	0	0	0	0	0
6000	378	40	300	4	25	5	14	1.14613	2	0	0	2	0.5	2	0.5	1	0	0	0	0	0	0
6000	487	40	300	4	25	5	23	1.36173	2	0	0	2	0.5	2	0.5	1	0	0	0	0	0	0
6000	498	40	300	4	25	5	15	1.17609	2	0	0	3	0.333333	3	0.333333	1	0	0	0	0	0	0
6000	501	40	300	4	25	5	13	1.11394	2	0	0	3	0.333333	3	0.333333	1	0	0	0	0	0	0
6000	503	40	300	4	25	5	8	0.90309	1	0	0	4	0.25	4	0.25	1	0	0	0	0	0	0
6000	544	40	300	4	25	5	5	0.69897	1	0	0	5	0.2	5	0.2	1	0	0	0	0	0	0
6000	550	40	300	4	25	5	11	1.04139	2	0	0	3	0.333333	3	0.333333	1	0	0	0	0	0	0
6000	569	40	300	4	25	5	15	1.17609	2	0	0	2	0.5	2	0.5	1	0	0	0	0	0	0
6000	574	40	300	4	25	5	17	1.23045	2	0	0	2	0.5	2	0.5	1	0	0	0	0	0	0
6000	603	40	300	4	25	5	11	1.04139	2	0	0	3	0.333333	3	0.333333	1	0	0	0	0	0	0
6000	612	40	300	4	25	5	7	0.845098	1	0	0	4	0.25	4	0.25	1	0	0	0	0	0	0
6000	628	40	300	4	25	5	13	1.11394	2	0	0	3	0.333333	3	0.333333	1	0	0	0	0	0	0
6000	649	40	300	4	25	5	15	1.17609	2	0	0	3	0.333333	3	0.333333	1	0	0	0	0	0	0
6000	669	40	300	4	25	5	11	1.04139	2	0	0	3	0.333333	3	0.333333	1	0	0	0	0	0	0
6000	683	40	300	4	25	5	19	1.27875	2	0	0	2	0.5	2	0.5	1	0	0	0	0	0	0
6000	743	40	300	4	25	5	9	0.954243	1	0	0	4	0.25	4	0.25	1	0	0	0	0	0	0
6000	749	40	300	4	25	5	5	0.69897	1	0	0	5	0.2	5	0.2	1	0	0	0	0	0	0
6000	781	40	300	4	25	5	14	1.14613	2	0	0	2	0.5	2	0.5	1	0	0	0	0	0	0
6000	782	40	300	4	25	5	11	1.04139	2	0	0	3	0.333333	3	0.333333	1	0	0	0	0	0	0
6000	787	40	300	4	25	5	17	1.23045	2	0	0	2	0.5	2	0.5	1	0	0	0	0	0	0
6000	789	40	300	4	25	5	15	1.17609	2	0	0	3	0.333333	3	0.333333	1	0	0	0	0	0	0
6000	796	40	300	4	25	5	11	1.04139	2	0	0	3	0.333333	3	0.333333	1	0	0	0	0	0	0
6000	812	40	300	4	25	5	17	1.23045	2	0	0	2	0.5	2	0.5	1	0	0	0	0	0	0
6000	821	40	300	4	25	5	23	1.36173	2	0	0	2	0.5	2	0.5	1	0	0	0	0	0	0
6000	822	40	300	4	25	5	23	1.36173	2	0	0	2	0.5	2	0.5	1	0	0	0	0	0	0
6000	840	40	300	4	25	5	17	1.23045	2	1	0	2	0.5	2	0.5	1	0	0	0	0	0	0
6000	847	40	300	4	25	5	23	1.36173	2	0	0	2	0.5	2	0.5	1	0	0	0	0	0	0
6000	852	40	300	4	25	5	23	1.36173	2	0	0	2	0.5	2	0.5	1	0	0	0	0	0	0
6000	860	40	300	4	25	5	7	0.845098	1	0	0	4	0.25	4	0.25	1	0	0	0	0	0	0
6000	864	40	300	4	25	5	11	1.04139	2	0	0	3	0.333333	3	0.333333	1	0	0	0	0	0	0
6000	894	40	300	4	25	5	17	1.23045	2	0	0	2	0.5	2	0.5	1	0	0	0	0	0	0
6000	905	40	300	4	25	5	11	1.04139	2	0	0	3	0.333333	3	0.333333	1	0	0	0	0	0	0
6000	913	40	300	4	25	5	19	1.27875	2	0	0	2	0.5	2	0.5	1	0	0	0	0	0	0
6000	919	40	300	4	25	5	17	1.23045	2	0	0	2	0.5	2	0.5	1	0	0	0	0	0	0
6000	974	40	300	4	25	5	13	1.11394	2	0	0	3	0.333333	3	0.333333	1	0	0	0	0	0	0
6000	71	50	300	4	25	5	17	1.23045	2	0	0	2	0.5	2	0.5	1	0	0	0	0	0	0
6000	101	50	300	4	25	5	11	1.04139	2	0	0	3	0.333333	3	0.333333	1	0	0	0	0	0	0
6000	104	50	300	4	25	5	9	0.954243	1	0	0	4	0.25	4	0.25	1	0	0	0	0	0	0
6000	151	50	300	4	25	5	23	1.36173	2	0	0	2	0.5	2	0.5	1	0	0	0	0	0	0
6000	461	50	300	4	25	5	11	1.04139	2	0	0	3	0.333333	3	0.333333	1	0	0	0	0	0	0
6000	470	50	300	4	25	5	15	1.17609	2	0	0	3	0.333333	3	0.333333	1	0	0	0	0	0	0
6000	541	50	300	4	25	5	15	1.17609	2	0	0	3	0.333333	3	0.333333	1	0	0	0	0	0	0
6000	573	50	300	4	25	5	15	1.17609	2	0	0	3	0.333333	3	0.333333	1	0	0	0	0	0	0
6000	584	50	300	4	25	5	14	1.14613	2	0	0	2	0.5	2	0.5	1	0	0	0	0	0	0
6000	639	50	300	4	25	5	21	1.32222	2	0	0	2	0.5	2	0.5	1	0	0	0	0	0	0
6000	707	50	300	4	25	5	23	1.36173	2	0	0	2	0.5	2	0.5	1	0	0	0	0	0	0
6000	827	50	300	4	25	5	15	1.17609	2	0	0	3	0.333333	3	0.333333	1	0	0	0	0	0	0
6000	905	50	300	4	25	5	15	1.17609	2	0	0	3	0.333333	3	0.333333	1	0	0	0	0	0	0
