6000	274	20	300	4	25	8	20	1.30103	2	0	0	6	0.166667	6	0.166667	1	0	0	0	0	0	0
6000	297	20	300	4	25	8	39	1.59106	2	0	0	5	0.2	5	0.2	1	0	0	0	0	0	0
6000	386	20	300	4	25	8	47	1.6721	2	0	0	5	0.2	5	0.2	1	0	0	0	0	0	0
6000	502	20	300	4	25	8	29	1.4624	2	0	0	4	0.25	4	0.25	1	0	0	0	0	0	0
6000	536	20	300	4	25	8	59	1.77085	2	0	0	4	0.25	4	0.25	1	0	0	0	0	0	0
6000	579	20	300	4	25	8	71	1.85126	2	0	0	3	0.333333	3	0.333333	1	0	0	0	0	0	0
6000	593	20	300	4	25	8	35	1.54407	2	0	0	5	0.2	5	0.2	1	0	0	0	0	0	0
6000	684	20	300	4	25	8	8	0.90309	1	0	0	8	0.125	8	0.125	1	0	0	0	0	0	0
6000	793	20	300	4	25	8	61	1.78533	2	1	0	3	0.333333	3	0.333333	1	0	0	0	0	0	0
6000	814	20	300	4	25	8	50	1.69897	2	0	0	3	0.333333	3	0.333333	1	0	0	0	0	0	0
6000	859	20	300	4	25	8	44	1.64345	2	0	0	4	0.25	4	0.25	1	0	0	0	0	0	0
6000	877	20	300	4	25	8	107	2.02938	3	0	0	2	0.5	2	0.5	1	0	0	0	0	0	0
6000	918	20	300	4	25	8	40	1.60206	2	0	0	4	0.25	4	0.25	1	0	0	0	0	0	0
6000	931	20	300	4	25	8	59	1.77085	2	0	0	4	0.25	4	0.25	1	0	0	0	0	0	0
6000	5	30	300	4	25	8	22	1.34242	2	0	0	6	0.166667	6	0.166667	1	0	0	0	0	0	0
6000	27	30	300	4	25	8	15	1.17609	2	0	0	7	0.142857	7	0.142857	1	0	0	0	0	0	0
6000	32	30	300	4	25	8	71	1.85126	2	0	0	3	0.333333	3	0.333333	1	0	0	0	0	0	0
6000	39	30	300	4	25	8	29	1.4624	2	0	0	5	0.2	5	0.2	1	0	0	0	0	0	0
6000	45	30	300	4	25	8	23	1.36173	2	0	0	5	0.2	5	0.2	1	0	0	0	0	0	0
6000	66	30	300	4	25	8	48	1.68124	2	0	0	4	0.25	4	0.25	1	0	0	0	0	0	0
6000	85	30	300	4	25	8	44	1.64345	2	0	0	4	0.25	4	0.25	1	0	0	0	0	0	0
6000	108	30	300	4	25	8	65	1.81291	2	0	0	3	0.333333	3	0.333333	1	0	0	0	0	0	0
6000	119	30	300	4	25	8	63	1.79934	2	0	0	3	0.333333	3	0.333333	1	0	0	0	0	0	0
6000	163	30	300	4	25	8	33	1.51851	2	0	0	5	0.2	5	0.2	1	0	0	0	0	0	0
6000	165	30	300	4	25	8	35	1.54407	2	0	0	5	0.2	5	0.2	1	0	0	0	0	0	0
6000	169	30	300	4	25	8	35	1.54407	2	0	0	5	0.2	5	0.2	1	0	0	0	0	0	0
6000	176	30	300	4	25	8	29	1.4624	2	0	0	5	0.2	5	0.2	1	0	0	0	0	0	0
6000	183	30	300	4	25	8	44	1.64345	2	0	0	4	0.25	4	0.25	1	0	0	0	0	0	0
6000	237	30	300	4	25	8	20	1.30103	2	0	0	6	0.166667	6	0.166667	1	0	0	0	0	0	0
6000	296	30	300	4	25	8	19	1.27875	2	0	0	6	0.166667	6	0.166667	1	0	0	0	0	0	0
6000	321	30	300	4	25	8	35	1.54407	2	0	0	5	0.2	5	0.2	1	0	0	0	0	0	0
6000	323	30	300	4	25	8	35	1.54407	2	0	0	4	0.25	4	0.25	1	0	0	0	0	0	0
6000	359	30	300	4	25	8	43	1.63347	2	0	0	4	0.25	4	0.25	1	0	0	0	0	0	0
6000	373	30	300	4	25	8	59	1.77085	2	0	0	4	0.25	4	0.25	1	0	0	0	0	0	0
6000	376	30	300	4	25	8	39	1.59106	2	0	0	4	0.25	4	0.25	1	0	0	0	0	0	0
6000	379	30	300	4	25	8	53	1.72428	2	0	0	3	0.333333	3	0.333333	1	0	0	0	0	0	0
6000	393	30	300	4	25	8	71	1.85126	2	0	0	3	0.333333	3	0.333333	1	0	0	0	0	0	0
6000	415	30	300	4	25	8	24	1.38021	2	0	0	4	0.25	4	0.25	1	0	0	0	0	0	0
6000	439	30	300	4	25	8	20	1.30103	2	0	0	6	0.166667	6	0.166667	1	0	0	0	0	0	0
6000	449	30	300	4	25	8	34	1.53148	2	0	0	4	0.25	4	0.25	1	0	0	0	0	0	0
6000	452	30	300	4	25	8	35	1.54407	2	0	0	4	0.25	4	0.25	1	0	0	0	0	0	0
6000	460	30	300	4	25	8	99	1.99564	2	1	0	2	0.5	2	0.5	1	0	0	0	0	0	0
6000	467	30	300	4	25	8	31	1.49136	2	0	0	5	0.2	5	0.2	1	0	0	0	0	0	0
6000	469	30	300	4	25	8	55	1.74036	2	1	0	3	0.333333	3	0.333333	1	0	0	0	0	0	0
6000	477	30	300	4	25	8	47	1.6721	2	1	0	3	0.333333	3	0.333333	1	0	0	0	0	0	0
6000	561	30	300	4	25	8	80	1.90309	2	0	0	2	0.5	2	0.5	1	0	0	0	0	0	0
6000	570	30	300	4	25	8	71	1.85126	2	0	0	3	0.333333	3	0.333333	1	0	0	0	0	0	0
6000	577	30	300	4	25	8	59	1.77085	2	0	0	3	0.333333	3	0.333333	1	0	0	0	0	0	0
6000	581	30	300	4	25	8	87	1.93952	2	0	0	3	0.333333	3	0.333333	1	0	0	0	0	0	0
6000	594	30	300	4	25	8	36	1.5563	2	0	0	4	0.25	4	0.25	1	0	0	0	0	0	0
6000	595	30	300	4	25	8	21	1.32222	2	0	0	6	0.166667	6	0.166667	1	0	0	0	0	0	0
6000	621	30	300	4	25	8	42	1.62325	2	0	0	3	0.333333	3	0.333333	1	0	0	0	0	0	0
6000	623	30	300	4	25	8	32	1.50515	2	0	0	5	0.2	5	0.2	1	0	0	0	0	0	0
6000	631	30	300	4	25	8	21	1.32222	2	0	0	5	0.2	5	0.2	1	0	0	0	0	0	0
6000	640	30	300	4	25	8	30	1.47712	2	1	0	4	0.25	4	0.25	1	0	0	0	0	0	0
6000	643	30	300	4	25	8	59	1.77085	2	0	0	4	0.25	4	0.25	1	0	0	0	0	0	0
6000	694	30	300	4	25	8	71	1.85126	2	0	0	3	0.333333	3	0.333333	1	0	0	0	0	0	0
6000	725	30	300	4	25	8	23	1.36173	2	0	0	5	0.2	5	0.2	1	0	0	0	0	0	0
6000	772	30	300	4	25	8	107	2.02938	3	0	0	2	0.5	2	0.5	1	0	0	0	0	0	0
6000	804	30	300	4	25	8	85	1.92942	2	0	0	2	0.5	2	0.5	1	0	0	0	0	0	0
6000	815	30	300	4	25	8	42	1.62325	2	0	0	4	0.25	4	0.25	1	0	0	0	0	0	0
6000	820	30	300	4	25	8	35	1.54407	2	0	0	5	0.2	5	0.2	1	0	0	0	0	0	0
6000	829	30	300	4	25	8	22	1.34242	2	0	0	5	0.2	5	0.2	1	0	0	0	0	0	0
6000	858	30	300	4	25	8	27	1.43136	2	0	0	6	0.166667	6	0.166667	1	0	0	0	0	0	0
6000	871	30	300	4	25	8	20	1.30103	2	0	0	6	0.166667	6	0.166667	1	0	0	0	0	0	0
6000	872	30	300	4	25	8	33	1.51851	2	0	0	4	0.25	4	0.25	1	0	0	0	0	0	0
6000	876	30	300	4	25	8	9	0.954243	1	0	0	7	0.142857	7	0.142857	1	0	0	0	0	0	0
6000	877	30	300	4	25	8	87	1.93952	2	0	0	3	0.333333	3	0.333333	1	0	0	0	0	0	0
6000	878	30	300	4	25	8	71	1.85126	2	0	0	3	0.333333	3	0.333333	1	0	0	0	0	0	0
6000	920	30	300	4	25	8	47	1.6721	2	0	0	5	0.2	5	0.2	1	0	0	0	0	0	0
6000	963	30	300	4	25	8	35	1.54407	2	0	0	5	0.2	5	0.2	1	0	0	0	0	0	0
6000	965	30	300	4	25	8	47	1.6721	2	0	0	3	0.333333	3	0.333333	1	0	0	0	0	0	0
6000	969	30	300	4	25	8	27	1.43136	2	0	0	4	0.25	4	0.25	1	0	0	0	0	0	0
6000	971	30	300	4	25	8	43	1.63347	2	1	0	3	0.333333	3	0.333333	1	0	0	0	0	0	0
6000	990	30	300	4	25	8	59	1.77085	2	0	0	3	0.333333	3	0.333333	1	0	0	0	0	0	0
6000	11	40	300	4	25	8	36	1.5563	2	0	0	4	0.25	4	0.25	1	0	0	0	0	0	0
6000	13	40	300	4	25	8	95	1.97772	2	0	0	3	0.333333	3	0.333333	1	0	0	0	0	0	0
6000	15	40	300	4	25	8	43	1.63347	2	0	0	3	0.333333	3	0.333333	1	0	0	0	0	0	0
6000	20	40	300	4	25	8	71	1.85126	2	0	0	3	0.333333	3	0.333333	1	0	0	0	0	0	0
6000	34	40	300	4	25	8	41	1.61278	2	0	0	4	0.25	4	0.25	1	0	0	0	0	0	0
6000	40	40	300	4	25	8	71	1.85126	2	0	0	3	0.333333	3	0.333333	1	0	0	0	0	0	0
6000	41	40	300	4	25	8	26	1.41497	2	0	0	4	0.25	4	0.25	1	0	0	0	0	0	0
6000	43	40	300	4	25	8	23	1.36173	2	0	0	5	0.2	5	0.2	1	0	0	0	0	0	0
6000	46	40	300	4	25	8	26	1.41497	2	0	0	4	0.25	4	0.25	1	0	0	0	0	0	0
6000	55	40	300	4	25	8	21	1.32222	2	0	0	6	0.166667	6	0.166667	1	0	0	0	0	0	0
6000	59	40	300	4	25	8	71	1.85126	2	0	0	3	0.333333	3	0.333333	1	0	0	0.01	-2	0	0
6000	62	40	300	4	25	8	39	1.59106	2	0	0	4	0.25	4	0.25	1	0	0	0	0	0	0
6000	90	40	300	4	25	8	39	1.59106	2	0	0	4	0.25	4	0.25	1	0	0	0	0	0	0
6000	92	40	300	4	25	8	119	2.07555	3	0	0	2	0.5	2	0.5	1	0	0	0	0	0	0
6000	93	40	300	4	25	8	35	1.54407	2	0	0	5	0.2	5	0.2	1	0	0	0	0	0	0
6000	106	40	300	4	25	8	39	1.59106	2	0	0	4	0.25	4	0.25	1	0	0	0	0	0	0
6000	107	40	300	4	25	8	69	1.83885	2	0	0	3	0.333333	3	0.333333	1	0	0	0	0	0	0
6000	115	40	300	4	25	8	71	1.85126	2	0	0	3	0.333333	3	0.333333	1	0	0	0	0	0	0
6000	116	40	300	4	25	8	34	1.53148	2	0	0	4	0.25	4	0.25	1	0	0	0	0	0	0
6000	137	40	300	4	25	8	23	1.36173	2	0	0	4	0.25	4	0.25	1	0	0	0	0	0	0
6000	141	40	300	4	25	8	61	1.78533	2	0	0	3	0.333333	3	0.333333	1	0	0	0	0	0	0
6000	148	40	300	4	25	8	47	1.6721	2	0	0	3	0.333333	3	0.333333	1	0	0	0	0	0	0
6000	149	40	300	4	25	8	56	1.74819	2	0	0	3	0.333333	3	0.333333	1	0	0	0	0	0	0
6000	150	40	300	4	25	8	127	2.1038	3	0	0	3	0.333333	3	0.333333	1	0	0	0	0	0	0
6000	166	40	300	4	25	8	29	1.4624	2	0	0	4	0.25	4	0.25	1	0	0	0	0	0	0
6000	205	40	300	4	25	8	47	1.6721	2	0	0	4	0.25	4	0.25	1	0	0	0	0	0	0
6000	207	40	300	4	25	8	39	1.59106	2	0	0	4	0.25	4	0.25	1	0	0	0	0	0	0
6000	211	40	300	4	25	8	63	1.79934	2	0	0	3	0.333333	3	0.333333	1	0	0	0	0	0	0
6000	215	40	300	4	25	8	47	1.6721	2	0	0	5	0.2	5	0.2	1	0	0	0	0	0	0
6000	223	40	300	4	25	8	79	1.89763	2	1	0	3	0.333333	3	0.333333	1	0	0	0	0	0	0
6000	238	40	300	4	25	8	107	2.02938	3	0	0	2	0.5	2	0.5	1	0	0	0	0	0	0
6000	243	40	300	4	25	8	143	2.15534	3	0	0	2	0.5	2	0.5	1	0	0	0	0	0	0
6000	248	40	300	4	25	8	55	1.74036	2	0	0	3	0.333333	3	0.333333	1	0	0	0	0	0	0
6000	259	40	300	4	25	8	95	1.97772	2	0	0	3	0.333333	3	0.333333	1	0	0	0	0	0	0
6000	270	40	300	4	25	8	59	1.77085	2	0	0	3	0.333333	3	0.333333	1	0	0	0	0	0	0
6000	273	40	300	4	25	8	37	1.5682	2	0	0	5	0.2	5	0.2	1	0	0	0	0	0	0
6000	285	40	300	4	25	8	95	1.97772	2	0	0	3	0.333333	3	0.333333	1	0	0	0	0	0	0
6000	301	40	300	4	25	8	95	1.97772	2	0	0	3	0.333333	3	0.333333	1	0	0	0	0	0	0
6000	306	40	300	4	25	8	37	1.5682	2	0	0	4	0.25	4	0.25	1	0	0	0	0	0	0
6000	307	40	300	4	25	8	107	2.02938	3	0	0	2	0.5	2	0.5	1	0	0	0	0	0	0
6000	316	40	300	4	25	8	71	1.85126	2	0	0	3	0.333333	3	0.333333	1	0	0	0	0	0	0
6000	355	40	300	4	25	8	15	1.17609	2	0	0	7	0.142857	7	0.142857	1	0	0	0	0	0	0
6000	356	40	300	4	25	8	59	1.77085	2	1	0	4	0.25	4	0.25	1	0	0	0	0	0	0
6000	360	40	300	4	25	8	71	1.85126	2	0	0	3	0.333333	3	0.333333	1	0	0	0	0	0	0
6000	366	40	300	4	25	8	29	1.4624	2	0	0	5	0.2	5	0.2	1	0	0	0	0	0	0
6000	367	40	300	4	25	8	24	1.38021	2	0	0	5	0.2	5	0.2	1	0	0	0	0	0	0
6000	372	40	300	4	25	8	79	1.89763	2	0	0	3	0.333333	3	0.333333	1	0	0	0	0	0	0
6000	380	40	300	4	25	8	71	1.85126	2	0	0	3	0.333333	3	0.333333	1	0	0	0	0	0	0
6000	396	40	300	4	25	8	65	1.81291	2	0	0	3	0.333333	3	0.333333	1	0	0	0	0	0	0
6000	414	40	300	4	25	8	107	2.02938	3	0	0	2	0.5	2	0.5	1	0	0	0	0	0	0
6000	436	40	300	4	25	8	71	1.85126	2	0	0	3	0.333333	3	0.333333	1	0	0	0	0	0	0
6000	458	40	300	4	25	8	95	1.97772	2	0	0	3	0.333333	3	0.333333	1	0	0	0	0	0	0
6000	473	40	300	4	25	8	143	2.15534	3	0	0	2	0.5	2	0.5	1	0	0	0	0	0	0
6000	474	40	300	4	25	8	79	1.89763	2	0	0	3	0.333333	3	0.333333	1	0	0	0	0	0	0
6000	479	40	300	4	25	8	107	2.02938	3	0	0	2	0.5	2	0.5	1	0	0	0	0	0	0
6000	488	40	300	4	25	8	59	1.77085	2	0	0	4	0.25	4	0.25	1	0	0	0	0	0	0
6000	493	40	300	4	25	8	39	1.59106	2	0	0	4	0.25	4	0.25	1	0	0	0	0	0	0
6000	511	40	300	4	25	8	37	1.5682	2	0	0	5	0.2	5	0.2	1	0	0	0	0	0	0
6000	513	40	300	4	25	8	20	1.30103	2	0	0	6	0.166667	6	0.166667	1	0	0	0	0	0	0
6000	539	40	300	4	25	8	37	1.5682	2	0	0	4	0.25	4	0.25	1	0	0	0	0	0	0
6000	562	40	300	4	25	8	95	1.97772	2	0	0	3	0.333333	3	0.333333	1	0	0	0	0	0	0
6000	564	40	300	4	25	8	47	1.6721	2	0	0	5	0.2	5	0.2	1	0	0	0	0	0	0
6000	580	40	300	4	25	8	47	1.6721	2	0	0	4	0.25	4	0.25	1	0	0	0	0	0	0
6000	587	40	300	4	25	8	83	1.91908	2	0	0	3	0.333333	3	0.333333	1	0	0	0	0	0	0
6000	592	40	300	4	25	8	31	1.49136	2	0	0	5	0.2	5	0.2	1	0	0	0	0	0	0
6000	604	40	300	4	25	8	66	1.81954	2	0	0	3	0.333333	3	0.333333	1	0	0	0	0	0	0
6000	605	40	300	4	25	8	29	1.4624	2	0	0	4	0.25	4	0.25	1	0	0	0	0	0	0
6000	610	40	300	4	25	8	59	1.77085	2	1	0	4	0.25	4	0.25	1	0	0	0	0	0	0
6000	616	40	300	4	25	8	44	1.64345	2	0	0	4	0.25	4	0.25	1	0	0	0	0	0	0
6000	631	40	300	4	25	8	36	1.5563	2	0	0	4	0.25	4	0.25	1	0	0	0	0	0	0
6000	643	40	300	4	25	8	63	1.79934	2	1	0	3	0.333333	3	0.333333	1	0	0	0	0	0	0
6000	653	40	300	4	25	8	95	1.97772	2	0	0	3	0.333333	3	0.333333	1	0	0	0	0	0	0
6000	661	40	300	4	25	8	143	2.15534	3	0	0	2	0.5	2	0.5	1	0	0	0	0	0	0
6000	673	40	300	4	25	8	52	1.716	2	0	0	3	0.333333	3	0.333333	1	0	0	0	0	0	0
6000	679	40	300	4	25	8	41	1.61278	2	0	0	3	0.333333	3	0.333333	1	0	0	0	0	0	0
6000	689	40	300	4	25	8	24	1.38021	2	0	0	5	0.2	5	0.2	1	0	0	0	0	0	0
6000	691	40	300	4	25	8	47	1.6721	2	0	0	3	0.333333	3	0.333333	1	0	0	0	0	0	0
6000	709	40	300	4	25	8	47	1.6721	2	0	0	4	0.25	4	0.25	1	0	0	0	0	0	0
6000	714	40	300	4	25	8	80	1.90309	2	0	0	2	0.5	2	0.5	1	0	0	0	0	0	0
6000	719	40	300	4	25	8	50	1.69897	2	1	0	3	0.333333	3	0.333333	1	0	0	0	0	0	0
6000	721	40	300	4	25	8	78	1.89209	2	1	1	2.5	0.4	3	0.333333	0.833333	0	0	0	0	0	0
6000	726	40	300	4	25	8	44	1.64345	2	0	0	4	0.25	4	0.25	1	0	0	0	0	0	0
6000	731	40	300	4	25	8	50	1.69897	2	0	0	3	0.333333	3	0.333333	1	0	0	0	0	0	0
6000	752	40	300	4	25	8	37	1.5682	2	0	0	3	0.333333	3	0.333333	1	0	0	0	0	0	0
6000	762	40	300	4	25	8	95	1.97772	2	0	0	3	0.333333	3	0.333333	1	0	0	0	0	0	0
6000	763	40	300	4	25	8	95	1.97772	2	0	0	3	0.333333	3	0.333333	1	0	0	0	0	0	0
6000	765	40	300	4	25	8	107	2.02938	3	0	0	2	0.5	2	0.5	1	0	0	0	0	0	0
6000	778	40	300	4	25	8	59	1.77085	2	0	0	4	0.25	4	0.25	1	0	0	0	0	0	0
6000	795	40	300	4	25	8	44	1.64345	2	1	0	4	0.25	4	0.25	1	0	0	0	0	0	0
6000	805	40	300	4	25	8	35	1.54407	2	0	0	3	0.333333	3	0.333333	1	0	0	0	0	0	0
6000	837	40	300	4	25	8	59	1.77085	2	0	0	4	0.25	4	0.25	1	0	0	0	0	0	0
6000	838	40	300	4	25	8	79	1.89763	2	0	0	3	0.333333	3	0.333333	1	0	0	0	0	0	0
6000	843	40	300	4	25	8	71	1.85126	2	1	1	2.5	0.4	3	0.333333	0.833333	0	0	0	0	0	0
6000	856	40	300	4	25	8	16	1.20412	2	0	0	6	0.166667	6	0.166667	1	0	0	0	0	0	0
6000	870	40	300	4	25	8	59	1.77085	2	0	0	4	0.25	4	0.25	1	0	0	0	0	0	0
6000	887	40	300	4	25	8	33	1.51851	2	0	0	4	0.25	4	0.25	1	0	0	0	0	0	0
6000	900	40	300	4	25	8	44	1.64345	2	0	0	3	0.333333	3	0.333333	1	0	0	0	0	0	0
6000	908	40	300	4	25	8	71	1.85126	2	0	0	3	0.333333	3	0.333333	1	0	0	0	0	0	0
6000	915	40	300	4	25	8	77	1.88649	2	0	0	3	0.333333	3	0.333333	1	0	0	0	0	0	0
6000	922	40	300	4	25	8	43	1.63347	2	0	0	4	0.25	4	0.25	1	0	0	0	0	0	0
6000	929	40	300	4	25	8	39	1.59106	2	0	0	4	0.25	4	0.25	1	0	0	0	0	0	0
6000	937	40	300	4	25	8	71	1.85126	2	0	0	3	0.333333	3	0.333333	1	0	0	0	0	0	0
6000	941	40	300	4	25	8	30	1.47712	2	0	0	4	0.25	4	0.25	1	0	0	0	0	0	0
6000	943	40	300	4	25	8	63	1.79934	2	0	0	3	0.333333	3	0.333333	1	0	0	0	0	0	0
6000	951	40	300	4	25	8	57	1.75587	2	0	0	4	0.25	4	0.25	1	0	0	0	0	0	0
6000	976	40	300	4	25	8	31	1.49136	2	0	0	5	0.2	5	0.2	1	0	0	0	0	0	0
6000	989	40	300	4	25	8	59	1.77085	2	0	0	4	0.25	4	0.25	1	0	0	0	0	0	0
6000	991	40	300	4	25	8	18	1.25527	2	0	0	6	0.166667	6	0.166667	1	0	0	0	0	0	0
6000	993	40	300	4	25	8	59	1.77085	2	0	0	4	0.25	4	0.25	1	0	0	0	0	0	0
6000	994	40	300	4	25	8	30	1.47712	2	0	0	4	0.25	4	0.25	1	0	0	0	0	0	0
6000	1000	40	300	4	25	8	48	1.68124	2	0	0	4	0.25	4	0.25	1	0	0	0	0	0	0
6000	10	50	300	4	25	8	95	1.97772	2	0	0	3	0.333333	3	0.333333	1	0.01	-2	0	0	0	0
6000	47	50	300	4	25	8	71	1.85126	2	0	0	3	0.333333	3	0.333333	1	0	0	0	0	0	0
6000	78	50	300	4	25	8	107	2.02938	3	0	0	2	0.5	2	0.5	1	0	0	0	0	0	0
6000	127	50	300	4	25	8	75	1.87506	2	0	0	3	0.333333	3	0.333333	1	0	0	0	0	0	0
6000	191	50	300	4	25	8	47	1.6721	2	0	0	5	0.2	5	0.2	1	0	0	0	0	0	0
6000	261	50	300	4	25	8	107	2.02938	3	0	0	2	0.5	2	0.5	1	0	0	0	0	0	0
6000	266	50	300	4	25	8	76	1.88081	2	0	0	3	0.333333	3	0.333333	1	0	0	0	0	0	0
6000	278	50	300	4	25	8	57	1.75587	2	1	0	3	0.333333	3	0.333333	1	0	0	0	0	0	0
6000	303	50	300	4	25	8	191	2.28103	3	0	0	2	0.5	2	0.5	1	0	0	0	0	0	0
6000	334	50	300	4	25	8	49	1.6902	2	0	0	4	0.25	4	0.25	1	0	0	0	0	0	0
6000	336	50	300	4	25	8	51	1.70757	2	0	0	4	0.25	4	0.25	1	0	0	0	0	0	0
6000	348	50	300	4	25	8	35	1.54407	2	0	0	4	0.25	4	0.25	1	0	0	0	0	0	0
6000	356	50	300	4	25	8	127	2.1038	3	0	0	3	0.333333	3	0.333333	1	0	0	0	0	0	0
6000	362	50	300	4	25	8	63	1.79934	2	0	0	3	0.333333	3	0.333333	1	0	0	0	0	0	0
6000	378	50	300	4	25	8	95	1.97772	2	0	0	2	0.5	2	0.5	1	0	0	0	0	0	0
6000	380	50	300	4	25	8	62	1.79239	2	0	0	3	0.333333	3	0.333333	1	0	0	0	0	0	0
6000	443	50	300	4	25	8	59	1.77085	2	0	0	3	0.333333	3	0.333333	1	0	0	0	0	0	0
6000	459	50	300	4	25	8	191	2.28103	3	0	0	2	0.5	2	0.5	1	0	0	0	0	0	0
6000	483	50	300	4	25	8	83	1.91908	2	0	0	3	0.333333	3	0.333333	1	0	0	0	0	0	0
6000	494	50	300	4	25	8	89	1.94939	2	0	0	2	0.5	2	0.5	1	0	0	0	0	0	0
6000	518	50	300	4	25	8	12	1.07918	2	0	0	7	0.142857	7	0.142857	1	0	0	0	0	0	0
6000	533	50	300	4	25	8	65	1.81291	2	0	0	3	0.333333	3	0.333333	1	0	0	0	0	0	0
6000	545	50	300	4	25	8	95	1.97772	2	1	0	3	0.333333	3	0.333333	1	0	0	0	0	0	0
6000	562	50	300	4	25	8	119	2.07555	3	0	0	2	0.5	2	0.5	1	0	0	0	0	0	0
6000	615	50	300	4	25	8	15	1.17609	2	0	0	7	0.142857	7	0.142857	1	0	0	0	0	0	0
6000	657	50	300	4	25	8	127	2.1038	3	0	0	3	0.333333	3	0.333333	1	0	0	0	0	0	0
6000	700	50	300	4	25	8	23	1.36173	2	0	0	5	0.2	5	0.2	1	0	0	0	0	0	0
6000	704	50	300	4	25	8	49	1.6902	2	0	0	4	0.25	4	0.25	1	0	0	0	0	0	0
6000	722	50	300	4	25	8	104	2.01703	3	0	0	2	0.5	2	0.5	1	0	0	0	0	0	0
6000	733	50	300	4	25	8	58	1.76343	2	0	0	3	0.333333	3	0.333333	1	0	0	0	0	0	0
6000	796	50	300	4	25	8	53	1.72428	2	0	0	4	0.25	4	0.25	1	0	0	0	0	0	0
6000	823	50	300	4	25	8	107	2.02938	3	0	0	2	0.5	2	0.5	1	0	0	0	0	0	0
6000	863	50	300	4	25	8	46	1.66276	2	0	0	3	0.333333	3	0.333333	1	0	0	0	0	0	0
6000	902	50	300	4	25	8	71	1.85126	2	0	0	3	0.333333	3	0.333333	1	0	0	0	0	0	0
6000	927	50	300	4	25	8	25	1.39794	2	0	0	5	0.2	5	0.2	1	0	0	0	0	0	0
6000	929	50	300	4	25	8	83	1.91908	2	0	0	3	0.333333	3	0.333333	1	0	0	0	0	0	0
6000	946	50	300	4	25	8	44	1.64345	2	1	0	4	0.25	4	0.25	1	0	0	0	0	0	0
6000	947	50	300	4	25	8	73	1.86332	2	0	0	3	0.333333	3	0.333333	1	0	0	0	0	0	0
6000	826	60	300	4	25	8	55	1.74036	2	0	0	4	0.25	4	0.25	1	0	0	0	0	0	0
