7000	44	60	300	4	25	30	192213	0	0	6	6	1	1.9	0.35	0	0
7000	222	60	300	4	25	30	15584	0	0	17	17	1	0.25	0	0	0
7000	531	60	300	4	25	30	15511	0	0	12	12	1	0.08	0.01	0	0
7000	650	60	300	4	25	30	26238	0	0	11	11	1	0.2	0.02	0	0
7000	128	70	300	4	25	30	12942	0	0	8	8	1	0.18	0.02	0	0
7000	236	70	300	4	25	30	61436	1	0	8	8	1	0.6	0.09	0.57	0
7000	276	70	300	4	25	30	10045	1	0	10	10	1	0.11	0.01	0.09	0
7000	294	70	300	4	25	30	8150	0	0	12	12	1	0.11	0.01	0	0
7000	312	70	300	4	25	30	137621	0	0	9	9	1	1.91	0.15	0	0
7000	374	70	300	4	25	30	40440	0	0	6	6	1	0.29	0.07	0	0
7000	375	70	300	4	25	30	26027	0	0	13	13	1	0.3	0.02	0	0
7000	386	70	300	4	25	30	25797	1	0	13	13	1	0.28	0.03	0.22	0
7000	414	70	300	4	25	30	55330	1	0	7	7	1	0.53	0.06	0.44	0
7000	438	70	300	4	25	30	7977	0	0	16	16	1	0.14	0	0	0
7000	480	70	300	4	25	30	28107	0	0	16	16	1	0.17	0.03	0	0
7000	595	70	300	4	25	30	26614	1	0	10	10	1	0.27	0.04	0.27	0
7000	611	70	300	4	25	30	43489	0	0	8	8	1	0.35	0.07	0	0
7000	712	70	300	4	25	30	299733	1	0	6	6	1	2.95	0.53	1.48	0
7000	755	70	300	4	25	30	42173	1	0	8	8	1	0.38	0.08	0.4	0
7000	792	70	300	4	25	30	59973	0	0	8	8	1	0.49	0.08	0	0
7000	920	70	300	4	25	30	25177	0	0	10	10	1	0.22	0.03	0	0
7000	932	70	300	4	25	30	7150	0	0	12	12	1	0.1	0	0	0
