8000	3	90	300	4	25	37	1315032	1	0	7	7	1	15.07	2.84	159.17	0
8000	5	90	300	4	25	37	30286	1	0	20	20	1	0.28	0.02	0.27	0
8000	23	90	300	4	25	37	1219642	1	1	5.5	6	0.916667	11.31	1.37	114.16	0
8000	44	90	300	4	25	37	4542017	1	0	5	5	1	43.86	14.19	924.9	0
8000	63	90	300	4	25	37	380320	1	0	7	7	1	5.33	0.66	17.96	0
8000	137	90	300	4	25	37	1843232	1	0	8	8	1	19.24	1.8	8.96	0
8000	172	90	300	4	25	37	376262	1	0	10	10	1	4.64	0.38	1.64	0
8000	236	90	300	4	25	37	694948	1	0	8	8	1	5.15	0.73	3.05	0
8000	286	90	300	4	25	37	140229	1	0	14	14	1	2.07	0.16	4.54	0
8000	343	90	300	4	25	37	340388	1	0	9	9	1	3.87	0.9	79.8	0
8000	9	100	300	4	25	37	1424386	1	0	8	8	1	12.15	3.37	99.02	0
8000	50	100	300	4	25	37	2797516	1	0	8	8	1	37.68	4.26	1040.34	0
8000	54	100	300	4	25	37	566237	1	0	10	10	1	10.51	1.07	30.35	0
8000	86	100	300	4	25	37	247373	0	0	11	11	1	3.81	0.31	0	0
8000	108	100	300	4	25	37	889020	1	0	8	8	1	13.2	2.39	60.05	0
8000	118	100	300	4	25	37	677762	1	0	9	9	1	9.4	0.94	46.38	0
8000	127	100	300	4	25	37	2420951	1	0	10	10	1	21.94	2.44	180.14	0
8000	169	100	300	4	25	37	700579	1	0	14	14	1	5.97	0.57	3.95	0
8000	172	100	300	4	25	37	401094	1	1	7.33333	8	0.916667	7.42	0.63	201.18	0
8000	178	100	300	4	25	37	564718	1	0	8	8	1	4.95	0.98	35.4	0
8000	206	100	300	4	25	37	147348	1	1	7.66667	8	0.958333	1.73	0.27	1.48	0
8000	239	100	300	4	25	37	584866	1	0	11	11	1	4.23	0.61	2.31	0
8000	246	100	300	4	25	37	202873	1	0	12	12	1	2.58	0.24	10.24	0
8000	248	100	300	4	25	37	1881106	1	0	8	8	1	20.15	1.94	117.05	0
8000	270	100	300	4	25	37	1296091	1	0	8	8	1	15.4	3.08	257.27	0
8000	274	100	300	4	25	37	3602113	1	0	7	7	1	53.87	7.46	770.09	0
8000	290	100	300	4	25	37	832543	1	0	7	7	1	14.18	0.82	52.95	0
8000	307	100	300	4	25	37	3798541	1	0	6	6	1	36.46	10.47	350.18	0
8000	326	100	300	4	25	37	1426601	1	0	6	6	1	12.43	3.72	151.02	0
8000	329	100	300	4	25	37	174798	1	0	10	10	1	1.26	0.34	0.58	0
8000	346	100	300	4	25	37	1235705	1	0	9	9	1	8.92	3.61	268.07	0
8000	350	100	300	4	25	37	943430	1	0	7	7	1	14.75	2.91	8.31	0
8000	358	100	300	4	25	37	4347436	1	0	9	9	1	89.47	5.69	460.61	0
8000	408	100	300	4	25	37	186534	1	0	10	10	1	1.54	0.34	0.79	0
8000	503	100	300	4	25	37	837599	1	0	8	8	1	8.95	0.89	65.66	0
8000	525	100	300	4	25	37	1017690	1	0	9	9	1	14.74	1.32	60.83	0
8000	554	100	300	4	25	37	1602424	1	0	8	8	1	28.79	1.43	118.22	0
8000	559	100	300	4	25	37	1955302	1	0	7	7	1	28.73	4.63	145.78	0
8000	575	100	300	4	25	37	606606	1	0	10	10	1	5.02	0.78	2.06	0
8000	577	100	300	4	25	37	2066518	1	0	8	8	1	16.21	6.22	136.23	0
8000	613	100	300	4	25	37	1558828	1	0	9	9	1	24.58	1.24	46.33	0
8000	623	100	300	4	25	37	420311	1	0	6	6	1	7.35	0.46	18.81	0
8000	683	100	300	4	25	37	3976879	1	0	8	8	1	34.01	4.98	269.97	0
8000	684	100	300	4	25	37	1812378	1	0	6	6	1	18	5.67	857.68	0
8000	693	100	300	4	25	37	66357	1	0	13	13	1	0.48	0.09	0.54	0
8000	696	100	300	4	25	37	194770	0	0	12	12	1	2.86	0.25	0	0
8000	749	100	300	4	25	37	417162	1	0	11	11	1	6.61	0.36	25.13	0
8000	753	100	300	4	25	37	1133597	0	0	6	6	1	16.5	1.88	0	0
8000	754	100	300	4	25	37	50391	0	0	13	13	1	0.72	0.03	0	0
8000	766	100	300	4	25	37	2980613	1	0	6	6	1	29.23	13.07	34.31	0
8000	791	100	300	4	25	37	2171555	1	0	8	8	1	27.31	6.3	140.62	0
8000	811	100	300	4	25	37	1154632	1	0	9	9	1	15.2	1.34	74.36	0
8000	839	100	300	4	25	37	900195	1	0	7	7	1	8.23	0.9	1.58	0
8000	868	100	300	4	25	37	594075	1	0	6	6	1	5.88	0.61	22.23	0
8000	929	100	300	4	25	37	3330580	1	0	7	7	1	62.61	8.81	251.7	0
8000	930	100	300	4	25	37	188754	1	0	10	10	1	2.77	0.32	0.78	0
