9000	359	60	300	4	25	22	62158	0	0	5	5	1	0.38	0.1	0	0
9000	512	60	300	4	25	22	3583	0	0	7	7	1	0.04	0	0	0
9000	150	70	300	4	25	22	14579	0	0	8	8	1	0.09	0.01	0	0
9000	242	70	300	4	25	22	24191	0	0	7	7	1	0.13	0.03	0	0
9000	309	70	300	4	25	22	9276	0	0	7	7	1	0.08	0.01	0	0
9000	404	70	300	4	25	22	25851	0	0	6	6	1	0.19	0.03	0	0
9000	440	70	300	4	25	22	14615	0	0	6	6	1	0.11	0.01	0	0
9000	653	70	300	4	25	22	12959	1	0	5	5	1	0.06	0.02	0.12	0
9000	662	70	300	4	25	22	4059	0	0	8	8	1	0.05	0	0	0
9000	837	70	300	4	25	22	735	0	0	14	14	1	0	0	0	0
9000	909	70	300	4	25	22	3291	0	0	10	10	1	0.02	0	0	0
9000	963	70	300	4	25	22	5044	0	0	7	7	1	0.03	0	0	0
9000	50	80	300	4	25	22	36965	1	0	4	4	1	0.42	0.04	4.96	0
9000	54	80	300	4	25	22	6641	0	0	8	8	1	0.05	0	0	0
9000	91	80	300	4	25	22	19402	0	0	5	5	1	0.14	0.04	0	0
9000	108	80	300	4	25	22	17945	1	0	6	6	1	0.11	0.01	0.17	0
9000	158	80	300	4	25	22	37631	1	0	6	6	1	0.26	0.04	0.33	0
9000	173	80	300	4	25	22	5279	0	0	8	8	1	0.05	0.01	0	0
9000	215	80	300	4	25	22	2688	0	0	10	10	1	0.02	0	0	0
9000	223	80	300	4	25	22	13830	1	0	8	8	1	0.14	0	0.12	0
9000	238	80	300	4	25	22	54210	0	0	3	3	1	0.35	0.09	0	0
9000	284	80	300	4	25	22	6119	1	0	8	8	1	0.04	0	0.06	0
9000	289	80	300	4	25	22	17781	0	0	5	5	1	0.16	0.03	0	0
9000	309	80	300	4	25	22	24065	1	0	6	6	1	0.2	0.02	0.21	0
9000	359	80	300	4	25	22	67329	1	0	4	4	1	0.39	0.07	0.64	0
9000	364	80	300	4	25	22	14356	0	0	6	6	1	0.13	0.01	0	0
9000	404	80	300	4	25	22	24189	1	0	5	5	1	0.15	0.03	0.23	0
9000	421	80	300	4	25	22	27359	1	0	4	4	1	0.16	0.03	0.2	0
9000	424	80	300	4	25	22	56461	0	0	5	5	1	0.3	0.07	0	0
9000	470	80	300	4	25	22	22097	0	0	5	5	1	0.17	0.02	0	0
9000	489	80	300	4	25	22	17630	1	0	5	5	1	0.11	0.02	0.16	0
9000	497	80	300	4	25	22	9389	0	0	4	4	1	0.07	0.01	0	0
9000	522	80	300	4	25	22	26205	0	0	4	4	1	0.18	0.02	0	0
9000	530	80	300	4	25	22	9604	0	0	7	7	1	0.06	0.01	0	0
9000	605	80	300	4	25	22	12234	0	0	5	5	1	0.08	0.02	0	0
9000	642	80	300	4	25	22	3671	0	0	6	6	1	0.03	0	0	0
9000	649	80	300	4	25	22	4693	1	0	7	7	1	0.03	0	0.05	0
9000	703	80	300	4	25	22	10887	0	0	5	5	1	0.08	0.02	0	0
9000	725	80	300	4	25	22	223	0	0	13	13	1	0	0	0	0
9000	761	80	300	4	25	22	31326	1	1	4.5	5	0.9	0.32	0.04	0.3	0
9000	766	80	300	4	25	22	35225	0	0	7	7	1	0.27	0.04	0	0
9000	770	80	300	4	25	22	34991	1	0	5	5	1	0.17	0.04	0.32	0
9000	777	80	300	4	25	22	32135	1	0	4	4	1	0.25	0.03	0.51	0
9000	792	80	300	4	25	22	36972	0	0	6	6	1	0.25	0.03	0	0
9000	805	80	300	4	25	22	36271	0	0	6	6	1	0.22	0.06	0	0
9000	823	80	300	4	25	22	43447	1	0	5	5	1	0.42	0.04	1.6	0
9000	843	80	300	4	25	22	26453	0	0	4	4	1	0.16	0.03	0	0
9000	884	80	300	4	25	22	31970	1	0	4	4	1	0.24	0.04	0.27	0
9000	909	80	300	4	25	22	8626	1	0	7	7	1	0.05	0	0.08	0
9000	946	80	300	4	25	22	9216	1	0	7	7	1	0.06	0	0.08	0
9000	967	80	300	4	25	22	7003	1	0	7	7	1	0.07	0	0.06	0
9000	982	80	300	4	25	22	10718	0	0	7	7	1	0.06	0	0	0
9000	994	80	300	4	25	22	7895	0	0	7	7	1	0.07	0.01	0	0
9000	995	80	300	4	25	22	13395	0	0	7	7	1	0.13	0.02	0	0
9000	11	90	300	4	25	22	7107	0	0	7	7	1	0.05	0.01	0	0
9000	12	90	300	4	25	22	16761	1	1	4.5	5	0.9	0.11	0.02	0.15	0
9000	35	90	300	4	25	22	11323	1	0	6	6	1	0.14	0.01	0.12	0
9000	51	90	300	4	25	22	41471	0	0	6	6	1	0.29	0.03	0	0
9000	95	90	300	4	25	22	22175	0	0	7	7	1	0.12	0.01	0	0
9000	100	90	300	4	25	22	10180	0	0	6	6	1	0.03	0.01	0	0
9000	108	90	300	4	25	22	55249	0	0	4	4	1	0.43	0.03	0	0
9000	141	90	300	4	25	22	14894	1	0	6	6	1	0.09	0.02	0.13	0
9000	146	90	300	4	25	22	20450	0	0	6	6	1	0.29	0.03	0	0
9000	149	90	300	4	25	22	19995	0	0	6	6	1	0.27	0.01	0	0
9000	188	90	300	4	25	22	35007	0	0	6	6	1	0.21	0.04	0	0
9000	224	90	300	4	25	22	38405	1	0	7	7	1	0.2	0.02	0.33	0
9000	243	90	300	4	25	22	24611	1	0	4	4	1	0.21	0.03	0.26	0
9000	251	90	300	4	25	22	27801	0	0	8	8	1	0.13	0.02	0	0
9000	262	90	300	4	25	22	10485	0	0	6	6	1	0.09	0.02	0	0
9000	285	90	300	4	25	22	34248	1	0	7	7	1	0.35	0.03	0.3	0
9000	318	90	300	4	25	22	25633	0	0	5	5	1	0.17	0.02	0	0
9000	321	90	300	4	25	22	26631	1	0	5	5	1	0.16	0.04	0.26	0
9000	328	90	300	4	25	22	29242	0	0	7	7	1	0.13	0.03	0	0
9000	361	90	300	4	25	22	4713	0	0	7	7	1	0.03	0	0	0
9000	371	90	300	4	25	22	12189	0	0	8	8	1	0.14	0.02	0	0
9000	380	90	300	4	25	22	19638	0	0	5	5	1	0.14	0.03	0	0
9000	381	90	300	4	25	22	31499	1	0	5	5	1	0.25	0.03	0.27	0
9000	385	90	300	4	25	22	4707	0	0	8	8	1	0.04	0.01	0	0
9000	410	90	300	4	25	22	5769	0	0	8	8	1	0.04	0	0	0
9000	431	90	300	4	25	22	31598	0	0	4	4	1	0.22	0.04	0	0
9000	441	90	300	4	25	22	84419	1	0	4	4	1	0.59	0.11	0.73	0
9000	445	90	300	4	25	22	56086	0	0	4	4	1	0.44	0.07	0	0
9000	455	90	300	4	25	22	66921	1	0	5	5	1	0.4	0.06	0.55	0
9000	458	90	300	4	25	22	10350	0	0	5	5	1	0.06	0.01	0	0
9000	469	90	300	4	25	22	140028	1	0	4	4	1	1.3	0.15	1.09	0
9000	470	90	300	4	25	22	30758	0	0	5	5	1	0.27	0.04	0	0
9000	495	90	300	4	25	22	89409	1	0	4	4	1	0.65	0.12	1.01	0
9000	503	90	300	4	25	22	11199	0	0	7	7	1	0.06	0.01	0	0
9000	508	90	300	4	25	22	7595	0	0	8	8	1	0.04	0.01	0	0
9000	513	90	300	4	25	22	26709	1	0	5	5	1	0.3	0.02	0.23	0
9000	519	90	300	4	25	22	3066	0	0	7	7	1	0.01	0	0	0
9000	522	90	300	4	25	22	28190	1	0	5	5	1	0.19	0.02	0.21	0
9000	558	90	300	4	25	22	4666	0	0	6	6	1	0.03	0	0	0
9000	560	90	300	4	25	22	21625	1	0	5	5	1	0.26	0.01	0.16	0
9000	575	90	300	4	25	22	56835	1	1	3.33333	4	0.833333	0.39	0.07	13.47	0
9000	597	90	300	4	25	22	19738	0	0	5	5	1	0.13	0.03	0	0
9000	606	90	300	4	25	22	28290	0	0	6	6	1	0.14	0.03	0	0
9000	614	90	300	4	25	22	5491	1	0	6	6	1	0.04	0	0.06	0
9000	633	90	300	4	25	22	64678	1	0	3	3	1	0.55	0.11	0.75	0
9000	646	90	300	4	25	22	12059	0	0	6	6	1	0.06	0.01	0	0
9000	657	90	300	4	25	22	21584	1	1	4.5	5	0.9	0.19	0.03	0.2	0
9000	662	90	300	4	25	22	5193	0	0	7	7	1	0.06	0	0	0
9000	663	90	300	4	25	22	5845	0	0	10	10	1	0.05	0	0	0
9000	666	90	300	4	25	22	28832	0	0	6	6	1	0.18	0.02	0	0
9000	677	90	300	4	25	22	20735	0	0	7	7	1	0.1	0.02	0	0
9000	686	90	300	4	25	22	16101	1	0	5	5	1	0.1	0.03	0.61	0
9000	689	90	300	4	25	22	80351	0	0	3	3	1	0.53	0.11	0	0
9000	695	90	300	4	25	22	65447	0	0	4	4	1	0.54	0.07	0	0
9000	711	90	300	4	25	22	4739	0	0	9	9	1	0.02	0	0	0
9000	713	90	300	4	25	22	73871	0	0	5	5	1	0.62	0.09	0	0
9000	720	90	300	4	25	22	2959	1	0	6	6	1	0.02	0.01	0.03	0
9000	754	90	300	4	25	22	2064	1	0	7	7	1	0.01	0	0.02	0
9000	755	90	300	4	25	22	59528	1	0	5	5	1	0.52	0.06	0.55	0
9000	759	90	300	4	25	22	44346	1	0	5	5	1	0.42	0.03	0.97	0
9000	773	90	300	4	25	22	21358	0	0	5	5	1	0.19	0.01	0	0
9000	775	90	300	4	25	22	13636	1	0	5	5	1	0.09	0.01	0.14	0
9000	787	90	300	4	25	22	10098	1	0	8	8	1	0.06	0.01	0.09	0
9000	794	90	300	4	25	22	8833	0	0	5	5	1	0.05	0.01	0	0
9000	823	90	300	4	25	22	44364	0	0	5	5	1	0.52	0.05	0	0
9000	828	90	300	4	25	22	51839	0	0	4	4	1	0.46	0.08	0	0
9000	831	90	300	4	25	22	13000	0	0	6	6	1	0.11	0.01	0	0
9000	864	90	300	4	25	22	63522	1	0	5	5	1	0.32	0.04	2.52	0
9000	879	90	300	4	25	22	10359	1	0	5	5	1	0.08	0.01	0.11	0
9000	900	90	300	4	25	22	48238	0	0	6	6	1	0.25	0.05	0	0
9000	903	90	300	4	25	22	16809	0	0	5	5	1	0.13	0.02	0	0
9000	929	90	300	4	25	22	72102	0	0	5	5	1	0.47	0.09	0	0
9000	940	90	300	4	25	22	64799	1	0	4	4	1	0.49	0.08	1.49	0
9000	947	90	300	4	25	22	15068	1	0	7	7	1	0.07	0.01	0.15	0
9000	952	90	300	4	25	22	7907	0	0	8	8	1	0.06	0.01	0	0
9000	960	90	300	4	25	22	9312	0	0	6	6	1	0.04	0.01	0	0
9000	964	90	300	4	25	22	22739	0	0	6	6	1	0.12	0.01	0	0
9000	965	90	300	4	25	22	11592	0	0	7	7	1	0.07	0	0	0
9000	966	90	300	4	25	22	49410	1	0	4	4	1	0.45	0.04	1.98	0
9000	967	90	300	4	25	22	5831	0	0	8	8	1	0.04	0	0	0
9000	972	90	300	4	25	22	27996	1	0	5	5	1	0.17	0.02	0.27	0
9000	986	90	300	4	25	22	3828	0	0	8	8	1	0.03	0.01	0	0
9000	989	90	300	4	25	22	17813	0	0	6	6	1	0.09	0.02	0	0
9000	998	90	300	4	25	22	56108	1	0	5	5	1	0.48	0.06	0.55	0
9000	999	90	300	4	25	22	29825	0	0	6	6	1	0.27	0.03	0	0
9000	16	100	300	4	25	22	59732	0	0	4	4	1	0.4	0.07	0	0
9000	48	100	300	4	25	22	32959	0	0	5	5	1	0.22	0.03	0	0
9000	63	100	300	4	25	22	7437	0	0	6	6	1	0.07	0	0	0
9000	69	100	300	4	25	22	37116	0	0	4	4	1	0.28	0.04	0	0
9000	73	100	300	4	25	22	45657	0	0	4	4	1	0.33	0.05	0	0
9000	106	100	300	4	25	22	5856	0	0	7	7	1	0.04	0	0	0
9000	142	100	300	4	25	22	36758	1	0	5	5	1	0.3	0.03	0.38	0
9000	172	100	300	4	25	22	55890	1	0	3	3	1	0.43	0.08	8.03	0
9000	184	100	300	4	25	22	60366	1	0	5	5	1	0.38	0.07	0.6	0
9000	225	100	300	4	25	22	13870	1	0	6	6	1	0.12	0.02	0.43	0
9000	243	100	300	4	25	22	62359	1	0	4	4	1	0.44	0.12	0.6	0
9000	249	100	300	4	25	22	41170	1	0	4	4	1	0.26	0.06	1.56	0
9000	272	100	300	4	25	22	16936	1	0	5	5	1	0.11	0.02	0.94	0
9000	308	100	300	4	25	22	46779	1	1	4.5	5	0.9	0.41	0.07	1.94	0
9000	314	100	300	4	25	22	7764	0	0	8	8	1	0.06	0.01	0	0
9000	320	100	300	4	25	22	17311	1	0	6	6	1	0.07	0.02	0.18	0
9000	322	100	300	4	25	22	70048	1	0	4	4	1	0.46	0.1	3.13	0
9000	325	100	300	4	25	22	27024	0	0	5	5	1	0.15	0.04	0	0
9000	367	100	300	4	25	22	8650	0	0	8	8	1	0.07	0.01	0	0
9000	378	100	300	4	25	22	77963	1	0	4	4	1	0.52	0.13	3.22	0
9000	408	100	300	4	25	22	17639	1	0	6	6	1	0.09	0.02	0.17	0
9000	413	100	300	4	25	22	17016	0	0	6	6	1	0.08	0.01	0	0
9000	425	100	300	4	25	22	8280	0	0	8	8	1	0.04	0.01	0	0
9000	454	100	300	4	25	22	17720	0	0	4	4	1	0.12	0.03	0	0
9000	475	100	300	4	25	22	2870	1	0	7	7	1	0.01	0.01	0.03	0
9000	483	100	300	4	25	22	74639	1	1	3.07407	4	0.768518	0.6	0.09	0.74	0
9000	499	100	300	4	25	22	129800	1	0	3	3	1	1.27	0.16	5.41	0
9000	508	100	300	4	25	22	6304	0	0	8	8	1	0.03	0.01	0	0
9000	511	100	300	4	25	22	27844	0	0	5	5	1	0.2	0.03	0	0
9000	527	100	300	4	25	22	17503	1	0	5	5	1	0.08	0.03	0.15	0
9000	536	100	300	4	25	22	24909	0	0	5	5	1	0.18	0.04	0	0
9000	539	100	300	4	25	22	123797	0	0	5	5	1	0.95	0.08	0	0
9000	569	100	300	4	25	22	47170	1	0	5	5	1	0.24	0.05	0.39	0
9000	570	100	300	4	25	22	23040	0	0	5	5	1	0.13	0.02	0	0
9000	578	100	300	4	25	22	12665	1	0	5	5	1	0.08	0.01	0.41	0
9000	589	100	300	4	25	22	29555	1	0	4	4	1	0.2	0.04	3.36	0
9000	612	100	300	4	25	22	4834	0	0	7	7	1	0.06	0	0	0
9000	652	100	300	4	25	22	5793	1	0	5	5	1	0.04	0	0.07	0
9000	681	100	300	4	25	22	42644	1	0	6	6	1	0.36	0.06	0.38	0
9000	701	100	300	4	25	22	27829	0	0	4	4	1	0.23	0.02	0	0
9000	710	100	300	4	25	22	15532	0	0	6	6	1	0.2	0.01	0	0
9000	739	100	300	4	25	22	33115	0	0	4	4	1	0.4	0.05	0	0
9000	747	100	300	4	25	22	5831	0	0	8	8	1	0.07	0	0	0
9000	750	100	300	4	25	22	54971	0	0	4	4	1	0.46	0.05	0	0
9000	751	100	300	4	25	22	5904	0	0	6	6	1	0.06	0	0	0
9000	819	100	300	4	25	22	14275	0	0	7	7	1	0.07	0.01	0	0
9000	860	100	300	4	25	22	3091	0	0	9	9	1	0.01	0.01	0	0
9000	881	100	300	4	25	22	35582	0	0	4	4	1	0.26	0.04	0	0
9000	882	100	300	4	25	22	27317	0	0	6	6	1	0.13	0.03	0	0
9000	889	100	300	4	25	22	53984	0	0	6	6	1	0.28	0.06	0	0
9000	895	100	300	4	25	22	59204	0	0	4	4	1	0.34	0.08	0	0
9000	926	100	300	4	25	22	73448	0	0	4	4	1	0.74	0.13	0	0
