2000	69	50	300	4	25	127	26953	1	0	83	83	1	0.82	0.02	0.21	0
2000	140	50	300	4	25	127	114079	1	0	63	63	1	7.85	0.21	1.38	0
2000	141	50	300	4	25	127	68023	1	1	80	80	1	1.83	0.09	0.48	0
2000	143	50	300	4	25	127	56935	1	1	56	56	1	2.42	0.11	0.48	0
2000	230	50	300	4	25	127	23235	1	0	73	73	1	1.19	0.03	0.2	0
2000	260	50	300	4	25	127	15112	1	1	83	83	1	0.45	0.02	0.13	0
2000	273	50	300	4	25	127	56587	1	1	62.5	63	0.992063	1.7	0.13	0.67	0
2000	288	50	300	4	25	127	14167	1	0	73	73	1	0.65	0.01	0.11	0
2000	331	50	300	4	25	127	77445	1	0	82	82	1	6.02	0.08	0.52	0
2000	406	50	300	4	25	127	10477	1	1	69.5	70	0.992857	0.52	0.02	0.11	0
2000	560	50	300	4	25	127	11823	1	1	75.5	76	0.993421	0.41	0.01	0.12	0
2000	797	50	300	4	25	127	53024	1	0	65	65	1	2.81	0.1	0.41	0
2000	992	50	300	4	25	127	75705	1	0	79	79	1	2.34	0.11	0.94	0
