3000	212	30	300	4	25	26	390	1	0	17	17	1	0	0	0	0
3000	472	30	300	4	25	26	384	1	0	14	14	1	0	0	0.01	0
3000	546	30	300	4	25	26	636	1	0	10	10	1	0	0	0.01	0
3000	724	30	300	4	25	26	870	1	0	13	13	1	0	0	0.02	0
3000	726	30	300	4	25	26	1399	1	0	9	9	1	0.01	0	0.01	0
3000	918	30	300	4	25	26	1009	1	1	9.5	10	0.95	0	0.01	0.01	0
3000	928	30	300	4	25	26	1852	1	0	10	10	1	0.01	0	0.02	0
3000	19	40	300	4	25	26	1372	1	0	11	11	1	0.01	0	0.02	0
3000	29	40	300	4	25	26	2002	1	1	9.5	10	0.95	0.01	0	0.03	0
3000	217	40	300	4	25	26	657	1	0	15	15	1	0	0	0.01	0
3000	319	40	300	4	25	26	816	1	1	10.5	11	0.954545	0	0	0.02	0
3000	554	40	300	4	25	26	2542	1	0	9	9	1	0.02	0	0.03	0
3000	657	40	300	4	25	26	511	1	1	10.5	11	0.954545	0	0	0.01	0
