4000	45	50	300	4	25	36	32278	1	0	10	10	1	0.31	0.06	0.33	0
4000	59	50	300	4	25	36	9383	1	0	15	15	1	0.1	0.01	0.07	0
4000	60	50	300	4	25	36	34120	1	0	10	10	1	0.23	0.05	0.26	0
4000	126	50	300	4	25	36	5175	1	0	11	11	1	0.07	0.01	0.05	0
4000	361	50	300	4	25	36	19248	1	0	13	13	1	0.17	0.02	0.17	0
4000	444	50	300	4	25	36	23021	1	0	12	12	1	0.45	0.04	0.22	0
4000	454	50	300	4	25	36	9251	1	0	13	13	1	0.1	0.01	0.1	0
4000	558	50	300	4	25	36	36902	1	1	11	11	1	0.36	0.07	0.41	0
4000	598	50	300	4	25	36	11971	1	0	15	15	1	0.19	0.02	0.11	0
4000	677	50	300	4	25	36	4012	1	0	15	15	1	0.03	0	0.05	0
4000	678	50	300	4	25	36	3905	1	1	11.5	12	0.958333	0.04	0	0.05	0
4000	694	50	300	4	25	36	8185	1	0	15	15	1	0.13	0.02	0.07	0
4000	703	50	300	4	25	36	43098	1	0	11	11	1	0.35	0.03	0.38	0
4000	728	50	300	4	25	36	10993	1	0	14	14	1	0.15	0.01	0.35	0
4000	771	50	300	4	25	36	4190	1	0	18	18	1	0.05	0	0.04	0
4000	846	50	300	4	25	36	10542	1	1	11.5	12	0.958333	0.14	0.03	0.11	0
4000	135	60	300	4	25	36	21044	1	0	11	11	1	0.18	0.03	0.8	0
4000	172	60	300	4	25	36	53284	1	0	10	10	1	0.65	0.1	0.48	0
4000	189	60	300	4	25	36	9577	1	1	12	12	1	0.07	0.01	0.09	0
4000	213	60	300	4	25	36	15813	1	1	14	14	1	0.19	0.01	0.16	0
4000	267	60	300	4	25	36	18965	1	0	13	13	1	0.14	0.02	0.17	0
4000	284	60	300	4	25	36	11890	1	0	16	16	1	0.16	0.01	0.1	0
4000	318	60	300	4	25	36	10614	1	0	10	10	1	0.14	0.01	0.1	0
4000	489	60	300	4	25	36	57909	1	0	12	12	1	1.02	0.09	0.47	0
4000	665	60	300	4	25	36	42381	1	1	11	11	1	0.65	0.05	0.36	0
4000	674	60	300	4	25	36	8113	1	0	13	13	1	0.09	0.02	0.07	0
4000	843	60	300	4	25	36	23923	1	1	10	10	1	0.19	0.03	0.21	0
4000	991	60	300	4	25	36	5985	1	1	13.5	14	0.964286	0.08	0	0.07	0
