4000	411	60	300	4	25	77	203213	1	0	24	24	1	5.18	0.37	1.9	0
4000	44	70	300	4	25	77	10394447	1	0	23	23	1	214.53	42.18	123.59	0
4000	65	70	300	4	25	77	330274	1	1	29	29	1	9.81	0.71	1.82	0
4000	88	70	300	4	25	77	924569	1	0	23	23	1	26.49	4.29	12.81	0
4000	162	70	300	4	25	77	541545	1	1	22.1429	23	0.962733	13.84	5.93	8.27	0
4000	204	70	300	4	25	77	142117	1	1	29	29	1	4.56	0.28	3.07	0
4000	218	70	300	4	25	77	75601	1	0	34	34	1	2.16	0.1	0.65	0
4000	424	70	300	4	25	77	1130135	1	1	22	22	1	24.86	5.67	13.82	0
4000	517	70	300	4	25	77	390237	1	1	30	30	1	6.41	0.59	3.14	0
4000	595	70	300	4	25	77	684888	1	1	22	22	1	19.32	0.97	6.43	0
4000	642	70	300	4	25	77	314639	1	0	34	34	1	11.94	0.44	1.76	0
4000	749	70	300	4	25	77	20442	1	0	51	51	1	0.83	0.02	0.17	0
4000	761	70	300	4	25	77	1104543	1	1	31.1667	32	0.973958	20.7	9.42	13.37	0
4000	785	70	300	4	25	77	1376138	1	0	25	25	1	46.33	9.11	20.35	0
4000	814	70	300	4	25	77	1673937	1	0	20	20	1	50.56	1.83	6.74	0
4000	874	70	300	4	25	77	2212074	1	0	20	20	1	66.32	23.08	31.38	0
4000	923	70	300	4	25	77	248891	1	0	28	28	1	7.57	0.35	2.17	0
