4000	156	40	300	4	25	23	2416	1	0	9	9	1	0.01	0	0.02	0
4000	178	40	300	4	25	23	944	1	0	8	8	1	0	0	0.01	0
4000	301	40	300	4	25	23	1315	1	0	8	8	1	0.01	0	0.01	0
4000	370	40	300	4	25	23	179	1	0	14	14	1	0	0	0	0
4000	563	40	300	4	25	23	1712	1	1	7.5	8	0.9375	0.01	0	0.02	0
4000	633	40	300	4	25	23	3860	1	0	7	7	1	0.03	0	0.04	0
4000	638	40	300	4	25	23	2261	1	0	6	6	1	0.02	0	0.03	0
4000	669	40	300	4	25	23	393	1	0	10	10	1	0	0	0	0
4000	704	40	300	4	25	23	1247	1	0	9	9	1	0.01	0	0.02	0
4000	921	40	300	4	25	23	2723	1	0	6	6	1	0.01	0.01	0.02	0
4000	936	40	300	4	25	23	9724	1	0	7	7	1	0.06	0.01	0.09	0
4000	954	40	300	4	25	23	4328	1	0	7	7	1	0.02	0	0.05	0
4000	985	40	300	4	25	23	2537	1	0	9	9	1	0.02	0	0.02	0
4000	205	50	300	4	25	23	1619	1	0	8	8	1	0.01	0	0	0
4000	213	50	300	4	25	23	2358	1	0	8	8	1	0.02	0	0.03	0
4000	362	50	300	4	25	23	755	1	0	8	8	1	0	0	0.02	0
4000	545	50	300	4	25	23	2342	1	0	8	8	1	0.04	0.02	0.03	0
4000	657	50	300	4	25	23	2017	1	0	8	8	1	0.01	0	0.03	0
4000	667	50	300	4	25	23	517	1	0	11	11	1	0	0	0.01	0
4000	731	50	300	4	25	23	2454	1	0	7	7	1	0.01	0	0.03	0
4000	732	50	300	4	25	23	532	1	0	11	11	1	0	0	0.02	0
4000	905	50	300	4	25	23	920	1	0	10	10	1	0	0	0.01	0
4000	973	50	300	4	25	23	6169	1	1	6.5	7	0.928571	0.1	0.01	0.08	0
