8000	285	30	300	4	25	5	27	1	1	1.5	2	0.75	0	0	0	0
8000	643	30	300	4	25	5	17	1	0	2	2	1	0	0	0	0
8000	62	40	300	4	25	5	17	1	0	2	2	1	0	0	0	0
8000	146	40	300	4	25	5	27	1	1	1.5	2	0.75	0	0	0	0
8000	819	40	300	4	25	5	17	1	0	2	2	1	0	0	0	0
8000	411	50	300	4	25	5	12	1	1	2.5	3	0.833333	0	0	0	0
8000	494	50	300	4	25	5	29	1	1	1.33333	2	0.666667	0	0	0	0
8000	523	50	300	4	25	5	17	1	0	2	2	1	0	0	0	0
8000	588	50	300	4	25	5	12	1	1	2.5	3	0.833333	0	0	0	0
8000	205	70	300	4	25	5	17	1	0	2	2	1	0	0	0	0
8000	443	70	300	4	25	5	17	1	0	2	2	1	0	0	0	0
