2000	19	50	300	4	25	115	16021	1	0	61	61	1	0.79	0.03	0.13	0
2000	109	50	300	4	25	115	126120	1	0	54	54	1	4.75	0.2	0.91	0
2000	152	50	300	4	25	115	31882	1	0	61	61	1	3.24	0.04	0.24	0
2000	212	50	300	4	25	115	55023	1	0	68	68	1	1.15	0.08	0.58	0
2000	400	50	300	4	25	115	70085	1	0	61	61	1	2.45	0.09	0.49	0
2000	452	50	300	4	25	115	23799	1	0	62	62	1	1.29	0.03	0.16	0
2000	515	50	300	4	25	115	53346	1	0	53	53	1	1.32	0.1	0.4	0
2000	688	50	300	4	25	115	69192	1	0	61	61	1	3.68	0.09	0.5	0
2000	800	50	300	4	25	115	112584	1	0	60	60	1	5.72	0.17	2.22	0
2000	801	50	300	4	25	115	124459	1	0	62	62	1	4.62	0.19	2.36	0
2000	998	50	300	4	25	115	38410	1	0	62	62	1	0.99	0.06	0.32	0
