3000	369	50	300	4	25	76	55743	1	0	29	29	1	1.66	0.09	0.47	0
3000	468	50	300	4	25	76	10334	1	0	35	35	1	0.21	0.01	0.09	0
3000	491	50	300	4	25	76	44233	1	0	27	27	1	1.09	0.1	0.39	0
3000	641	50	300	4	25	76	42102	1	0	26	26	1	1.27	0.06	0.31	0
3000	962	50	300	4	25	76	21843	1	0	30	30	1	0.55	0.03	0.28	0
3000	196	60	300	4	25	76	190721	1	0	24	24	1	4.02	0.35	1.57	0
3000	267	60	300	4	25	76	27669	1	0	32	32	1	0.48	0.05	0.22	0
3000	340	60	300	4	25	76	195460	1	0	32	32	1	10.3	0.29	1.73	0
3000	408	60	300	4	25	76	85471	1	0	42	42	1	2.26	0.11	0.59	0
3000	697	60	300	4	25	76	11275	1	0	35	35	1	0.32	0.02	0.09	0
3000	778	60	300	4	25	76	189164	1	0	32	32	1	4.47	0.26	1.35	0
3000	838	60	300	4	25	76	596459	1	0	27	27	1	15.59	0.91	4.87	0
3000	887	60	300	4	25	76	237626	1	0	26	26	1	3.56	0.3	0.58	0
3000	994	60	300	4	25	76	242072	1	0	25	25	1	8.08	0.4	1.08	0
