3000	868	50	300	4	25	71	43602	1	0	34	34	1	1.08	0.06	0.47	0
3000	932	50	300	4	25	71	61037	1	0	30	30	1	1.73	0.13	0.49	0
3000	69	60	300	4	25	71	195527	1	0	24	24	1	3.22	0.35	1.65	0
3000	112	60	300	4	25	71	156727	1	0	27	27	1	3.59	0.33	3.71	0
3000	152	60	300	4	25	71	66455	1	0	33	33	1	1.51	0.1	0.5	0
3000	244	60	300	4	25	71	50635	1	0	27	27	1	0.79	0.1	0.41	0
3000	305	60	300	4	25	71	33964	1	0	27	27	1	0.6	0.07	0.31	0
3000	356	60	300	4	25	71	62895	1	0	29	29	1	0.78	0.1	0.58	0
3000	506	60	300	4	25	71	499909	1	0	26	26	1	11.77	2.03	5.37	0
3000	530	60	300	4	25	71	118615	1	0	31	31	1	2.24	0.17	1.56	0
3000	623	60	300	4	25	71	82717	1	0	29	29	1	2.77	0.12	0.96	0
3000	782	60	300	4	25	71	294437	1	0	28	28	1	6.2	0.39	2.28	0
3000	847	60	300	4	25	71	19510	1	0	29	29	1	0.63	0.03	0.18	0
3000	872	60	300	4	25	71	239012	1	0	29	29	1	5.06	0.34	2.07	0
3000	927	60	300	4	25	71	18257	1	0	38	38	1	0.29	0.03	0.16	0
