5000	466	50	300	4	25	32	19767	1	0	14	14	1	0.14	0.01	0.16	0
5000	115	60	300	4	25	32	27671	1	0	9	9	1	0.45	0.04	1.01	0
5000	204	60	300	4	25	32	8364	1	0	10	10	1	0.1	0.01	0.08	0
5000	223	60	300	4	25	32	37330	1	0	11	11	1	0.49	0.04	0.34	0
5000	287	60	300	4	25	32	7916	1	0	15	15	1	0.06	0.01	0.08	0
5000	300	60	300	4	25	32	3521	1	0	13	13	1	0.02	0.01	0.04	0
5000	326	60	300	4	25	32	37258	1	0	9	9	1	0.4	0.04	0.38	0
5000	437	60	300	4	25	32	12207	1	0	10	10	1	0.15	0.02	0.12	0
5000	529	60	300	4	25	32	8380	1	0	10	10	1	0.09	0.01	0.08	0
5000	569	60	300	4	25	32	87021	1	0	7	7	1	1.09	0.09	0.74	0
5000	590	60	300	4	25	32	41904	1	0	8	8	1	0.25	0.05	0.33	0
5000	655	60	300	4	25	32	13445	1	0	12	12	1	0.09	0.01	0.13	0
5000	769	60	300	4	25	32	9300	1	0	12	12	1	0.08	0	0.16	0
5000	790	60	300	4	25	32	61738	1	0	9	9	1	0.47	0.07	0.51	0
5000	891	60	300	4	25	32	66783	1	0	10	10	1	0.64	0.11	0.62	0
5000	68	70	300	4	25	32	23346	1	0	10	10	1	0.15	0.03	0.19	0
5000	149	70	300	4	25	32	16633	1	0	12	12	1	0.23	0.02	0.15	0
5000	213	70	300	4	25	32	30779	1	0	8	8	1	0.34	0.04	0.27	0
5000	251	70	300	4	25	32	146481	1	0	7	7	1	1.28	0.18	2.48	0
5000	492	70	300	4	25	32	31147	1	0	10	10	1	0.26	0.04	0.28	0
5000	577	70	300	4	25	32	68642	1	0	9	9	1	0.52	0.08	2.86	0
5000	659	70	300	4	25	32	15374	1	0	9	9	1	0.21	0.02	0.15	0
5000	714	70	300	4	25	32	80116	1	0	8	8	1	1.1	0.12	0.65	0
5000	737	70	300	4	25	32	25203	1	0	9	9	1	0.21	0.04	0.23	0
5000	870	70	300	4	25	32	10485	1	0	11	11	1	0.13	0.01	0.1	0
5000	885	70	300	4	25	32	17604	1	0	10	10	1	0.14	0.02	0.13	0
5000	982	70	300	4	25	32	54256	1	0	9	9	1	0.46	0.08	0.52	0
