5000	814	20	300	4	25	12	152	1	0	5	5	1	0	0	0	0
5000	30	30	300	4	25	12	271	1	0	4	4	1	0	0	0	0
5000	33	30	300	4	25	12	82	1	0	6	6	1	0	0	0	0
5000	74	30	300	4	25	12	167	1	0	5	5	1	0	0	0	0
5000	561	30	300	4	25	12	204	1	0	4	4	1	0	0	0.01	0
5000	638	30	300	4	25	12	160	1	0	4	4	1	0	0	0	0
5000	656	30	300	4	25	12	80	1	0	5	5	1	0	0	0	0
5000	932	30	300	4	25	12	95	1	0	5	5	1	0	0	0	0
5000	970	30	300	4	25	12	162	1	0	4	4	1	0	0	0	0
5000	271	40	300	4	25	12	71	1	0	6	6	1	0	0	0	0
5000	394	40	300	4	25	12	279	1	0	4	4	1	0	0	0.01	0
5000	520	40	300	4	25	12	104	1	0	6	6	1	0	0	0	0
5000	648	40	300	4	25	12	91	1	0	6	6	1	0	0	0	0
5000	881	40	300	4	25	12	380	1	0	3	3	1	0	0	0	0
5000	943	40	300	4	25	12	324	1	0	3	3	1	0	0	0.01	0
5000	348	50	300	4	25	12	305	1	0	4	4	1	0	0	0.01	0
5000	733	50	300	4	25	12	214	1	0	4	4	1	0	0	0	0
5000	795	50	300	4	25	12	118	1	0	5	5	1	0	0	0.01	0
5000	895	50	300	4	25	12	546	1	0	3	3	1	0	0	0.01	0
