5000	64	50	300	4	25	44	44176	1	0	20	20	1	0.9	0.05	0.35	0
5000	220	60	300	4	25	44	83713	1	0	17	17	1	0.82	0.09	0.61	0
5000	249	60	300	4	25	44	20159	1	0	17	17	1	0.51	0.04	0.17	0
5000	850	60	300	4	25	44	34654	1	0	19	19	1	0.48	0.04	0.26	0
5000	954	60	300	4	25	44	207451	1	0	10	10	1	3.06	0.29	1.99	0
5000	28	70	300	4	25	44	1539823	1	0	12	12	1	28.81	3.13	18.81	0
5000	40	70	300	4	25	44	151934	1	0	12	12	1	2.25	0.23	3.68	0
5000	155	70	300	4	25	44	27556	1	0	17	17	1	0.54	0.03	0.22	0
5000	247	70	300	4	25	44	286266	1	0	10	10	1	4.85	0.37	2.54	0
5000	256	70	300	4	25	44	312610	1	0	10	10	1	4.74	0.47	2.87	0
5000	257	70	300	4	25	44	71423	1	0	13	13	1	0.84	0.11	1.01	0
5000	268	70	300	4	25	44	254816	1	0	12	12	1	4.88	0.47	2.14	0
5000	274	70	300	4	25	44	85593	1	0	14	14	1	1.04	0.11	0.95	0
5000	340	70	300	4	25	44	776819	1	0	12	12	1	17.96	0.63	1.57	0
5000	364	70	300	4	25	44	45693	1	0	16	16	1	0.86	0.05	0.93	0
5000	534	70	300	4	25	44	262641	1	0	14	14	1	4.48	0.35	2.55	0
5000	647	70	300	4	25	44	164359	1	0	12	12	1	2.62	0.22	1.26	0
5000	650	70	300	4	25	44	228155	1	0	14	14	1	1.59	0.28	1.2	0
5000	672	70	300	4	25	44	374279	1	0	11	11	1	5.92	0.69	3.81	0
5000	700	70	300	4	25	44	93815	1	0	14	14	1	1.15	0.1	0.91	0
5000	704	70	300	4	25	44	66101	1	0	12	12	1	0.98	0.1	0.85	0
5000	718	70	300	4	25	44	156339	1	0	9	9	1	1.88	0.21	3.52	0
5000	769	70	300	4	25	44	37642	1	0	15	15	1	0.44	0.06	0.31	0
5000	777	70	300	4	25	44	317593	1	0	12	12	1	4.36	0.39	2.73	0
5000	824	70	300	4	25	44	40532	1	0	18	18	1	0.81	0.04	0.32	0
5000	858	70	300	4	25	44	235328	1	0	17	17	1	1.51	0.23	0.84	0
5000	868	70	300	4	25	44	215222	1	0	9	9	1	4.08	0.43	1.59	0
