6000	219	40	300	4	25	17	741	1	0	6	6	1	0	0	0.01	0
6000	312	40	300	4	25	17	1799	1	0	6	6	1	0.01	0	0.02	0
6000	997	40	300	4	25	17	1735	1	0	6	6	1	0.01	0	0.02	0
6000	568	50	300	4	25	17	2853	1	0	4	4	1	0.01	0.01	0.03	0
6000	601	50	300	4	25	17	527	1	0	6	6	1	0	0	0	0
6000	758	50	300	4	25	17	1511	1	0	5	5	1	0	0	0.01	0
6000	941	50	300	4	25	17	403	1	0	8	8	1	0	0	0	0
6000	960	50	300	4	25	17	2332	1	0	4	4	1	0.01	0	0.03	0
6000	969	50	300	4	25	17	864	1	0	5	5	1	0	0	0.01	0
6000	213	60	300	4	25	17	755	1	0	5	5	1	0	0	0.02	0
6000	232	60	300	4	25	17	3852	1	0	4	4	1	0.02	0	0.04	0
6000	307	60	300	4	25	17	3899	1	0	4	4	1	0.02	0	0.05	0
6000	554	60	300	4	25	17	2631	1	0	5	5	1	0.01	0	0.03	0
6000	609	60	300	4	25	17	2315	1	0	5	5	1	0.01	0	0.02	0
