8000	712	70	300	4	25	27	213396	1	0	5	5	1	2	0.46	0.98	0
8000	717	70	300	4	25	27	47198	1	0	7	7	1	0.54	0.04	0.37	0
8000	836	70	300	4	25	27	6248	1	0	9	9	1	0.04	0.01	0.06	0
8000	917	70	300	4	25	27	109607	1	0	8	8	1	0.59	0.13	10.74	0
8000	13	80	300	4	25	27	15044	1	0	7	7	1	0.13	0.02	0.13	0
8000	44	80	300	4	25	27	193513	1	0	5	5	1	1.51	0.32	1.89	0
8000	87	80	300	4	25	27	275738	1	0	6	6	1	2	0.34	25.48	0
8000	89	80	300	4	25	27	20846	1	0	10	10	1	0.13	0.04	0.16	0
8000	158	80	300	4	25	27	86529	1	0	7	7	1	0.57	0.1	1.31	0
8000	355	80	300	4	25	27	48121	1	0	5	5	1	0.41	0.06	0.46	0
8000	20	90	300	4	25	27	13376	1	0	8	8	1	0.1	0.01	0.1	0
8000	57	90	300	4	25	27	111585	1	0	5	5	1	1.1	0.12	3.53	0
8000	82	90	300	4	25	27	165361	1	0	5	5	1	1.3	0.21	0.88	0
8000	92	90	300	4	25	27	152063	1	0	7	7	1	1.17	0.14	14.69	0
8000	119	90	300	4	25	27	36998	1	0	7	7	1	0.41	0.04	0.3	0
8000	194	90	300	4	25	27	31340	1	0	8	8	1	0.19	0.04	0.28	0
8000	200	90	300	4	25	27	97367	1	0	6	6	1	1.07	0.1	0.87	0
8000	266	90	300	4	25	27	295591	1	0	5	5	1	2.13	0.48	12.05	0
8000	270	90	300	4	25	27	20659	1	0	7	7	1	0.15	0.03	0.16	0
8000	323	90	300	4	25	27	19896	1	0	7	7	1	0.15	0.02	0.17	0
8000	337	90	300	4	25	27	23434	1	0	6	6	1	0.18	0.04	0.18	0
8000	341	90	300	4	25	27	136058	1	0	6	6	1	1.68	0.16	1.19	0
8000	365	90	300	4	25	27	353317	1	0	5	5	1	3.67	0.31	1.53	0
8000	385	90	300	4	25	27	47445	1	0	9	9	1	0.76	0.05	0.37	0
8000	56	100	300	4	25	27	181674	1	0	6	6	1	2.05	0.28	1.67	0
8000	69	100	300	4	25	27	196563	1	0	5	5	1	1.82	0.4	9.36	0
8000	90	100	300	4	25	27	33455	1	0	7	7	1	0.25	0.04	0.3	0
8000	136	100	300	4	25	27	134441	1	0	5	5	1	0.93	0.22	7.9	0
8000	177	100	300	4	25	27	137670	1	0	6	6	1	1.22	0.22	2.14	0
8000	187	100	300	4	25	27	161703	1	0	6	6	1	1.74	0.22	0.81	0
8000	261	100	300	4	25	27	112172	1	0	7	7	1	1.37	0.1	1	0
8000	275	100	300	4	25	27	11483	1	0	7	7	1	0.09	0.02	0.1	0
8000	303	100	300	4	25	27	866949	1	0	5	5	1	9.36	0.76	3.44	0
8000	360	100	300	4	25	27	58940	1	0	6	6	1	0.64	0.06	0.5	0
8000	378	100	300	4	25	27	345675	1	0	6	6	1	4.27	0.32	1.45	0
8000	425	100	300	4	25	27	29932	1	0	9	9	1	0.23	0.04	2.57	0
8000	483	100	300	4	25	27	215373	1	0	5	5	1	2.79	0.29	0.99	0
8000	487	100	300	4	25	27	79445	1	0	5	5	1	0.5	0.1	2.82	0
8000	514	100	300	4	25	27	72520	1	0	5	5	1	0.44	0.1	2.52	0
8000	552	100	300	4	25	27	5675	1	0	11	11	1	0.04	0	0.04	0
8000	570	100	300	4	25	27	84304	1	0	5	5	1	0.74	0.09	0.63	0
8000	669	100	300	4	25	27	62283	1	0	6	6	1	0.5	0.07	0.43	0
8000	720	100	300	4	25	27	20179	1	0	6	6	1	0.2	0.02	0.13	0
8000	779	100	300	4	25	27	47005	1	0	8	8	1	0.32	0.05	0.29	0
8000	804	100	300	4	25	27	225409	1	0	6	6	1	1.9	0.34	8.61	0
8000	805	100	300	4	25	27	177107	1	0	6	6	1	2.21	0.2	13.9	0
8000	823	100	300	4	25	27	248650	1	0	6	6	1	3.67	0.23	9.71	0
8000	855	100	300	4	25	27	131266	1	0	7	7	1	1.13	0.19	1.44	0
8000	866	100	300	4	25	27	34403	1	0	6	6	1	0.33	0.04	0.24	0
8000	939	100	300	4	25	27	75685	1	0	7	7	1	0.79	0.06	0.51	0
