1000	1	10	300	4	25	20	20	1.30103	2	0	0	20	0.05	20	0.05	1	0	0	0	0	0	0
1000	2	10	300	4	25	12	13	1.11394	2	0	0	11	0.0909091	11	0.0909091	1	0	0	0	0	0	0
1000	3	10	300	4	25	13	13	1.11394	2	0	0	13	0.0769231	13	0.0769231	1	0	0	0	0	0	0
1000	4	10	300	4	25	13	23	1.36173	2	0	0	10	0.1	10	0.1	1	0	0	0	0	0	0
1000	5	10	300	4	25	19	22	1.34242	2	0	0	18	0.0555556	18	0.0555556	1	0	0	0	0	0	0
1000	6	10	300	4	25	15	18	1.25527	2	0	0	13	0.0769231	13	0.0769231	1	0	0	0	0	0	0
1000	7	10	300	4	25	17	17	1.23045	2	0	0	17	0.0588235	17	0.0588235	1	0	0	0	0	0	0
1000	8	10	300	4	25	12	12	1.07918	2	0	0	12	0.0833333	12	0.0833333	1	0	0	0	0	0	0
1000	9	10	300	4	25	12	19	1.27875	2	0	0	10	0.1	10	0.1	1	0	0	0	0	0	0
1000	10	10	300	4	25	10	10	1	2	0	0	10	0.1	10	0.1	1	0	0	0	0	0	0
1000	11	10	300	4	25	15	19	1.27875	2	0	0	13	0.0769231	13	0.0769231	1	0	0	0	0	0	0
1000	12	10	300	4	25	9	10	1	2	0	0	8	0.125	8	0.125	1	0	0	0	0	0	0
1000	13	10	300	4	25	6	18	1.25527	2	0	0	3	0.333333	3	0.333333	1	0	0	0	0	0	0
1000	14	10	300	4	25	13	16	1.20412	2	0	0	12	0.0833333	12	0.0833333	1	0	0	0	0	0	0
1000	15	10	300	4	25	15	20	1.30103	2	0	0	13	0.0769231	13	0.0769231	1	0	0	0	0	0	0
1000	16	10	300	4	25	15	15	1.17609	2	0	0	15	0.0666667	15	0.0666667	1	0	0	0	0	0	0
1000	17	10	300	4	25	13	13	1.11394	2	0	0	13	0.0769231	13	0.0769231	1	0	0	0	0	0	0
1000	18	10	300	4	25	12	24	1.38021	2	0	0	10	0.1	10	0.1	1	0	0	0	0	0	0
1000	19	10	300	4	25	15	15	1.17609	2	0	0	15	0.0666667	15	0.0666667	1	0	0	0	0	0	0
1000	20	10	300	4	25	16	18	1.25527	2	0	0	15	0.0666667	15	0.0666667	1	0	0	0	0	0	0
1000	21	10	300	4	25	21	26	1.41497	2	0	0	19	0.0526316	19	0.0526316	1	0	0	0	0	0	0
1000	22	10	300	4	25	17	17	1.23045	2	0	0	17	0.0588235	17	0.0588235	1	0	0	0	0	0	0
1000	23	10	300	4	25	20	20	1.30103	2	0	0	20	0.05	20	0.05	1	0	0	0	0	0	0
1000	24	10	300	4	25	18	24	1.38021	2	0	0	17	0.0588235	17	0.0588235	1	0	0	0	0	0	0
1000	25	10	300	4	25	10	14	1.14613	2	0	0	8	0.125	8	0.125	1	0	0	0	0	0	0
1000	26	10	300	4	25	22	24	1.38021	2	0	0	21	0.047619	21	0.047619	1	0	0	0	0	0	0
1000	27	10	300	4	25	27	35	1.54407	2	0	0	25	0.04	25	0.04	1	0	0	0	0	0	0
1000	28	10	300	4	25	9	10	1	2	0	0	8	0.125	8	0.125	1	0	0	0	0	0	0
1000	29	10	300	4	25	16	18	1.25527	2	0	0	15	0.0666667	15	0.0666667	1	0	0	0	0	0	0
1000	31	10	300	4	25	14	16	1.20412	2	0	0	13	0.0769231	13	0.0769231	1	0	0	0	0	0	0
1000	32	10	300	4	25	12	13	1.11394	2	0	0	11	0.0909091	11	0.0909091	1	0	0	0	0	0	0
1000	33	10	300	4	25	21	21	1.32222	2	0	0	21	0.047619	21	0.047619	1	0	0	0	0	0	0
1000	34	10	300	4	25	11	16	1.20412	2	0	0	10	0.1	10	0.1	1	0	0	0	0	0	0
1000	35	10	300	4	25	12	19	1.27875	2	0	0	9	0.111111	9	0.111111	1	0	0	0	0	0	0
1000	36	10	300	4	25	20	20	1.30103	2	0	0	20	0.05	20	0.05	1	0	0	0	0	0	0
1000	37	10	300	4	25	24	28	1.44716	2	0	0	23	0.0434783	23	0.0434783	1	0	0	0	0	0	0
1000	38	10	300	4	25	24	25	1.39794	2	0	0	23	0.0434783	23	0.0434783	1	0	0	0	0	0	0
1000	39	10	300	4	25	23	23	1.36173	2	0	0	23	0.0434783	23	0.0434783	1	0	0	0	0	0	0
1000	40	10	300	4	25	10	12	1.07918	2	0	0	9	0.111111	9	0.111111	1	0	0	0	0	0	0
1000	41	10	300	4	25	16	20	1.30103	2	0	0	15	0.0666667	15	0.0666667	1	0	0	0	0	0	0
1000	42	10	300	4	25	16	18	1.25527	2	0	0	15	0.0666667	15	0.0666667	1	0	0	0	0	0	0
1000	43	10	300	4	25	11	13	1.11394	2	0	0	10	0.1	10	0.1	1	0	0	0	0	0	0
1000	44	10	300	4	25	11	11	1.04139	2	0	0	11	0.0909091	11	0.0909091	1	0	0	0	0	0	0
1000	45	10	300	4	25	16	23	1.36173	2	0	0	13	0.0769231	13	0.0769231	1	0	0	0	0	0	0
1000	48	10	300	4	25	11	11	1.04139	2	0	0	11	0.0909091	11	0.0909091	1	0	0	0	0	0	0
1000	49	10	300	4	25	14	14	1.14613	2	0	0	14	0.0714286	14	0.0714286	1	0	0	0	0	0	0
1000	50	10	300	4	25	14	16	1.20412	2	0	0	13	0.0769231	13	0.0769231	1	0	0	0	0	0	0
1000	51	10	300	4	25	10	14	1.14613	2	0	0	9	0.111111	9	0.111111	1	0	0	0	0	0	0
1000	53	10	300	4	25	12	15	1.17609	2	0	0	11	0.0909091	11	0.0909091	1	0	0	0	0	0	0
1000	54	10	300	4	25	35	35	1.54407	2	0	0	35	0.0285714	35	0.0285714	1	0	0	0	0	0	0
1000	55	10	300	4	25	9	11	1.04139	2	0	0	8	0.125	8	0.125	1	0	0	0	0	0	0
1000	56	10	300	4	25	17	17	1.23045	2	0	0	17	0.0588235	17	0.0588235	1	0	0	0	0	0	0
1000	57	10	300	4	25	17	21	1.32222	2	0	0	16	0.0625	16	0.0625	1	0	0	0	0	0	0
1000	58	10	300	4	25	14	14	1.14613	2	0	0	14	0.0714286	14	0.0714286	1	0	0	0	0	0	0
1000	59	10	300	4	25	20	21	1.32222	2	0	0	19	0.0526316	19	0.0526316	1	0	0	0	0	0	0
1000	60	10	300	4	25	12	12	1.07918	2	0	0	12	0.0833333	12	0.0833333	1	0	0	0	0	0	0
1000	61	10	300	4	25	15	23	1.36173	2	0	0	13	0.0769231	13	0.0769231	1	0	0	0	0	0	0
1000	62	10	300	4	25	26	35	1.54407	2	0	0	24	0.0416667	24	0.0416667	1	0	0	0	0	0	0
1000	63	10	300	4	25	16	17	1.23045	2	0	0	15	0.0666667	15	0.0666667	1	0	0	0	0	0	0
1000	64	10	300	4	25	22	38	1.57978	2	0	0	19	0.0526316	19	0.0526316	1	0	0	0	0	0	0
1000	65	10	300	4	25	19	20	1.30103	2	0	0	18	0.0555556	18	0.0555556	1	0	0	0	0	0	0
1000	66	10	300	4	25	9	13	1.11394	2	0	0	8	0.125	8	0.125	1	0	0	0	0	0	0
1000	67	10	300	4	25	29	29	1.4624	2	0	0	29	0.0344828	29	0.0344828	1	0	0	0	0	0	0
1000	68	10	300	4	25	13	15	1.17609	2	0	0	12	0.0833333	12	0.0833333	1	0	0	0	0	0	0
1000	69	10	300	4	25	10	26	1.41497	2	0	0	6	0.166667	6	0.166667	1	0	0	0	0	0	0
1000	70	10	300	4	25	16	16	1.20412	2	0	0	16	0.0625	16	0.0625	1	0	0	0	0	0	0
1000	71	10	300	4	25	10	12	1.07918	2	0	0	9	0.111111	9	0.111111	1	0	0	0	0	0	0
1000	73	10	300	4	25	11	21	1.32222	2	0	0	8	0.125	8	0.125	1	0	0	0	0	0	0
1000	74	10	300	4	25	14	17	1.23045	2	0	0	12	0.0833333	12	0.0833333	1	0	0	0	0	0	0
1000	75	10	300	4	25	27	27	1.43136	2	0	0	27	0.037037	27	0.037037	1	0	0	0	0	0	0
1000	76	10	300	4	25	22	40	1.60206	2	0	0	18	0.0555556	18	0.0555556	1	0	0	0	0	0	0
1000	77	10	300	4	25	14	14	1.14613	2	0	0	14	0.0714286	14	0.0714286	1	0	0	0	0	0	0
1000	78	10	300	4	25	13	18	1.25527	2	0	0	12	0.0833333	12	0.0833333	1	0	0	0	0	0	0
1000	79	10	300	4	25	23	27	1.43136	2	0	0	22	0.0454545	22	0.0454545	1	0	0	0	0	0	0
1000	80	10	300	4	25	20	26	1.41497	2	0	0	18	0.0555556	18	0.0555556	1	0	0	0	0	0	0
1000	81	10	300	4	25	13	15	1.17609	2	0	0	12	0.0833333	12	0.0833333	1	0	0	0	0	0	0
1000	82	10	300	4	25	11	11	1.04139	2	0	0	11	0.0909091	11	0.0909091	1	0	0	0	0	0	0
1000	83	10	300	4	25	31	31	1.49136	2	0	0	31	0.0322581	31	0.0322581	1	0	0	0	0	0	0
1000	84	10	300	4	25	11	20	1.30103	2	0	0	8	0.125	8	0.125	1	0	0	0	0	0	0
1000	85	10	300	4	25	18	18	1.25527	2	0	0	18	0.0555556	18	0.0555556	1	0	0	0	0	0	0
1000	86	10	300	4	25	18	22	1.34242	2	0	0	16	0.0625	16	0.0625	1	0	0	0	0	0	0
1000	87	10	300	4	25	12	21	1.32222	2	0	0	9	0.111111	9	0.111111	1	0	0	0	0	0	0
1000	88	10	300	4	25	11	15	1.17609	2	0	0	9	0.111111	9	0.111111	1	0	0	0	0	0	0
1000	89	10	300	4	25	11	11	1.04139	2	0	0	11	0.0909091	11	0.0909091	1	0	0	0	0	0	0
1000	90	10	300	4	25	12	14	1.14613	2	0	0	11	0.0909091	11	0.0909091	1	0	0	0	0	0	0
1000	91	10	300	4	25	16	18	1.25527	2	0	0	15	0.0666667	15	0.0666667	1	0	0	0	0	0	0
1000	92	10	300	4	25	23	41	1.61278	2	0	0	21	0.047619	21	0.047619	1	0	0	0	0	0	0
1000	93	10	300	4	25	13	17	1.23045	2	0	0	11	0.0909091	11	0.0909091	1	0	0	0	0	0	0
1000	94	10	300	4	25	9	14	1.14613	2	0	0	8	0.125	8	0.125	1	0	0	0	0	0	0
1000	95	10	300	4	25	18	21	1.32222	2	0	0	17	0.0588235	17	0.0588235	1	0	0	0	0	0	0
1000	96	10	300	4	25	11	15	1.17609	2	0	0	9	0.111111	9	0.111111	1	0	0	0	0	0	0
1000	97	10	300	4	25	11	12	1.07918	2	0	0	10	0.1	10	0.1	1	0	0	0	0	0	0
1000	98	10	300	4	25	20	21	1.32222	2	0	0	19	0.0526316	19	0.0526316	1	0	0	0	0	0	0
1000	99	10	300	4	25	12	12	1.07918	2	0	0	12	0.0833333	12	0.0833333	1	0	0	0	0	0	0
1000	100	10	300	4	25	23	23	1.36173	2	0	0	23	0.0434783	23	0.0434783	1	0	0	0	0	0	0
1000	101	10	300	4	25	9	10	1	2	0	0	8	0.125	8	0.125	1	0	0	0	0	0	0
1000	103	10	300	4	25	17	17	1.23045	2	0	0	17	0.0588235	17	0.0588235	1	0	0	0	0	0	0
1000	105	10	300	4	25	13	14	1.14613	2	0	0	12	0.0833333	12	0.0833333	1	0	0	0	0	0	0
1000	106	10	300	4	25	26	34	1.53148	2	0	0	24	0.0416667	24	0.0416667	1	0	0	0	0	0	0
1000	107	10	300	4	25	21	23	1.36173	2	0	0	20	0.05	20	0.05	1	0	0	0	0	0	0
1000	108	10	300	4	25	16	20	1.30103	2	0	0	15	0.0666667	15	0.0666667	1	0	0	0	0	0	0
1000	109	10	300	4	25	15	18	1.25527	2	0	0	14	0.0714286	14	0.0714286	1	0	0	0	0	0	0
1000	110	10	300	4	25	23	23	1.36173	2	0	0	23	0.0434783	23	0.0434783	1	0	0	0	0	0	0
1000	111	10	300	4	25	10	38	1.57978	2	0	0	5	0.2	5	0.2	1	0	0	0	0	0	0
1000	112	10	300	4	25	12	12	1.07918	2	0	0	12	0.0833333	12	0.0833333	1	0	0	0	0	0	0
1000	113	10	300	4	25	13	13	1.11394	2	0	0	13	0.0769231	13	0.0769231	1	0	0	0	0	0	0
1000	114	10	300	4	25	14	14	1.14613	2	0	0	14	0.0714286	14	0.0714286	1	0	0	0	0	0	0
1000	115	10	300	4	25	24	25	1.39794	2	0	0	23	0.0434783	23	0.0434783	1	0	0	0	0	0	0
1000	116	10	300	4	25	13	13	1.11394	2	0	0	13	0.0769231	13	0.0769231	1	0	0	0	0	0	0
1000	117	10	300	4	25	14	14	1.14613	2	0	0	14	0.0714286	14	0.0714286	1	0	0	0	0	0	0
1000	118	10	300	4	25	18	20	1.30103	2	0	0	17	0.0588235	17	0.0588235	1	0	0	0	0	0	0
1000	119	10	300	4	25	12	14	1.14613	2	0	0	11	0.0909091	11	0.0909091	1	0	0	0	0	0	0
1000	120	10	300	4	25	11	17	1.23045	2	0	0	9	0.111111	9	0.111111	1	0	0	0	0	0	0
1000	121	10	300	4	25	14	28	1.44716	2	0	0	11	0.0909091	11	0.0909091	1	0	0	0	0	0	0
1000	122	10	300	4	25	21	21	1.32222	2	0	0	21	0.047619	21	0.047619	1	0	0	0	0	0	0
1000	123	10	300	4	25	19	25	1.39794	2	0	0	17	0.0588235	17	0.0588235	1	0	0	0	0	0	0
1000	124	10	300	4	25	22	22	1.34242	2	0	0	22	0.0454545	22	0.0454545	1	0	0	0	0	0	0
1000	125	10	300	4	25	14	15	1.17609	2	0	0	13	0.0769231	13	0.0769231	1	0	0	0	0	0	0
1000	126	10	300	4	25	12	14	1.14613	2	0	0	11	0.0909091	11	0.0909091	1	0	0	0	0	0	0
1000	127	10	300	4	25	13	14	1.14613	2	0	0	12	0.0833333	12	0.0833333	1	0	0	0	0	0	0
1000	128	10	300	4	25	20	28	1.44716	2	0	0	18	0.0555556	18	0.0555556	1	0	0	0	0	0	0
1000	129	10	300	4	25	12	12	1.07918	2	0	0	12	0.0833333	12	0.0833333	1	0	0	0	0	0	0
1000	130	10	300	4	25	13	13	1.11394	2	0	0	13	0.0769231	13	0.0769231	1	0	0	0	0	0	0
1000	131	10	300	4	25	19	22	1.34242	2	0	0	18	0.0555556	18	0.0555556	1	0	0	0	0	0	0
1000	132	10	300	4	25	15	26	1.41497	2	0	0	12	0.0833333	12	0.0833333	1	0	0	0	0	0	0
1000	133	10	300	4	25	12	13	1.11394	2	0	0	11	0.0909091	11	0.0909091	1	0	0	0	0	0	0
1000	134	10	300	4	25	11	13	1.11394	2	0	0	10	0.1	10	0.1	1	0	0	0	0	0	0
1000	135	10	300	4	25	13	33	1.51851	2	0	0	9	0.111111	9	0.111111	1	0	0	0	0	0	0
1000	136	10	300	4	25	17	17	1.23045	2	0	0	17	0.0588235	17	0.0588235	1	0	0	0	0	0	0
1000	137	10	300	4	25	23	24	1.38021	2	0	0	22	0.0454545	22	0.0454545	1	0	0	0	0	0	0
1000	138	10	300	4	25	18	19	1.27875	2	0	0	17	0.0588235	17	0.0588235	1	0	0	0	0	0	0
1000	139	10	300	4	25	16	16	1.20412	2	0	0	16	0.0625	16	0.0625	1	0.01	-2	0	0	0	0
1000	140	10	300	4	25	14	14	1.14613	2	0	0	14	0.0714286	14	0.0714286	1	0	0	0	0	0	0
1000	141	10	300	4	25	10	11	1.04139	2	0	0	9	0.111111	9	0.111111	1	0	0	0	0	0	0
1000	142	10	300	4	25	21	21	1.32222	2	0	0	21	0.047619	21	0.047619	1	0	0	0	0	0	0
1000	143	10	300	4	25	21	21	1.32222	2	0	0	21	0.047619	21	0.047619	1	0	0	0	0	0	0
1000	144	10	300	4	25	11	13	1.11394	2	0	0	10	0.1	10	0.1	1	0	0	0	0	0	0
1000	145	10	300	4	25	13	17	1.23045	2	0	0	12	0.0833333	12	0.0833333	1	0	0	0	0	0	0
1000	146	10	300	4	25	20	27	1.43136	2	0	0	19	0.0526316	19	0.0526316	1	0	0	0	0	0	0
1000	147	10	300	4	25	19	22	1.34242	2	0	0	17	0.0588235	17	0.0588235	1	0	0	0	0	0	0
1000	148	10	300	4	25	15	20	1.30103	2	0	0	14	0.0714286	14	0.0714286	1	0	0	0	0	0	0
1000	149	10	300	4	25	11	13	1.11394	2	0	0	10	0.1	10	0.1	1	0	0	0	0	0	0
1000	150	10	300	4	25	20	32	1.50515	2	0	0	16	0.0625	16	0.0625	1	0	0	0	0	0	0
1000	151	10	300	4	25	14	21	1.32222	2	0	0	12	0.0833333	12	0.0833333	1	0	0	0	0	0	0
1000	152	10	300	4	25	12	13	1.11394	2	0	0	11	0.0909091	11	0.0909091	1	0	0	0	0	0	0
1000	153	10	300	4	25	10	11	1.04139	2	0	0	9	0.111111	9	0.111111	1	0	0	0	0	0	0
1000	154	10	300	4	25	22	29	1.4624	2	0	0	20	0.05	20	0.05	1	0	0	0	0	0	0
1000	155	10	300	4	25	7	11	1.04139	2	0	0	5	0.2	5	0.2	1	0	0	0	0	0	0
1000	156	10	300	4	25	13	15	1.17609	2	0	0	12	0.0833333	12	0.0833333	1	0	0	0	0	0	0
1000	157	10	300	4	25	19	20	1.30103	2	0	0	18	0.0555556	18	0.0555556	1	0	0	0	0	0	0
1000	158	10	300	4	25	10	14	1.14613	2	0	0	8	0.125	8	0.125	1	0	0	0	0	0	0
1000	159	10	300	4	25	20	20	1.30103	2	0	0	20	0.05	20	0.05	1	0	0	0	0	0	0
1000	160	10	300	4	25	11	11	1.04139	2	0	0	11	0.0909091	11	0.0909091	1	0	0	0	0	0	0
1000	162	10	300	4	25	12	12	1.07918	2	0	0	12	0.0833333	12	0.0833333	1	0	0	0	0	0	0
1000	163	10	300	4	25	12	13	1.11394	2	0	0	11	0.0909091	11	0.0909091	1	0	0	0	0	0	0
1000	164	10	300	4	25	14	20	1.30103	2	0	0	12	0.0833333	12	0.0833333	1	0	0	0	0	0	0
1000	165	10	300	4	25	11	11	1.04139	2	0	0	11	0.0909091	11	0.0909091	1	0	0	0	0	0	0
1000	166	10	300	4	25	12	12	1.07918	2	0	0	12	0.0833333	12	0.0833333	1	0	0	0	0	0	0
1000	167	10	300	4	25	18	18	1.25527	2	0	0	18	0.0555556	18	0.0555556	1	0	0	0	0	0	0
1000	168	10	300	4	25	12	12	1.07918	2	0	0	12	0.0833333	12	0.0833333	1	0	0	0	0	0	0
1000	169	10	300	4	25	13	13	1.11394	2	0	0	13	0.0769231	13	0.0769231	1	0	0	0	0	0	0
1000	170	10	300	4	25	12	15	1.17609	2	0	0	10	0.1	10	0.1	1	0	0	0	0	0	0
1000	171	10	300	4	25	17	17	1.23045	2	0	0	17	0.0588235	17	0.0588235	1	0	0	0	0	0	0
1000	173	10	300	4	25	24	25	1.39794	2	0	0	23	0.0434783	23	0.0434783	1	0	0	0	0	0	0
1000	174	10	300	4	25	16	18	1.25527	2	0	0	15	0.0666667	15	0.0666667	1	0	0	0	0	0	0
1000	175	10	300	4	25	10	16	1.20412	2	0	0	8	0.125	8	0.125	1	0	0	0	0	0	0
1000	176	10	300	4	25	11	19	1.27875	2	0	0	9	0.111111	9	0.111111	1	0	0	0	0	0	0
1000	177	10	300	4	25	18	21	1.32222	2	0	0	17	0.0588235	17	0.0588235	1	0	0	0	0	0	0
1000	178	10	300	4	25	15	17	1.23045	2	0	0	14	0.0714286	14	0.0714286	1	0	0	0	0	0	0
1000	179	10	300	4	25	23	25	1.39794	2	0	0	22	0.0454545	22	0.0454545	1	0	0	0	0	0	0
1000	180	10	300	4	25	11	14	1.14613	2	0	0	10	0.1	10	0.1	1	0	0	0	0	0	0
1000	181	10	300	4	25	22	38	1.57978	2	0	0	19	0.0526316	19	0.0526316	1	0	0	0	0	0	0
1000	182	10	300	4	25	15	24	1.38021	2	0	0	13	0.0769231	13	0.0769231	1	0	0	0	0	0	0
1000	183	10	300	4	25	16	16	1.20412	2	0	0	16	0.0625	16	0.0625	1	0	0	0	0	0	0
1000	184	10	300	4	25	13	16	1.20412	2	0	0	12	0.0833333	12	0.0833333	1	0	0	0	0	0	0
1000	185	10	300	4	25	17	18	1.25527	2	0	0	16	0.0625	16	0.0625	1	0	0	0	0	0	0
1000	186	10	300	4	25	18	23	1.36173	2	0	0	16	0.0625	16	0.0625	1	0	0	0	0	0	0
1000	188	10	300	4	25	13	14	1.14613	2	0	0	12	0.0833333	12	0.0833333	1	0	0	0	0	0	0
1000	189	10	300	4	25	11	11	1.04139	2	0	0	11	0.0909091	11	0.0909091	1	0	0	0	0	0	0
1000	190	10	300	4	25	17	22	1.34242	2	0	0	16	0.0625	16	0.0625	1	0	0	0	0	0	0
1000	191	10	300	4	25	15	25	1.39794	2	0	0	13	0.0769231	13	0.0769231	1	0	0	0	0	0	0
1000	192	10	300	4	25	28	28	1.44716	2	0	0	28	0.0357143	28	0.0357143	1	0	0	0	0	0	0
1000	193	10	300	4	25	16	41	1.61278	2	0	0	12	0.0833333	12	0.0833333	1	0	0	0	0	0	0
1000	194	10	300	4	25	14	16	1.20412	2	0	0	13	0.0769231	13	0.0769231	1	0	0	0	0	0	0
1000	195	10	300	4	25	7	13	1.11394	2	0	0	5	0.2	5	0.2	1	0	0	0	0	0	0
1000	196	10	300	4	25	27	29	1.4624	2	0	0	26	0.0384615	26	0.0384615	1	0	0	0	0	0	0
1000	197	10	300	4	25	23	23	1.36173	2	0	0	23	0.0434783	23	0.0434783	1	0	0	0	0	0	0
1000	198	10	300	4	25	17	32	1.50515	2	0	0	14	0.0714286	14	0.0714286	1	0	0	0	0	0	0
1000	199	10	300	4	25	14	17	1.23045	2	0	0	12	0.0833333	12	0.0833333	1	0	0	0	0	0	0
1000	200	10	300	4	25	11	11	1.04139	2	0	0	11	0.0909091	11	0.0909091	1	0	0	0	0	0	0
1000	201	10	300	4	25	16	16	1.20412	2	0	0	16	0.0625	16	0.0625	1	0	0	0	0	0	0
1000	202	10	300	4	25	13	13	1.11394	2	0	0	13	0.0769231	13	0.0769231	1	0	0	0	0	0	0
1000	203	10	300	4	25	16	21	1.32222	2	0	0	14	0.0714286	14	0.0714286	1	0	0	0	0	0	0
1000	204	10	300	4	25	13	13	1.11394	2	0	0	13	0.0769231	13	0.0769231	1	0	0	0	0	0	0
1000	206	10	300	4	25	12	25	1.39794	2	0	0	10	0.1	10	0.1	1	0	0	0	0	0	0
1000	207	10	300	4	25	20	29	1.4624	2	0	0	18	0.0555556	18	0.0555556	1	0	0	0	0	0	0
1000	208	10	300	4	25	16	16	1.20412	2	0	0	16	0.0625	16	0.0625	1	0	0	0	0	0	0
1000	209	10	300	4	25	15	24	1.38021	2	0	0	12	0.0833333	12	0.0833333	1	0	0	0	0	0	0
1000	210	10	300	4	25	15	18	1.25527	2	0	0	13	0.0769231	13	0.0769231	1	0	0	0	0	0	0
1000	211	10	300	4	25	13	13	1.11394	2	0	0	13	0.0769231	13	0.0769231	1	0	0	0	0	0	0
1000	212	10	300	4	25	16	20	1.30103	2	0	0	13	0.0769231	13	0.0769231	1	0	0	0	0	0	0
1000	213	10	300	4	25	17	19	1.27875	2	0	0	16	0.0625	16	0.0625	1	0	0	0	0	0	0
1000	214	10	300	4	25	19	24	1.38021	2	0	0	18	0.0555556	18	0.0555556	1	0	0	0	0	0	0
1000	215	10	300	4	25	17	24	1.38021	2	0	0	16	0.0625	16	0.0625	1	0	0	0	0	0	0
1000	216	10	300	4	25	26	26	1.41497	2	0	0	26	0.0384615	26	0.0384615	1	0	0	0	0	0	0
1000	217	10	300	4	25	15	21	1.32222	2	0	0	13	0.0769231	13	0.0769231	1	0	0	0	0	0	0
1000	218	10	300	4	25	21	30	1.47712	2	0	0	19	0.0526316	19	0.0526316	1	0	0	0	0	0	0
1000	219	10	300	4	25	14	22	1.34242	2	0	0	13	0.0769231	13	0.0769231	1	0	0	0	0	0	0
1000	220	10	300	4	25	11	11	1.04139	2	0	0	11	0.0909091	11	0.0909091	1	0	0	0	0	0	0
1000	221	10	300	4	25	17	32	1.50515	2	0	0	15	0.0666667	15	0.0666667	1	0	0	0	0	0	0
1000	222	10	300	4	25	20	27	1.43136	2	0	0	18	0.0555556	18	0.0555556	1	0	0	0	0	0	0
1000	223	10	300	4	25	16	16	1.20412	2	0	0	16	0.0625	16	0.0625	1	0	0	0	0	0	0
1000	224	10	300	4	25	11	12	1.07918	2	0	0	10	0.1	10	0.1	1	0	0	0	0	0	0
1000	225	10	300	4	25	14	14	1.14613	2	0	0	14	0.0714286	14	0.0714286	1	0	0	0	0	0	0
1000	226	10	300	4	25	9	16	1.20412	2	1	1	6.5	0.153846	7	0.142857	0.928571	0	0	0	0	0	0
1000	227	10	300	4	25	15	17	1.23045	2	0	0	14	0.0714286	14	0.0714286	1	0	0	0	0	0	0
1000	228	10	300	4	25	13	13	1.11394	2	0	0	13	0.0769231	13	0.0769231	1	0	0	0	0	0	0
1000	230	10	300	4	25	18	18	1.25527	2	0	0	18	0.0555556	18	0.0555556	1	0	0	0	0	0	0
1000	231	10	300	4	25	11	28	1.44716	2	0	0	8	0.125	8	0.125	1	0	0	0	0	0	0
1000	232	10	300	4	25	16	19	1.27875	2	0	0	15	0.0666667	15	0.0666667	1	0	0	0	0	0	0
1000	233	10	300	4	25	14	17	1.23045	2	0	0	13	0.0769231	13	0.0769231	1	0	0	0	0	0	0
1000	234	10	300	4	25	27	27	1.43136	2	0	0	27	0.037037	27	0.037037	1	0	0	0	0	0	0
1000	235	10	300	4	25	12	20	1.30103	2	0	0	10	0.1	10	0.1	1	0	0	0	0	0	0
1000	236	10	300	4	25	14	14	1.14613	2	0	0	14	0.0714286	14	0.0714286	1	0	0	0	0	0	0
1000	237	10	300	4	25	16	18	1.25527	2	0	0	15	0.0666667	15	0.0666667	1	0	0	0	0	0	0
1000	238	10	300	4	25	19	23	1.36173	2	0	0	17	0.0588235	17	0.0588235	1	0	0	0	0	0	0
1000	239	10	300	4	25	16	18	1.25527	2	0	0	15	0.0666667	15	0.0666667	1	0	0	0	0	0	0
1000	240	10	300	4	25	18	21	1.32222	2	0	0	17	0.0588235	17	0.0588235	1	0	0	0	0	0	0
1000	241	10	300	4	25	23	24	1.38021	2	0	0	22	0.0454545	22	0.0454545	1	0	0	0	0	0	0
1000	242	10	300	4	25	19	31	1.49136	2	0	0	17	0.0588235	17	0.0588235	1	0	0	0	0	0	0
1000	243	10	300	4	25	11	11	1.04139	2	0	0	11	0.0909091	11	0.0909091	1	0	0	0	0	0	0
1000	244	10	300	4	25	16	16	1.20412	2	0	0	16	0.0625	16	0.0625	1	0	0	0	0	0	0
1000	245	10	300	4	25	9	13	1.11394	2	0	0	8	0.125	8	0.125	1	0	0	0	0	0	0
1000	246	10	300	4	25	20	20	1.30103	2	0	0	20	0.05	20	0.05	1	0	0	0	0	0	0
1000	247	10	300	4	25	12	24	1.38021	2	0	0	10	0.1	10	0.1	1	0	0	0	0	0	0
1000	248	10	300	4	25	8	11	1.04139	2	0	0	7	0.142857	7	0.142857	1	0	0	0	0	0	0
1000	249	10	300	4	25	16	16	1.20412	2	0	0	16	0.0625	16	0.0625	1	0	0	0	0	0	0
1000	250	10	300	4	25	11	13	1.11394	2	0	0	10	0.1	10	0.1	1	0	0	0	0	0	0
1000	251	10	300	4	25	14	15	1.17609	2	0	0	13	0.0769231	13	0.0769231	1	0	0	0	0	0	0
1000	252	10	300	4	25	15	19	1.27875	2	0	0	14	0.0714286	14	0.0714286	1	0	0	0	0	0	0
1000	253	10	300	4	25	18	18	1.25527	2	0	0	18	0.0555556	18	0.0555556	1	0	0	0	0	0	0
1000	254	10	300	4	25	15	15	1.17609	2	0	0	15	0.0666667	15	0.0666667	1	0	0	0	0	0	0
1000	255	10	300	4	25	26	26	1.41497	2	0	0	26	0.0384615	26	0.0384615	1	0	0	0	0	0	0
1000	256	10	300	4	25	12	12	1.07918	2	0	0	12	0.0833333	12	0.0833333	1	0	0	0	0	0	0
1000	257	10	300	4	25	14	14	1.14613	2	0	0	14	0.0714286	14	0.0714286	1	0	0	0	0	0	0
1000	258	10	300	4	25	25	25	1.39794	2	0	0	25	0.04	25	0.04	1	0	0	0	0	0	0
1000	259	10	300	4	25	10	13	1.11394	2	0	0	9	0.111111	9	0.111111	1	0	0	0	0	0	0
1000	260	10	300	4	25	10	10	1	2	0	0	10	0.1	10	0.1	1	0	0	0	0	0	0
1000	261	10	300	4	25	11	13	1.11394	2	0	0	10	0.1	10	0.1	1	0	0	0	0	0	0
1000	262	10	300	4	25	14	16	1.20412	2	0	0	13	0.0769231	13	0.0769231	1	0	0	0	0	0	0
1000	263	10	300	4	25	10	11	1.04139	2	0	0	9	0.111111	9	0.111111	1	0	0	0	0	0	0
1000	264	10	300	4	25	12	12	1.07918	2	0	0	12	0.0833333	12	0.0833333	1	0	0	0	0	0	0
1000	265	10	300	4	25	10	10	1	2	0	0	10	0.1	10	0.1	1	0	0	0	0	0	0
1000	266	10	300	4	25	18	19	1.27875	2	0	0	17	0.0588235	17	0.0588235	1	0	0	0	0	0	0
1000	267	10	300	4	25	14	14	1.14613	2	0	0	14	0.0714286	14	0.0714286	1	0	0	0	0	0	0
1000	268	10	300	4	25	10	10	1	2	0	0	10	0.1	10	0.1	1	0	0	0	0	0	0
1000	269	10	300	4	25	14	16	1.20412	2	0	0	13	0.0769231	13	0.0769231	1	0	0	0	0	0	0
1000	270	10	300	4	25	15	27	1.43136	2	0	0	12	0.0833333	12	0.0833333	1	0	0	0	0	0	0
1000	271	10	300	4	25	8	18	1.25527	2	0	0	5	0.2	5	0.2	1	0	0	0	0	0	0
1000	272	10	300	4	25	11	11	1.04139	2	0	0	11	0.0909091	11	0.0909091	1	0	0	0	0	0	0
1000	273	10	300	4	25	10	10	1	2	0	0	10	0.1	10	0.1	1	0	0	0	0	0	0
1000	274	10	300	4	25	19	19	1.27875	2	0	0	19	0.0526316	19	0.0526316	1	0	0	0	0	0	0
1000	276	10	300	4	25	16	16	1.20412	2	0	0	16	0.0625	16	0.0625	1	0	0	0	0	0	0
1000	277	10	300	4	25	9	11	1.04139	2	0	0	8	0.125	8	0.125	1	0	0	0	0	0	0
1000	278	10	300	4	25	11	15	1.17609	2	0	0	9	0.111111	9	0.111111	1	0	0	0	0	0	0
1000	279	10	300	4	25	12	24	1.38021	2	0	0	9	0.111111	9	0.111111	1	0	0	0	0	0	0
1000	280	10	300	4	25	13	15	1.17609	2	0	0	12	0.0833333	12	0.0833333	1	0	0	0	0	0	0
1000	281	10	300	4	25	28	29	1.4624	2	0	0	27	0.037037	27	0.037037	1	0	0	0	0	0	0
1000	282	10	300	4	25	11	13	1.11394	2	0	0	10	0.1	10	0.1	1	0	0	0	0	0	0
1000	283	10	300	4	25	13	13	1.11394	2	0	0	13	0.0769231	13	0.0769231	1	0	0	0	0	0	0
1000	285	10	300	4	25	21	31	1.49136	2	0	0	18	0.0555556	18	0.0555556	1	0	0	0	0	0	0
1000	286	10	300	4	25	17	17	1.23045	2	0	0	17	0.0588235	17	0.0588235	1	0	0	0	0	0	0
1000	287	10	300	4	25	17	35	1.54407	2	0	0	13	0.0769231	13	0.0769231	1	0	0	0	0	0	0
1000	288	10	300	4	25	14	19	1.27875	2	0	0	13	0.0769231	13	0.0769231	1	0	0	0	0	0	0
1000	289	10	300	4	25	17	41	1.61278	2	0	0	13	0.0769231	13	0.0769231	1	0	0	0	0	0	0
1000	290	10	300	4	25	29	37	1.5682	2	0	0	27	0.037037	27	0.037037	1	0	0	0	0	0	0
1000	291	10	300	4	25	18	20	1.30103	2	0	0	17	0.0588235	17	0.0588235	1	0	0	0	0	0	0
1000	292	10	300	4	25	19	21	1.32222	2	0	0	18	0.0555556	18	0.0555556	1	0	0	0	0	0	0
1000	293	10	300	4	25	12	14	1.14613	2	0	0	11	0.0909091	11	0.0909091	1	0	0	0	0	0	0
1000	294	10	300	4	25	14	14	1.14613	2	0	0	14	0.0714286	14	0.0714286	1	0	0	0	0	0	0
1000	295	10	300	4	25	10	13	1.11394	2	0	0	9	0.111111	9	0.111111	1	0	0	0	0	0	0
1000	296	10	300	4	25	21	21	1.32222	2	0	0	21	0.047619	21	0.047619	1	0	0	0	0	0	0
1000	297	10	300	4	25	11	11	1.04139	2	0	0	11	0.0909091	11	0.0909091	1	0	0	0	0	0	0
1000	298	10	300	4	25	17	26	1.41497	2	0	0	14	0.0714286	14	0.0714286	1	0	0	0	0	0	0
1000	299	10	300	4	25	18	19	1.27875	2	0	0	17	0.0588235	17	0.0588235	1	0	0	0	0	0	0
1000	301	10	300	4	25	12	12	1.07918	2	0	0	12	0.0833333	12	0.0833333	1	0	0	0	0	0	0
1000	302	10	300	4	25	13	15	1.17609	2	0	0	12	0.0833333	12	0.0833333	1	0	0	0	0	0	0
1000	303	10	300	4	25	15	26	1.41497	2	0	0	13	0.0769231	13	0.0769231	1	0	0	0	0	0	0
1000	304	10	300	4	25	13	19	1.27875	2	0	0	11	0.0909091	11	0.0909091	1	0	0	0	0	0	0
1000	305	10	300	4	25	11	12	1.07918	2	0	0	10	0.1	10	0.1	1	0	0	0	0	0	0
1000	306	10	300	4	25	15	20	1.30103	2	0	0	13	0.0769231	13	0.0769231	1	0	0	0	0	0	0
1000	307	10	300	4	25	17	17	1.23045	2	0	0	17	0.0588235	17	0.0588235	1	0	0	0	0	0	0
1000	308	10	300	4	25	13	13	1.11394	2	0	0	13	0.0769231	13	0.0769231	1	0	0	0	0	0	0
1000	309	10	300	4	25	11	15	1.17609	2	0	0	9	0.111111	9	0.111111	1	0	0	0	0	0	0
1000	310	10	300	4	25	18	18	1.25527	2	0	0	18	0.0555556	18	0.0555556	1	0	0	0	0	0	0
1000	311	10	300	4	25	11	13	1.11394	2	0	0	10	0.1	10	0.1	1	0	0	0	0	0	0
1000	312	10	300	4	25	23	26	1.41497	2	0	0	22	0.0454545	22	0.0454545	1	0	0	0	0	0	0
1000	313	10	300	4	25	21	21	1.32222	2	0	0	21	0.047619	21	0.047619	1	0	0	0	0	0	0
1000	314	10	300	4	25	12	12	1.07918	2	0	0	12	0.0833333	12	0.0833333	1	0	0	0	0	0	0
1000	315	10	300	4	25	14	14	1.14613	2	0	0	14	0.0714286	14	0.0714286	1	0	0	0	0	0	0
1000	316	10	300	4	25	17	31	1.49136	2	0	0	15	0.0666667	15	0.0666667	1	0	0	0	0	0	0
1000	317	10	300	4	25	28	33	1.51851	2	0	0	27	0.037037	27	0.037037	1	0	0	0	0	0	0
1000	318	10	300	4	25	10	12	1.07918	2	0	0	9	0.111111	9	0.111111	1	0	0	0	0	0	0
1000	319	10	300	4	25	9	11	1.04139	2	0	0	8	0.125	8	0.125	1	0	0	0	0	0	0
1000	320	10	300	4	25	15	21	1.32222	2	0	0	13	0.0769231	13	0.0769231	1	0	0	0	0	0	0
1000	321	10	300	4	25	23	23	1.36173	2	0	0	23	0.0434783	23	0.0434783	1	0	0	0	0	0	0
1000	322	10	300	4	25	11	47	1.6721	2	0	0	7	0.142857	7	0.142857	1	0	0	0	0	0	0
1000	323	10	300	4	25	15	15	1.17609	2	0	0	15	0.0666667	15	0.0666667	1	0	0	0	0	0	0
1000	324	10	300	4	25	9	13	1.11394	2	0	0	7	0.142857	7	0.142857	1	0	0	0	0	0	0
1000	325	10	300	4	25	18	18	1.25527	2	0	0	18	0.0555556	18	0.0555556	1	0	0	0	0	0	0
1000	326	10	300	4	25	20	20	1.30103	2	0	0	20	0.05	20	0.05	1	0	0	0	0	0	0
1000	327	10	300	4	25	11	13	1.11394	2	0	0	10	0.1	10	0.1	1	0	0	0	0	0	0
1000	328	10	300	4	25	15	18	1.25527	2	0	0	14	0.0714286	14	0.0714286	1	0	0	0	0	0	0
1000	329	10	300	4	25	10	20	1.30103	2	0	0	7	0.142857	7	0.142857	1	0	0	0	0	0	0
1000	330	10	300	4	25	11	19	1.27875	2	0	0	9	0.111111	9	0.111111	1	0	0	0	0	0	0
1000	331	10	300	4	25	13	23	1.36173	2	0	0	11	0.0909091	11	0.0909091	1	0	0	0	0	0	0
1000	332	10	300	4	25	23	23	1.36173	2	0	0	23	0.0434783	23	0.0434783	1	0	0	0	0	0	0
1000	333	10	300	4	25	11	12	1.07918	2	0	0	10	0.1	10	0.1	1	0	0	0	0	0	0
1000	334	10	300	4	25	17	17	1.23045	2	0	0	17	0.0588235	17	0.0588235	1	0	0	0	0	0	0
1000	335	10	300	4	25	10	20	1.30103	2	0	0	7	0.142857	7	0.142857	1	0	0	0	0	0	0
1000	336	10	300	4	25	22	23	1.36173	2	0	0	21	0.047619	21	0.047619	1	0	0	0	0	0	0
1000	337	10	300	4	25	14	15	1.17609	2	0	0	13	0.0769231	13	0.0769231	1	0	0	0	0	0	0
1000	338	10	300	4	25	19	19	1.27875	2	0	0	19	0.0526316	19	0.0526316	1	0	0	0	0	0	0
1000	339	10	300	4	25	14	17	1.23045	2	0	0	13	0.0769231	13	0.0769231	1	0	0	0	0	0	0
1000	340	10	300	4	25	9	10	1	2	0	0	8	0.125	8	0.125	1	0	0	0	0	0	0
1000	341	10	300	4	25	15	16	1.20412	2	0	0	14	0.0714286	14	0.0714286	1	0	0	0	0	0	0
1000	342	10	300	4	25	7	10	1	2	0	0	6	0.166667	6	0.166667	1	0	0	0	0	0	0
1000	343	10	300	4	25	29	29	1.4624	2	0	0	29	0.0344828	29	0.0344828	1	0	0	0	0	0	0
1000	344	10	300	4	25	18	19	1.27875	2	0	0	17	0.0588235	17	0.0588235	1	0	0	0	0	0	0
1000	345	10	300	4	25	22	29	1.4624	2	0	0	21	0.047619	21	0.047619	1	0	0	0	0	0	0
1000	346	10	300	4	25	14	14	1.14613	2	0	0	14	0.0714286	14	0.0714286	1	0	0	0	0	0	0
1000	348	10	300	4	25	11	16	1.20412	2	0	0	9	0.111111	9	0.111111	1	0	0	0	0	0	0
1000	349	10	300	4	25	20	20	1.30103	2	0	0	20	0.05	20	0.05	1	0	0	0	0	0	0
1000	350	10	300	4	25	28	28	1.44716	2	0	0	28	0.0357143	28	0.0357143	1	0	0	0	0	0	0
1000	351	10	300	4	25	16	24	1.38021	2	0	0	13	0.0769231	13	0.0769231	1	0	0	0	0	0	0
1000	352	10	300	4	25	13	13	1.11394	2	0	0	13	0.0769231	13	0.0769231	1	0	0	0	0	0	0
1000	353	10	300	4	25	17	21	1.32222	2	0	0	15	0.0666667	15	0.0666667	1	0	0	0	0	0	0
1000	354	10	300	4	25	10	10	1	2	0	0	10	0.1	10	0.1	1	0	0	0	0	0	0
1000	355	10	300	4	25	18	19	1.27875	2	0	0	17	0.0588235	17	0.0588235	1	0	0	0	0	0	0
1000	356	10	300	4	25	15	28	1.44716	2	0	0	13	0.0769231	13	0.0769231	1	0	0	0	0	0	0
1000	357	10	300	4	25	15	15	1.17609	2	0	0	15	0.0666667	15	0.0666667	1	0	0	0	0	0	0
1000	358	10	300	4	25	12	26	1.41497	2	0	0	8	0.125	8	0.125	1	0	0	0	0	0	0
1000	359	10	300	4	25	11	13	1.11394	2	0	0	10	0.1	10	0.1	1	0	0	0	0	0	0
1000	360	10	300	4	25	19	19	1.27875	2	0	0	19	0.0526316	19	0.0526316	1	0	0	0	0	0	0
1000	361	10	300	4	25	10	12	1.07918	2	0	0	9	0.111111	9	0.111111	1	0	0	0	0	0	0
1000	362	10	300	4	25	13	18	1.25527	2	0	0	11	0.0909091	11	0.0909091	1	0	0	0	0	0	0
1000	363	10	300	4	25	11	17	1.23045	2	0	0	9	0.111111	9	0.111111	1	0	0	0	0	0	0
1000	364	10	300	4	25	17	17	1.23045	2	0	0	17	0.0588235	17	0.0588235	1	0	0	0	0	0	0
1000	365	10	300	4	25	10	13	1.11394	2	0	0	8	0.125	8	0.125	1	0	0	0	0	0	0
1000	366	10	300	4	25	24	26	1.41497	2	0	0	23	0.0434783	23	0.0434783	1	0	0	0	0	0	0
1000	367	10	300	4	25	13	13	1.11394	2	0	0	13	0.0769231	13	0.0769231	1	0	0	0	0	0	0
1000	368	10	300	4	25	29	29	1.4624	2	0	0	29	0.0344828	29	0.0344828	1	0	0	0	0	0	0
1000	369	10	300	4	25	11	12	1.07918	2	0	0	10	0.1	10	0.1	1	0	0	0	0	0	0
1000	370	10	300	4	25	13	17	1.23045	2	0	0	12	0.0833333	12	0.0833333	1	0	0	0	0	0	0
1000	371	10	300	4	25	11	11	1.04139	2	0	0	11	0.0909091	11	0.0909091	1	0	0	0	0	0	0
1000	372	10	300	4	25	10	10	1	2	0	0	10	0.1	10	0.1	1	0	0	0	0	0	0
1000	373	10	300	4	25	24	30	1.47712	2	0	0	22	0.0454545	22	0.0454545	1	0	0	0	0	0	0
1000	374	10	300	4	25	14	14	1.14613	2	0	0	14	0.0714286	14	0.0714286	1	0	0	0	0	0	0
1000	376	10	300	4	25	15	27	1.43136	2	0	0	12	0.0833333	12	0.0833333	1	0	0	0	0	0	0
1000	377	10	300	4	25	18	19	1.27875	2	0	0	17	0.0588235	17	0.0588235	1	0	0	0	0	0	0
1000	379	10	300	4	25	19	23	1.36173	2	0	0	17	0.0588235	17	0.0588235	1	0	0	0	0	0	0
1000	380	10	300	4	25	15	28	1.44716	2	0	0	12	0.0833333	12	0.0833333	1	0	0	0	0	0	0
1000	381	10	300	4	25	20	20	1.30103	2	0	0	20	0.05	20	0.05	1	0	0	0	0	0	0
1000	382	10	300	4	25	13	23	1.36173	2	0	0	10	0.1	10	0.1	1	0	0	0	0	0	0
1000	383	10	300	4	25	15	17	1.23045	2	0	0	14	0.0714286	14	0.0714286	1	0	0	0	0	0	0
1000	384	10	300	4	25	18	23	1.36173	2	0	0	16	0.0625	16	0.0625	1	0	0	0	0	0	0
1000	385	10	300	4	25	8	11	1.04139	2	0	0	6	0.166667	6	0.166667	1	0	0	0	0	0	0
1000	386	10	300	4	25	19	40	1.60206	2	0	0	15	0.0666667	15	0.0666667	1	0	0	0	0	0	0
1000	387	10	300	4	25	12	12	1.07918	2	0	0	12	0.0833333	12	0.0833333	1	0	0	0	0	0	0
1000	388	10	300	4	25	12	19	1.27875	2	0	0	10	0.1	10	0.1	1	0	0	0	0	0	0
1000	389	10	300	4	25	24	27	1.43136	2	0	0	23	0.0434783	23	0.0434783	1	0	0	0	0	0	0
1000	390	10	300	4	25	12	12	1.07918	2	0	0	12	0.0833333	12	0.0833333	1	0	0	0	0	0	0
1000	391	10	300	4	25	22	33	1.51851	2	0	0	19	0.0526316	19	0.0526316	1	0	0	0	0	0	0
1000	392	10	300	4	25	13	13	1.11394	2	0	0	13	0.0769231	13	0.0769231	1	0	0	0	0	0	0
1000	393	10	300	4	25	25	25	1.39794	2	0	0	25	0.04	25	0.04	1	0	0	0	0	0	0
1000	395	10	300	4	25	24	24	1.38021	2	0	0	24	0.0416667	24	0.0416667	1	0	0	0	0	0	0
1000	396	10	300	4	25	32	32	1.50515	2	0	0	32	0.03125	32	0.03125	1	0	0	0	0	0	0
1000	397	10	300	4	25	8	15	1.17609	2	0	0	6	0.166667	6	0.166667	1	0	0	0	0	0	0
1000	398	10	300	4	25	20	24	1.38021	2	0	0	18	0.0555556	18	0.0555556	1	0	0	0	0	0	0
1000	399	10	300	4	25	13	17	1.23045	2	0	0	11	0.0909091	11	0.0909091	1	0	0	0	0	0	0
1000	400	10	300	4	25	9	11	1.04139	2	0	0	8	0.125	8	0.125	1	0	0	0	0	0	0
1000	401	10	300	4	25	11	19	1.27875	2	0	0	8	0.125	8	0.125	1	0	0	0	0	0	0
1000	402	10	300	4	25	24	24	1.38021	2	0	0	24	0.0416667	24	0.0416667	1	0	0	0	0	0	0
1000	403	10	300	4	25	14	17	1.23045	2	0	0	13	0.0769231	13	0.0769231	1	0	0	0	0	0	0
1000	404	10	300	4	25	10	17	1.23045	2	0	0	8	0.125	8	0.125	1	0	0	0	0	0	0
1000	405	10	300	4	25	20	22	1.34242	2	0	0	19	0.0526316	19	0.0526316	1	0	0	0	0	0	0
1000	406	10	300	4	25	14	14	1.14613	2	0	0	14	0.0714286	14	0.0714286	1	0	0	0	0	0	0
1000	407	10	300	4	25	10	10	1	2	0	0	10	0.1	10	0.1	1	0	0	0	0	0	0
1000	408	10	300	4	25	10	10	1	2	0	0	10	0.1	10	0.1	1	0	0	0	0	0	0
1000	409	10	300	4	25	14	14	1.14613	2	0	0	14	0.0714286	14	0.0714286	1	0	0	0	0	0	0
1000	410	10	300	4	25	10	10	1	2	0	0	10	0.1	10	0.1	1	0	0	0	0	0	0
1000	411	10	300	4	25	15	15	1.17609	2	0	0	15	0.0666667	15	0.0666667	1	0	0	0	0	0	0
1000	412	10	300	4	25	20	22	1.34242	2	0	0	19	0.0526316	19	0.0526316	1	0	0	0	0	0	0
1000	413	10	300	4	25	15	16	1.20412	2	0	0	14	0.0714286	14	0.0714286	1	0	0	0	0	0	0
1000	414	10	300	4	25	19	38	1.57978	2	0	0	17	0.0588235	17	0.0588235	1	0	0	0	0	0	0
1000	415	10	300	4	25	15	16	1.20412	2	0	0	14	0.0714286	14	0.0714286	1	0	0	0	0	0	0
1000	416	10	300	4	25	16	18	1.25527	2	0	0	15	0.0666667	15	0.0666667	1	0	0	0	0	0	0
1000	417	10	300	4	25	11	11	1.04139	2	0	0	11	0.0909091	11	0.0909091	1	0	0	0	0	0	0
1000	418	10	300	4	25	13	16	1.20412	2	0	0	12	0.0833333	12	0.0833333	1	0	0	0	0	0	0
1000	419	10	300	4	25	14	14	1.14613	2	0	0	14	0.0714286	14	0.0714286	1	0	0	0	0	0	0
1000	420	10	300	4	25	13	21	1.32222	2	0	0	11	0.0909091	11	0.0909091	1	0	0	0	0	0	0
1000	421	10	300	4	25	20	34	1.53148	2	0	0	16	0.0625	16	0.0625	1	0	0	0	0	0	0
1000	422	10	300	4	25	15	27	1.43136	2	0	0	11	0.0909091	11	0.0909091	1	0	0	0	0	0	0
1000	423	10	300	4	25	26	30	1.47712	2	0	0	24	0.0416667	24	0.0416667	1	0	0	0	0	0	0
1000	424	10	300	4	25	14	15	1.17609	2	0	0	13	0.0769231	13	0.0769231	1	0	0	0	0	0	0
1000	425	10	300	4	25	20	20	1.30103	2	0	0	20	0.05	20	0.05	1	0	0	0	0	0	0
1000	426	10	300	4	25	24	65	1.81291	2	0	0	19	0.0526316	19	0.0526316	1	0	0	0	0	0	0
1000	428	10	300	4	25	20	20	1.30103	2	0	0	20	0.05	20	0.05	1	0	0	0	0	0	0
1000	429	10	300	4	25	12	12	1.07918	2	0	0	12	0.0833333	12	0.0833333	1	0	0	0	0	0	0
1000	430	10	300	4	25	14	21	1.32222	2	0	0	12	0.0833333	12	0.0833333	1	0	0	0	0	0	0
1000	431	10	300	4	25	13	16	1.20412	2	0	0	12	0.0833333	12	0.0833333	1	0	0	0	0	0	0
1000	432	10	300	4	25	20	25	1.39794	2	0	0	19	0.0526316	19	0.0526316	1	0	0	0	0	0	0
1000	433	10	300	4	25	10	12	1.07918	2	0	0	9	0.111111	9	0.111111	1	0	0	0	0	0	0
1000	434	10	300	4	25	18	21	1.32222	2	0	0	17	0.0588235	17	0.0588235	1	0	0	0	0	0	0
1000	435	10	300	4	25	11	17	1.23045	2	0	0	9	0.111111	9	0.111111	1	0	0	0	0	0	0
1000	436	10	300	4	25	24	33	1.51851	2	0	0	23	0.0434783	23	0.0434783	1	0	0	0	0	0	0
1000	437	10	300	4	25	16	16	1.20412	2	0	0	16	0.0625	16	0.0625	1	0	0	0	0	0	0
1000	438	10	300	4	25	21	21	1.32222	2	0	0	21	0.047619	21	0.047619	1	0	0	0	0	0	0
1000	439	10	300	4	25	15	19	1.27875	2	0	0	14	0.0714286	14	0.0714286	1	0	0	0	0	0	0
1000	440	10	300	4	25	17	24	1.38021	2	0	0	16	0.0625	16	0.0625	1	0	0	0	0	0	0
1000	441	10	300	4	25	13	19	1.27875	2	0	0	11	0.0909091	11	0.0909091	1	0	0	0	0	0	0
1000	442	10	300	4	25	20	20	1.30103	2	0	0	20	0.05	20	0.05	1	0	0	0	0	0	0
1000	443	10	300	4	25	18	18	1.25527	2	0	0	18	0.0555556	18	0.0555556	1	0	0	0	0	0	0
1000	444	10	300	4	25	21	21	1.32222	2	0	0	21	0.047619	21	0.047619	1	0	0	0	0	0	0
1000	445	10	300	4	25	13	13	1.11394	2	0	0	13	0.0769231	13	0.0769231	1	0	0	0	0	0	0
1000	446	10	300	4	25	15	15	1.17609	2	0	0	15	0.0666667	15	0.0666667	1	0	0	0	0	0	0
1000	447	10	300	4	25	16	17	1.23045	2	0	0	15	0.0666667	15	0.0666667	1	0	0	0	0	0	0
1000	448	10	300	4	25	8	11	1.04139	2	0	0	7	0.142857	7	0.142857	1	0	0	0	0	0	0
1000	449	10	300	4	25	11	11	1.04139	2	0	0	11	0.0909091	11	0.0909091	1	0	0	0	0	0	0
1000	450	10	300	4	25	18	21	1.32222	2	0	0	17	0.0588235	17	0.0588235	1	0	0	0	0	0	0
1000	451	10	300	4	25	14	16	1.20412	2	0	0	13	0.0769231	13	0.0769231	1	0	0	0	0	0	0
1000	452	10	300	4	25	21	21	1.32222	2	0	0	21	0.047619	21	0.047619	1	0	0	0	0	0	0
1000	453	10	300	4	25	20	20	1.30103	2	0	0	20	0.05	20	0.05	1	0	0	0	0	0	0
1000	454	10	300	4	25	11	14	1.14613	2	0	0	10	0.1	10	0.1	1	0	0	0	0	0	0
1000	455	10	300	4	25	10	15	1.17609	2	0	0	9	0.111111	9	0.111111	1	0	0	0	0	0	0
1000	456	10	300	4	25	13	29	1.4624	2	0	0	10	0.1	10	0.1	1	0	0	0	0	0	0
1000	457	10	300	4	25	23	26	1.41497	2	0	0	22	0.0454545	22	0.0454545	1	0	0	0	0	0	0
1000	459	10	300	4	25	15	15	1.17609	2	0	0	15	0.0666667	15	0.0666667	1	0	0	0	0	0	0
1000	460	10	300	4	25	13	13	1.11394	2	0	0	13	0.0769231	13	0.0769231	1	0	0	0	0	0	0
1000	462	10	300	4	25	30	31	1.49136	2	0	0	29	0.0344828	29	0.0344828	1	0	0	0	0	0	0
1000	463	10	300	4	25	11	14	1.14613	2	0	0	9	0.111111	9	0.111111	1	0	0	0	0	0	0
1000	464	10	300	4	25	11	11	1.04139	2	0	0	11	0.0909091	11	0.0909091	1	0	0	0	0	0	0
1000	465	10	300	4	25	17	20	1.30103	2	0	0	15	0.0666667	15	0.0666667	1	0	0	0	0	0	0
1000	466	10	300	4	25	15	23	1.36173	2	0	0	13	0.0769231	13	0.0769231	1	0	0	0	0	0	0
1000	467	10	300	4	25	16	32	1.50515	2	0	0	14	0.0714286	14	0.0714286	1	0	0	0	0	0	0
1000	468	10	300	4	25	17	50	1.69897	2	0	0	13	0.0769231	13	0.0769231	1	0	0	0	0	0	0
1000	469	10	300	4	25	16	18	1.25527	2	0	0	15	0.0666667	15	0.0666667	1	0	0	0	0	0	0
1000	470	10	300	4	25	12	14	1.14613	2	0	0	11	0.0909091	11	0.0909091	1	0	0	0	0	0	0
1000	471	10	300	4	25	22	27	1.43136	2	0	0	21	0.047619	21	0.047619	1	0	0	0	0	0	0
1000	472	10	300	4	25	18	20	1.30103	2	0	0	16	0.0625	16	0.0625	1	0	0	0	0	0	0
1000	473	10	300	4	25	8	10	1	2	0	0	7	0.142857	7	0.142857	1	0	0	0	0	0	0
1000	474	10	300	4	25	16	30	1.47712	2	0	0	14	0.0714286	14	0.0714286	1	0	0	0	0	0	0
1000	475	10	300	4	25	9	11	1.04139	2	0	0	8	0.125	8	0.125	1	0	0	0	0	0	0
1000	476	10	300	4	25	17	17	1.23045	2	0	0	17	0.0588235	17	0.0588235	1	0	0	0	0	0	0
1000	477	10	300	4	25	14	14	1.14613	2	0	0	14	0.0714286	14	0.0714286	1	0	0	0	0	0	0
1000	479	10	300	4	25	13	15	1.17609	2	0	0	12	0.0833333	12	0.0833333	1	0	0	0	0	0	0
1000	480	10	300	4	25	16	16	1.20412	2	0	0	16	0.0625	16	0.0625	1	0	0	0	0	0	0
1000	481	10	300	4	25	25	25	1.39794	2	0	0	25	0.04	25	0.04	1	0	0	0	0	0	0
1000	482	10	300	4	25	21	21	1.32222	2	0	0	21	0.047619	21	0.047619	1	0	0	0	0	0	0
1000	483	10	300	4	25	10	14	1.14613	2	0	0	8	0.125	8	0.125	1	0	0	0	0	0	0
1000	484	10	300	4	25	17	17	1.23045	2	0	0	17	0.0588235	17	0.0588235	1	0	0	0	0	0	0
1000	485	10	300	4	25	16	18	1.25527	2	0	0	15	0.0666667	15	0.0666667	1	0	0	0	0	0	0
1000	486	10	300	4	25	20	22	1.34242	2	0	0	19	0.0526316	19	0.0526316	1	0	0	0	0	0	0
1000	487	10	300	4	25	19	24	1.38021	2	0	0	18	0.0555556	18	0.0555556	1	0	0	0	0	0	0
1000	488	10	300	4	25	13	13	1.11394	2	0	0	13	0.0769231	13	0.0769231	1	0	0	0.01	-2	0	0
1000	489	10	300	4	25	14	17	1.23045	2	0	0	13	0.0769231	13	0.0769231	1	0	0	0	0	0	0
1000	490	10	300	4	25	15	15	1.17609	2	0	0	15	0.0666667	15	0.0666667	1	0	0	0	0	0	0
1000	491	10	300	4	25	12	12	1.07918	2	0	0	12	0.0833333	12	0.0833333	1	0	0	0	0	0	0
1000	492	10	300	4	25	23	24	1.38021	2	0	0	22	0.0454545	22	0.0454545	1	0	0	0	0	0	0
1000	494	10	300	4	25	23	23	1.36173	2	0	0	23	0.0434783	23	0.0434783	1	0	0	0	0	0	0
1000	495	10	300	4	25	12	12	1.07918	2	0	0	12	0.0833333	12	0.0833333	1	0	0	0	0	0	0
1000	496	10	300	4	25	23	30	1.47712	2	0	0	20	0.05	20	0.05	1	0	0	0	0	0	0
1000	497	10	300	4	25	12	16	1.20412	2	0	0	11	0.0909091	11	0.0909091	1	0	0	0	0	0	0
1000	498	10	300	4	25	15	21	1.32222	2	0	0	14	0.0714286	14	0.0714286	1	0	0	0	0	0	0
1000	499	10	300	4	25	25	25	1.39794	2	0	0	25	0.04	25	0.04	1	0	0	0	0	0	0
1000	500	10	300	4	25	10	10	1	2	0	0	10	0.1	10	0.1	1	0	0	0	0	0	0
1000	501	10	300	4	25	15	16	1.20412	2	0	0	14	0.0714286	14	0.0714286	1	0	0	0	0	0	0
1000	502	10	300	4	25	17	18	1.25527	2	0	0	16	0.0625	16	0.0625	1	0	0	0	0	0	0
1000	503	10	300	4	25	14	17	1.23045	2	0	0	13	0.0769231	13	0.0769231	1	0	0	0	0	0	0
1000	504	10	300	4	25	33	49	1.6902	2	0	0	30	0.0333333	30	0.0333333	1	0	0	0	0	0	0
1000	505	10	300	4	25	22	22	1.34242	2	0	0	22	0.0454545	22	0.0454545	1	0	0	0	0	0	0
1000	506	10	300	4	25	16	17	1.23045	2	0	0	15	0.0666667	15	0.0666667	1	0	0	0	0	0	0
1000	507	10	300	4	25	11	11	1.04139	2	0	0	11	0.0909091	11	0.0909091	1	0	0	0	0	0	0
1000	508	10	300	4	25	22	29	1.4624	2	0	0	20	0.05	20	0.05	1	0	0	0	0	0	0
1000	509	10	300	4	25	12	12	1.07918	2	0	0	12	0.0833333	12	0.0833333	1	0	0	0	0	0	0
1000	510	10	300	4	25	17	17	1.23045	2	0	0	17	0.0588235	17	0.0588235	1	0	0	0	0	0	0
1000	511	10	300	4	25	11	11	1.04139	2	0	0	11	0.0909091	11	0.0909091	1	0	0	0	0	0	0
1000	514	10	300	4	25	10	11	1.04139	2	0	0	9	0.111111	9	0.111111	1	0	0	0	0	0	0
1000	515	10	300	4	25	15	16	1.20412	2	0	0	14	0.0714286	14	0.0714286	1	0	0	0	0	0	0
1000	516	10	300	4	25	25	27	1.43136	2	0	0	24	0.0416667	24	0.0416667	1	0	0	0	0	0	0
1000	517	10	300	4	25	18	25	1.39794	2	0	0	17	0.0588235	17	0.0588235	1	0	0	0	0	0	0
1000	518	10	300	4	25	12	20	1.30103	2	0	0	10	0.1	10	0.1	1	0	0	0	0	0	0
1000	519	10	300	4	25	18	18	1.25527	2	0	0	18	0.0555556	18	0.0555556	1	0	0	0	0	0	0
1000	520	10	300	4	25	17	19	1.27875	2	0	0	16	0.0625	16	0.0625	1	0	0	0	0	0	0
1000	522	10	300	4	25	8	11	1.04139	2	0	0	7	0.142857	7	0.142857	1	0	0	0	0	0	0
1000	523	10	300	4	25	18	20	1.30103	2	0	0	17	0.0588235	17	0.0588235	1	0	0	0	0	0	0
1000	524	10	300	4	25	16	20	1.30103	2	0	0	14	0.0714286	14	0.0714286	1	0	0	0	0	0	0
1000	525	10	300	4	25	24	25	1.39794	2	0	0	23	0.0434783	23	0.0434783	1	0	0	0	0	0	0
1000	526	10	300	4	25	10	10	1	2	0	0	10	0.1	10	0.1	1	0	0	0	0	0	0
1000	527	10	300	4	25	16	19	1.27875	2	0	0	15	0.0666667	15	0.0666667	1	0	0	0	0	0	0
1000	528	10	300	4	25	15	19	1.27875	2	0	0	13	0.0769231	13	0.0769231	1	0	0	0	0	0	0
1000	529	10	300	4	25	20	23	1.36173	2	0	0	19	0.0526316	19	0.0526316	1	0	0	0	0	0	0
1000	530	10	300	4	25	13	13	1.11394	2	0	0	13	0.0769231	13	0.0769231	1	0	0	0	0	0	0
1000	531	10	300	4	25	10	10	1	2	0	0	10	0.1	10	0.1	1	0	0	0	0	0	0
1000	533	10	300	4	25	13	14	1.14613	2	0	0	12	0.0833333	12	0.0833333	1	0	0	0	0	0	0
1000	534	10	300	4	25	13	14	1.14613	2	0	0	12	0.0833333	12	0.0833333	1	0	0	0	0	0	0
1000	535	10	300	4	25	26	32	1.50515	2	0	0	24	0.0416667	24	0.0416667	1	0	0	0	0	0	0
1000	536	10	300	4	25	18	18	1.25527	2	0	0	18	0.0555556	18	0.0555556	1	0	0	0	0	0	0
1000	537	10	300	4	25	16	17	1.23045	2	0	0	15	0.0666667	15	0.0666667	1	0	0	0	0	0	0
1000	538	10	300	4	25	10	10	1	2	0	0	10	0.1	10	0.1	1	0	0	0	0	0	0
1000	539	10	300	4	25	13	13	1.11394	2	0	0	13	0.0769231	13	0.0769231	1	0	0	0	0	0	0
1000	540	10	300	4	25	10	11	1.04139	2	0	0	9	0.111111	9	0.111111	1	0	0	0	0	0	0
1000	541	10	300	4	25	12	24	1.38021	2	0	0	9	0.111111	9	0.111111	1	0	0	0	0	0	0
1000	542	10	300	4	25	22	22	1.34242	2	0	0	22	0.0454545	22	0.0454545	1	0	0	0	0	0	0
1000	543	10	300	4	25	16	24	1.38021	2	0	0	14	0.0714286	14	0.0714286	1	0	0	0	0	0	0
1000	544	10	300	4	25	12	14	1.14613	2	0	0	11	0.0909091	11	0.0909091	1	0	0	0	0	0	0
1000	545	10	300	4	25	17	19	1.27875	2	0	0	16	0.0625	16	0.0625	1	0	0	0	0	0	0
1000	546	10	300	4	25	11	15	1.17609	2	0	0	9	0.111111	9	0.111111	1	0	0	0	0	0	0
1000	547	10	300	4	25	8	25	1.39794	2	0	0	4	0.25	4	0.25	1	0	0	0	0	0	0
1000	548	10	300	4	25	17	23	1.36173	2	0	0	16	0.0625	16	0.0625	1	0	0	0	0	0	0
1000	549	10	300	4	25	13	23	1.36173	2	0	0	10	0.1	10	0.1	1	0	0	0	0	0	0
1000	550	10	300	4	25	14	14	1.14613	2	0	0	14	0.0714286	14	0.0714286	1	0	0	0	0	0	0
1000	551	10	300	4	25	13	13	1.11394	2	0	0	13	0.0769231	13	0.0769231	1	0	0	0	0	0	0
1000	552	10	300	4	25	19	28	1.44716	2	0	0	16	0.0625	16	0.0625	1	0	0	0	0	0	0
1000	553	10	300	4	25	24	33	1.51851	2	0	0	23	0.0434783	23	0.0434783	1	0	0	0	0	0	0
1000	554	10	300	4	25	13	13	1.11394	2	0	0	13	0.0769231	13	0.0769231	1	0	0	0	0	0	0
1000	555	10	300	4	25	17	23	1.36173	2	0	0	16	0.0625	16	0.0625	1	0	0	0	0	0	0
1000	556	10	300	4	25	11	11	1.04139	2	0	0	11	0.0909091	11	0.0909091	1	0	0	0	0	0	0
1000	557	10	300	4	25	22	22	1.34242	2	0	0	22	0.0454545	22	0.0454545	1	0	0	0	0	0	0
1000	558	10	300	4	25	22	31	1.49136	2	0	0	21	0.047619	21	0.047619	1	0	0	0	0	0	0
1000	559	10	300	4	25	11	14	1.14613	2	0	0	10	0.1	10	0.1	1	0	0	0	0	0	0
1000	560	10	300	4	25	10	10	1	2	0	0	10	0.1	10	0.1	1	0	0	0	0	0	0
1000	561	10	300	4	25	14	14	1.14613	2	0	0	14	0.0714286	14	0.0714286	1	0	0	0	0	0	0
1000	562	10	300	4	25	12	12	1.07918	2	0	0	12	0.0833333	12	0.0833333	1	0	0	0	0	0	0
1000	563	10	300	4	25	13	18	1.25527	2	0	0	11	0.0909091	11	0.0909091	1	0	0	0	0	0	0
1000	564	10	300	4	25	11	17	1.23045	2	0	0	9	0.111111	9	0.111111	1	0	0	0	0	0	0
1000	565	10	300	4	25	16	18	1.25527	2	0	0	15	0.0666667	15	0.0666667	1	0	0	0	0	0	0
1000	566	10	300	4	25	10	11	1.04139	2	0	0	9	0.111111	9	0.111111	1	0	0	0	0	0	0
1000	567	10	300	4	25	23	31	1.49136	2	0	0	22	0.0454545	22	0.0454545	1	0	0	0	0	0	0
1000	569	10	300	4	25	15	15	1.17609	2	0	0	15	0.0666667	15	0.0666667	1	0	0	0	0	0	0
1000	570	10	300	4	25	14	24	1.38021	2	0	0	12	0.0833333	12	0.0833333	1	0	0	0	0	0	0
1000	571	10	300	4	25	16	16	1.20412	2	0	0	16	0.0625	16	0.0625	1	0	0	0	0	0	0
1000	572	10	300	4	25	25	28	1.44716	2	0	0	24	0.0416667	24	0.0416667	1	0	0	0	0	0	0
1000	573	10	300	4	25	12	15	1.17609	2	0	0	10	0.1	10	0.1	1	0	0	0	0	0	0
1000	574	10	300	4	25	19	19	1.27875	2	0	0	19	0.0526316	19	0.0526316	1	0	0	0	0	0	0
1000	575	10	300	4	25	13	13	1.11394	2	0	0	13	0.0769231	13	0.0769231	1	0	0	0	0	0	0
1000	576	10	300	4	25	12	12	1.07918	2	0	0	12	0.0833333	12	0.0833333	1	0	0	0	0	0	0
1000	577	10	300	4	25	13	16	1.20412	2	0	0	12	0.0833333	12	0.0833333	1	0	0	0	0	0	0
1000	578	10	300	4	25	18	18	1.25527	2	0	0	18	0.0555556	18	0.0555556	1	0	0	0	0	0	0
1000	579	10	300	4	25	11	12	1.07918	2	0	0	10	0.1	10	0.1	1	0	0	0	0	0	0
1000	580	10	300	4	25	23	23	1.36173	2	0	0	23	0.0434783	23	0.0434783	1	0	0	0	0	0	0
1000	581	10	300	4	25	11	14	1.14613	2	0	0	9	0.111111	9	0.111111	1	0	0	0	0	0	0
1000	582	10	300	4	25	13	13	1.11394	2	0	0	13	0.0769231	13	0.0769231	1	0	0	0	0	0	0
1000	583	10	300	4	25	8	13	1.11394	2	0	0	7	0.142857	7	0.142857	1	0	0	0	0	0	0
1000	584	10	300	4	25	23	24	1.38021	2	0	0	22	0.0454545	22	0.0454545	1	0	0	0	0	0	0
1000	585	10	300	4	25	14	14	1.14613	2	0	0	14	0.0714286	14	0.0714286	1	0	0	0	0	0	0
1000	586	10	300	4	25	17	25	1.39794	2	0	0	15	0.0666667	15	0.0666667	1	0	0	0	0	0	0
1000	587	10	300	4	25	16	19	1.27875	2	0	0	15	0.0666667	15	0.0666667	1	0	0	0	0	0	0
1000	588	10	300	4	25	11	24	1.38021	2	0	0	8	0.125	8	0.125	1	0	0	0	0	0	0
1000	589	10	300	4	25	11	11	1.04139	2	0	0	11	0.0909091	11	0.0909091	1	0	0	0	0	0	0
1000	590	10	300	4	25	12	12	1.07918	2	0	0	12	0.0833333	12	0.0833333	1	0	0	0	0	0	0
1000	591	10	300	4	25	9	11	1.04139	2	0	0	8	0.125	8	0.125	1	0	0	0	0	0	0
1000	592	10	300	4	25	10	12	1.07918	2	0	0	9	0.111111	9	0.111111	1	0	0	0	0	0	0
1000	593	10	300	4	25	18	18	1.25527	2	0	0	18	0.0555556	18	0.0555556	1	0	0	0	0	0	0
1000	594	10	300	4	25	22	22	1.34242	2	0	0	22	0.0454545	22	0.0454545	1	0	0	0	0	0	0
1000	595	10	300	4	25	9	11	1.04139	2	0	0	8	0.125	8	0.125	1	0	0	0	0	0	0
1000	596	10	300	4	25	12	18	1.25527	2	0	0	10	0.1	10	0.1	1	0	0	0	0	0	0
1000	597	10	300	4	25	12	12	1.07918	2	0	0	12	0.0833333	12	0.0833333	1	0	0	0	0	0	0
1000	599	10	300	4	25	21	26	1.41497	2	0	0	19	0.0526316	19	0.0526316	1	0	0	0	0	0	0
1000	600	10	300	4	25	10	10	1	2	0	0	10	0.1	10	0.1	1	0	0	0	0	0	0
1000	601	10	300	4	25	14	20	1.30103	2	0	0	12	0.0833333	12	0.0833333	1	0	0	0	0	0	0
1000	602	10	300	4	25	11	11	1.04139	2	0	0	11	0.0909091	11	0.0909091	1	0	0	0	0	0	0
1000	603	10	300	4	25	18	18	1.25527	2	0	0	18	0.0555556	18	0.0555556	1	0	0	0	0	0	0
1000	604	10	300	4	25	18	22	1.34242	2	0	0	16	0.0625	16	0.0625	1	0	0	0	0	0	0
1000	605	10	300	4	25	20	22	1.34242	2	0	0	19	0.0526316	19	0.0526316	1	0	0	0	0	0	0
1000	606	10	300	4	25	14	17	1.23045	2	0	0	13	0.0769231	13	0.0769231	1	0	0	0	0	0	0
1000	607	10	300	4	25	14	15	1.17609	2	0	0	13	0.0769231	13	0.0769231	1	0	0	0	0	0	0
1000	608	10	300	4	25	22	24	1.38021	2	0	0	21	0.047619	21	0.047619	1	0	0	0	0	0	0
1000	609	10	300	4	25	11	19	1.27875	2	0	0	8	0.125	8	0.125	1	0	0	0	0	0	0
1000	610	10	300	4	25	14	27	1.43136	2	0	0	11	0.0909091	11	0.0909091	1	0	0	0	0	0	0
1000	611	10	300	4	25	15	23	1.36173	2	0	0	12	0.0833333	12	0.0833333	1	0	0	0	0	0	0
1000	612	10	300	4	25	19	20	1.30103	2	0	0	18	0.0555556	18	0.0555556	1	0	0	0	0	0	0
1000	613	10	300	4	25	21	33	1.51851	2	0	0	19	0.0526316	19	0.0526316	1	0	0	0	0	0	0
1000	614	10	300	4	25	11	11	1.04139	2	0	0	11	0.0909091	11	0.0909091	1	0	0	0	0	0	0
1000	615	10	300	4	25	18	18	1.25527	2	0	0	18	0.0555556	18	0.0555556	1	0	0	0	0	0	0
1000	616	10	300	4	25	13	14	1.14613	2	0	0	12	0.0833333	12	0.0833333	1	0	0	0	0	0	0
1000	617	10	300	4	25	17	19	1.27875	2	0	0	16	0.0625	16	0.0625	1	0	0	0	0	0	0
1000	618	10	300	4	25	20	24	1.38021	2	0	0	19	0.0526316	19	0.0526316	1	0	0	0	0	0	0
1000	619	10	300	4	25	17	17	1.23045	2	0	0	17	0.0588235	17	0.0588235	1	0	0	0	0	0	0
1000	620	10	300	4	25	14	15	1.17609	2	0	0	13	0.0769231	13	0.0769231	1	0	0	0	0	0	0
1000	621	10	300	4	25	9	11	1.04139	2	0	0	8	0.125	8	0.125	1	0	0	0	0	0	0
1000	622	10	300	4	25	15	18	1.25527	2	0	0	13	0.0769231	13	0.0769231	1	0	0	0	0	0	0
1000	623	10	300	4	25	22	27	1.43136	2	0	0	21	0.047619	21	0.047619	1	0	0	0	0	0	0
1000	624	10	300	4	25	14	15	1.17609	2	0	0	13	0.0769231	13	0.0769231	1	0	0	0	0	0	0
1000	625	10	300	4	25	25	25	1.39794	2	0	0	25	0.04	25	0.04	1	0	0	0	0	0	0
1000	626	10	300	4	25	16	16	1.20412	2	0	0	16	0.0625	16	0.0625	1	0	0	0	0	0	0
1000	627	10	300	4	25	12	12	1.07918	2	0	0	12	0.0833333	12	0.0833333	1	0	0	0	0	0	0
1000	628	10	300	4	25	9	10	1	2	0	0	8	0.125	8	0.125	1	0	0	0	0	0	0
1000	630	10	300	4	25	22	23	1.36173	2	0	0	21	0.047619	21	0.047619	1	0	0	0	0	0	0
1000	631	10	300	4	25	14	16	1.20412	2	0	0	13	0.0769231	13	0.0769231	1	0	0	0	0	0	0
1000	632	10	300	4	25	13	13	1.11394	2	0	0	13	0.0769231	13	0.0769231	1	0	0	0	0	0	0
1000	633	10	300	4	25	14	14	1.14613	2	0	0	14	0.0714286	14	0.0714286	1	0	0	0	0	0	0
1000	635	10	300	4	25	21	30	1.47712	2	0	0	19	0.0526316	19	0.0526316	1	0	0	0	0	0	0
1000	636	10	300	4	25	15	16	1.20412	2	0	0	14	0.0714286	14	0.0714286	1	0	0	0	0	0	0
1000	637	10	300	4	25	12	21	1.32222	2	0	0	9	0.111111	9	0.111111	1	0	0	0	0	0	0
1000	638	10	300	4	25	14	16	1.20412	2	0	0	13	0.0769231	13	0.0769231	1	0	0	0	0	0	0
1000	640	10	300	4	25	16	16	1.20412	2	0	0	16	0.0625	16	0.0625	1	0	0	0	0	0	0
1000	641	10	300	4	25	22	28	1.44716	2	0	0	20	0.05	20	0.05	1	0	0	0	0	0	0
1000	643	10	300	4	25	14	21	1.32222	2	0	0	11	0.0909091	11	0.0909091	1	0	0	0	0	0	0
1000	644	10	300	4	25	22	22	1.34242	2	0	0	22	0.0454545	22	0.0454545	1	0	0	0	0	0	0
1000	645	10	300	4	25	16	21	1.32222	2	0	0	15	0.0666667	15	0.0666667	1	0	0	0	0	0	0
1000	646	10	300	4	25	14	14	1.14613	2	0	0	14	0.0714286	14	0.0714286	1	0	0	0	0	0	0
1000	647	10	300	4	25	22	24	1.38021	2	0	0	21	0.047619	21	0.047619	1	0	0	0	0	0	0
1000	648	10	300	4	25	10	14	1.14613	2	0	0	8	0.125	8	0.125	1	0	0	0	0	0	0
1000	649	10	300	4	25	20	20	1.30103	2	0	0	20	0.05	20	0.05	1	0	0	0	0	0	0
1000	650	10	300	4	25	10	11	1.04139	2	0	0	9	0.111111	9	0.111111	1	0	0	0	0	0	0
1000	651	10	300	4	25	13	13	1.11394	2	0	0	13	0.0769231	13	0.0769231	1	0	0	0	0	0	0
1000	652	10	300	4	25	8	12	1.07918	2	0	0	6	0.166667	6	0.166667	1	0	0	0	0	0	0
1000	653	10	300	4	25	22	22	1.34242	2	0	0	22	0.0454545	22	0.0454545	1	0	0	0	0	0	0
1000	654	10	300	4	25	17	17	1.23045	2	0	0	17	0.0588235	17	0.0588235	1	0	0	0	0	0	0
1000	655	10	300	4	25	13	13	1.11394	2	0	0	13	0.0769231	13	0.0769231	1	0	0	0	0	0	0
1000	656	10	300	4	25	13	15	1.17609	2	0	0	12	0.0833333	12	0.0833333	1	0	0	0	0	0	0
1000	657	10	300	4	25	19	19	1.27875	2	0	0	19	0.0526316	19	0.0526316	1	0	0	0	0	0	0
1000	658	10	300	4	25	12	12	1.07918	2	0	0	12	0.0833333	12	0.0833333	1	0	0	0	0	0	0
1000	659	10	300	4	25	14	17	1.23045	2	0	0	13	0.0769231	13	0.0769231	1	0	0	0	0	0	0
1000	660	10	300	4	25	17	17	1.23045	2	0	0	17	0.0588235	17	0.0588235	1	0	0	0	0	0	0
1000	661	10	300	4	25	10	10	1	2	0	0	10	0.1	10	0.1	1	0	0	0	0	0	0
1000	662	10	300	4	25	24	24	1.38021	2	0	0	24	0.0416667	24	0.0416667	1	0	0	0	0	0	0
1000	663	10	300	4	25	20	46	1.66276	2	0	0	14	0.0714286	14	0.0714286	1	0	0	0	0	0	0
1000	664	10	300	4	25	17	26	1.41497	2	0	0	14	0.0714286	14	0.0714286	1	0	0	0	0	0	0
1000	665	10	300	4	25	16	19	1.27875	2	0	0	14	0.0714286	14	0.0714286	1	0	0	0	0	0	0
1000	666	10	300	4	25	17	17	1.23045	2	0	0	17	0.0588235	17	0.0588235	1	0	0	0	0	0	0
1000	667	10	300	4	25	21	23	1.36173	2	0	0	20	0.05	20	0.05	1	0	0	0	0	0	0
1000	668	10	300	4	25	17	17	1.23045	2	0	0	17	0.0588235	17	0.0588235	1	0	0	0	0	0	0
1000	669	10	300	4	25	14	14	1.14613	2	0	0	14	0.0714286	14	0.0714286	1	0	0	0	0	0	0
1000	670	10	300	4	25	16	48	1.68124	2	0	0	12	0.0833333	12	0.0833333	1	0	0	0	0	0	0
1000	671	10	300	4	25	19	23	1.36173	2	0	0	17	0.0588235	17	0.0588235	1	0	0	0	0	0	0
1000	672	10	300	4	25	19	19	1.27875	2	0	0	19	0.0526316	19	0.0526316	1	0	0	0	0	0	0
1000	673	10	300	4	25	15	15	1.17609	2	0	0	15	0.0666667	15	0.0666667	1	0	0	0	0	0	0
1000	674	10	300	4	25	15	15	1.17609	2	0	0	15	0.0666667	15	0.0666667	1	0	0	0	0	0	0
1000	675	10	300	4	25	16	17	1.23045	2	0	0	15	0.0666667	15	0.0666667	1	0	0	0	0	0	0
1000	676	10	300	4	25	14	21	1.32222	2	0	0	12	0.0833333	12	0.0833333	1	0	0	0	0	0	0
1000	677	10	300	4	25	18	20	1.30103	2	0	0	17	0.0588235	17	0.0588235	1	0	0	0	0	0	0
1000	678	10	300	4	25	12	17	1.23045	2	0	0	10	0.1	10	0.1	1	0	0	0	0	0	0
1000	679	10	300	4	25	18	26	1.41497	2	0	0	15	0.0666667	15	0.0666667	1	0	0	0	0	0	0
1000	680	10	300	4	25	16	18	1.25527	2	0	0	15	0.0666667	15	0.0666667	1	0	0	0	0	0	0
1000	681	10	300	4	25	21	25	1.39794	2	0	0	20	0.05	20	0.05	1	0	0	0	0	0	0
1000	682	10	300	4	25	18	24	1.38021	2	0	0	16	0.0625	16	0.0625	1	0	0	0	0	0	0
1000	683	10	300	4	25	14	16	1.20412	2	0	0	13	0.0769231	13	0.0769231	1	0	0	0	0	0	0
1000	684	10	300	4	25	17	19	1.27875	2	0	0	16	0.0625	16	0.0625	1	0	0	0	0	0	0
1000	685	10	300	4	25	12	13	1.11394	2	0	0	11	0.0909091	11	0.0909091	1	0	0	0	0	0	0
1000	686	10	300	4	25	25	25	1.39794	2	0	0	25	0.04	25	0.04	1	0	0	0	0	0	0
1000	687	10	300	4	25	17	17	1.23045	2	0	0	17	0.0588235	17	0.0588235	1	0	0	0	0	0	0
1000	688	10	300	4	25	17	23	1.36173	2	0	0	15	0.0666667	15	0.0666667	1	0	0	0	0	0	0
1000	689	10	300	4	25	14	14	1.14613	2	0	0	14	0.0714286	14	0.0714286	1	0	0	0	0	0	0
1000	690	10	300	4	25	18	20	1.30103	2	0	0	17	0.0588235	17	0.0588235	1	0	0	0	0	0	0
1000	691	10	300	4	25	20	20	1.30103	2	0	0	20	0.05	20	0.05	1	0	0	0	0	0	0
1000	692	10	300	4	25	18	18	1.25527	2	0	0	18	0.0555556	18	0.0555556	1	0	0	0	0	0	0
1000	693	10	300	4	25	14	14	1.14613	2	0	0	14	0.0714286	14	0.0714286	1	0	0	0	0	0	0
1000	694	10	300	4	25	10	17	1.23045	2	0	0	8	0.125	8	0.125	1	0	0	0	0	0	0
1000	695	10	300	4	25	13	23	1.36173	2	0	0	10	0.1	10	0.1	1	0	0	0	0	0	0
1000	696	10	300	4	25	12	17	1.23045	2	0	0	10	0.1	10	0.1	1	0	0	0	0	0	0
1000	697	10	300	4	25	13	15	1.17609	2	0	0	12	0.0833333	12	0.0833333	1	0	0	0	0	0	0
1000	698	10	300	4	25	10	12	1.07918	2	0	0	9	0.111111	9	0.111111	1	0	0	0	0	0	0
1000	699	10	300	4	25	11	13	1.11394	2	0	0	10	0.1	10	0.1	1	0	0	0	0	0	0
1000	700	10	300	4	25	14	20	1.30103	2	0	0	11	0.0909091	11	0.0909091	1	0	0	0	0	0	0
1000	701	10	300	4	25	14	18	1.25527	2	0	0	12	0.0833333	12	0.0833333	1	0	0	0	0	0	0
1000	702	10	300	4	25	15	17	1.23045	2	0	0	14	0.0714286	14	0.0714286	1	0	0	0	0	0	0
1000	703	10	300	4	25	11	14	1.14613	2	0	0	10	0.1	10	0.1	1	0	0	0	0	0	0
1000	704	10	300	4	25	11	11	1.04139	2	0	0	11	0.0909091	11	0.0909091	1	0	0	0	0	0	0
1000	705	10	300	4	25	20	20	1.30103	2	0	0	20	0.05	20	0.05	1	0	0	0	0	0	0
1000	706	10	300	4	25	14	15	1.17609	2	0	0	13	0.0769231	13	0.0769231	1	0	0	0	0	0	0
1000	707	10	300	4	25	7	10	1	2	0	0	6	0.166667	6	0.166667	1	0	0	0	0	0	0
1000	708	10	300	4	25	9	21	1.32222	2	0	0	6	0.166667	6	0.166667	1	0	0	0	0	0	0
1000	709	10	300	4	25	19	19	1.27875	2	0	0	19	0.0526316	19	0.0526316	1	0	0	0	0	0	0
1000	710	10	300	4	25	14	15	1.17609	2	0	0	13	0.0769231	13	0.0769231	1	0	0	0	0	0	0
1000	712	10	300	4	25	26	49	1.6902	2	0	0	22	0.0454545	22	0.0454545	1	0	0	0	0	0	0
1000	713	10	300	4	25	18	18	1.25527	2	0	0	18	0.0555556	18	0.0555556	1	0	0	0	0	0	0
1000	714	10	300	4	25	12	12	1.07918	2	0	0	12	0.0833333	12	0.0833333	1	0	0	0	0	0	0
1000	715	10	300	4	25	12	16	1.20412	2	0	0	10	0.1	10	0.1	1	0	0	0	0	0	0
1000	716	10	300	4	25	19	23	1.36173	2	0	0	18	0.0555556	18	0.0555556	1	0	0	0	0	0	0
1000	717	10	300	4	25	13	13	1.11394	2	0	0	13	0.0769231	13	0.0769231	1	0	0	0	0	0	0
1000	718	10	300	4	25	11	13	1.11394	2	0	0	10	0.1	10	0.1	1	0	0	0	0	0	0
1000	719	10	300	4	25	10	11	1.04139	2	0	0	9	0.111111	9	0.111111	1	0	0	0	0	0	0
1000	720	10	300	4	25	15	24	1.38021	2	0	0	12	0.0833333	12	0.0833333	1	0	0	0	0	0	0
1000	721	10	300	4	25	17	17	1.23045	2	0	0	17	0.0588235	17	0.0588235	1	0	0	0	0	0	0
1000	722	10	300	4	25	12	19	1.27875	2	0	0	11	0.0909091	11	0.0909091	1	0	0	0	0	0	0
1000	723	10	300	4	25	13	13	1.11394	2	0	0	13	0.0769231	13	0.0769231	1	0	0	0	0	0	0
1000	724	10	300	4	25	11	13	1.11394	2	0	0	10	0.1	10	0.1	1	0	0	0	0	0	0
1000	725	10	300	4	25	12	12	1.07918	2	0	0	12	0.0833333	12	0.0833333	1	0	0	0	0	0	0
1000	726	10	300	4	25	18	23	1.36173	2	0	0	16	0.0625	16	0.0625	1	0	0	0	0	0	0
1000	727	10	300	4	25	10	12	1.07918	2	0	0	9	0.111111	9	0.111111	1	0	0	0	0	0	0
1000	728	10	300	4	25	18	21	1.32222	2	0	0	16	0.0625	16	0.0625	1	0	0	0	0	0	0
1000	729	10	300	4	25	9	11	1.04139	2	0	0	8	0.125	8	0.125	1	0	0	0	0	0	0
1000	730	10	300	4	25	11	14	1.14613	2	0	0	9	0.111111	9	0.111111	1	0	0	0	0	0	0
1000	731	10	300	4	25	11	11	1.04139	2	0	0	11	0.0909091	11	0.0909091	1	0	0	0	0	0	0
1000	732	10	300	4	25	20	20	1.30103	2	0	0	20	0.05	20	0.05	1	0	0	0	0	0	0
1000	733	10	300	4	25	15	17	1.23045	2	0	0	14	0.0714286	14	0.0714286	1	0	0	0	0	0	0
1000	734	10	300	4	25	28	28	1.44716	2	0	0	28	0.0357143	28	0.0357143	1	0	0	0	0	0	0
1000	735	10	300	4	25	17	19	1.27875	2	0	0	16	0.0625	16	0.0625	1	0	0	0	0	0	0
1000	736	10	300	4	25	15	33	1.51851	2	0	0	12	0.0833333	12	0.0833333	1	0	0	0	0	0	0
1000	737	10	300	4	25	15	15	1.17609	2	0	0	15	0.0666667	15	0.0666667	1	0	0	0	0	0	0
1000	738	10	300	4	25	15	15	1.17609	2	0	0	15	0.0666667	15	0.0666667	1	0	0	0	0	0	0
1000	739	10	300	4	25	16	20	1.30103	2	0	0	14	0.0714286	14	0.0714286	1	0	0	0	0	0	0
1000	740	10	300	4	25	13	17	1.23045	2	0	0	11	0.0909091	11	0.0909091	1	0	0	0	0	0	0
1000	741	10	300	4	25	9	11	1.04139	2	0	0	8	0.125	8	0.125	1	0	0	0	0	0	0
1000	742	10	300	4	25	22	22	1.34242	2	0	0	22	0.0454545	22	0.0454545	1	0	0	0	0	0	0
1000	743	10	300	4	25	18	18	1.25527	2	0	0	18	0.0555556	18	0.0555556	1	0	0	0	0	0	0
1000	744	10	300	4	25	14	14	1.14613	2	0	0	14	0.0714286	14	0.0714286	1	0	0	0	0	0	0
1000	746	10	300	4	25	14	23	1.36173	2	0	0	11	0.0909091	11	0.0909091	1	0	0	0	0	0	0
1000	747	10	300	4	25	11	13	1.11394	2	0	0	10	0.1	10	0.1	1	0	0	0	0	0	0
1000	748	10	300	4	25	12	14	1.14613	2	0	0	11	0.0909091	11	0.0909091	1	0	0	0	0	0	0
1000	749	10	300	4	25	17	17	1.23045	2	0	0	17	0.0588235	17	0.0588235	1	0	0	0	0	0	0
1000	750	10	300	4	25	14	16	1.20412	2	0	0	13	0.0769231	13	0.0769231	1	0	0	0	0	0	0
1000	751	10	300	4	25	9	11	1.04139	2	0	0	8	0.125	8	0.125	1	0	0	0	0	0	0
1000	752	10	300	4	25	17	25	1.39794	2	0	0	15	0.0666667	15	0.0666667	1	0	0	0	0	0	0
1000	753	10	300	4	25	12	12	1.07918	2	0	0	12	0.0833333	12	0.0833333	1	0	0	0	0	0	0
1000	754	10	300	4	25	14	28	1.44716	2	0	0	11	0.0909091	11	0.0909091	1	0	0	0	0	0	0
1000	755	10	300	4	25	15	15	1.17609	2	0	0	15	0.0666667	15	0.0666667	1	0	0	0	0	0	0
1000	756	10	300	4	25	17	17	1.23045	2	0	0	17	0.0588235	17	0.0588235	1	0	0	0	0	0	0
1000	757	10	300	4	25	17	17	1.23045	2	0	0	17	0.0588235	17	0.0588235	1	0	0	0	0	0	0
1000	758	10	300	4	25	10	10	1	2	0	0	10	0.1	10	0.1	1	0	0	0	0	0	0
1000	760	10	300	4	25	13	13	1.11394	2	0	0	13	0.0769231	13	0.0769231	1	0	0	0	0	0	0
1000	761	10	300	4	25	23	23	1.36173	2	0	0	23	0.0434783	23	0.0434783	1	0	0	0	0	0	0
1000	762	10	300	4	25	10	13	1.11394	2	0	0	9	0.111111	9	0.111111	1	0	0	0	0	0	0
1000	763	10	300	4	25	12	17	1.23045	2	0	0	10	0.1	10	0.1	1	0	0	0	0	0	0
1000	764	10	300	4	25	16	19	1.27875	2	0	0	15	0.0666667	15	0.0666667	1	0	0	0	0	0	0
1000	765	10	300	4	25	18	20	1.30103	2	0	0	17	0.0588235	17	0.0588235	1	0	0	0	0	0	0
1000	766	10	300	4	25	15	18	1.25527	2	0	0	14	0.0714286	14	0.0714286	1	0	0	0	0	0	0
1000	767	10	300	4	25	15	32	1.50515	2	0	0	11	0.0909091	11	0.0909091	1	0	0	0	0	0	0
1000	768	10	300	4	25	12	12	1.07918	2	0	0	12	0.0833333	12	0.0833333	1	0	0	0	0	0	0
1000	769	10	300	4	25	16	16	1.20412	2	0	0	16	0.0625	16	0.0625	1	0	0	0	0	0	0
1000	770	10	300	4	25	14	18	1.25527	2	0	0	13	0.0769231	13	0.0769231	1	0	0	0	0	0	0
1000	771	10	300	4	25	13	13	1.11394	2	0	0	13	0.0769231	13	0.0769231	1	0	0	0	0	0	0
1000	772	10	300	4	25	23	55	1.74036	2	0	0	19	0.0526316	19	0.0526316	1	0	0	0	0	0	0
1000	774	10	300	4	25	16	20	1.30103	2	0	0	14	0.0714286	14	0.0714286	1	0	0	0	0	0	0
1000	775	10	300	4	25	19	21	1.32222	2	0	0	18	0.0555556	18	0.0555556	1	0	0	0	0	0	0
1000	776	10	300	4	25	12	14	1.14613	2	0	0	11	0.0909091	11	0.0909091	1	0	0	0	0	0	0
1000	777	10	300	4	25	22	24	1.38021	2	0	0	21	0.047619	21	0.047619	1	0	0	0	0	0	0
1000	778	10	300	4	25	16	24	1.38021	2	1	1	13.5	0.0740741	14	0.0714286	0.964286	0	0	0	0	0	0
1000	779	10	300	4	25	18	20	1.30103	2	0	0	17	0.0588235	17	0.0588235	1	0	0	0	0	0	0
1000	780	10	300	4	25	10	10	1	2	0	0	10	0.1	10	0.1	1	0	0	0	0	0	0
1000	781	10	300	4	25	10	19	1.27875	2	0	0	8	0.125	8	0.125	1	0	0	0	0	0	0
1000	782	10	300	4	25	18	18	1.25527	2	0	0	18	0.0555556	18	0.0555556	1	0	0	0	0	0	0
1000	783	10	300	4	25	18	18	1.25527	2	0	0	18	0.0555556	18	0.0555556	1	0	0	0	0	0	0
1000	784	10	300	4	25	10	16	1.20412	2	0	0	9	0.111111	9	0.111111	1	0	0	0	0	0	0
1000	786	10	300	4	25	18	22	1.34242	2	0	0	16	0.0625	16	0.0625	1	0	0	0	0	0	0
1000	787	10	300	4	25	25	25	1.39794	2	0	0	25	0.04	25	0.04	1	0	0	0	0	0	0
1000	788	10	300	4	25	22	24	1.38021	2	0	0	21	0.047619	21	0.047619	1	0	0	0	0	0	0
1000	789	10	300	4	25	17	17	1.23045	2	0	0	17	0.0588235	17	0.0588235	1	0	0	0	0	0	0
1000	791	10	300	4	25	12	12	1.07918	2	0	0	12	0.0833333	12	0.0833333	1	0	0	0	0	0	0
1000	792	10	300	4	25	15	21	1.32222	2	0	0	13	0.0769231	13	0.0769231	1	0	0	0	0	0	0
1000	793	10	300	4	25	11	11	1.04139	2	0	0	11	0.0909091	11	0.0909091	1	0	0	0	0	0	0
1000	794	10	300	4	25	17	19	1.27875	2	0	0	16	0.0625	16	0.0625	1	0	0	0	0	0	0
1000	795	10	300	4	25	22	22	1.34242	2	0	0	22	0.0454545	22	0.0454545	1	0	0	0	0	0	0
1000	796	10	300	4	25	11	30	1.47712	2	0	0	7	0.142857	7	0.142857	1	0	0	0	0	0	0
1000	797	10	300	4	25	19	23	1.36173	2	0	0	17	0.0588235	17	0.0588235	1	0	0	0	0	0	0
1000	798	10	300	4	25	17	26	1.41497	2	0	0	14	0.0714286	14	0.0714286	1	0	0	0	0	0	0
1000	799	10	300	4	25	15	15	1.17609	2	0	0	15	0.0666667	15	0.0666667	1	0	0	0	0	0	0
1000	800	10	300	4	25	15	21	1.32222	2	0	0	13	0.0769231	13	0.0769231	1	0	0	0	0	0	0
1000	801	10	300	4	25	27	44	1.64345	2	0	0	24	0.0416667	24	0.0416667	1	0	0	0	0	0	0
1000	802	10	300	4	25	22	25	1.39794	2	0	0	21	0.047619	21	0.047619	1	0	0	0	0	0	0
1000	803	10	300	4	25	14	15	1.17609	2	0	0	13	0.0769231	13	0.0769231	1	0	0	0	0	0	0
1000	804	10	300	4	25	17	18	1.25527	2	0	0	16	0.0625	16	0.0625	1	0	0	0	0	0	0
1000	805	10	300	4	25	18	19	1.27875	2	0	0	17	0.0588235	17	0.0588235	1	0	0	0	0	0	0
1000	806	10	300	4	25	16	17	1.23045	2	0	0	15	0.0666667	15	0.0666667	1	0	0	0	0	0	0
1000	807	10	300	4	25	14	14	1.14613	2	0	0	14	0.0714286	14	0.0714286	1	0	0	0	0	0	0
1000	808	10	300	4	25	17	34	1.53148	2	0	0	15	0.0666667	15	0.0666667	1	0	0	0	0	0	0
1000	809	10	300	4	25	11	12	1.07918	2	0	0	10	0.1	10	0.1	1	0	0	0	0	0	0
1000	810	10	300	4	25	16	16	1.20412	2	0	0	16	0.0625	16	0.0625	1	0	0	0	0	0	0
1000	811	10	300	4	25	20	20	1.30103	2	0	0	20	0.05	20	0.05	1	0	0	0	0	0	0
1000	812	10	300	4	25	13	13	1.11394	2	0	0	13	0.0769231	13	0.0769231	1	0	0	0	0	0	0
1000	813	10	300	4	25	12	12	1.07918	2	0	0	12	0.0833333	12	0.0833333	1	0	0	0	0	0	0
1000	814	10	300	4	25	18	31	1.49136	2	0	0	15	0.0666667	15	0.0666667	1	0	0	0	0	0	0
1000	815	10	300	4	25	15	17	1.23045	2	0	0	14	0.0714286	14	0.0714286	1	0	0	0	0	0	0
1000	816	10	300	4	25	11	14	1.14613	2	0	0	10	0.1	10	0.1	1	0	0	0	0	0	0
1000	817	10	300	4	25	18	19	1.27875	2	0	0	17	0.0588235	17	0.0588235	1	0	0	0	0	0	0
1000	818	10	300	4	25	16	16	1.20412	2	0	0	16	0.0625	16	0.0625	1	0	0	0	0	0	0
1000	820	10	300	4	25	12	12	1.07918	2	0	0	12	0.0833333	12	0.0833333	1	0	0	0	0	0	0
1000	821	10	300	4	25	21	21	1.32222	2	0	0	21	0.047619	21	0.047619	1	0	0	0	0	0	0
1000	822	10	300	4	25	14	18	1.25527	2	0	0	12	0.0833333	12	0.0833333	1	0	0	0	0	0	0
1000	823	10	300	4	25	15	15	1.17609	2	0	0	15	0.0666667	15	0.0666667	1	0	0	0	0	0	0
1000	824	10	300	4	25	11	12	1.07918	2	0	0	10	0.1	10	0.1	1	0	0	0	0	0	0
1000	825	10	300	4	25	8	10	1	2	0	0	7	0.142857	7	0.142857	1	0	0	0	0	0	0
1000	826	10	300	4	25	17	17	1.23045	2	0	0	17	0.0588235	17	0.0588235	1	0	0	0	0	0	0
1000	827	10	300	4	25	17	24	1.38021	2	1	1	14.5	0.0689655	15	0.0666667	0.966667	0	0	0	0	0	0
1000	828	10	300	4	25	9	11	1.04139	2	0	0	8	0.125	8	0.125	1	0	0	0	0	0	0
1000	829	10	300	4	25	22	26	1.41497	2	0	0	20	0.05	20	0.05	1	0	0	0	0	0	0
1000	831	10	300	4	25	10	10	1	2	0	0	10	0.1	10	0.1	1	0	0	0	0	0	0
1000	832	10	300	4	25	19	22	1.34242	2	0	0	18	0.0555556	18	0.0555556	1	0	0	0	0	0	0
1000	833	10	300	4	25	20	20	1.30103	2	0	0	20	0.05	20	0.05	1	0	0	0	0	0	0
1000	834	10	300	4	25	9	13	1.11394	2	0	0	7	0.142857	7	0.142857	1	0	0	0	0	0	0
1000	835	10	300	4	25	21	21	1.32222	2	0	0	21	0.047619	21	0.047619	1	0	0	0	0	0	0
1000	836	10	300	4	25	14	16	1.20412	2	0	0	13	0.0769231	13	0.0769231	1	0	0	0	0	0	0
1000	837	10	300	4	25	8	13	1.11394	2	0	0	6	0.166667	6	0.166667	1	0	0	0	0	0	0
1000	838	10	300	4	25	18	23	1.36173	2	0	0	17	0.0588235	17	0.0588235	1	0	0	0	0	0	0
1000	839	10	300	4	25	21	21	1.32222	2	0	0	21	0.047619	21	0.047619	1	0	0	0	0	0	0
1000	840	10	300	4	25	9	10	1	2	0	0	8	0.125	8	0.125	1	0	0	0	0	0	0
1000	841	10	300	4	25	14	31	1.49136	2	0	0	11	0.0909091	11	0.0909091	1	0	0	0	0	0	0
1000	842	10	300	4	25	19	34	1.53148	2	0	0	16	0.0625	16	0.0625	1	0	0	0	0	0	0
1000	843	10	300	4	25	17	17	1.23045	2	0	0	17	0.0588235	17	0.0588235	1	0	0	0	0	0	0
1000	844	10	300	4	25	8	12	1.07918	2	0	0	6	0.166667	6	0.166667	1	0	0	0	0	0	0
1000	845	10	300	4	25	16	17	1.23045	2	0	0	15	0.0666667	15	0.0666667	1	0	0	0	0	0	0
1000	846	10	300	4	25	14	14	1.14613	2	0	0	14	0.0714286	14	0.0714286	1	0	0	0	0	0	0
1000	847	10	300	4	25	19	24	1.38021	2	0	0	17	0.0588235	17	0.0588235	1	0	0	0	0	0	0
1000	848	10	300	4	25	13	15	1.17609	2	0	0	12	0.0833333	12	0.0833333	1	0	0	0	0	0	0
1000	849	10	300	4	25	23	23	1.36173	2	0	0	23	0.0434783	23	0.0434783	1	0	0	0	0	0	0
1000	850	10	300	4	25	24	33	1.51851	2	0	0	22	0.0454545	22	0.0454545	1	0	0	0	0	0	0
1000	851	10	300	4	25	11	11	1.04139	2	0	0	11	0.0909091	11	0.0909091	1	0	0	0	0	0	0
1000	852	10	300	4	25	16	20	1.30103	2	0	0	15	0.0666667	15	0.0666667	1	0	0	0	0	0	0
1000	853	10	300	4	25	18	20	1.30103	2	0	0	17	0.0588235	17	0.0588235	1	0	0	0	0	0	0
1000	854	10	300	4	25	16	35	1.54407	2	0	0	13	0.0769231	13	0.0769231	1	0	0	0	0	0	0
1000	855	10	300	4	25	18	29	1.4624	2	0	0	15	0.0666667	15	0.0666667	1	0	0	0	0	0	0
1000	856	10	300	4	25	36	36	1.5563	2	0	0	36	0.0277778	36	0.0277778	1	0	0	0	0	0	0
1000	857	10	300	4	25	11	11	1.04139	2	0	0	11	0.0909091	11	0.0909091	1	0	0	0	0	0	0
1000	858	10	300	4	25	10	11	1.04139	2	0	0	9	0.111111	9	0.111111	1	0	0	0	0	0	0
1000	859	10	300	4	25	26	26	1.41497	2	0	0	26	0.0384615	26	0.0384615	1	0	0	0	0	0	0
1000	860	10	300	4	25	23	29	1.4624	2	0	0	22	0.0454545	22	0.0454545	1	0	0	0	0	0	0
1000	861	10	300	4	25	27	27	1.43136	2	0	0	27	0.037037	27	0.037037	1	0	0	0	0	0	0
1000	863	10	300	4	25	17	25	1.39794	2	0	0	14	0.0714286	14	0.0714286	1	0	0	0	0	0	0
1000	864	10	300	4	25	24	24	1.38021	2	0	0	24	0.0416667	24	0.0416667	1	0	0	0	0	0	0
1000	865	10	300	4	25	16	16	1.20412	2	0	0	16	0.0625	16	0.0625	1	0	0	0	0	0	0
1000	866	10	300	4	25	13	17	1.23045	2	0	0	11	0.0909091	11	0.0909091	1	0	0	0	0	0	0
1000	867	10	300	4	25	31	31	1.49136	2	0	0	31	0.0322581	31	0.0322581	1	0	0	0	0	0	0
1000	868	10	300	4	25	14	18	1.25527	2	0	0	12	0.0833333	12	0.0833333	1	0	0	0	0	0	0
1000	869	10	300	4	25	13	20	1.30103	2	0	0	11	0.0909091	11	0.0909091	1	0	0	0	0	0	0
1000	870	10	300	4	25	14	14	1.14613	2	0	0	14	0.0714286	14	0.0714286	1	0	0	0	0	0	0
1000	871	10	300	4	25	15	21	1.32222	2	0	0	13	0.0769231	13	0.0769231	1	0	0	0	0	0	0
1000	872	10	300	4	25	16	16	1.20412	2	0	0	16	0.0625	16	0.0625	1	0	0	0	0	0	0
1000	873	10	300	4	25	20	22	1.34242	2	0	0	19	0.0526316	19	0.0526316	1	0	0	0	0	0	0
1000	875	10	300	4	25	13	27	1.43136	2	0	0	10	0.1	10	0.1	1	0	0	0	0	0	0
1000	876	10	300	4	25	26	33	1.51851	2	0	0	25	0.04	25	0.04	1	0	0	0	0	0	0
1000	877	10	300	4	25	15	20	1.30103	2	0	0	13	0.0769231	13	0.0769231	1	0	0	0	0	0	0
1000	878	10	300	4	25	23	26	1.41497	2	0	0	22	0.0454545	22	0.0454545	1	0	0	0	0	0	0
1000	879	10	300	4	25	15	15	1.17609	2	0	0	15	0.0666667	15	0.0666667	1	0	0	0	0	0	0
1000	880	10	300	4	25	11	11	1.04139	2	0	0	11	0.0909091	11	0.0909091	1	0	0	0	0	0	0
1000	881	10	300	4	25	18	18	1.25527	2	0	0	18	0.0555556	18	0.0555556	1	0	0	0	0	0	0
1000	882	10	300	4	25	18	25	1.39794	2	0	0	16	0.0625	16	0.0625	1	0	0	0	0	0	0
1000	883	10	300	4	25	16	20	1.30103	2	0	0	15	0.0666667	15	0.0666667	1	0	0	0	0	0	0
1000	884	10	300	4	25	16	18	1.25527	2	0	0	15	0.0666667	15	0.0666667	1	0	0	0	0	0	0
1000	885	10	300	4	25	12	17	1.23045	2	0	0	11	0.0909091	11	0.0909091	1	0	0	0	0	0	0
1000	886	10	300	4	25	9	11	1.04139	2	0	0	8	0.125	8	0.125	1	0	0	0	0	0	0
1000	887	10	300	4	25	14	15	1.17609	2	0	0	13	0.0769231	13	0.0769231	1	0	0	0	0	0	0
1000	888	10	300	4	25	12	12	1.07918	2	0	0	12	0.0833333	12	0.0833333	1	0	0	0	0	0	0
1000	889	10	300	4	25	10	15	1.17609	2	0	0	9	0.111111	9	0.111111	1	0	0	0	0	0	0
1000	891	10	300	4	25	17	17	1.23045	2	0	0	17	0.0588235	17	0.0588235	1	0	0	0	0	0	0
1000	892	10	300	4	25	13	29	1.4624	2	0	0	10	0.1	10	0.1	1	0	0	0	0	0	0
1000	893	10	300	4	25	13	13	1.11394	2	0	0	13	0.0769231	13	0.0769231	1	0	0	0	0	0	0
1000	894	10	300	4	25	10	12	1.07918	2	0	0	9	0.111111	9	0.111111	1	0	0	0	0	0	0
1000	895	10	300	4	25	16	30	1.47712	2	0	0	13	0.0769231	13	0.0769231	1	0	0	0	0	0	0
1000	896	10	300	4	25	14	14	1.14613	2	0	0	14	0.0714286	14	0.0714286	1	0	0	0	0	0	0
1000	897	10	300	4	25	15	29	1.4624	2	0	0	11	0.0909091	11	0.0909091	1	0	0	0	0	0	0
1000	898	10	300	4	25	16	26	1.41497	2	0	0	13	0.0769231	13	0.0769231	1	0	0	0	0	0	0
1000	899	10	300	4	25	11	13	1.11394	2	0	0	10	0.1	10	0.1	1	0	0	0	0	0	0
1000	900	10	300	4	25	16	16	1.20412	2	0	0	16	0.0625	16	0.0625	1	0	0	0	0	0	0
1000	901	10	300	4	25	22	22	1.34242	2	0	0	22	0.0454545	22	0.0454545	1	0	0	0	0	0	0
1000	902	10	300	4	25	21	28	1.44716	2	0	0	19	0.0526316	19	0.0526316	1	0	0	0	0	0	0
1000	903	10	300	4	25	22	23	1.36173	2	0	0	21	0.047619	21	0.047619	1	0	0	0	0	0	0
1000	904	10	300	4	25	15	15	1.17609	2	0	0	15	0.0666667	15	0.0666667	1	0	0	0	0	0	0
1000	905	10	300	4	25	14	14	1.14613	2	0	0	14	0.0714286	14	0.0714286	1	0	0	0	0	0	0
1000	906	10	300	4	25	14	15	1.17609	2	0	0	13	0.0769231	13	0.0769231	1	0	0	0	0	0	0
1000	907	10	300	4	25	14	19	1.27875	2	0	0	12	0.0833333	12	0.0833333	1	0	0	0	0	0	0
1000	908	10	300	4	25	10	27	1.43136	2	0	0	7	0.142857	7	0.142857	1	0	0	0	0	0	0
1000	909	10	300	4	25	13	13	1.11394	2	0	0	13	0.0769231	13	0.0769231	1	0	0	0	0	0	0
1000	910	10	300	4	25	20	21	1.32222	2	0	0	19	0.0526316	19	0.0526316	1	0	0	0	0	0	0
1000	911	10	300	4	25	17	17	1.23045	2	0	0	17	0.0588235	17	0.0588235	1	0	0	0	0	0	0
1000	912	10	300	4	25	12	12	1.07918	2	0	0	12	0.0833333	12	0.0833333	1	0	0	0	0	0	0
1000	913	10	300	4	25	19	25	1.39794	2	0	0	17	0.0588235	17	0.0588235	1	0	0	0	0	0	0
1000	914	10	300	4	25	12	12	1.07918	2	0	0	12	0.0833333	12	0.0833333	1	0	0	0	0	0	0
1000	915	10	300	4	25	11	12	1.07918	2	0	0	10	0.1	10	0.1	1	0	0	0	0	0	0
1000	916	10	300	4	25	12	44	1.64345	2	0	0	7	0.142857	7	0.142857	1	0	0	0	0	0	0
1000	917	10	300	4	25	12	18	1.25527	2	0	0	10	0.1	10	0.1	1	0	0	0	0	0	0
1000	918	10	300	4	25	19	30	1.47712	2	0	0	16	0.0625	16	0.0625	1	0	0	0	0	0	0
1000	919	10	300	4	25	14	34	1.53148	2	0	0	10	0.1	10	0.1	1	0	0	0	0	0	0
1000	920	10	300	4	25	23	23	1.36173	2	0	0	23	0.0434783	23	0.0434783	1	0	0	0	0	0	0
1000	921	10	300	4	25	16	16	1.20412	2	0	0	16	0.0625	16	0.0625	1	0	0	0	0	0	0
1000	922	10	300	4	25	15	15	1.17609	2	0	0	15	0.0666667	15	0.0666667	1	0	0	0	0	0	0
1000	923	10	300	4	25	23	31	1.49136	2	0	0	21	0.047619	21	0.047619	1	0	0	0	0	0	0
1000	924	10	300	4	25	21	21	1.32222	2	0	0	21	0.047619	21	0.047619	1	0	0	0	0	0	0
1000	925	10	300	4	25	17	17	1.23045	2	0	0	17	0.0588235	17	0.0588235	1	0	0	0	0	0	0
1000	926	10	300	4	25	19	32	1.50515	2	0	0	15	0.0666667	15	0.0666667	1	0	0	0	0	0	0
1000	927	10	300	4	25	10	13	1.11394	2	0	0	9	0.111111	9	0.111111	1	0	0	0	0	0	0
1000	928	10	300	4	25	13	17	1.23045	2	0	0	12	0.0833333	12	0.0833333	1	0	0	0	0	0	0
1000	929	10	300	4	25	21	26	1.41497	2	0	0	19	0.0526316	19	0.0526316	1	0	0	0	0	0	0
1000	930	10	300	4	25	19	20	1.30103	2	0	0	18	0.0555556	18	0.0555556	1	0	0	0	0	0	0
1000	931	10	300	4	25	12	19	1.27875	2	0	0	10	0.1	10	0.1	1	0	0	0	0	0	0
1000	932	10	300	4	25	12	22	1.34242	2	0	0	10	0.1	10	0.1	1	0	0	0	0	0	0
1000	933	10	300	4	25	17	24	1.38021	2	0	0	16	0.0625	16	0.0625	1	0	0	0	0	0	0
1000	934	10	300	4	25	21	21	1.32222	2	0	0	21	0.047619	21	0.047619	1	0	0	0	0	0	0
1000	935	10	300	4	25	16	16	1.20412	2	0	0	16	0.0625	16	0.0625	1	0	0	0	0	0	0
1000	936	10	300	4	25	14	25	1.39794	2	0	0	11	0.0909091	11	0.0909091	1	0	0	0	0	0	0
1000	937	10	300	4	25	17	19	1.27875	2	0	0	16	0.0625	16	0.0625	1	0	0	0	0	0	0
1000	938	10	300	4	25	11	11	1.04139	2	0	0	11	0.0909091	11	0.0909091	1	0	0	0	0	0	0
1000	939	10	300	4	25	23	23	1.36173	2	0	0	23	0.0434783	23	0.0434783	1	0	0	0	0	0	0
1000	940	10	300	4	25	25	25	1.39794	2	0	0	25	0.04	25	0.04	1	0	0	0	0	0	0
1000	941	10	300	4	25	25	25	1.39794	2	0	0	25	0.04	25	0.04	1	0	0	0	0	0	0
1000	942	10	300	4	25	17	20	1.30103	2	0	0	16	0.0625	16	0.0625	1	0	0	0	0	0	0
1000	943	10	300	4	25	14	14	1.14613	2	0	0	14	0.0714286	14	0.0714286	1	0	0	0	0	0	0
1000	944	10	300	4	25	22	22	1.34242	2	0	0	22	0.0454545	22	0.0454545	1	0	0	0	0	0	0
1000	945	10	300	4	25	17	23	1.36173	2	0	0	15	0.0666667	15	0.0666667	1	0	0	0	0	0	0
1000	946	10	300	4	25	9	10	1	2	0	0	8	0.125	8	0.125	1	0	0	0	0	0	0
1000	947	10	300	4	25	17	17	1.23045	2	0	0	17	0.0588235	17	0.0588235	1	0	0	0	0	0	0
1000	948	10	300	4	25	17	19	1.27875	2	0	0	16	0.0625	16	0.0625	1	0	0	0	0	0	0
1000	949	10	300	4	25	14	14	1.14613	2	0	0	14	0.0714286	14	0.0714286	1	0	0	0	0	0	0
1000	950	10	300	4	25	13	14	1.14613	2	0	0	12	0.0833333	12	0.0833333	1	0	0	0	0	0	0
1000	951	10	300	4	25	12	13	1.11394	2	0	0	11	0.0909091	11	0.0909091	1	0	0	0	0	0	0
1000	952	10	300	4	25	14	30	1.47712	2	0	0	10	0.1	10	0.1	1	0	0	0	0	0	0
1000	953	10	300	4	25	10	20	1.30103	2	0	0	8	0.125	8	0.125	1	0	0	0	0	0	0
1000	954	10	300	4	25	14	14	1.14613	2	0	0	14	0.0714286	14	0.0714286	1	0	0	0	0	0	0
1000	955	10	300	4	25	13	15	1.17609	2	0	0	12	0.0833333	12	0.0833333	1	0	0	0	0	0	0
1000	956	10	300	4	25	10	13	1.11394	2	0	0	8	0.125	8	0.125	1	0	0	0	0	0	0
1000	958	10	300	4	25	21	37	1.5682	2	0	0	17	0.0588235	17	0.0588235	1	0	0	0	0	0	0
1000	959	10	300	4	25	14	14	1.14613	2	0	0	14	0.0714286	14	0.0714286	1	0	0	0	0	0	0
1000	960	10	300	4	25	19	48	1.68124	2	0	0	13	0.0769231	13	0.0769231	1	0	0	0	0	0	0
1000	962	10	300	4	25	23	23	1.36173	2	0	0	23	0.0434783	23	0.0434783	1	0	0	0	0	0	0
1000	963	10	300	4	25	11	11	1.04139	2	0	0	11	0.0909091	11	0.0909091	1	0	0	0	0	0	0
1000	964	10	300	4	25	12	13	1.11394	2	0	0	11	0.0909091	11	0.0909091	1	0	0	0	0	0	0
1000	965	10	300	4	25	16	19	1.27875	2	0	0	14	0.0714286	14	0.0714286	1	0	0	0	0	0	0
1000	966	10	300	4	25	19	23	1.36173	2	0	0	17	0.0588235	17	0.0588235	1	0	0	0	0	0	0
1000	967	10	300	4	25	12	14	1.14613	2	0	0	11	0.0909091	11	0.0909091	1	0	0	0	0	0	0
1000	968	10	300	4	25	14	17	1.23045	2	0	0	13	0.0769231	13	0.0769231	1	0	0	0	0	0	0
1000	969	10	300	4	25	15	15	1.17609	2	0	0	15	0.0666667	15	0.0666667	1	0	0	0	0	0	0
1000	970	10	300	4	25	19	19	1.27875	2	0	0	19	0.0526316	19	0.0526316	1	0	0	0	0	0	0
1000	971	10	300	4	25	15	17	1.23045	2	0	0	14	0.0714286	14	0.0714286	1	0	0	0	0	0	0
1000	972	10	300	4	25	17	19	1.27875	2	0	0	16	0.0625	16	0.0625	1	0	0	0	0	0	0
1000	973	10	300	4	25	13	26	1.41497	2	0	0	11	0.0909091	11	0.0909091	1	0	0	0	0	0	0
1000	974	10	300	4	25	14	17	1.23045	2	0	0	13	0.0769231	13	0.0769231	1	0	0	0	0	0	0
1000	975	10	300	4	25	13	13	1.11394	2	0	0	13	0.0769231	13	0.0769231	1	0	0	0	0	0	0
1000	976	10	300	4	25	13	22	1.34242	2	0	0	10	0.1	10	0.1	1	0	0	0	0	0	0
1000	977	10	300	4	25	11	16	1.20412	2	0	0	10	0.1	10	0.1	1	0	0	0	0	0	0
1000	979	10	300	4	25	13	16	1.20412	2	0	0	12	0.0833333	12	0.0833333	1	0	0	0	0	0	0
1000	980	10	300	4	25	15	15	1.17609	2	0	0	15	0.0666667	15	0.0666667	1	0	0	0	0	0	0
1000	981	10	300	4	25	14	18	1.25527	2	0	0	13	0.0769231	13	0.0769231	1	0	0	0	0	0	0
1000	982	10	300	4	25	14	16	1.20412	2	0	0	13	0.0769231	13	0.0769231	1	0	0	0	0	0	0
1000	983	10	300	4	25	18	24	1.38021	2	0	0	16	0.0625	16	0.0625	1	0	0	0	0	0	0
1000	984	10	300	4	25	14	21	1.32222	2	0	0	12	0.0833333	12	0.0833333	1	0	0	0	0	0	0
1000	985	10	300	4	25	14	29	1.4624	2	0	0	9	0.111111	9	0.111111	1	0	0	0	0	0	0
1000	986	10	300	4	25	9	12	1.07918	2	0	0	7	0.142857	7	0.142857	1	0	0	0	0	0	0
1000	987	10	300	4	25	14	17	1.23045	2	0	0	13	0.0769231	13	0.0769231	1	0	0	0	0	0	0
1000	988	10	300	4	25	18	18	1.25527	2	0	0	18	0.0555556	18	0.0555556	1	0	0	0	0	0	0
1000	989	10	300	4	25	22	22	1.34242	2	0	0	22	0.0454545	22	0.0454545	1	0	0	0	0	0	0
1000	990	10	300	4	25	13	15	1.17609	2	0	0	12	0.0833333	12	0.0833333	1	0	0	0	0	0	0
1000	991	10	300	4	25	23	30	1.47712	2	0	0	20	0.05	20	0.05	1	0	0	0	0	0	0
1000	992	10	300	4	25	10	14	1.14613	2	0	0	8	0.125	8	0.125	1	0	0	0	0	0	0
1000	993	10	300	4	25	10	10	1	2	0	0	10	0.1	10	0.1	1	0	0	0	0	0	0
1000	994	10	300	4	25	17	23	1.36173	2	0	0	15	0.0666667	15	0.0666667	1	0	0	0	0	0	0
1000	995	10	300	4	25	14	18	1.25527	2	0	0	13	0.0769231	13	0.0769231	1	0.01	-2	0	0	0	0
1000	996	10	300	4	25	22	26	1.41497	2	0	0	20	0.05	20	0.05	1	0	0	0	0	0	0
1000	997	10	300	4	25	12	20	1.30103	2	0	0	10	0.1	10	0.1	1	0	0	0	0	0	0
1000	998	10	300	4	25	6	10	1	2	0	0	4	0.25	4	0.25	1	0	0	0	0	0	0
1000	999	10	300	4	25	15	21	1.32222	2	0	0	13	0.0769231	13	0.0769231	1	0	0	0	0	0	0
1000	1000	10	300	4	25	18	18	1.25527	2	0	0	18	0.0555556	18	0.0555556	1	0	0	0	0	0	0
1000	8	20	300	4	25	67	95	1.97772	2	0	0	61	0.0163934	61	0.0163934	1	0	0	0	0	0	0
1000	16	20	300	4	25	55	84	1.92428	2	0	0	50	0.02	50	0.02	1	0	0	0	0	0	0
1000	17	20	300	4	25	61	83	1.91908	2	0	0	56	0.0178571	56	0.0178571	1	0	0	0	0	0	0
1000	20	20	300	4	25	62	94	1.97313	2	0	0	58	0.0172414	58	0.0172414	1	0	0	0	0	0	0
1000	29	20	300	4	25	79	86	1.9345	2	0	0	78	0.0128205	78	0.0128205	1	0	0	0	0	0	0
1000	34	20	300	4	25	68	97	1.98677	2	0	0	64	0.015625	64	0.015625	1	0	0	0	0	0	0
1000	47	20	300	4	25	68	87	1.93952	2	0	0	63	0.015873	63	0.015873	1	0	0	0	0	0	0
1000	52	20	300	4	25	54	96	1.98227	2	0	0	49	0.0204082	49	0.0204082	1	0	0	0	0	0	0
1000	56	20	300	4	25	61	67	1.82607	2	0	0	57	0.0175439	57	0.0175439	1	0	0	0	0	0	0
1000	70	20	300	4	25	60	91	1.95904	2	0	0	54	0.0185185	54	0.0185185	1	0	0	0	0	0	0
1000	72	20	300	4	25	51	69	1.83885	2	1	1	45.5	0.021978	46	0.0217391	0.98913	0	0	0	0	0	0
1000	74	20	300	4	25	66	92	1.96379	2	0	0	60	0.0166667	60	0.0166667	1	0	0	0	0	0	0
1000	77	20	300	4	25	63	90	1.95424	2	0	0	59	0.0169492	59	0.0169492	1	0	0	0	0	0	0
1000	106	20	300	4	25	75	97	1.98677	2	0	0	70	0.0142857	70	0.0142857	1	0	0	0	0	0	0
1000	110	20	300	4	25	79	98	1.99123	2	0	0	76	0.0131579	76	0.0131579	1	0	0	0	0	0	0
1000	116	20	300	4	25	61	80	1.90309	2	0	0	59	0.0169492	59	0.0169492	1	0	0	0	0	0	0
1000	120	20	300	4	25	55	85	1.92942	2	0	0	50	0.02	50	0.02	1	0	0	0	0	0	0
1000	139	20	300	4	25	79	85	1.92942	2	0	0	76	0.0131579	76	0.0131579	1	0	0	0	0	0	0
1000	153	20	300	4	25	51	84	1.92428	2	0	0	44	0.0227273	44	0.0227273	1	0	0	0	0	0	0
1000	159	20	300	4	25	60	98	1.99123	2	0	0	54	0.0185185	54	0.0185185	1	0	0	0	0	0	0
1000	160	20	300	4	25	53	88	1.94448	2	0	0	46	0.0217391	46	0.0217391	1	0	0	0	0	0	0
1000	161	20	300	4	25	64	89	1.94939	2	0	0	60	0.0166667	60	0.0166667	1	0	0	0	0	0	0
1000	166	20	300	4	25	58	75	1.87506	2	0	0	54	0.0185185	54	0.0185185	1	0	0	0	0	0	0
1000	167	20	300	4	25	69	79	1.89763	2	0	0	68	0.0147059	68	0.0147059	1	0	0	0	0	0	0
1000	187	20	300	4	25	57	74	1.86923	2	0	0	52	0.0192308	52	0.0192308	1	0	0	0	0	0	0
1000	194	20	300	4	25	50	90	1.95424	2	0	0	41	0.0243902	41	0.0243902	1	0	0	0	0	0	0
1000	196	20	300	4	25	75	90	1.95424	2	0	0	71	0.0140845	71	0.0140845	1	0	0	0	0	0	0
1000	197	20	300	4	25	79	98	1.99123	2	0	0	75	0.0133333	75	0.0133333	1	0	0	0	0	0	0
1000	205	20	300	4	25	59	79	1.89763	2	0	0	56	0.0178571	56	0.0178571	1	0	0	0	0	0	0
1000	208	20	300	4	25	65	91	1.95904	2	0	0	60	0.0166667	60	0.0166667	1	0	0	0	0	0	0
1000	209	20	300	4	25	66	95	1.97772	2	0	0	59	0.0169492	59	0.0169492	1	0	0	0	0	0	0
1000	212	20	300	4	25	57	96	1.98227	2	0	0	52	0.0192308	52	0.0192308	1	0	0	0	0	0	0
1000	223	20	300	4	25	54	78	1.89209	2	0	0	50	0.02	50	0.02	1	0	0	0	0	0	0
1000	228	20	300	4	25	54	76	1.88081	2	0	0	49	0.0204082	49	0.0204082	1	0	0	0	0	0	0
1000	230	20	300	4	25	84	99	1.99564	2	0	0	79	0.0126582	79	0.0126582	1	0	0	0	0	0	0
1000	243	20	300	4	25	68	80	1.90309	2	0	0	65	0.0153846	65	0.0153846	1	0	0	0	0	0	0
1000	259	20	300	4	25	57	87	1.93952	2	0	0	53	0.0188679	53	0.0188679	1	0	0	0	0	0	0
1000	260	20	300	4	25	62	77	1.88649	2	0	0	59	0.0169492	59	0.0169492	1	0	0	0	0	0	0
1000	264	20	300	4	25	44	86	1.9345	2	0	0	36	0.0277778	36	0.0277778	1	0	0	0	0	0	0
1000	265	20	300	4	25	63	96	1.98227	2	0	0	57	0.0175439	57	0.0175439	1	0	0	0	0	0	0
1000	268	20	300	4	25	71	86	1.9345	2	0	0	66	0.0151515	66	0.0151515	1	0	0	0	0	0	0
1000	272	20	300	4	25	57	92	1.96379	2	0	0	50	0.02	50	0.02	1	0	0	0	0	0	0
1000	283	20	300	4	25	60	80	1.90309	2	0	0	57	0.0175439	57	0.0175439	1	0	0	0	0	0	0
1000	286	20	300	4	25	76	93	1.96848	2	0	0	74	0.0135135	74	0.0135135	1	0	0	0	0	0	0
1000	291	20	300	4	25	56	89	1.94939	2	0	0	50	0.02	50	0.02	1	0	0	0	0	0	0
1000	306	20	300	4	25	48	98	1.99123	2	0	0	44	0.0227273	44	0.0227273	1	0	0	0	0	0	0
1000	308	20	300	4	25	70	76	1.88081	2	0	0	68	0.0147059	68	0.0147059	1	0	0	0	0	0	0
1000	310	20	300	4	25	56	67	1.82607	2	0	0	53	0.0188679	53	0.0188679	1	0	0	0	0	0	0
1000	314	20	300	4	25	50	90	1.95424	2	0	0	45	0.0222222	45	0.0222222	1	0	0	0	0	0	0
1000	319	20	300	4	25	49	67	1.82607	2	0	0	45	0.0222222	45	0.0222222	1	0	0	0	0	0	0
1000	324	20	300	4	25	47	89	1.94939	2	0	0	39	0.025641	39	0.025641	1	0	0	0	0	0	0
1000	325	20	300	4	25	82	97	1.98677	2	0	0	79	0.0126582	79	0.0126582	1	0	0	0	0	0	0
1000	326	20	300	4	25	56	86	1.9345	2	0	0	50	0.02	50	0.02	1	0	0	0	0	0	0
1000	327	20	300	4	25	48	86	1.9345	2	0	0	41	0.0243902	41	0.0243902	1	0	0	0	0	0	0
1000	334	20	300	4	25	57	97	1.98677	2	0	0	54	0.0185185	54	0.0185185	1	0	0	0	0	0	0
1000	340	20	300	4	25	52	72	1.85733	2	1	1	46.5	0.0215054	47	0.0212766	0.989362	0	0	0	0	0	0
1000	344	20	300	4	25	62	87	1.93952	2	0	0	55	0.0181818	55	0.0181818	1	0	0	0	0	0	0
1000	346	20	300	4	25	59	81	1.90849	2	0	0	55	0.0181818	55	0.0181818	1	0	0	0	0	0	0
1000	347	20	300	4	25	56	98	1.99123	2	0	0	48	0.0208333	48	0.0208333	1	0	0	0	0	0	0
1000	354	20	300	4	25	71	88	1.94448	2	0	0	68	0.0147059	68	0.0147059	1	0	0	0	0	0	0
1000	359	20	300	4	25	60	99	1.99564	2	0	0	55	0.0181818	55	0.0181818	1	0	0	0	0	0	0
1000	367	20	300	4	25	52	69	1.83885	2	0	0	48	0.0208333	48	0.0208333	1	0	0	0	0	0	0
1000	368	20	300	4	25	65	85	1.92942	2	0	0	61	0.0163934	61	0.0163934	1	0	0	0	0	0	0
1000	374	20	300	4	25	59	78	1.89209	2	0	0	55	0.0181818	55	0.0181818	1	0	0	0	0	0	0
1000	377	20	300	4	25	65	88	1.94448	2	0	0	60	0.0166667	60	0.0166667	1	0	0	0	0	0	0
1000	385	20	300	4	25	56	98	1.99123	2	0	0	47	0.0212766	47	0.0212766	1	0	0	0	0	0	0
1000	389	20	300	4	25	77	98	1.99123	2	0	0	74	0.0135135	74	0.0135135	1	0	0	0	0	0	0
1000	394	20	300	4	25	69	99	1.99564	2	0	0	64	0.015625	64	0.015625	1	0	0	0	0	0	0
1000	406	20	300	4	25	67	89	1.94939	2	0	0	62	0.016129	62	0.016129	1	0	0	0	0	0	0
1000	408	20	300	4	25	58	84	1.92428	2	0	0	53	0.0188679	53	0.0188679	1	0	0	0	0	0	0
1000	409	20	300	4	25	72	84	1.92428	2	0	0	69	0.0144928	69	0.0144928	1	0	0	0	0	0	0
1000	414	20	300	4	25	51	84	1.92428	2	0	0	45	0.0222222	45	0.0222222	1	0	0	0	0	0	0
1000	417	20	300	4	25	56	79	1.89763	2	0	0	51	0.0196078	51	0.0196078	1	0	0	0	0	0	0
1000	419	20	300	4	25	47	90	1.95424	2	1	1	40.5	0.0246914	41	0.0243902	0.987805	0	0	0	0	0	0
1000	427	20	300	4	25	54	88	1.94448	2	0	0	48	0.0208333	48	0.0208333	1	0	0	0	0	0	0
1000	430	20	300	4	25	65	91	1.95904	2	0	0	59	0.0169492	59	0.0169492	1	0	0	0	0	0	0
1000	453	20	300	4	25	70	99	1.99564	2	0	0	65	0.0153846	65	0.0153846	1	0	0	0	0	0	0
1000	461	20	300	4	25	46	92	1.96379	2	0	0	38	0.0263158	38	0.0263158	1	0	0	0	0	0	0
1000	490	20	300	4	25	61	91	1.95904	2	0	0	55	0.0181818	55	0.0181818	1	0	0	0	0	0	0
1000	494	20	300	4	25	72	92	1.96379	2	0	0	68	0.0147059	68	0.0147059	1	0	0	0	0	0	0
1000	496	20	300	4	25	66	90	1.95424	2	0	0	62	0.016129	62	0.016129	1	0	0	0	0	0	0
1000	500	20	300	4	25	63	94	1.97313	2	0	0	59	0.0169492	59	0.0169492	1	0	0	0	0	0	0
1000	504	20	300	4	25	58	72	1.85733	2	1	1	53.5	0.0186916	54	0.0185185	0.990741	0	0	0	0	0	0
1000	507	20	300	4	25	56	73	1.86332	2	0	0	53	0.0188679	53	0.0188679	1	0	0	0	0	0	0
1000	516	20	300	4	25	62	96	1.98227	2	0	0	57	0.0175439	57	0.0175439	1	0	0	0	0	0	0
1000	526	20	300	4	25	57	78	1.89209	2	0	0	51	0.0196078	51	0.0196078	1	0	0	0	0	0	0
1000	530	20	300	4	25	46	87	1.93952	2	0	0	41	0.0243902	41	0.0243902	1	0	0	0	0	0	0
1000	532	20	300	4	25	59	94	1.97313	2	1	1	51.5	0.0194175	52	0.0192308	0.990385	0	0	0	0	0	0
1000	535	20	300	4	25	56	80	1.90309	2	0	0	51	0.0196078	51	0.0196078	1	0	0	0	0	0	0
1000	538	20	300	4	25	55	90	1.95424	2	0	0	51	0.0196078	51	0.0196078	1	0	0	0	0	0	0
1000	539	20	300	4	25	79	88	1.94448	2	0	0	76	0.0131579	76	0.0131579	1	0	0	0	0	0	0
1000	544	20	300	4	25	75	88	1.94448	2	0	0	71	0.0140845	71	0.0140845	1	0	0	0	0	0	0
1000	552	20	300	4	25	63	91	1.95904	2	0	0	57	0.0175439	57	0.0175439	1	0	0	0	0	0	0
1000	560	20	300	4	25	62	83	1.91908	2	0	0	59	0.0169492	59	0.0169492	1	0	0	0	0	0	0
1000	562	20	300	4	25	54	90	1.95424	2	0	0	47	0.0212766	47	0.0212766	1	0	0	0	0	0	0
1000	563	20	300	4	25	57	97	1.98677	2	0	0	51	0.0196078	51	0.0196078	1	0	0	0	0	0	0
1000	565	20	300	4	25	64	94	1.97313	2	0	0	57	0.0175439	57	0.0175439	1	0	0	0	0	0	0
1000	568	20	300	4	25	70	88	1.94448	2	0	0	66	0.0151515	66	0.0151515	1	0	0	0	0	0	0
1000	572	20	300	4	25	59	88	1.94448	2	0	0	54	0.0185185	54	0.0185185	1	0	0	0	0	0	0
1000	577	20	300	4	25	53	87	1.93952	2	0	0	49	0.0204082	49	0.0204082	1	0	0	0	0	0	0
1000	585	20	300	4	25	62	91	1.95904	2	0	0	56	0.0178571	56	0.0178571	1	0	0	0	0	0	0
1000	587	20	300	4	25	61	97	1.98677	2	0	0	55	0.0181818	55	0.0181818	1	0	0	0	0	0	0
1000	590	20	300	4	25	54	77	1.88649	2	0	0	49	0.0204082	49	0.0204082	1	0	0	0	0	0	0
1000	595	20	300	4	25	55	95	1.97772	2	0	0	46	0.0217391	46	0.0217391	1	0	0	0	0	0	0
1000	600	20	300	4	25	67	82	1.91381	2	0	0	63	0.015873	63	0.015873	1	0	0	0	0	0	0
1000	602	20	300	4	25	52	76	1.88081	2	0	0	46	0.0217391	46	0.0217391	1	0	0	0	0	0	0
1000	603	20	300	4	25	63	80	1.90309	2	0	0	60	0.0166667	60	0.0166667	1	0	0	0	0	0	0
1000	606	20	300	4	25	56	97	1.98677	2	0	0	49	0.0204082	49	0.0204082	1	0	0	0	0	0	0
1000	608	20	300	4	25	66	79	1.89763	2	0	0	62	0.016129	62	0.016129	1	0	0	0	0	0	0
1000	614	20	300	4	25	51	94	1.97313	2	0	0	43	0.0232558	43	0.0232558	1	0	0	0	0	0	0
1000	634	20	300	4	25	57	66	1.81954	2	0	0	55	0.0181818	55	0.0181818	1	0	0	0	0	0	0
1000	636	20	300	4	25	48	70	1.8451	2	0	0	43	0.0232558	43	0.0232558	1	0	0	0	0	0	0
1000	639	20	300	4	25	58	84	1.92428	2	0	0	53	0.0188679	53	0.0188679	1	0	0	0	0	0	0
1000	644	20	300	4	25	57	97	1.98677	2	0	0	52	0.0192308	52	0.0192308	1	0	0	0	0	0	0
1000	646	20	300	4	25	50	79	1.89763	2	0	0	43	0.0232558	43	0.0232558	1	0	0	0	0	0	0
1000	649	20	300	4	25	47	78	1.89209	2	1	1	39.5	0.0253165	40	0.025	0.9875	0	0	0	0	0	0
1000	651	20	300	4	25	63	97	1.98677	2	0	0	58	0.0172414	58	0.0172414	1	0	0	0	0	0	0
1000	658	20	300	4	25	51	67	1.82607	2	0	0	46	0.0217391	46	0.0217391	1	0	0	0	0	0	0
1000	666	20	300	4	25	64	78	1.89209	2	0	0	60	0.0166667	60	0.0166667	1	0	0	0	0	0	0
1000	672	20	300	4	25	74	92	1.96379	2	0	0	72	0.0138889	72	0.0138889	1	0	0	0	0	0	0
1000	690	20	300	4	25	58	93	1.96848	2	0	0	52	0.0192308	52	0.0192308	1	0	0	0	0	0	0
1000	692	20	300	4	25	57	76	1.88081	2	0	0	53	0.0188679	53	0.0188679	1	0	0	0	0	0	0
1000	701	20	300	4	25	53	91	1.95904	2	0	0	45	0.0222222	45	0.0222222	1	0	0	0	0	0	0
1000	714	20	300	4	25	52	93	1.96848	2	0	0	47	0.0212766	47	0.0212766	1	0	0	0	0	0	0
1000	717	20	300	4	25	55	80	1.90309	2	0	0	50	0.02	50	0.02	1	0	0	0	0	0	0
1000	728	20	300	4	25	52	92	1.96379	2	0	0	46	0.0217391	46	0.0217391	1	0	0	0	0	0	0
1000	729	20	300	4	25	56	82	1.91381	2	0	0	53	0.0188679	53	0.0188679	1	0	0	0	0	0	0
1000	734	20	300	4	25	64	99	1.99564	2	0	0	59	0.0169492	59	0.0169492	1	0	0	0	0	0	0
1000	739	20	300	4	25	57	88	1.94448	2	0	0	52	0.0192308	52	0.0192308	1	0	0	0	0	0	0
1000	745	20	300	4	25	50	72	1.85733	2	0	0	46	0.0217391	46	0.0217391	1	0	0	0	0	0	0
1000	752	20	300	4	25	67	90	1.95424	2	0	0	62	0.016129	62	0.016129	1	0	0	0	0	0	0
1000	764	20	300	4	25	60	82	1.91381	2	0	0	57	0.0175439	57	0.0175439	1	0	0	0	0	0	0
1000	765	20	300	4	25	65	84	1.92428	2	0	0	61	0.0163934	61	0.0163934	1	0	0	0	0	0	0
1000	768	20	300	4	25	66	93	1.96848	2	0	0	59	0.0169492	59	0.0169492	1	0	0	0	0	0	0
1000	769	20	300	4	25	72	95	1.97772	2	0	0	68	0.0147059	68	0.0147059	1	0	0	0	0	0	0
1000	773	20	300	4	25	56	86	1.9345	2	0	0	49	0.0204082	49	0.0204082	1	0	0	0	0	0	0
1000	782	20	300	4	25	74	97	1.98677	2	0	0	69	0.0144928	69	0.0144928	1	0	0	0	0	0	0
1000	791	20	300	4	25	70	89	1.94939	2	0	0	66	0.0151515	66	0.0151515	1	0	0	0	0	0	0
1000	794	20	300	4	25	46	76	1.88081	2	0	0	41	0.0243902	41	0.0243902	1	0	0	0	0	0	0
1000	802	20	300	4	25	60	85	1.92942	2	0	0	56	0.0178571	56	0.0178571	1	0	0	0	0	0	0
1000	822	20	300	4	25	63	95	1.97772	2	0	0	59	0.0169492	59	0.0169492	1	0	0	0	0	0	0
1000	824	20	300	4	25	68	92	1.96379	2	0	0	64	0.015625	64	0.015625	1	0	0	0	0	0	0
1000	826	20	300	4	25	56	78	1.89209	2	0	0	53	0.0188679	53	0.0188679	1	0	0	0	0	0	0
1000	830	20	300	4	25	58	76	1.88081	2	0	0	53	0.0188679	53	0.0188679	1	0	0	0	0	0	0
1000	833	20	300	4	25	69	98	1.99123	2	0	0	67	0.0149254	67	0.0149254	1	0	0	0	0	0	0
1000	840	20	300	4	25	62	75	1.87506	2	0	0	58	0.0172414	58	0.0172414	1	0	0	0	0	0	0
1000	843	20	300	4	25	56	90	1.95424	2	0	0	51	0.0196078	51	0.0196078	1	0	0	0	0	0	0
1000	845	20	300	4	25	61	98	1.99123	2	0	0	56	0.0178571	56	0.0178571	1	0	0	0	0	0	0
1000	847	20	300	4	25	69	93	1.96848	2	0	0	66	0.0151515	66	0.0151515	1	0	0	0	0	0	0
1000	856	20	300	4	25	86	93	1.96848	2	0	0	84	0.0119048	84	0.0119048	1	0	0	0	0	0	0
1000	860	20	300	4	25	71	97	1.98677	2	0	0	68	0.0147059	68	0.0147059	1	0	0	0	0	0	0
1000	861	20	300	4	25	77	87	1.93952	2	0	0	74	0.0135135	74	0.0135135	1	0	0	0	0	0	0
1000	862	20	300	4	25	59	81	1.90849	2	0	0	53	0.0188679	53	0.0188679	1	0	0	0	0	0	0
1000	881	20	300	4	25	62	80	1.90309	2	0	0	59	0.0169492	59	0.0169492	1	0	0	0	0	0	0
1000	883	20	300	4	25	52	90	1.95424	2	0	0	48	0.0208333	48	0.0208333	1	0	0	0	0	0	0
1000	886	20	300	4	25	47	83	1.91908	2	0	0	42	0.0238095	42	0.0238095	1	0	0	0	0	0	0
1000	891	20	300	4	25	76	92	1.96379	2	0	0	72	0.0138889	72	0.0138889	1	0	0	0	0	0	0
1000	896	20	300	4	25	80	97	1.98677	2	0	0	77	0.012987	77	0.012987	1	0	0	0	0	0	0
1000	905	20	300	4	25	64	91	1.95904	2	0	0	58	0.0172414	58	0.0172414	1	0	0	0	0	0	0
1000	911	20	300	4	25	85	94	1.97313	2	0	0	83	0.0120482	83	0.0120482	1	0	0	0	0	0	0
1000	912	20	300	4	25	49	93	1.96848	2	0	0	44	0.0227273	44	0.0227273	1	0	0	0	0	0	0
1000	921	20	300	4	25	60	87	1.93952	2	0	0	55	0.0181818	55	0.0181818	1	0	0	0	0	0	0
1000	935	20	300	4	25	65	83	1.91908	2	0	0	59	0.0169492	59	0.0169492	1	0	0	0	0	0	0
1000	942	20	300	4	25	55	85	1.92942	2	0	0	50	0.02	50	0.02	1	0	0	0	0	0	0
1000	945	20	300	4	25	55	91	1.95904	2	0	0	48	0.0208333	48	0.0208333	1	0	0	0	0	0	0
1000	947	20	300	4	25	52	81	1.90849	2	0	0	48	0.0208333	48	0.0208333	1	0	0	0	0	0	0
1000	957	20	300	4	25	49	84	1.92428	2	0	0	42	0.0238095	42	0.0238095	1	0	0	0	0	0	0
1000	968	20	300	4	25	63	89	1.94939	2	0	0	57	0.0175439	57	0.0175439	1	0	0	0	0	0	0
1000	978	20	300	4	25	50	80	1.90309	2	0	0	44	0.0227273	44	0.0227273	1	0	0	0	0	0	0
1000	981	20	300	4	25	54	94	1.97313	2	0	0	48	0.0208333	48	0.0208333	1	0	0	0	0	0	0
1000	989	20	300	4	25	42	94	1.97313	2	0	0	35	0.0285714	35	0.0285714	1	0	0	0	0	0	0
1000	993	20	300	4	25	68	94	1.97313	2	0	0	61	0.0163934	61	0.0163934	1	0	0	0	0	0	0
