10000	359	60	300	4	25	19	5	0	0	5	5	1	0.07	0	0	0
10000	28	70	300	4	25	20	5	0	0	4	4	1	0.19	0.03	0	0
10000	85	70	300	4	25	17	5	0	0	3	3	1	0.09	0.03	0	0
10000	242	70	300	4	25	22	5	0	0	7	7	1	0.13	0.01	0	0
10000	280	70	300	4	25	25	5	0	0	11	11	1	0.11	0.01	0	0
10000	359	70	300	4	25	20	5	0	0	5	5	1	0.18	0.03	0	0
10000	390	70	300	4	25	18	5	0	0	4	4	1	0.1	0.03	0	0
10000	419	70	300	4	25	19	5	0	0	4	4	1	0.09	0.01	0	0
10000	512	70	300	4	25	23	5	0	0	6	6	1	0.21	0.02	0	0
10000	634	70	300	4	25	25	5	0	0	7	7	1	0.06	0.01	0	0
10000	712	70	300	4	25	22	5	0	0	4	4	1	0.42	0.07	0	0
10000	716	70	300	4	25	21	5	1	0	4	4	1	0.14	0.02	0.2	0
10000	807	70	300	4	25	18	5	0	0	3	3	1	0.05	0.01	0	0
10000	823	70	300	4	25	17	5	0	0	2	2	1	0.1	0.01	0	0
10000	883	70	300	4	25	22	5	0	0	6	6	1	0.09	0.01	0	0
10000	33	80	300	4	25	22	5	0	0	4	4	1	0.26	0.05	0	0
10000	39	80	300	4	25	18	5	1	0	3	3	1	0.12	0.02	0.77	0
10000	44	80	300	4	25	22	5	0	0	4	4	1	0.07	0.01	0	0
10000	56	80	300	4	25	19	5	0	0	5	5	1	0.07	0	0	0
10000	71	80	300	4	25	19	5	0	0	4	4	1	0.15	0.02	0	0
10000	87	80	300	4	25	20	5	0	0	3	3	1	0.27	0.06	0	0
10000	108	80	300	4	25	20	5	1	0	4	4	1	0.08	0.01	0.11	0
10000	114	80	300	4	25	23	5	1	0	5	5	1	0.68	0.16	0.75	0
10000	134	80	300	4	25	27	5	1	1	4.5	5	0.9	0.66	0.1	4.33	0
10000	137	80	300	4	25	19	5	0	0	4	4	1	0.07	0	0	0
10000	147	80	300	4	25	24	5	0	0	10	10	1	0.13	0	0	0
10000	158	80	300	4	25	20	5	1	0	4	4	1	0.16	0.03	0.26	0
10000	163	80	300	4	25	20	5	0	0	6	6	1	0.08	0.01	0	0
10000	165	80	300	4	25	28	5	1	0	7	7	1	0.33	0.04	0.33	0
10000	170	80	300	4	25	20	5	0	0	3	3	1	0.16	0.04	0	0
10000	208	80	300	4	25	21	5	1	0	3	3	1	0.31	0.08	0.58	0
10000	234	80	300	4	25	22	5	1	0	6	6	1	0.16	0.04	0.29	0
10000	251	80	300	4	25	21	5	1	0	5	5	1	0.09	0.02	0.18	0
10000	266	80	300	4	25	15	5	0	0	2	2	1	0.05	0.01	0	0
10000	286	80	300	4	25	24	5	0	0	10	10	1	0.09	0.01	0	0
10000	287	80	300	4	25	30	5	0	0	11	11	1	0.11	0.01	0	0
10000	294	80	300	4	25	22	5	0	0	6	6	1	0.21	0.02	0	0
10000	299	80	300	4	25	25	5	1	0	7	7	1	0.17	0	0.12	0
10000	303	80	300	4	25	16	5	0	0	2	2	1	0.06	0.01	0	0
10000	307	80	300	4	25	20	5	1	0	4	4	1	0.07	0.01	0.1	0
10000	312	80	300	4	25	25	5	1	0	5	5	1	0.78	0.12	0.66	0
10000	359	80	300	4	25	19	5	0	0	4	4	1	0.15	0.04	0	0
10000	363	80	300	4	25	17	5	1	0	3	3	1	0.07	0.01	0.31	0
10000	369	80	300	4	25	21	5	1	0	4	4	1	0.5	0.09	2.84	0
10000	375	80	300	4	25	20	5	0	0	5	5	1	0.09	0.01	0	0
10000	424	80	300	4	25	18	5	0	0	3	3	1	0.09	0.03	0	0
10000	431	80	300	4	25	19	5	0	0	5	5	1	0.06	0.01	0	0
10000	433	80	300	4	25	28	5	0	0	13	13	1	0.27	0.01	0	0
10000	440	80	300	4	25	23	5	1	0	6	6	1	0.74	0.07	0.71	0
10000	456	80	300	4	25	18	5	0	0	3	3	1	0.07	0.01	0	0
10000	464	80	300	4	25	18	5	0	0	4	4	1	0.05	0	0	0
10000	469	80	300	4	25	17	5	1	0	3	3	1	0.12	0.01	0.24	0
10000	500	80	300	4	25	19	5	0	0	4	4	1	0.12	0.03	0	0
10000	512	80	300	4	25	23	5	0	0	6	6	1	0.41	0.04	0	0
10000	559	80	300	4	25	21	5	0	0	4	4	1	0.09	0.02	0	0
10000	564	80	300	4	25	19	5	0	0	2	2	1	0.26	0.06	0	0
10000	569	80	300	4	25	21	5	0	0	5	5	1	0.24	0.04	0	0
10000	577	80	300	4	25	17	5	0	0	3	3	1	0.05	0.02	0	0
10000	593	80	300	4	25	21	5	1	0	4	4	1	0.35	0.05	0.46	0
10000	594	80	300	4	25	19	5	1	0	4	4	1	0.1	0.02	0.15	0
10000	601	80	300	4	25	20	5	0	0	4	4	1	0.42	0.04	0	0
10000	607	80	300	4	25	25	5	0	0	8	8	1	0.26	0.04	0	0
10000	611	80	300	4	25	21	5	1	0	7	7	1	0.14	0.01	0.13	0
10000	633	80	300	4	25	18	5	0	0	4	4	1	0.05	0.02	0	0
10000	634	80	300	4	25	26	5	0	0	8	8	1	0.07	0.02	0	0
10000	656	80	300	4	25	22	5	0	0	6	6	1	0.05	0.02	0	0
10000	661	80	300	4	25	22	5	0	0	4	4	1	0.39	0.09	0	0
10000	671	80	300	4	25	21	5	0	0	5	5	1	0.15	0.01	0	0
10000	675	80	300	4	25	20	5	1	0	4	4	1	0.08	0.01	0.14	0
10000	677	80	300	4	25	20	5	0	0	5	5	1	0.18	0.03	0	0
10000	685	80	300	4	25	20	5	0	0	6	6	1	0.13	0.02	0	0
10000	691	80	300	4	25	19	5	0	0	3	3	1	0.1	0.03	0	0
10000	695	80	300	4	25	19	5	0	0	5	5	1	0.09	0.03	0	0
10000	716	80	300	4	25	24	5	0	0	4	4	1	0.61	0.09	0	0
10000	717	80	300	4	25	31	5	1	0	8	8	1	0.51	0.05	1.55	0
10000	723	80	300	4	25	19	5	1	1	4.5	5	0.9	0.08	0.02	0.12	0
10000	730	80	300	4	25	25	5	1	0	9	9	1	0.32	0.04	0.34	0
10000	736	80	300	4	25	26	5	1	0	8	8	1	0.46	0.04	0.34	0
10000	746	80	300	4	25	26	5	1	0	5	5	1	0.6	0.12	0.59	0
10000	755	80	300	4	25	21	5	1	0	5	5	1	0.15	0.02	0.22	0
10000	758	80	300	4	25	23	5	0	0	5	5	1	0.25	0.04	0	0
10000	766	80	300	4	25	18	5	0	0	3	3	1	0.1	0.02	0	0
10000	770	80	300	4	25	22	5	0	0	6	6	1	0.1	0.03	0	0
10000	772	80	300	4	25	17	5	1	0	3	3	1	0.06	0.01	0.13	0
10000	777	80	300	4	25	20	5	0	0	4	4	1	0.09	0.01	0	0
10000	778	80	300	4	25	22	5	0	0	6	6	1	0.09	0.02	0	0
10000	783	80	300	4	25	21	5	1	0	5	5	1	0.11	0.01	0.13	0
10000	805	80	300	4	25	18	5	0	0	5	5	1	0.05	0.01	0	0
10000	807	80	300	4	25	21	5	0	0	4	4	1	0.26	0.04	0	0
10000	809	80	300	4	25	17	5	1	0	3	3	1	0.05	0	0.08	0
10000	815	80	300	4	25	18	5	0	0	3	3	1	0.11	0.03	0	0
10000	816	80	300	4	25	18	5	1	0	4	4	1	0.09	0.01	0.17	0
10000	818	80	300	4	25	25	5	0	0	7	7	1	0.19	0.02	0	0
10000	832	80	300	4	25	18	5	0	0	4	4	1	0.06	0	0	0
10000	833	80	300	4	25	21	5	0	0	5	5	1	0.51	0.06	0	0
10000	849	80	300	4	25	24	5	0	0	6	6	1	0.26	0.06	0	0
10000	874	80	300	4	25	27	5	0	0	6	6	1	0.69	0.09	0	0
10000	880	80	300	4	25	18	5	0	0	3	3	1	0.12	0.04	0	0
10000	883	80	300	4	25	22	5	0	0	6	6	1	0.18	0.01	0	0
10000	884	80	300	4	25	21	5	0	0	4	4	1	0.16	0.01	0	0
10000	910	80	300	4	25	25	5	1	0	7	7	1	0.52	0.07	0.65	0
10000	933	80	300	4	25	26	5	1	0	8	8	1	0.5	0.05	0.54	0
10000	953	80	300	4	25	21	5	0	0	6	6	1	0.14	0	0	0
10000	954	80	300	4	25	18	5	0	0	3	3	1	0.07	0.03	0	0
10000	956	80	300	4	25	33	5	0	0	15	15	1	0.15	0.01	0	0
10000	983	80	300	4	25	20	5	0	0	7	7	1	0.06	0.01	0	0
10000	1	90	300	4	25	19	5	1	0	3	3	1	0.18	0.03	0.45	0
10000	9	90	300	4	25	21	5	0	0	6	6	1	0.11	0	0	0
10000	13	90	300	4	25	26	5	0	0	7	7	1	0.16	0.03	0	0
10000	23	90	300	4	25	20	5	0	0	3	3	1	0.35	0.05	0	0
10000	24	90	300	4	25	17	5	0	0	3	3	1	0.05	0.01	0	0
10000	31	90	300	4	25	23	5	1	0	7	7	1	0.31	0.04	0.29	0
10000	33	90	300	4	25	24	5	1	0	4	4	1	0.73	0.12	0.61	0
10000	36	90	300	4	25	23	5	1	0	5	5	1	0.13	0.02	0.22	0
10000	39	90	300	4	25	22	5	1	0	5	5	1	0.46	0.09	3.29	0
10000	44	90	300	4	25	31	5	1	0	6	6	1	0.45	0.08	2.19	0
10000	50	90	300	4	25	23	5	1	1	3.66667	4	0.916667	0.4	0.07	0.67	0
10000	55	90	300	4	25	21	5	0	0	6	6	1	0.09	0.01	0	0
10000	56	90	300	4	25	23	5	0	0	4	4	1	0.86	0.09	0	0
10000	57	90	300	4	25	19	5	0	0	4	4	1	0.08	0.02	0	0
10000	65	90	300	4	25	22	5	0	0	5	5	1	0.12	0.03	0	0
10000	70	90	300	4	25	19	5	1	0	5	5	1	0.07	0	0.1	0
10000	71	90	300	4	25	21	5	0	0	8	8	1	0.21	0.01	0	0
10000	76	90	300	4	25	22	5	0	0	6	6	1	0.24	0.04	0	0
10000	78	90	300	4	25	23	5	0	0	6	6	1	0.09	0.01	0	0
10000	80	90	300	4	25	18	5	0	0	5	5	1	0.07	0.01	0	0
10000	83	90	300	4	25	20	5	1	0	6	6	1	0.06	0.01	0.09	0
10000	84	90	300	4	25	22	5	1	0	4	4	1	0.77	0.07	1.81	0
10000	88	90	300	4	25	23	5	1	0	6	6	1	0.15	0.02	0.17	0
10000	89	90	300	4	25	19	5	0	0	4	4	1	0.07	0.01	0	0
10000	91	90	300	4	25	21	5	1	0	4	4	1	0.25	0.03	0.28	0
10000	92	90	300	4	25	20	5	0	0	4	4	1	0.14	0.03	0	0
10000	93	90	300	4	25	19	5	1	0	4	4	1	0.07	0.01	0.44	0
10000	94	90	300	4	25	23	5	0	0	6	6	1	0.21	0.04	0	0
10000	96	90	300	4	25	26	5	1	0	8	8	1	0.92	0.08	0.89	0
10000	105	90	300	4	25	20	5	1	1	4.5	5	0.9	0.11	0.02	0.21	0
10000	108	90	300	4	25	20	5	0	0	4	4	1	0.18	0.04	0	0
10000	114	90	300	4	25	21	5	0	0	4	4	1	0.46	0.08	0	0
10000	115	90	300	4	25	25	5	0	0	6	6	1	0.21	0.03	0	0
10000	127	90	300	4	25	20	5	0	0	4	4	1	0.06	0.01	0	0
10000	146	90	300	4	25	18	5	0	0	6	6	1	0.1	0.01	0	0
10000	151	90	300	4	25	21	5	1	0	7	7	1	0.11	0.02	0.14	0
10000	152	90	300	4	25	22	5	0	0	5	5	1	0.2	0.04	0	0
10000	153	90	300	4	25	23	5	1	0	4	4	1	0.65	0.12	0.8	0
10000	166	90	300	4	25	21	5	0	0	6	6	1	0.05	0.01	0	0
10000	169	90	300	4	25	20	5	1	0	4	4	1	0.15	0.04	0.45	0
10000	170	90	300	4	25	22	5	1	0	4	4	1	0.46	0.07	1.19	0
10000	171	90	300	4	25	23	5	0	0	5	5	1	0.21	0.03	0	0
10000	172	90	300	4	25	21	5	0	0	5	5	1	0.21	0.03	0	0
10000	178	90	300	4	25	25	5	0	0	5	5	1	0.45	0.16	0	0
10000	185	90	300	4	25	18	5	0	0	4	4	1	0.04	0.02	0	0
10000	186	90	300	4	25	22	5	0	0	7	7	1	0.1	0.02	0	0
10000	190	90	300	4	25	27	5	0	0	6	6	1	0.64	0.16	0	0
10000	192	90	300	4	25	24	5	0	0	6	6	1	0.2	0.02	0	0
10000	195	90	300	4	25	20	5	0	0	3	3	1	0.27	0.03	0	0
10000	196	90	300	4	25	20	5	0	0	4	4	1	0.1	0.02	0	0
10000	197	90	300	4	25	19	5	0	0	4	4	1	0.07	0.01	0	0
10000	198	90	300	4	25	24	5	0	0	6	6	1	0.42	0.04	0	0
10000	199	90	300	4	25	23	5	0	0	4	4	1	0.19	0.03	0	0
10000	200	90	300	4	25	19	5	0	0	3	3	1	0.15	0.03	0	0
10000	208	90	300	4	25	15	5	0	0	2	2	1	0.12	0.02	0	0
10000	210	90	300	4	25	25	5	0	0	9	9	1	0.28	0.01	0	0
10000	211	90	300	4	25	23	5	0	0	5	5	1	0.14	0.04	0	0
10000	213	90	300	4	25	19	5	0	0	6	6	1	0.07	0.01	0	0
10000	219	90	300	4	25	24	5	1	0	5	5	1	0.39	0.07	2.46	0
10000	220	90	300	4	25	22	5	0	0	6	6	1	0.27	0.02	0	0
10000	223	90	300	4	25	29	5	1	0	8	8	1	0.5	0.07	0.64	0
10000	224	90	300	4	25	18	5	0	0	3	3	1	0.15	0.02	0	0
10000	227	90	300	4	25	21	5	0	0	6	6	1	0.09	0.01	0	0
10000	232	90	300	4	25	19	5	0	0	4	4	1	0.08	0.03	0	0
10000	234	90	300	4	25	19	5	0	0	6	6	1	0.06	0	0	0
10000	236	90	300	4	25	23	5	1	0	4	4	1	0.28	0.06	0.48	0
10000	238	90	300	4	25	21	5	1	0	3	3	1	0.39	0.04	0.43	0
10000	240	90	300	4	25	21	5	0	0	4	4	1	0.16	0.02	0	0
10000	243	90	300	4	25	18	5	0	0	4	4	1	0.1	0.01	0	0
10000	246	90	300	4	25	22	5	1	0	6	6	1	0.09	0.01	0.1	0
10000	247	90	300	4	25	23	5	1	0	5	5	1	0.25	0.02	0.32	0
10000	250	90	300	4	25	29	5	0	0	8	8	1	0.24	0.04	0	0
10000	251	90	300	4	25	21	5	1	0	6	6	1	0.11	0.02	0.23	0
10000	252	90	300	4	25	19	5	0	0	5	5	1	0.08	0.01	0	0
10000	255	90	300	4	25	24	5	1	0	5	5	1	0.77	0.06	0.52	0
10000	256	90	300	4	25	28	5	0	0	5	5	1	0.36	0.05	0	0
10000	282	90	300	4	25	22	5	0	0	6	6	1	0.11	0.03	0	0
10000	284	90	300	4	25	22	5	1	0	6	6	1	0.09	0.01	0.2	0
10000	286	90	300	4	25	23	5	0	0	8	8	1	0.24	0.03	0	0
10000	289	90	300	4	25	27	5	0	0	6	6	1	0.79	0.09	0	0
10000	291	90	300	4	25	23	5	0	0	8	8	1	0.14	0.01	0	0
10000	293	90	300	4	25	22	5	0	0	4	4	1	0.09	0.01	0	0
10000	297	90	300	4	25	20	5	0	0	5	5	1	0.09	0.02	0	0
10000	299	90	300	4	25	29	5	0	0	9	9	1	0.58	0.03	0	0
10000	303	90	300	4	25	18	5	0	0	3	3	1	0.21	0.03	0	0
10000	307	90	300	4	25	22	5	1	0	4	4	1	0.2	0.01	0.22	0
10000	309	90	300	4	25	20	5	0	0	5	5	1	0.13	0	0	0
10000	312	90	300	4	25	26	5	1	0	5	5	1	0.78	0.12	1.34	0
10000	318	90	300	4	25	18	5	1	0	3	3	1	0.06	0.01	0.12	0
10000	326	90	300	4	25	18	5	0	0	4	4	1	0.05	0.01	0	0
10000	331	90	300	4	25	20	5	0	0	4	4	1	0.15	0.04	0	0
10000	336	90	300	4	25	20	5	0	0	4	4	1	0.28	0.04	0	0
10000	343	90	300	4	25	24	5	0	0	6	6	1	0.07	0.01	0	0
10000	345	90	300	4	25	27	5	0	0	9	9	1	0.11	0.01	0	0
10000	346	90	300	4	25	20	5	1	0	4	4	1	0.14	0.02	0.11	0
10000	349	90	300	4	25	26	5	1	0	6	6	1	0.83	0.09	0.67	0
10000	355	90	300	4	25	19	5	1	0	4	4	1	0.08	0.02	0.12	0
10000	357	90	300	4	25	26	5	0	0	6	6	1	0.26	0.04	0	0
10000	363	90	300	4	25	18	5	1	0	3	3	1	0.15	0.04	0.29	0
10000	364	90	300	4	25	22	5	0	0	6	6	1	0.18	0.03	0	0
10000	365	90	300	4	25	19	5	1	0	4	4	1	0.12	0.02	0.16	0
10000	372	90	300	4	25	17	5	0	0	3	3	1	0.07	0.01	0	0
10000	375	90	300	4	25	20	5	1	0	5	5	1	0.06	0.01	0.1	0
10000	377	90	300	4	25	26	5	1	0	7	7	1	0.26	0.05	0.27	0
10000	386	90	300	4	25	24	5	1	0	5	5	1	0.33	0.04	0.51	0
10000	387	90	300	4	25	20	5	1	0	4	4	1	0.14	0.02	0.15	0
10000	389	90	300	4	25	19	5	0	0	4	4	1	0.14	0.02	0	0
10000	392	90	300	4	25	20	5	1	0	3	3	1	0.45	0.06	0.56	0
10000	394	90	300	4	25	18	5	0	0	4	4	1	0.1	0.01	0	0
10000	398	90	300	4	25	22	5	1	0	4	4	1	0.26	0.05	1.54	0
10000	404	90	300	4	25	19	5	1	0	4	4	1	0.09	0.03	0.18	0
10000	405	90	300	4	25	23	5	1	0	6	6	1	0.26	0.02	0.3	0
10000	421	90	300	4	25	21	5	0	0	4	4	1	0.27	0.04	0	0
10000	424	90	300	4	25	22	5	0	0	4	4	1	0.41	0.06	0	0
10000	430	90	300	4	25	19	5	0	0	4	4	1	0.16	0.03	0	0
10000	433	90	300	4	25	30	5	0	0	13	13	1	1.02	0.07	0	0
10000	436	90	300	4	25	18	5	0	0	3	3	1	0.22	0.04	0	0
10000	441	90	300	4	25	19	5	0	0	3	3	1	0.2	0.03	0	0
10000	445	90	300	4	25	19	5	1	0	6	6	1	0.09	0.01	0.15	0
10000	447	90	300	4	25	21	5	0	0	5	5	1	0.07	0.02	0	0
10000	448	90	300	4	25	18	5	0	0	3	3	1	0.1	0.01	0	0
10000	455	90	300	4	25	16	5	0	0	2	2	1	0.05	0.01	0	0
10000	456	90	300	4	25	20	5	1	0	4	4	1	0.14	0.02	0.24	0
10000	459	90	300	4	25	21	5	0	0	4	4	1	0.4	0.07	0	0
10000	464	90	300	4	25	20	5	0	0	4	4	1	0.2	0.03	0	0
10000	466	90	300	4	25	25	5	0	0	8	8	1	0.36	0.03	0	0
10000	469	90	300	4	25	18	5	1	0	3	3	1	0.18	0.04	0.29	0
10000	473	90	300	4	25	26	5	0	0	7	7	1	0.17	0.04	0	0
10000	484	90	300	4	25	19	5	1	0	4	4	1	0.18	0.04	0.31	0
10000	493	90	300	4	25	29	5	0	0	9	9	1	0.85	0.1	0	0
10000	497	90	300	4	25	23	5	0	0	7	7	1	0.17	0.02	0	0
10000	500	90	300	4	25	19	5	0	0	3	3	1	0.07	0.02	0	0
10000	501	90	300	4	25	20	5	0	0	4	4	1	0.18	0.03	0	0
10000	502	90	300	4	25	29	5	0	0	7	7	1	0.57	0.03	0	0
10000	506	90	300	4	25	21	5	1	0	5	5	1	0.15	0.02	0.62	0
10000	512	90	300	4	25	21	5	0	0	5	5	1	0.13	0.03	0	0
10000	517	90	300	4	25	20	5	0	0	4	4	1	0.1	0.01	0	0
10000	520	90	300	4	25	21	5	1	0	4	4	1	0.14	0.03	0.64	0
10000	526	90	300	4	25	18	5	0	0	4	4	1	0.06	0.01	0	0
10000	530	90	300	4	25	26	5	0	0	6	6	1	0.34	0.04	0	0
10000	532	90	300	4	25	19	5	0	0	4	4	1	0.11	0.01	0	0
10000	533	90	300	4	25	19	5	1	0	3	3	1	0.08	0.01	0.16	0
10000	537	90	300	4	25	17	5	0	0	3	3	1	0.06	0.01	0	0
10000	538	90	300	4	25	18	5	1	1	2.33333	3	0.777778	0.18	0.04	0.34	0
10000	541	90	300	4	25	21	5	0	0	4	4	1	0.18	0.04	0	0
10000	542	90	300	4	25	22	5	1	0	4	4	1	0.19	0.05	0.32	0
10000	545	90	300	4	25	22	5	0	0	5	5	1	0.17	0.03	0	0
10000	556	90	300	4	25	16	5	1	0	2	2	1	0.08	0.01	0.14	0
10000	557	90	300	4	25	20	5	0	0	4	4	1	0.13	0.01	0	0
10000	560	90	300	4	25	21	5	0	0	5	5	1	0.21	0.02	0	0
10000	565	90	300	4	25	20	5	0	0	4	4	1	0.07	0.01	0	0
10000	569	90	300	4	25	23	5	0	0	6	6	1	0.35	0.06	0	0
10000	572	90	300	4	25	23	5	1	0	7	7	1	0.2	0.03	0.24	0
10000	575	90	300	4	25	18	5	1	0	3	3	1	0.05	0.01	0.12	0
10000	580	90	300	4	25	18	5	0	0	4	4	1	0.05	0.02	0	0
10000	581	90	300	4	25	22	5	0	0	5	5	1	0.28	0.03	0	0
10000	585	90	300	4	25	25	5	0	0	7	7	1	0.27	0.02	0	0
10000	586	90	300	4	25	21	5	0	0	5	5	1	0.15	0.02	0	0
10000	587	90	300	4	25	20	5	0	0	4	4	1	0.11	0.03	0	0
10000	590	90	300	4	25	22	5	1	0	4	4	1	0.57	0.07	12.14	0
10000	595	90	300	4	25	23	5	1	0	5	5	1	0.57	0.13	1.12	0
10000	604	90	300	4	25	19	5	0	0	6	6	1	0.34	0.02	0	0
10000	605	90	300	4	25	24	5	1	0	4	4	1	0.61	0.09	8.12	0
10000	607	90	300	4	25	25	5	1	0	9	9	1	0.25	0.05	0.4	0
10000	611	90	300	4	25	21	5	0	0	5	5	1	0.25	0.04	0	0
10000	613	90	300	4	25	26	5	0	0	8	8	1	1.1	0.05	0	0
10000	615	90	300	4	25	23	5	1	0	5	5	1	0.4	0.07	1.88	0
10000	616	90	300	4	25	17	5	0	0	4	4	1	0.05	0.01	0	0
10000	623	90	300	4	25	23	5	1	0	7	7	1	0.08	0.01	0.16	0
10000	624	90	300	4	25	16	5	0	0	3	3	1	0.08	0.01	0	0
10000	626	90	300	4	25	17	5	0	0	3	3	1	0.06	0.02	0	0
10000	627	90	300	4	25	23	5	0	0	6	6	1	0.16	0.02	0	0
10000	629	90	300	4	25	21	5	1	0	5	5	1	0.35	0.04	1.63	0
10000	633	90	300	4	25	20	5	0	0	4	4	1	0.22	0.03	0	0
10000	638	90	300	4	25	22	5	1	0	5	5	1	0.46	0.07	0.43	0
10000	643	90	300	4	25	22	5	0	0	4	4	1	0.15	0.03	0	0
10000	647	90	300	4	25	18	5	1	0	3	3	1	0.08	0.02	0.43	0
10000	648	90	300	4	25	21	5	0	0	3	3	1	0.71	0.16	0	0
10000	656	90	300	4	25	27	5	0	0	8	8	1	0.35	0.07	0	0
10000	659	90	300	4	25	22	5	1	0	5	5	1	0.38	0.07	4.58	0
10000	660	90	300	4	25	23	5	1	0	5	5	1	0.29	0.04	0.42	0
10000	661	90	300	4	25	23	5	1	0	7	7	1	0.33	0.04	0.37	0
10000	667	90	300	4	25	23	5	1	0	5	5	1	0.41	0.08	0.52	0
10000	668	90	300	4	25	20	5	0	0	3	3	1	0.21	0.02	0	0
10000	671	90	300	4	25	27	5	0	0	8	8	1	0.54	0.09	0	0
10000	672	90	300	4	25	21	5	1	0	4	4	1	0.12	0.03	0.16	0
10000	676	90	300	4	25	20	5	0	0	4	4	1	0.23	0.06	0	0
10000	677	90	300	4	25	22	5	0	0	7	7	1	0.16	0.01	0	0
10000	681	90	300	4	25	21	5	0	0	6	6	1	0.1	0	0	0
10000	682	90	300	4	25	22	5	0	0	5	5	1	0.21	0.03	0	0
10000	686	90	300	4	25	21	5	1	0	5	5	1	0.12	0.02	0.14	0
10000	689	90	300	4	25	21	5	1	0	5	5	1	0.19	0.04	0.28	0
10000	695	90	300	4	25	19	5	0	0	3	3	1	0.18	0.04	0	0
10000	708	90	300	4	25	23	5	0	0	4	4	1	0.39	0.07	0	0
10000	713	90	300	4	25	22	5	1	0	5	5	1	0.39	0.04	0.45	0
10000	723	90	300	4	25	23	5	1	0	5	5	1	0.41	0.08	2.57	0
10000	724	90	300	4	25	19	5	0	0	4	4	1	0.13	0.02	0	0
10000	730	90	300	4	25	26	5	0	0	7	7	1	0.55	0.04	0	0
10000	736	90	300	4	25	27	5	1	0	8	8	1	1.08	0.09	0.62	0
10000	741	90	300	4	25	24	5	0	0	7	7	1	0.38	0.05	0	0
10000	745	90	300	4	25	20	5	0	0	4	4	1	0.25	0.05	0	0
10000	752	90	300	4	25	21	5	1	0	5	5	1	0.06	0.02	0.13	0
10000	755	90	300	4	25	21	5	0	0	6	6	1	0.16	0.01	0	0
10000	758	90	300	4	25	23	5	0	0	6	6	1	0.19	0.01	0	0
10000	760	90	300	4	25	23	5	0	0	4	4	1	0.11	0.03	0	0
10000	761	90	300	4	25	23	5	0	0	5	5	1	0.11	0.01	0	0
10000	762	90	300	4	25	24	5	0	0	6	6	1	0.54	0.07	0	0
10000	766	90	300	4	25	17	5	0	0	3	3	1	0.07	0.01	0	0
10000	770	90	300	4	25	31	5	1	0	9	9	1	0.37	0.07	0.52	0
10000	772	90	300	4	25	17	5	1	0	4	4	1	0.06	0	0.13	0
10000	777	90	300	4	25	20	5	0	0	5	5	1	0.07	0.01	0	0
10000	780	90	300	4	25	22	5	0	0	7	7	1	0.07	0.01	0	0
10000	781	90	300	4	25	20	5	1	0	4	4	1	0.14	0.02	0.15	0
10000	783	90	300	4	25	27	5	0	0	8	8	1	0.57	0.04	0	0
10000	785	90	300	4	25	26	5	1	0	11	11	1	0.17	0.01	0.16	0
10000	788	90	300	4	25	23	5	0	0	5	5	1	0.53	0.09	0	0
10000	791	90	300	4	25	19	5	0	0	4	4	1	0.15	0.03	0	0
10000	792	90	300	4	25	26	5	1	0	6	6	1	0.75	0.09	0.9	0
10000	793	90	300	4	25	23	5	0	0	7	7	1	0.22	0.04	0	0
10000	795	90	300	4	25	18	5	0	0	3	3	1	0.17	0.04	0	0
10000	797	90	300	4	25	22	5	0	0	5	5	1	0.13	0.01	0	0
10000	798	90	300	4	25	26	5	1	0	5	5	1	0.57	0.1	1.11	0
10000	802	90	300	4	25	21	5	0	0	6	6	1	0.17	0.02	0	0
10000	803	90	300	4	25	22	5	0	0	6	6	1	0.25	0.04	0	0
10000	805	90	300	4	25	20	5	0	0	6	6	1	0.06	0.01	0	0
10000	809	90	300	4	25	18	5	0	0	3	3	1	0.15	0.03	0	0
10000	814	90	300	4	25	22	5	0	0	8	8	1	0.07	0	0	0
10000	815	90	300	4	25	19	5	0	0	5	5	1	0.13	0.03	0	0
10000	817	90	300	4	25	16	5	0	0	4	4	1	0.04	0.01	0	0
10000	823	90	300	4	25	16	5	0	0	4	4	1	0.05	0	0	0
10000	825	90	300	4	25	22	5	1	0	4	4	1	0.35	0.06	2.41	0
10000	832	90	300	4	25	23	5	1	0	6	6	1	0.47	0.09	0.65	0
10000	833	90	300	4	25	22	5	0	0	4	4	1	0.82	0.15	0	0
10000	835	90	300	4	25	19	5	0	0	5	5	1	0.05	0	0	0
10000	839	90	300	4	25	23	5	1	0	6	6	1	0.13	0.01	0.18	0
10000	848	90	300	4	25	19	5	0	0	5	5	1	0.09	0.03	0	0
10000	855	90	300	4	25	19	5	1	0	6	6	1	0.09	0.02	0.16	0
10000	857	90	300	4	25	19	5	0	0	5	5	1	0.13	0.03	0	0
10000	864	90	300	4	25	20	5	1	0	5	5	1	0.12	0.04	0.25	0
10000	868	90	300	4	25	18	5	1	0	5	5	1	0.05	0.01	0.11	0
10000	869	90	300	4	25	21	5	0	0	5	5	1	0.17	0.02	0	0
10000	875	90	300	4	25	19	5	0	0	3	3	1	0.11	0.01	0	0
10000	880	90	300	4	25	19	5	1	0	3	3	1	0.28	0.06	4.63	0
10000	883	90	300	4	25	22	5	0	0	7	7	1	0.14	0.02	0	0
10000	884	90	300	4	25	23	5	0	0	4	4	1	0.37	0.09	0	0
10000	890	90	300	4	25	22	5	1	0	5	5	1	0.12	0.02	0.89	0
10000	896	90	300	4	25	19	5	1	0	4	4	1	0.08	0.02	0.15	0
10000	900	90	300	4	25	19	5	0	0	4	4	1	0.13	0.02	0	0
10000	912	90	300	4	25	22	5	0	0	6	6	1	0.33	0.03	0	0
10000	914	90	300	4	25	18	5	0	0	4	4	1	0.07	0.01	0	0
10000	917	90	300	4	25	18	5	0	0	5	5	1	0.05	0	0	0
10000	919	90	300	4	25	21	5	0	0	5	5	1	0.14	0.03	0	0
10000	923	90	300	4	25	27	5	0	0	9	9	1	0.27	0.02	0	0
10000	924	90	300	4	25	16	5	1	0	4	4	1	0.05	0.01	0.08	0
10000	926	90	300	4	25	19	5	0	0	5	5	1	0.12	0.01	0	0
10000	929	90	300	4	25	20	5	0	0	7	7	1	0.1	0.01	0	0
10000	932	90	300	4	25	24	5	0	0	6	6	1	0.25	0.04	0	0
10000	933	90	300	4	25	27	5	0	0	7	7	1	1.01	0.12	0	0
10000	934	90	300	4	25	22	5	0	0	3	3	1	0.29	0.07	0	0
10000	936	90	300	4	25	23	5	0	0	8	8	1	0.1	0.01	0	0
10000	940	90	300	4	25	20	5	1	0	3	3	1	0.27	0.04	1.13	0
10000	941	90	300	4	25	21	5	0	0	6	6	1	0.09	0.01	0	0
10000	954	90	300	4	25	19	5	1	0	3	3	1	0.27	0.07	0.39	0
10000	955	90	300	4	25	21	5	1	0	6	6	1	0.23	0.01	0.15	0
10000	962	90	300	4	25	24	5	0	0	4	4	1	0.28	0.06	0	0
10000	966	90	300	4	25	19	5	0	0	4	4	1	0.15	0.02	0	0
10000	968	90	300	4	25	17	5	0	0	3	3	1	0.06	0.01	0	0
10000	973	90	300	4	25	23	5	0	0	8	8	1	0.12	0.01	0	0
10000	975	90	300	4	25	22	5	0	0	5	5	1	0.1	0.03	0	0
10000	976	90	300	4	25	17	5	1	0	3	3	1	0.06	0	1.16	0
10000	980	90	300	4	25	27	5	0	0	11	11	1	0.18	0.02	0	0
10000	983	90	300	4	25	27	5	0	0	6	6	1	0.36	0.08	0	0
10000	995	90	300	4	25	26	5	0	0	8	8	1	0.94	0.09	0	0
10000	997	90	300	4	25	19	5	0	0	4	4	1	0.06	0.01	0	0
10000	998	90	300	4	25	21	5	0	0	5	5	1	0.43	0.04	0	0
10000	1000	90	300	4	25	19	5	0	0	4	4	1	0.1	0.02	0	0
10000	1	100	300	4	25	20	5	0	0	3	3	1	0.39	0.06	0	0
10000	3	100	300	4	25	27	5	1	0	6	6	1	0.36	0.06	0.44	0
10000	6	100	300	4	25	24	5	1	0	7	7	1	0.14	0.03	0.15	0
10000	11	100	300	4	25	22	5	1	0	6	6	1	0.1	0	0.12	0
10000	13	100	300	4	25	23	5	0	0	7	7	1	0.09	0.02	0	0
10000	14	100	300	4	25	19	5	0	0	3	3	1	0.09	0.02	0	0
10000	18	100	300	4	25	22	5	0	0	4	4	1	0.15	0.02	0	0
10000	19	100	300	4	25	20	5	0	0	4	4	1	0.19	0.06	0	0
10000	21	100	300	4	25	21	5	0	0	5	5	1	0.19	0.05	0	0
10000	22	100	300	4	25	22	5	1	0	3	3	1	0.42	0.09	0.47	0
10000	24	100	300	4	25	23	5	0	0	4	4	1	0.66	0.17	0	0
10000	35	100	300	4	25	20	5	1	0	4	4	1	0.11	0.01	0.12	0
10000	37	100	300	4	25	25	5	1	0	6	6	1	0.13	0.03	0.21	0
10000	43	100	300	4	25	19	5	0	0	3	3	1	0.09	0.01	0	0
10000	46	100	300	4	25	25	5	1	0	5	5	1	0.57	0.08	2.8	0
10000	49	100	300	4	25	18	5	0	0	4	4	1	0.08	0.02	0	0
10000	52	100	300	4	25	21	5	0	0	6	6	1	0.04	0.02	0	0
10000	53	100	300	4	25	24	5	0	0	8	8	1	0.11	0.01	0	0
10000	54	100	300	4	25	25	5	1	0	5	5	1	0.79	0.1	0.57	0
10000	55	100	300	4	25	23	5	1	0	7	7	1	0.31	0.05	0.35	0
10000	56	100	300	4	25	18	5	1	0	3	3	1	0.19	0.04	0.28	0
10000	57	100	300	4	25	23	5	0	0	5	5	1	0.27	0.08	0	0
10000	60	100	300	4	25	18	5	0	0	4	4	1	0.05	0.01	0	0
10000	62	100	300	4	25	19	5	0	0	4	4	1	0.09	0.02	0	0
10000	64	100	300	4	25	23	5	0	0	6	6	1	0.17	0.03	0	0
10000	65	100	300	4	25	19	5	0	0	4	4	1	0.06	0.01	0	0
10000	71	100	300	4	25	21	5	1	0	6	6	1	0.21	0.03	0.22	0
10000	76	100	300	4	25	22	5	0	0	5	5	1	0.43	0.11	0	0
10000	79	100	300	4	25	27	5	1	0	6	6	1	0.31	0.03	2.06	0
10000	82	100	300	4	25	20	5	0	0	4	4	1	0.21	0.04	0	0
10000	83	100	300	4	25	24	5	1	0	5	5	1	0.57	0.1	0.95	0
10000	86	100	300	4	25	27	5	0	0	7	7	1	0.69	0.08	0	0
10000	88	100	300	4	25	24	5	0	0	6	6	1	0.49	0.06	0	0
10000	89	100	300	4	25	20	5	0	0	7	7	1	0.07	0	0	0
10000	92	100	300	4	25	21	5	0	0	4	4	1	0.33	0.06	0	0
10000	93	100	300	4	25	23	5	0	0	6	6	1	0.37	0.09	0	0
10000	94	100	300	4	25	28	5	0	0	8	8	1	0.59	0.07	0	0
10000	97	100	300	4	25	19	5	1	0	5	5	1	0.06	0.01	0.09	0
10000	103	100	300	4	25	19	5	0	0	3	3	1	0.07	0.01	0	0
10000	107	100	300	4	25	24	5	0	0	7	7	1	0.11	0.01	0	0
10000	109	100	300	4	25	36	5	1	0	10	10	1	1.32	0.1	0.66	0
10000	111	100	300	4	25	22	5	1	0	7	7	1	0.08	0.02	0.16	0
10000	113	100	300	4	25	21	5	1	0	5	5	1	0.16	0.03	0.26	0
10000	121	100	300	4	25	24	5	0	0	4	4	1	0.66	0.08	0	0
10000	123	100	300	4	25	24	5	1	1	3.66667	4	0.916667	0.79	0.09	2.25	0
10000	124	100	300	4	25	28	5	0	0	8	8	1	0.27	0.03	0	0
10000	125	100	300	4	25	23	5	0	0	5	5	1	0.25	0.05	0	0
10000	126	100	300	4	25	23	5	1	0	4	4	1	0.39	0.11	1.25	0
10000	127	100	300	4	25	26	5	1	0	4	4	1	0.66	0.08	3.56	0
10000	131	100	300	4	25	24	5	0	0	6	6	1	0.18	0.03	0	0
10000	132	100	300	4	25	23	5	0	0	5	5	1	0.27	0.06	0	0
10000	133	100	300	4	25	21	5	0	0	4	4	1	0.66	0.04	0	0
10000	138	100	300	4	25	19	5	0	0	4	4	1	0.09	0.01	0	0
10000	140	100	300	4	25	22	5	1	0	6	6	1	0.15	0.02	0.27	0
10000	141	100	300	4	25	27	5	0	0	9	9	1	0.29	0.05	0	0
10000	145	100	300	4	25	22	5	0	0	5	5	1	0.22	0.03	0	0
10000	149	100	300	4	25	18	5	0	0	4	4	1	0.06	0.01	0	0
10000	150	100	300	4	25	21	5	0	0	4	4	1	0.25	0.04	0	0
10000	151	100	300	4	25	23	5	1	0	7	7	1	0.23	0.05	0.38	0
10000	153	100	300	4	25	23	5	0	0	5	5	1	0.81	0.14	0	0
10000	156	100	300	4	25	23	5	1	0	6	6	1	0.15	0.01	0.16	0
10000	159	100	300	4	25	20	5	0	0	4	4	1	0.32	0.04	0	0
10000	161	100	300	4	25	20	5	0	0	5	5	1	0.11	0.01	0	0
10000	162	100	300	4	25	27	5	1	0	6	6	1	0.41	0.07	1.29	0
10000	164	100	300	4	25	22	5	1	0	6	6	1	0.1	0.03	0.24	0
10000	166	100	300	4	25	27	5	1	0	6	6	1	0.3	0.05	0.4	0
10000	169	100	300	4	25	24	5	0	0	8	8	1	0.25	0.05	0	0
10000	172	100	300	4	25	19	5	0	0	3	3	1	0.21	0.04	0	0
10000	173	100	300	4	25	24	5	0	0	12	12	1	0.12	0.01	0	0
10000	174	100	300	4	25	24	5	0	0	6	6	1	0.46	0.07	0	0
10000	175	100	300	4	25	22	5	0	0	6	6	1	0.1	0.02	0	0
10000	176	100	300	4	25	23	5	1	0	7	7	1	0.57	0.04	0.39	0
10000	177	100	300	4	25	19	5	0	0	3	3	1	0.11	0.02	0	0
10000	178	100	300	4	25	26	5	0	0	6	6	1	0.33	0.05	0	0
10000	180	100	300	4	25	20	5	0	0	6	6	1	0.07	0.01	0	0
10000	181	100	300	4	25	27	5	1	0	5	5	1	0.86	0.14	2.78	0
10000	182	100	300	4	25	18	5	1	0	4	4	1	0.05	0	0.08	0
10000	184	100	300	4	25	20	5	1	0	5	5	1	0.17	0.02	0.77	0
10000	185	100	300	4	25	21	5	0	0	5	5	1	0.06	0.02	0	0
10000	186	100	300	4	25	21	5	1	0	4	4	1	0.21	0.03	0.34	0
10000	187	100	300	4	25	21	5	1	0	4	4	1	0.3	0.04	0.39	0
10000	191	100	300	4	25	19	5	1	0	4	4	1	0.06	0	0.11	0
10000	192	100	300	4	25	22	5	1	0	4	4	1	0.17	0.03	0.25	0
10000	195	100	300	4	25	21	5	1	0	4	4	1	0.65	0.1	0.84	0
10000	196	100	300	4	25	23	5	0	0	5	5	1	0.5	0.1	0	0
10000	198	100	300	4	25	23	5	0	0	8	8	1	0.22	0.03	0	0
10000	200	100	300	4	25	21	5	0	0	4	4	1	0.34	0.05	0	0
10000	201	100	300	4	25	20	5	0	0	4	4	1	0.13	0.03	0	0
10000	202	100	300	4	25	23	5	1	0	5	5	1	0.5	0.08	0.62	0
10000	203	100	300	4	25	21	5	0	0	5	5	1	0.12	0.01	0	0
10000	209	100	300	4	25	20	5	1	0	5	5	1	0.09	0.01	0.14	0
10000	212	100	300	4	25	22	5	0	0	6	6	1	0.09	0.01	0	0
10000	216	100	300	4	25	23	5	0	0	6	6	1	0.13	0.04	0	0
10000	217	100	300	4	25	24	5	0	0	6	6	1	0.36	0.04	0	0
10000	218	100	300	4	25	20	5	1	0	6	6	1	0.08	0.01	0.1	0
10000	219	100	300	4	25	19	5	1	0	5	5	1	0.07	0.02	0.14	0
10000	221	100	300	4	25	20	5	0	0	4	4	1	0.12	0.02	0	0
10000	222	100	300	4	25	22	5	0	0	8	8	1	0.17	0	0	0
10000	224	100	300	4	25	22	5	0	0	4	4	1	0.34	0.08	0	0
10000	227	100	300	4	25	22	5	0	0	4	4	1	0.45	0.06	0	0
10000	230	100	300	4	25	17	5	0	0	3	3	1	0.12	0.02	0	0
10000	231	100	300	4	25	19	5	0	0	3	3	1	0.12	0.02	0	0
10000	232	100	300	4	25	25	5	0	0	7	7	1	0.73	0.09	0	0
10000	233	100	300	4	25	22	5	1	0	4	4	1	0.49	0.07	0.58	0
10000	234	100	300	4	25	23	5	1	0	4	4	1	0.43	0.08	0.6	0
10000	237	100	300	4	25	26	5	0	0	7	7	1	0.18	0.02	0	0
10000	239	100	300	4	25	21	5	1	0	5	5	1	0.1	0.02	0.13	0
10000	241	100	300	4	25	24	5	1	0	7	7	1	0.42	0.05	0.4	0
10000	243	100	300	4	25	16	5	1	0	2	2	1	0.11	0.03	0.22	0
10000	244	100	300	4	25	21	5	1	0	6	6	1	0.16	0.03	0.28	0
10000	246	100	300	4	25	23	5	0	0	7	7	1	0.23	0.02	0	0
10000	249	100	300	4	25	19	5	1	1	3.5	4	0.875	0.08	0.01	0.16	0
10000	250	100	300	4	25	31	5	1	0	7	7	1	0.3	0.05	0.33	0
10000	252	100	300	4	25	21	5	0	0	6	6	1	0.14	0.03	0	0
10000	254	100	300	4	25	21	5	1	0	5	5	1	0.07	0.01	0.11	0
10000	256	100	300	4	25	25	5	0	0	5	5	1	0.33	0.05	0	0
10000	257	100	300	4	25	22	5	0	0	6	6	1	0.1	0.01	0	0
10000	261	100	300	4	25	22	5	0	0	8	8	1	0.12	0.01	0	0
10000	266	100	300	4	25	19	5	0	0	3	3	1	0.34	0.07	0	0
10000	268	100	300	4	25	20	5	0	0	4	4	1	0.11	0.01	0	0
10000	270	100	300	4	25	23	5	0	0	4	4	1	0.38	0.05	0	0
10000	272	100	300	4	25	21	5	1	0	5	5	1	0.06	0.01	0.13	0
10000	273	100	300	4	25	19	5	0	0	5	5	1	0.07	0	0	0
10000	274	100	300	4	25	19	5	0	0	4	4	1	0.16	0.01	0	0
10000	276	100	300	4	25	18	5	1	0	3	3	1	0.18	0.03	0.29	0
10000	277	100	300	4	25	26	5	1	0	6	6	1	0.45	0.05	2.05	0
10000	278	100	300	4	25	20	5	0	0	4	4	1	0.12	0.03	0	0
10000	280	100	300	4	25	32	5	0	0	14	14	1	0.54	0.04	0	0
10000	283	100	300	4	25	26	5	1	0	9	9	1	0.1	0.03	0.18	0
10000	284	100	300	4	25	25	5	0	0	6	6	1	0.34	0.09	0	0
10000	285	100	300	4	25	19	5	1	0	4	4	1	0.12	0.02	0.37	0
10000	290	100	300	4	25	21	5	0	0	4	4	1	0.07	0.03	0	0
10000	292	100	300	4	25	20	5	1	0	4	4	1	0.09	0.03	0.52	0
10000	293	100	300	4	25	24	5	1	0	6	6	1	0.13	0.01	0.35	0
10000	294	100	300	4	25	29	5	0	0	8	8	1	1.23	0.11	0	0
10000	297	100	300	4	25	25	5	0	0	6	6	1	0.27	0.03	0	0
10000	299	100	300	4	25	31	5	1	1	8.5	9	0.944444	0.68	0.08	0.56	0
10000	300	100	300	4	25	20	5	1	0	4	4	1	0.17	0.04	0.63	0
10000	301	100	300	4	25	30	5	1	0	14	14	1	0.19	0.03	0.28	0
10000	302	100	300	4	25	18	5	1	0	3	3	1	0.12	0.04	0.8	0
10000	303	100	300	4	25	20	5	0	0	3	3	1	0.63	0.1	0	0
10000	305	100	300	4	25	19	5	0	0	4	4	1	0.06	0.01	0	0
10000	307	100	300	4	25	27	5	1	0	5	5	1	0.48	0.09	0.49	0
10000	308	100	300	4	25	19	5	0	0	5	5	1	0.08	0.02	0	0
10000	309	100	300	4	25	23	5	1	0	5	5	1	1	0.09	0.68	0
10000	311	100	300	4	25	20	5	1	1	3.5	4	0.875	0.29	0.06	0.45	0
10000	315	100	300	4	25	20	5	1	0	5	5	1	0.06	0.01	0.13	0
10000	318	100	300	4	25	20	5	0	0	5	5	1	0.18	0.02	0	0
10000	319	100	300	4	25	20	5	0	0	4	4	1	0.2	0.03	0	0
10000	321	100	300	4	25	20	5	0	0	3	3	1	0.33	0.04	0	0
10000	323	100	300	4	25	24	5	0	0	6	6	1	0.37	0.05	0	0
10000	324	100	300	4	25	22	5	0	0	5	5	1	0.48	0.08	0	0
10000	325	100	300	4	25	19	5	0	0	5	5	1	0.07	0.02	0	0
10000	328	100	300	4	25	25	5	0	0	8	8	1	0.16	0.02	0	0
10000	331	100	300	4	25	19	5	0	0	4	4	1	0.07	0.02	0	0
10000	332	100	300	4	25	24	5	0	0	5	5	1	0.42	0.06	0	0
10000	334	100	300	4	25	19	5	1	0	4	4	1	0.13	0.03	0.88	0
10000	338	100	300	4	25	17	5	0	0	3	3	1	0.05	0.01	0	0
10000	340	100	300	4	25	23	5	0	0	7	7	1	0.11	0.01	0	0
10000	342	100	300	4	25	23	5	1	0	5	5	1	0.29	0.06	0.35	0
10000	343	100	300	4	25	28	5	1	1	7.33333	8	0.916667	0.49	0.06	0.55	0
10000	346	100	300	4	25	21	5	0	0	5	5	1	0.12	0.02	0	0
10000	348	100	300	4	25	24	5	0	0	6	6	1	0.21	0.03	0	0
10000	350	100	300	4	25	22	5	0	0	6	6	1	0.19	0.02	0	0
10000	352	100	300	4	25	19	5	0	0	3	3	1	0.25	0.06	0	0
10000	354	100	300	4	25	28	5	1	0	8	8	1	0.62	0.1	0.65	0
10000	355	100	300	4	25	19	5	0	0	4	4	1	0.11	0.03	0	0
10000	356	100	300	4	25	21	5	0	0	5	5	1	0.08	0.02	0	0
10000	361	100	300	4	25	21	5	0	0	4	4	1	0.13	0.01	0	0
10000	362	100	300	4	25	18	5	0	0	4	4	1	0.05	0.01	0	0
10000	370	100	300	4	25	21	5	0	0	8	8	1	0.06	0.01	0	0
10000	371	100	300	4	25	19	5	0	0	5	5	1	0.08	0.02	0	0
10000	372	100	300	4	25	19	5	1	0	3	3	1	0.14	0.04	2.86	0
10000	373	100	300	4	25	21	5	0	0	5	5	1	0.12	0.01	0	0
10000	376	100	300	4	25	21	5	0	0	5	5	1	0.21	0.02	0	0
10000	377	100	300	4	25	25	5	0	0	8	8	1	0.18	0.02	0	0
10000	378	100	300	4	25	19	5	0	0	4	4	1	0.11	0.02	0	0
10000	381	100	300	4	25	20	5	0	0	3	3	1	0.14	0.03	0	0
10000	383	100	300	4	25	20	5	0	0	4	4	1	0.14	0.02	0	0
10000	384	100	300	4	25	21	5	0	0	4	4	1	0.19	0.03	0	0
10000	387	100	300	4	25	19	5	1	0	3	3	1	0.17	0.02	0.26	0
10000	393	100	300	4	25	20	5	0	0	3	3	1	0.17	0.04	0	0
10000	394	100	300	4	25	20	5	1	0	5	5	1	0.26	0.03	0.61	0
10000	395	100	300	4	25	21	5	0	0	4	4	1	0.1	0.01	0	0
10000	401	100	300	4	25	19	5	1	0	5	5	1	0.06	0.01	0.2	0
10000	413	100	300	4	25	20	5	0	0	4	4	1	0.05	0.01	0	0
10000	416	100	300	4	25	21	5	0	0	6	6	1	0.19	0.03	0	0
10000	417	100	300	4	25	22	5	1	0	5	5	1	0.19	0.03	0.24	0
10000	418	100	300	4	25	26	5	0	0	5	5	1	0.6	0.13	0	0
10000	420	100	300	4	25	25	5	0	0	9	9	1	0.09	0.01	0	0
10000	429	100	300	4	25	23	5	0	0	5	5	1	0.14	0.03	0	0
10000	431	100	300	4	25	20	5	1	0	4	4	1	0.22	0.03	0.73	0
10000	432	100	300	4	25	17	5	0	0	3	3	1	0.09	0.02	0	0
10000	433	100	300	4	25	28	5	0	0	11	11	1	0.56	0.04	0	0
10000	434	100	300	4	25	19	5	1	0	4	4	1	0.12	0.02	0.2	0
10000	435	100	300	4	25	21	5	1	0	4	4	1	0.2	0.02	0.18	0
10000	436	100	300	4	25	16	5	0	0	3	3	1	0.09	0.02	0	0
10000	437	100	300	4	25	21	5	1	0	4	4	1	0.32	0.03	0.34	0
10000	441	100	300	4	25	23	5	0	0	5	5	1	0.53	0.07	0	0
10000	442	100	300	4	25	23	5	0	0	6	6	1	0.48	0.06	0	0
10000	449	100	300	4	25	30	5	1	0	8	8	1	0.45	0.07	0.45	0
10000	450	100	300	4	25	24	5	1	0	7	7	1	0.14	0.02	0.25	0
10000	453	100	300	4	25	19	5	0	0	5	5	1	0.11	0.01	0	0
10000	455	100	300	4	25	17	5	1	0	3	3	1	0.09	0.03	0.18	0
10000	460	100	300	4	25	20	5	1	0	4	4	1	0.16	0.04	0.29	0
10000	462	100	300	4	25	28	5	0	0	10	10	1	0.6	0.03	0	0
10000	463	100	300	4	25	19	5	0	0	4	4	1	0.1	0.03	0	0
10000	464	100	300	4	25	20	5	0	0	3	3	1	0.23	0.04	0	0
10000	467	100	300	4	25	23	5	1	0	5	5	1	0.34	0.03	0.34	0
10000	469	100	300	4	25	20	5	1	0	4	4	1	0.51	0.07	0.69	0
10000	470	100	300	4	25	24	5	1	0	6	6	1	0.39	0.05	0.35	0
10000	471	100	300	4	25	24	5	1	1	4.2	5	0.84	0.24	0.03	1.01	0
10000	473	100	300	4	25	24	5	1	0	6	6	1	0.12	0.03	0.15	0
10000	474	100	300	4	25	22	5	0	0	7	7	1	0.06	0.01	0	0
10000	476	100	300	4	25	27	5	0	0	9	9	1	0.15	0.05	0	0
10000	478	100	300	4	25	26	5	0	0	9	9	1	0.76	0.09	0	0
10000	480	100	300	4	25	30	5	0	0	12	12	1	0.35	0.02	0	0
10000	481	100	300	4	25	23	5	0	0	6	6	1	0.13	0.02	0	0
10000	483	100	300	4	25	20	5	1	0	3	3	1	0.16	0.03	0.22	0
10000	484	100	300	4	25	16	5	1	0	2	2	1	0.07	0.01	0.27	0
10000	490	100	300	4	25	21	5	0	0	6	6	1	0.18	0.02	0	0
10000	491	100	300	4	25	26	5	1	0	7	7	1	0.69	0.13	1.02	0
10000	494	100	300	4	25	17	5	1	0	3	3	1	0.04	0.01	0.1	0
10000	495	100	300	4	25	22	5	1	0	5	5	1	0.1	0.01	2.76	0
10000	496	100	300	4	25	24	5	0	0	8	8	1	0.07	0.02	0	0
10000	497	100	300	4	25	20	5	1	0	7	7	1	0.06	0.01	0.12	0
10000	498	100	300	4	25	21	5	1	0	5	5	1	0.38	0.04	0.33	0
10000	499	100	300	4	25	20	5	0	0	4	4	1	0.26	0.02	0	0
10000	502	100	300	4	25	29	5	0	0	8	8	1	1.05	0.08	0	0
10000	504	100	300	4	25	22	5	1	0	5	5	1	0.45	0.09	0.65	0
10000	505	100	300	4	25	20	5	1	0	4	4	1	0.19	0.03	0.34	0
10000	506	100	300	4	25	19	5	0	0	3	3	1	0.18	0.04	0	0
10000	507	100	300	4	25	28	5	0	0	11	11	1	0.86	0.06	0	0
10000	510	100	300	4	25	17	5	1	0	3	3	1	0.07	0.02	0.54	0
10000	515	100	300	4	25	23	5	1	0	7	7	1	0.32	0.03	0.34	0
10000	517	100	300	4	25	21	5	0	0	5	5	1	0.11	0.01	0	0
10000	521	100	300	4	25	25	5	0	0	7	7	1	0.23	0.02	0	0
10000	523	100	300	4	25	23	5	1	0	5	5	1	0.23	0.05	0.42	0
10000	524	100	300	4	25	22	5	1	0	4	4	1	0.44	0.08	0.41	0
10000	525	100	300	4	25	22	5	1	0	9	9	1	0.09	0	0.11	0
10000	526	100	300	4	25	22	5	1	0	4	4	1	0.24	0.04	0.41	0
10000	531	100	300	4	25	23	5	0	0	6	6	1	0.24	0.04	0	0
10000	534	100	300	4	25	24	5	1	0	7	7	1	0.53	0.07	0.56	0
10000	535	100	300	4	25	23	5	1	0	5	5	1	0.24	0.03	0.29	0
10000	537	100	300	4	25	27	5	1	0	6	6	1	0.65	0.11	0.76	0
10000	539	100	300	4	25	22	5	1	0	5	5	1	0.62	0.09	2.8	0
10000	541	100	300	4	25	24	5	0	0	7	7	1	0.25	0.02	0	0
10000	542	100	300	4	25	23	5	0	0	5	5	1	0.25	0.04	0	0
10000	543	100	300	4	25	23	5	1	0	6	6	1	0.21	0.02	0.26	0
10000	548	100	300	4	25	19	5	0	0	3	3	1	0.07	0.02	0	0
10000	549	100	300	4	25	20	5	0	0	4	4	1	0.2	0.04	0	0
10000	553	100	300	4	25	22	5	0	0	5	5	1	0.21	0.03	0	0
10000	554	100	300	4	25	17	5	1	0	3	3	1	0.09	0.01	0.12	0
10000	556	100	300	4	25	18	5	1	0	3	3	1	0.12	0.01	0.66	0
10000	561	100	300	4	25	23	5	1	0	6	6	1	0.19	0.02	0.23	0
10000	563	100	300	4	25	23	5	0	0	5	5	1	0.11	0	0	0
10000	565	100	300	4	25	25	5	0	0	4	4	1	0.35	0.08	0	0
10000	568	100	300	4	25	25	5	1	0	7	7	1	0.35	0.03	0.69	0
10000	569	100	300	4	25	17	5	0	0	3	3	1	0.06	0.01	0	0
10000	572	100	300	4	25	21	5	0	0	6	6	1	0.18	0.01	0	0
10000	573	100	300	4	25	21	5	1	0	6	6	1	0.08	0.01	0.12	0
10000	575	100	300	4	25	21	5	0	0	3	3	1	0.35	0.06	0	0
10000	576	100	300	4	25	23	5	1	0	7	7	1	0.26	0.05	0.35	0
10000	580	100	300	4	25	18	5	0	0	5	5	1	0.05	0.01	0	0
10000	582	100	300	4	25	22	5	0	0	6	6	1	0.15	0.01	0	0
10000	585	100	300	4	25	23	5	1	0	6	6	1	0.3	0.03	0.27	0
10000	589	100	300	4	25	18	5	0	0	4	4	1	0.06	0.01	0	0
10000	590	100	300	4	25	23	5	0	0	4	4	1	0.7	0.17	0	0
10000	592	100	300	4	25	21	5	1	0	4	4	1	0.39	0.03	0.4	0
10000	596	100	300	4	25	24	5	0	0	7	7	1	0.38	0.05	0	0
10000	600	100	300	4	25	24	5	0	0	6	6	1	0.21	0.06	0	0
10000	603	100	300	4	25	21	5	0	0	6	6	1	0.08	0.02	0	0
10000	605	100	300	4	25	25	5	1	0	6	6	1	0.65	0.05	0.66	0
10000	606	100	300	4	25	24	5	0	0	8	8	1	0.09	0.01	0	0
10000	610	100	300	4	25	20	5	1	0	5	5	1	0.16	0.01	0.18	0
10000	614	100	300	4	25	24	5	0	0	6	6	1	0.14	0.01	0	0
10000	616	100	300	4	25	22	5	0	0	7	7	1	0.55	0.06	0	0
10000	617	100	300	4	25	24	5	0	0	11	11	1	0.12	0.01	0	0
10000	618	100	300	4	25	22	5	1	0	5	5	1	0.41	0.05	0.35	0
10000	619	100	300	4	25	20	5	1	0	4	4	1	0.19	0.04	0.37	0
10000	622	100	300	4	25	23	5	0	0	5	5	1	0.37	0.09	0	0
10000	623	100	300	4	25	24	5	0	0	6	6	1	0.16	0.03	0	0
10000	624	100	300	4	25	21	5	1	0	4	4	1	0.63	0.08	0.84	0
10000	625	100	300	4	25	22	5	0	0	4	4	1	0.22	0.02	0	0
10000	626	100	300	4	25	17	5	1	0	3	3	1	0.05	0.01	0.11	0
10000	631	100	300	4	25	19	5	0	0	4	4	1	0.09	0	0	0
10000	632	100	300	4	25	18	5	0	0	4	4	1	0.07	0.02	0	0
10000	635	100	300	4	25	17	5	0	0	3	3	1	0.06	0.02	0	0
10000	636	100	300	4	25	24	5	0	0	6	6	1	0.61	0.08	0	0
10000	640	100	300	4	25	26	5	1	0	10	10	1	0.52	0.07	0.49	0
10000	641	100	300	4	25	23	5	1	0	4	4	1	0.15	0.03	0.18	0
10000	644	100	300	4	25	30	5	1	0	9	9	1	0.39	0.04	0.33	0
10000	645	100	300	4	25	22	5	0	0	4	4	1	0.67	0.09	0	0
10000	646	100	300	4	25	30	5	0	0	11	11	1	0.69	0.07	0	0
10000	649	100	300	4	25	24	5	1	0	7	7	1	0.12	0.01	0.14	0
10000	651	100	300	4	25	21	5	1	0	5	5	1	0.59	0.06	0.51	0
10000	653	100	300	4	25	23	5	0	0	5	5	1	0.36	0.07	0	0
10000	654	100	300	4	25	22	5	1	0	4	4	1	0.48	0.08	9.37	0
10000	655	100	300	4	25	21	5	1	0	4	4	1	0.24	0.05	0.36	0
10000	659	100	300	4	25	21	5	0	0	4	4	1	0.25	0.04	0	0
10000	662	100	300	4	25	24	5	0	0	6	6	1	0.22	0.02	0	0
10000	663	100	300	4	25	24	5	0	0	10	10	1	0.19	0.03	0	0
10000	666	100	300	4	25	24	5	0	0	7	7	1	0.13	0.02	0	0
10000	672	100	300	4	25	23	5	0	0	5	5	1	0.26	0.04	0	0
10000	681	100	300	4	25	18	5	0	0	4	4	1	0.1	0.01	0	0
10000	682	100	300	4	25	20	5	0	0	6	6	1	0.29	0.04	0	0
10000	686	100	300	4	25	23	5	1	0	6	6	1	0.2	0.03	0.23	0
10000	687	100	300	4	25	21	5	0	0	5	5	1	0.07	0.01	0	0
10000	688	100	300	4	25	26	5	0	0	5	5	1	0.23	0.04	0	0
10000	689	100	300	4	25	26	5	0	0	8	8	1	0.56	0.06	0	0
10000	690	100	300	4	25	22	5	0	0	5	5	1	0.31	0.08	0	0
10000	692	100	300	4	25	17	5	0	0	4	4	1	0.08	0	0	0
10000	695	100	300	4	25	20	5	0	0	3	3	1	0.33	0.05	0	0
10000	696	100	300	4	25	19	5	0	0	6	6	1	0.09	0	0	0
10000	698	100	300	4	25	24	5	1	0	6	6	1	0.11	0.03	0.19	0
10000	705	100	300	4	25	23	5	0	0	5	5	1	0.6	0.15	0	0
10000	707	100	300	4	25	20	5	1	0	4	4	1	0.12	0.02	0.63	0
10000	711	100	300	4	25	22	5	0	0	7	7	1	0.08	0.01	0	0
10000	714	100	300	4	25	26	5	1	0	5	5	1	0.9	0.12	1.44	0
10000	721	100	300	4	25	32	5	0	0	13	13	1	0.3	0.02	0	0
10000	722	100	300	4	25	21	5	0	0	5	5	1	0.2	0.05	0	0
10000	724	100	300	4	25	19	5	0	0	4	4	1	0.09	0.01	0	0
10000	728	100	300	4	25	25	5	0	0	7	7	1	0.69	0.07	0	0
10000	730	100	300	4	25	27	5	0	0	8	8	1	0.94	0.09	0	0
10000	735	100	300	4	25	22	5	0	0	6	6	1	0.28	0.02	0	0
10000	740	100	300	4	25	22	5	0	0	6	6	1	0.12	0.02	0	0
10000	742	100	300	4	25	20	5	0	0	4	4	1	0.21	0.03	0	0
10000	744	100	300	4	25	20	5	0	0	5	5	1	0.08	0	0	0
10000	750	100	300	4	25	18	5	1	0	4	4	1	0.09	0.02	0.15	0
10000	752	100	300	4	25	25	5	1	0	5	5	1	0.35	0.08	0.48	0
10000	755	100	300	4	25	24	5	1	0	5	5	1	0.59	0.09	0.63	0
10000	756	100	300	4	25	24	5	0	0	6	6	1	0.7	0.1	0	0
10000	757	100	300	4	25	19	5	1	0	5	5	1	0.06	0.01	0.11	0
10000	759	100	300	4	25	24	5	0	0	6	6	1	0.46	0.06	0	0
10000	760	100	300	4	25	26	5	1	0	4	4	1	0.43	0.06	0.41	0
10000	765	100	300	4	25	20	5	1	0	4	4	1	0.13	0.03	0.14	0
10000	766	100	300	4	25	24	5	0	0	5	5	1	0.56	0.11	0	0
10000	769	100	300	4	25	22	5	0	0	6	6	1	0.16	0.02	0	0
10000	770	100	300	4	25	28	5	0	0	7	7	1	0.44	0.09	0	0
10000	773	100	300	4	25	17	5	1	0	4	4	1	0.06	0.01	0.13	0
10000	774	100	300	4	25	25	5	0	0	5	5	1	0.22	0.05	0	0
10000	775	100	300	4	25	20	5	0	0	6	6	1	0.13	0.01	0	0
10000	776	100	300	4	25	21	5	0	0	5	5	1	0.15	0.02	0	0
10000	777	100	300	4	25	22	5	1	0	5	5	1	0.21	0.03	0.27	0
10000	780	100	300	4	25	25	5	0	0	8	8	1	0.16	0.03	0	0
10000	781	100	300	4	25	18	5	0	0	3	3	1	0.08	0.01	0	0
10000	785	100	300	4	25	27	5	0	0	11	11	1	0.11	0.01	0	0
10000	793	100	300	4	25	23	5	0	0	6	6	1	0.29	0.03	0	0
10000	797	100	300	4	25	19	5	0	0	5	5	1	0.07	0.01	0	0
10000	800	100	300	4	25	21	5	0	0	6	6	1	0.11	0	0	0
10000	801	100	300	4	25	19	5	0	0	5	5	1	0.09	0.01	0	0
10000	803	100	300	4	25	25	5	1	0	7	7	1	0.55	0.1	0.55	0
10000	805	100	300	4	25	20	5	0	0	5	5	1	0.16	0.03	0	0
10000	808	100	300	4	25	20	5	0	0	5	5	1	0.05	0.01	0	0
10000	809	100	300	4	25	23	5	0	0	4	4	1	0.5	0.1	0	0
10000	811	100	300	4	25	24	5	1	0	8	8	1	0.19	0.02	0.17	0
10000	812	100	300	4	25	22	5	1	0	5	5	1	0.18	0.05	0.3	0
10000	814	100	300	4	25	23	5	0	0	7	7	1	0.24	0.04	0	0
10000	817	100	300	4	25	22	5	0	0	4	4	1	0.54	0.16	0	0
10000	822	100	300	4	25	18	5	0	0	6	6	1	0.05	0.01	0	0
10000	823	100	300	4	25	17	5	1	0	4	4	1	0.06	0.01	0.11	0
10000	826	100	300	4	25	19	5	0	0	4	4	1	0.13	0.02	0	0
10000	828	100	300	4	25	21	5	0	0	5	5	1	0.44	0.06	0	0
10000	829	100	300	4	25	23	5	1	0	4	4	1	0.24	0.05	0.63	0
10000	836	100	300	4	25	23	5	0	0	6	6	1	0.21	0.03	0	0
10000	839	100	300	4	25	26	5	1	0	6	6	1	0.42	0.03	0.29	0
10000	840	100	300	4	25	18	5	0	0	4	4	1	0.06	0.01	0	0
10000	843	100	300	4	25	27	5	0	0	8	8	1	0.4	0.04	0	0
10000	846	100	300	4	25	28	5	1	0	10	10	1	0.61	0.1	0.65	0
10000	847	100	300	4	25	25	5	0	0	7	7	1	0.64	0.1	0	0
10000	848	100	300	4	25	23	5	0	0	5	5	1	0.42	0.06	0	0
10000	851	100	300	4	25	24	5	1	0	5	5	1	0.36	0.07	1.88	0
10000	854	100	300	4	25	24	5	0	0	6	6	1	0.16	0.03	0	0
10000	855	100	300	4	25	20	5	0	0	5	5	1	0.07	0.01	0	0
10000	856	100	300	4	25	25	5	1	0	6	6	1	0.52	0.05	0.44	0
10000	857	100	300	4	25	20	5	0	0	4	4	1	0.21	0.04	0	0
10000	858	100	300	4	25	26	5	1	0	6	6	1	0.25	0.04	0.31	0
10000	862	100	300	4	25	25	5	0	0	5	5	1	0.62	0.09	0	0
10000	863	100	300	4	25	22	5	1	0	5	5	1	0.4	0.05	0.38	0
10000	870	100	300	4	25	21	5	1	0	5	5	1	0.2	0.02	0.24	0
10000	871	100	300	4	25	26	5	0	0	8	8	1	0.14	0.03	0	0
10000	872	100	300	4	25	27	5	1	0	7	7	1	0.54	0.08	0.6	0
10000	873	100	300	4	25	19	5	0	0	4	4	1	0.15	0.02	0	0
10000	875	100	300	4	25	19	5	0	0	3	3	1	0.19	0.04	0	0
10000	876	100	300	4	25	17	5	0	0	3	3	1	0.05	0.02	0	0
10000	877	100	300	4	25	24	5	1	0	4	4	1	0.51	0.1	0.67	0
10000	881	100	300	4	25	19	5	0	0	4	4	1	0.12	0.02	0	0
10000	882	100	300	4	25	18	5	0	0	5	5	1	0.05	0.01	0	0
10000	883	100	300	4	25	27	5	0	0	8	8	1	0.53	0.04	0	0
10000	885	100	300	4	25	18	5	0	0	4	4	1	0.06	0.01	0	0
10000	887	100	300	4	25	22	5	0	0	6	6	1	0.26	0.03	0	0
10000	889	100	300	4	25	20	5	0	0	5	5	1	0.14	0.03	0	0
10000	891	100	300	4	25	23	5	1	0	5	5	1	0.33	0.08	2.37	0
10000	894	100	300	4	25	20	5	0	0	4	4	1	0.14	0.03	0	0
10000	895	100	300	4	25	17	5	0	0	3	3	1	0.09	0.01	0	0
10000	896	100	300	4	25	24	5	0	0	5	5	1	0.34	0.08	0	0
10000	903	100	300	4	25	18	5	0	0	4	4	1	0.12	0.01	0	0
10000	911	100	300	4	25	21	5	1	0	5	5	1	0.11	0.03	0.15	0
10000	914	100	300	4	25	20	5	0	0	3	3	1	0.4	0.08	0	0
10000	920	100	300	4	25	24	5	0	0	6	6	1	0.54	0.11	0	0
10000	926	100	300	4	25	22	5	0	0	4	4	1	0.56	0.07	0	0
10000	928	100	300	4	25	21	5	0	0	4	4	1	0.24	0.04	0	0
10000	932	100	300	4	25	29	5	1	0	7	7	1	0.76	0.07	2.34	0
10000	934	100	300	4	25	21	5	1	0	3	3	1	0.44	0.07	0.68	0
10000	936	100	300	4	25	21	5	0	0	5	5	1	0.26	0.05	0	0
10000	940	100	300	4	25	21	5	1	0	5	5	1	0.28	0.03	0.36	0
10000	941	100	300	4	25	21	5	0	0	5	5	1	0.14	0.03	0	0
10000	945	100	300	4	25	21	5	1	0	4	4	1	0.33	0.03	0.81	0
10000	948	100	300	4	25	27	5	1	0	6	6	1	0.81	0.1	1.11	0
10000	949	100	300	4	25	27	5	1	0	6	6	1	0.44	0.06	2.04	0
10000	955	100	300	4	25	25	5	0	0	8	8	1	0.46	0.02	0	0
10000	956	100	300	4	25	36	5	1	0	14	14	1	0.85	0.13	0.7	0
10000	959	100	300	4	25	21	5	0	0	4	4	1	0.19	0.04	0	0
10000	961	100	300	4	25	17	5	0	0	4	4	1	0.05	0.01	0	0
10000	962	100	300	4	25	26	5	0	0	4	4	1	0.52	0.1	0	0
10000	964	100	300	4	25	21	5	0	0	5	5	1	0.26	0.05	0	0
10000	965	100	300	4	25	25	5	1	0	10	10	1	0.27	0.04	0.47	0
10000	968	100	300	4	25	20	5	0	0	4	4	1	0.13	0.03	0	0
10000	969	100	300	4	25	23	5	0	0	7	7	1	0.33	0.03	0	0
10000	971	100	300	4	25	21	5	0	0	4	4	1	0.25	0.04	0	0
10000	972	100	300	4	25	25	5	1	0	9	9	1	0.34	0.06	0.44	0
10000	978	100	300	4	25	22	5	0	0	5	5	1	0.16	0.03	0	0
10000	980	100	300	4	25	33	5	0	0	13	13	1	0.93	0.07	0	0
10000	981	100	300	4	25	17	5	0	0	3	3	1	0.09	0.02	0	0
10000	984	100	300	4	25	20	5	0	0	5	5	1	0.16	0.03	0	0
10000	986	100	300	4	25	22	5	1	0	6	6	1	0.25	0.04	0.27	0
10000	987	100	300	4	25	22	5	1	0	5	5	1	0.12	0.02	0.62	0
10000	989	100	300	4	25	23	5	1	0	6	6	1	0.09	0.02	0.11	0
10000	992	100	300	4	25	18	5	1	0	5	5	1	0.06	0.02	0.14	0
10000	993	100	300	4	25	22	5	0	0	5	5	1	0.12	0.01	0	0
10000	997	100	300	4	25	19	5	0	0	4	4	1	0.06	0.02	0	0
10000	998	100	300	4	25	23	5	0	0	6	6	1	0.33	0.05	0	0
10000	999	100	300	4	25	23	5	1	0	5	5	1	0.45	0.05	0.47	0
10000	1000	100	300	4	25	20	5	0	0	5	5	1	0.1	0.01	0	0
