4000	82	30	300	4	25	21	4	1	1	6.5	7	0.928571	0.01	0	0.02	0
4000	256	30	300	4	25	24	4	1	0	10	10	1	0.01	0	0.02	0
4000	400	30	300	4	25	39	4	0	0	28	28	1	0.01	0	0	0
4000	418	30	300	4	25	17	4	0	0	6	6	1	0	0	0	0
4000	478	30	300	4	25	24	4	0	0	13	13	1	0.01	0	0	0
4000	512	30	300	4	25	27	4	0	0	14	14	1	0.01	0	0	0
4000	558	30	300	4	25	15	4	0	0	5	5	1	0	0	0	0
4000	561	30	300	4	25	20	4	0	0	8	8	1	0.01	0	0	0
4000	611	30	300	4	25	24	4	0	0	8	8	1	0.07	0.01	0	0
4000	670	30	300	4	25	21	4	0	0	7	7	1	0.01	0	0	0
4000	680	30	300	4	25	24	4	1	0	7	7	1	0.02	0	0.03	0
4000	708	30	300	4	25	20	4	0	0	7	7	1	0	0.01	0	0
4000	786	30	300	4	25	25	4	0	0	12	12	1	0.01	0	0	0
4000	793	30	300	4	25	20	4	0	0	7	7	1	0.01	0.01	0	0
4000	916	30	300	4	25	18	4	1	0	5	5	1	0.01	0	0.02	0
4000	954	30	300	4	25	13	4	0	0	3	3	1	0.01	0	0	0
4000	964	30	300	4	25	15	4	0	0	4	4	1	0.01	0	0	0
4000	3	40	300	4	25	28	4	0	0	11	11	1	0.01	0	0	0
4000	5	40	300	4	25	25	4	0	0	13	13	1	0.01	0	0	0
4000	6	40	300	4	25	32	4	0	0	17	17	1	0.01	0	0	0
4000	8	40	300	4	25	25	4	0	0	11	11	1	0.01	0.01	0	0
4000	13	40	300	4	25	25	4	0	0	8	8	1	0.02	0.01	0	0
4000	17	40	300	4	25	31	4	0	0	13	13	1	0.03	0.01	0	0
4000	18	40	300	4	25	25	4	0	0	10	10	1	0.01	0.01	0	0
4000	25	40	300	4	25	26	4	0	0	12	12	1	0.03	0	0	0
4000	27	40	300	4	25	54	4	0	0	43	43	1	0.02	0	0	0
4000	30	40	300	4	25	29	4	1	1	8.5	9	0.944444	0.04	0.01	0.1	0
4000	31	40	300	4	25	29	4	0	0	18	18	1	0.01	0	0	0
4000	32	40	300	4	25	22	4	0	0	8	8	1	0	0.01	0	0
4000	33	40	300	4	25	26	4	0	0	10	10	1	0.01	0	0	0
4000	35	40	300	4	25	20	4	1	0	7	7	1	0	0	0.02	0
4000	37	40	300	4	25	19	4	0	0	8	8	1	0	0	0	0
4000	39	40	300	4	25	25	4	0	0	9	9	1	0.01	0	0	0
4000	44	40	300	4	25	16	4	0	0	5	5	1	0	0	0	0
4000	51	40	300	4	25	26	4	0	0	12	12	1	0.03	0	0	0
4000	54	40	300	4	25	22	4	1	0	8	8	1	0	0	0.02	0
4000	59	40	300	4	25	33	4	0	0	17	17	1	0.03	0	0	0
4000	60	40	300	4	25	25	4	0	0	9	9	1	0.01	0.01	0	0
4000	61	40	300	4	25	31	4	0	0	17	17	1	0.04	0	0	0
4000	64	40	300	4	25	31	4	0	0	16	16	1	0.02	0	0	0
4000	68	40	300	4	25	21	4	0	0	6	6	1	0.01	0	0	0
4000	77	40	300	4	25	19	4	1	0	5	5	1	0.01	0	0.02	0
4000	81	40	300	4	25	23	4	0	0	7	7	1	0.01	0	0	0
4000	82	40	300	4	25	25	4	0	0	11	11	1	0.01	0	0	0
4000	84	40	300	4	25	30	4	0	0	18	18	1	0.01	0	0	0
4000	85	40	300	4	25	20	4	0	0	8	8	1	0.01	0	0	0
4000	91	40	300	4	25	24	4	0	0	11	11	1	0.02	0	0	0
4000	96	40	300	4	25	25	4	0	0	10	10	1	0.01	0	0	0
4000	98	40	300	4	25	21	4	1	1	5.42857	6	0.904762	0.01	0	0.04	0
4000	99	40	300	4	25	24	4	0	0	10	10	1	0	0.01	0	0
4000	105	40	300	4	25	32	4	0	0	18	18	1	0.02	0	0	0
4000	108	40	300	4	25	24	4	1	0	9	9	1	0.01	0	0.02	0
4000	109	40	300	4	25	25	4	0	0	11	11	1	0.02	0	0	0
4000	118	40	300	4	25	22	4	0	0	8	8	1	0.01	0	0	0
4000	119	40	300	4	25	29	4	1	0	11	11	1	0.01	0	0.03	0
4000	124	40	300	4	25	36	4	0	0	25	25	1	0.01	0	0	0
4000	134	40	300	4	25	28	4	0	0	14	14	1	0.06	0	0	0
4000	140	40	300	4	25	25	4	0	0	10	10	1	0.02	0	0	0
4000	142	40	300	4	25	22	4	0	0	8	8	1	0.06	0	0	0
4000	145	40	300	4	25	18	4	1	1	6	6	1	0	0	0.02	0
4000	147	40	300	4	25	21	4	0	0	7	7	1	0.02	0	0	0
4000	150	40	300	4	25	18	4	0	0	6	6	1	0.01	0	0	0
4000	155	40	300	4	25	27	4	0	0	14	14	1	0.02	0	0	0
4000	156	40	300	4	25	23	4	1	0	9	9	1	0.01	0	0.02	0
4000	157	40	300	4	25	27	4	0	0	11	11	1	0.01	0	0	0
4000	160	40	300	4	25	24	4	0	0	13	13	1	0	0	0	0
4000	162	40	300	4	25	26	4	1	1	10	10	1	0.04	0	0.04	0
4000	167	40	300	4	25	26	4	0	0	12	12	1	0	0	0	0
4000	171	40	300	4	25	27	4	0	0	10	10	1	0.01	0.01	0	0
4000	188	40	300	4	25	23	4	0	0	10	10	1	0.01	0	0	0
4000	192	40	300	4	25	24	4	0	0	12	12	1	0.01	0	0	0
4000	194	40	300	4	25	20	4	0	0	6	6	1	0.01	0	0	0
4000	195	40	300	4	25	23	4	0	0	8	8	1	0.02	0	0	0
4000	199	40	300	4	25	27	4	0	0	15	15	1	0.01	0.01	0	0
4000	200	40	300	4	25	25	4	0	0	11	11	1	0.02	0.01	0	0
4000	203	40	300	4	25	26	4	0	0	10	10	1	0.01	0.01	0	0
4000	207	40	300	4	25	23	4	0	0	10	10	1	0	0.01	0	0
4000	208	40	300	4	25	21	4	1	0	7	7	1	0.01	0	0.02	0
4000	210	40	300	4	25	18	4	0	0	7	7	1	0.01	0	0	0
4000	211	40	300	4	25	18	4	0	0	6	6	1	0.01	0	0	0
4000	216	40	300	4	25	22	4	0	0	10	10	1	0	0.01	0	0
4000	219	40	300	4	25	33	4	0	0	15	15	1	0.02	0	0	0
4000	221	40	300	4	25	25	4	0	0	11	11	1	0.01	0	0	0
4000	222	40	300	4	25	36	4	0	0	13	13	1	0.07	0.01	0	0
4000	224	40	300	4	25	21	4	0	0	8	8	1	0.01	0	0	0
4000	229	40	300	4	25	20	4	0	0	10	10	1	0	0	0	0
4000	231	40	300	4	25	23	4	0	0	10	10	1	0.01	0	0	0
4000	233	40	300	4	25	23	4	0	0	8	8	1	0.02	0.01	0	0
4000	234	40	300	4	25	29	4	1	1	7.5	8	0.9375	0.05	0.01	0.08	0
4000	236	40	300	4	25	23	4	0	0	9	9	1	0.02	0	0	0
4000	241	40	300	4	25	24	4	1	0	12	12	1	0	0.01	0.01	0
4000	242	40	300	4	25	26	4	0	0	10	10	1	0.01	0.01	0	0
4000	243	40	300	4	25	18	4	1	1	5.33333	6	0.888889	0.01	0	0.02	0
4000	244	40	300	4	25	20	4	1	0	6	6	1	0.01	0	0.02	0
4000	247	40	300	4	25	18	4	0	0	6	6	1	0.01	0	0	0
4000	249	40	300	4	25	22	4	0	0	10	10	1	0.01	0	0	0
4000	255	40	300	4	25	35	4	0	0	14	14	1	0.07	0	0	0
4000	256	40	300	4	25	35	4	1	1	11.5	12	0.958333	0.1	0.01	0.07	0
4000	261	40	300	4	25	21	4	0	0	6	6	1	0.01	0	0	0
4000	263	40	300	4	25	21	4	0	0	9	9	1	0.01	0	0	0
4000	276	40	300	4	25	35	4	0	0	19	19	1	0.03	0	0	0
4000	281	40	300	4	25	29	4	0	0	16	16	1	0.01	0	0	0
4000	282	40	300	4	25	22	4	1	0	9	9	1	0.01	0	0.02	0
4000	289	40	300	4	25	20	4	0	0	8	8	1	0.01	0	0	0
4000	293	40	300	4	25	31	4	0	0	11	11	1	0.02	0.01	0	0
4000	296	40	300	4	25	24	4	0	0	14	14	1	0	0	0	0
4000	298	40	300	4	25	22	4	0	0	7	7	1	0.01	0.01	0	0
4000	300	40	300	4	25	22	4	0	0	8	8	1	0.01	0	0	0
4000	301	40	300	4	25	23	4	1	0	8	8	1	0.01	0	0.01	0
4000	306	40	300	4	25	25	4	0	0	9	9	1	0.01	0	0	0
4000	311	40	300	4	25	21	4	1	1	6.16667	7	0.880952	0	0	0.02	0
4000	312	40	300	4	25	28	4	0	0	15	15	1	0.01	0	0	0
4000	322	40	300	4	25	31	4	1	0	13	13	1	0.03	0	0.04	0
4000	326	40	300	4	25	30	4	1	0	11	11	1	0.08	0.01	0.05	0
4000	327	40	300	4	25	20	4	0	0	8	8	1	0	0	0	0
4000	330	40	300	4	25	21	4	1	0	6	6	1	0.01	0.01	0.02	0
4000	331	40	300	4	25	31	4	0	0	11	11	1	0.06	0	0	0
4000	332	40	300	4	25	26	4	0	0	12	12	1	0.01	0	0	0
4000	341	40	300	4	25	20	4	0	0	7	7	1	0.01	0	0	0
4000	345	40	300	4	25	25	4	0	0	10	10	1	0.01	0	0	0
4000	347	40	300	4	25	20	4	0	0	5	5	1	0.02	0	0	0
4000	351	40	300	4	25	25	4	0	0	9	9	1	0.05	0	0	0
4000	359	40	300	4	25	22	4	0	0	11	11	1	0	0	0	0
4000	361	40	300	4	25	28	4	0	0	13	13	1	0.01	0	0	0
4000	363	40	300	4	25	22	4	0	0	7	7	1	0.01	0	0	0
4000	369	40	300	4	25	31	4	0	0	13	13	1	0.02	0	0	0
4000	372	40	300	4	25	32	4	0	0	16	16	1	0.03	0	0	0
4000	375	40	300	4	25	28	4	1	0	11	11	1	0.01	0	0.02	0
4000	376	40	300	4	25	27	4	1	1	7.5	8	0.9375	0.03	0	0.14	0
4000	379	40	300	4	25	33	4	0	0	13	13	1	0.03	0	0	0
4000	383	40	300	4	25	21	4	0	0	9	9	1	0	0	0	0
4000	384	40	300	4	25	28	4	1	0	11	11	1	0.01	0	0.01	0
4000	386	40	300	4	25	36	4	0	0	20	20	1	0.06	0	0	0
4000	387	40	300	4	25	20	4	0	0	7	7	1	0.01	0	0	0
4000	388	40	300	4	25	22	4	0	0	8	8	1	0.01	0	0	0
4000	391	40	300	4	25	25	4	0	0	12	12	1	0.01	0	0	0
4000	392	40	300	4	25	26	4	0	0	9	9	1	0.04	0.01	0	0
4000	396	40	300	4	25	30	4	1	0	17	17	1	0.04	0	0.03	0
4000	400	40	300	4	25	36	4	0	0	22	22	1	0.05	0	0	0
4000	403	40	300	4	25	17	4	0	0	6	6	1	0	0	0	0
4000	404	40	300	4	25	36	4	0	0	13	13	1	0.04	0	0	0
4000	411	40	300	4	25	30	4	0	0	11	11	1	0.01	0	0	0
4000	413	40	300	4	25	32	4	0	0	17	17	1	0.02	0	0	0
4000	415	40	300	4	25	20	4	0	0	10	10	1	0	0	0	0
4000	418	40	300	4	25	25	4	0	0	11	11	1	0.02	0	0	0
4000	419	40	300	4	25	26	4	0	0	9	9	1	0.01	0	0	0
4000	420	40	300	4	25	26	4	0	0	8	8	1	0.03	0	0	0
4000	421	40	300	4	25	26	4	1	1	11	11	1	0.01	0	0.03	0
4000	424	40	300	4	25	28	4	1	0	9	9	1	0.08	0.01	0.09	0
4000	427	40	300	4	25	22	4	0	0	9	9	1	0.01	0	0	0
4000	428	40	300	4	25	23	4	0	0	9	9	1	0.01	0	0	0
4000	431	40	300	4	25	26	4	0	0	12	12	1	0.01	0	0	0
4000	432	40	300	4	25	25	4	0	0	11	11	1	0.02	0.01	0	0
4000	434	40	300	4	25	30	4	0	0	15	15	1	0.01	0	0	0
4000	437	40	300	4	25	26	4	1	0	10	10	1	0.01	0	0.02	0
4000	438	40	300	4	25	35	4	0	0	21	21	1	0.01	0	0	0
4000	441	40	300	4	25	33	4	1	0	14	14	1	0.01	0	0.02	0
4000	445	40	300	4	25	27	4	0	0	14	14	1	0.01	0	0	0
4000	446	40	300	4	25	21	4	0	0	7	7	1	0	0.01	0	0
4000	457	40	300	4	25	26	4	0	0	9	9	1	0.01	0	0	0
4000	460	40	300	4	25	27	4	0	0	8	8	1	0.02	0.01	0	0
4000	462	40	300	4	25	23	4	0	0	7	7	1	0.01	0	0	0
4000	464	40	300	4	25	30	4	0	0	15	15	1	0.01	0	0	0
4000	466	40	300	4	25	28	4	0	0	15	15	1	0.02	0.01	0	0
4000	469	40	300	4	25	25	4	0	0	9	9	1	0.01	0.01	0	0
4000	473	40	300	4	25	26	4	0	0	11	11	1	0.02	0	0	0
4000	475	40	300	4	25	22	4	1	0	8	8	1	0	0.01	0.01	0
4000	476	40	300	4	25	27	4	0	0	11	11	1	0.02	0	0	0
4000	477	40	300	4	25	22	4	0	0	9	9	1	0	0	0	0
4000	479	40	300	4	25	23	4	0	0	10	10	1	0.01	0	0	0
4000	480	40	300	4	25	23	4	0	0	8	8	1	0.02	0	0	0
4000	485	40	300	4	25	29	4	0	0	11	11	1	0.01	0	0	0
4000	487	40	300	4	25	21	4	0	0	7	7	1	0.01	0	0	0
4000	488	40	300	4	25	26	4	0	0	9	9	1	0.01	0	0	0
4000	496	40	300	4	25	22	4	0	0	7	7	1	0.03	0	0	0
4000	502	40	300	4	25	18	4	0	0	6	6	1	0	0	0	0
4000	506	40	300	4	25	21	4	0	0	7	7	1	0.02	0	0	0
4000	507	40	300	4	25	22	4	0	0	9	9	1	0	0	0	0
4000	510	40	300	4	25	31	4	0	0	17	17	1	0.01	0	0	0
4000	512	40	300	4	25	31	4	0	0	14	14	1	0.03	0	0	0
4000	516	40	300	4	25	17	4	1	0	6	6	1	0.01	0	0.02	0
4000	517	40	300	4	25	29	4	0	0	13	13	1	0.06	0	0	0
4000	521	40	300	4	25	32	4	0	0	15	15	1	0.02	0	0	0
4000	522	40	300	4	25	27	4	1	0	9	9	1	0.02	0	0.03	0
4000	524	40	300	4	25	28	4	1	0	12	12	1	0.02	0	0.04	0
4000	525	40	300	4	25	35	4	0	0	21	21	1	0.05	0	0	0
4000	528	40	300	4	25	27	4	0	0	11	11	1	0.01	0	0	0
4000	533	40	300	4	25	24	4	1	0	9	9	1	0	0	0.02	0
4000	534	40	300	4	25	30	4	0	0	12	12	1	0.04	0.01	0	0
4000	536	40	300	4	25	19	4	0	0	7	7	1	0	0	0	0
4000	538	40	300	4	25	27	4	0	0	10	10	1	0.02	0	0	0
4000	542	40	300	4	25	20	4	0	0	6	6	1	0	0.01	0	0
4000	545	40	300	4	25	24	4	0	0	11	11	1	0	0	0	0
4000	546	40	300	4	25	24	4	0	0	14	14	1	0	0.01	0	0
4000	552	40	300	4	25	28	4	0	0	11	11	1	0.02	0	0	0
4000	556	40	300	4	25	30	4	1	0	12	12	1	0.06	0	0.15	0
4000	559	40	300	4	25	25	4	0	0	12	12	1	0.01	0	0	0
4000	561	40	300	4	25	22	4	0	0	11	11	1	0.01	0	0	0
4000	563	40	300	4	25	23	4	1	1	7.5	8	0.9375	0.01	0	0.02	0
4000	564	40	300	4	25	20	4	0	0	10	10	1	0	0	0	0
4000	566	40	300	4	25	35	4	0	0	16	16	1	0.03	0.01	0	0
4000	567	40	300	4	25	19	4	0	0	5	5	1	0.01	0	0	0
4000	568	40	300	4	25	25	4	1	1	6.66667	7	0.952381	0.03	0	0.24	0
4000	570	40	300	4	25	24	4	0	0	7	7	1	0.02	0	0	0
4000	571	40	300	4	25	22	4	0	0	8	8	1	0.02	0	0	0
4000	572	40	300	4	25	19	4	0	0	8	8	1	0.02	0	0	0
4000	578	40	300	4	25	34	4	0	0	15	15	1	0.02	0	0	0
4000	579	40	300	4	25	21	4	0	0	7	7	1	0.02	0	0	0
4000	581	40	300	4	25	21	4	1	1	5.33333	6	0.888889	0.02	0	0.05	0
4000	586	40	300	4	25	26	4	0	0	10	10	1	0.01	0	0	0
4000	591	40	300	4	25	23	4	0	0	6	6	1	0.02	0.01	0	0
4000	594	40	300	4	25	26	4	0	0	11	11	1	0.01	0	0	0
4000	598	40	300	4	25	22	4	0	0	9	9	1	0	0.01	0	0
4000	599	40	300	4	25	29	4	0	0	14	14	1	0.02	0	0	0
4000	600	40	300	4	25	23	4	0	0	10	10	1	0	0	0	0
4000	601	40	300	4	25	24	4	1	0	11	11	1	0.03	0	0.03	0
4000	606	40	300	4	25	21	4	1	0	6	6	1	0	0.01	0.02	0
4000	608	40	300	4	25	25	4	0	0	8	8	1	0.01	0	0	0
4000	610	40	300	4	25	22	4	0	0	7	7	1	0.01	0	0	0
4000	621	40	300	4	25	20	4	0	0	8	8	1	0	0	0	0
4000	622	40	300	4	25	31	4	0	0	13	13	1	0.12	0.01	0	0
4000	624	40	300	4	25	22	4	0	0	9	9	1	0	0	0	0
4000	626	40	300	4	25	25	4	1	0	10	10	1	0	0	0.02	0
4000	627	40	300	4	25	29	4	0	0	14	14	1	0.02	0	0	0
4000	632	40	300	4	25	24	4	0	0	10	10	1	0.01	0	0	0
4000	633	40	300	4	25	23	4	1	0	7	7	1	0.03	0	0.04	0
4000	634	40	300	4	25	33	4	0	0	18	18	1	0.01	0	0	0
4000	636	40	300	4	25	24	4	1	0	8	8	1	0.01	0	0.01	0
4000	638	40	300	4	25	23	4	1	0	6	6	1	0.02	0	0.03	0
4000	640	40	300	4	25	20	4	0	0	6	6	1	0.01	0	0	0
4000	644	40	300	4	25	26	4	0	0	13	13	1	0.01	0	0	0
4000	647	40	300	4	25	22	4	0	0	8	8	1	0	0	0	0
4000	649	40	300	4	25	31	4	0	0	13	13	1	0.01	0.01	0	0
4000	650	40	300	4	25	22	4	0	0	9	9	1	0.01	0	0	0
4000	653	40	300	4	25	21	4	0	0	5	5	1	0.01	0	0	0
4000	655	40	300	4	25	22	4	1	0	8	8	1	0.01	0	0.02	0
4000	659	40	300	4	25	24	4	0	0	9	9	1	0.01	0	0	0
4000	661	40	300	4	25	23	4	0	0	9	9	1	0.02	0.01	0	0
4000	663	40	300	4	25	35	4	0	0	13	13	1	0.04	0	0	0
4000	664	40	300	4	25	30	4	0	0	16	16	1	0.01	0	0	0
4000	665	40	300	4	25	21	4	0	0	11	11	1	0.01	0	0	0
4000	666	40	300	4	25	18	4	0	0	5	5	1	0	0.01	0	0
4000	671	40	300	4	25	23	4	0	0	9	9	1	0.01	0	0	0
4000	675	40	300	4	25	21	4	1	0	7	7	1	0.01	0	0.02	0
4000	677	40	300	4	25	28	4	0	0	13	13	1	0	0	0	0
4000	682	40	300	4	25	20	4	1	0	6	6	1	0.01	0	0.02	0
4000	684	40	300	4	25	34	4	0	0	13	13	1	0.03	0	0	0
4000	687	40	300	4	25	18	4	0	0	6	6	1	0.01	0	0	0
4000	692	40	300	4	25	17	4	0	0	7	7	1	0	0	0	0
4000	694	40	300	4	25	25	4	1	0	9	9	1	0.02	0	0.02	0
4000	703	40	300	4	25	21	4	0	0	9	9	1	0.01	0	0	0
4000	704	40	300	4	25	23	4	1	0	9	9	1	0.01	0	0.02	0
4000	708	40	300	4	25	25	4	0	0	10	10	1	0.01	0	0	0
4000	712	40	300	4	25	21	4	0	0	6	6	1	0.02	0	0	0
4000	713	40	300	4	25	26	4	0	0	13	13	1	0.01	0	0	0
4000	714	40	300	4	25	19	4	0	0	6	6	1	0	0	0	0
4000	715	40	300	4	25	23	4	0	0	7	7	1	0.01	0	0	0
4000	716	40	300	4	25	22	4	0	0	9	9	1	0.01	0	0	0
4000	717	40	300	4	25	24	4	0	0	11	11	1	0.01	0	0	0
4000	720	40	300	4	25	28	4	0	0	9	9	1	0.05	0.01	0	0
4000	724	40	300	4	25	24	4	0	0	9	9	1	0.01	0	0	0
4000	727	40	300	4	25	24	4	0	0	9	9	1	0.02	0	0	0
4000	729	40	300	4	25	26	4	1	0	8	8	1	0.05	0.01	0.07	0
4000	730	40	300	4	25	23	4	0	0	8	8	1	0.01	0	0	0
4000	736	40	300	4	25	29	4	0	0	16	16	1	0.08	0	0	0
4000	737	40	300	4	25	26	4	0	0	8	8	1	0.02	0	0	0
4000	746	40	300	4	25	26	4	0	0	13	13	1	0.02	0	0	0
4000	750	40	300	4	25	22	4	0	0	9	9	1	0.01	0	0	0
4000	753	40	300	4	25	20	4	0	0	5	5	1	0.02	0	0	0
4000	754	40	300	4	25	35	4	0	0	16	16	1	0.04	0	0	0
4000	755	40	300	4	25	27	4	0	0	8	8	1	0.03	0.01	0	0
4000	756	40	300	4	25	19	4	0	0	6	6	1	0.01	0	0	0
4000	760	40	300	4	25	27	4	0	0	10	10	1	0.01	0	0	0
4000	762	40	300	4	25	27	4	0	0	12	12	1	0.01	0.01	0	0
4000	764	40	300	4	25	21	4	0	0	7	7	1	0	0	0	0
4000	771	40	300	4	25	25	4	0	0	11	11	1	0.01	0	0	0
4000	775	40	300	4	25	16	4	0	0	5	5	1	0	0.01	0	0
4000	777	40	300	4	25	30	4	0	0	16	16	1	0.01	0	0	0
4000	784	40	300	4	25	21	4	0	0	7	7	1	0.01	0	0	0
4000	786	40	300	4	25	30	4	0	0	15	15	1	0.04	0	0	0
4000	788	40	300	4	25	24	4	0	0	9	9	1	0.03	0	0	0
4000	790	40	300	4	25	19	4	0	0	8	8	1	0	0	0	0
4000	792	40	300	4	25	22	4	0	0	9	9	1	0.01	0	0	0
4000	793	40	300	4	25	28	4	0	0	7	7	1	0.07	0.02	0	0
4000	797	40	300	4	25	34	4	0	0	16	16	1	0.03	0	0	0
4000	800	40	300	4	25	22	4	1	1	5.25	6	0.875	0.03	0.01	0.05	0
4000	801	40	300	4	25	27	4	0	0	10	10	1	0.08	0	0	0
4000	802	40	300	4	25	20	4	0	0	8	8	1	0.01	0	0	0
4000	803	40	300	4	25	16	4	1	0	4	4	1	0.01	0	0.02	0
4000	807	40	300	4	25	28	4	1	0	11	11	1	0.01	0	0.02	0
4000	810	40	300	4	25	29	4	0	0	11	11	1	0.02	0	0	0
4000	814	40	300	4	25	33	4	0	0	12	12	1	0.07	0.01	0	0
4000	815	40	300	4	25	26	4	0	0	13	13	1	0.01	0	0	0
4000	818	40	300	4	25	22	4	0	0	12	12	1	0.01	0	0	0
4000	828	40	300	4	25	20	4	0	0	8	8	1	0.01	0	0	0
4000	829	40	300	4	25	41	4	0	0	25	25	1	0.02	0	0	0
4000	830	40	300	4	25	28	4	0	0	15	15	1	0.01	0	0	0
4000	831	40	300	4	25	27	4	1	0	9	9	1	0.06	0.01	0.07	0
4000	833	40	300	4	25	24	4	0	0	11	11	1	0.01	0	0	0
4000	834	40	300	4	25	21	4	1	1	6.5	7	0.928571	0.03	0	0.04	0
4000	836	40	300	4	25	35	4	0	0	15	15	1	0.02	0	0	0
4000	839	40	300	4	25	24	4	0	0	9	9	1	0	0	0	0
4000	841	40	300	4	25	25	4	0	0	13	13	1	0.01	0	0	0
4000	844	40	300	4	25	28	4	0	0	14	14	1	0.01	0	0	0
4000	846	40	300	4	25	23	4	0	0	11	11	1	0.01	0	0	0
4000	848	40	300	4	25	18	4	0	0	7	7	1	0.01	0	0	0
4000	849	40	300	4	25	28	4	0	0	13	13	1	0.02	0	0	0
4000	858	40	300	4	25	22	4	0	0	10	10	1	0.01	0	0	0
4000	859	40	300	4	25	25	4	0	0	11	11	1	0.01	0	0	0
4000	862	40	300	4	25	26	4	0	0	11	11	1	0.01	0	0	0
4000	865	40	300	4	25	35	4	0	0	23	23	1	0.01	0	0	0
4000	866	40	300	4	25	24	4	0	0	11	11	1	0.01	0	0	0
4000	867	40	300	4	25	25	4	0	0	8	8	1	0.02	0.01	0	0
4000	868	40	300	4	25	20	4	0	0	6	6	1	0.01	0	0	0
4000	872	40	300	4	25	30	4	0	0	11	11	1	0.01	0	0	0
4000	876	40	300	4	25	28	4	1	0	13	13	1	0.03	0	0.02	0
4000	877	40	300	4	25	21	4	0	0	8	8	1	0	0	0	0
4000	878	40	300	4	25	20	4	1	1	6	6	1	0.01	0.01	0.02	0
4000	879	40	300	4	25	26	4	1	1	10.5	11	0.954545	0.01	0	0.03	0
4000	880	40	300	4	25	28	4	0	0	10	10	1	0.04	0.01	0	0
4000	883	40	300	4	25	18	4	1	0	5	5	1	0	0	0.02	0
4000	886	40	300	4	25	24	4	0	0	11	11	1	0.02	0	0	0
4000	889	40	300	4	25	27	4	0	0	10	10	1	0.01	0.01	0	0
4000	892	40	300	4	25	28	4	0	0	16	16	1	0.01	0	0	0
4000	899	40	300	4	25	22	4	1	0	7	7	1	0.01	0	0.02	0
4000	903	40	300	4	25	22	4	1	0	9	9	1	0	0	0.02	0
4000	909	40	300	4	25	20	4	0	0	6	6	1	0.01	0	0	0
4000	913	40	300	4	25	23	4	0	0	8	8	1	0	0.01	0	0
4000	916	40	300	4	25	23	4	0	0	8	8	1	0.01	0	0	0
4000	920	40	300	4	25	20	4	0	0	6	6	1	0	0.01	0	0
4000	921	40	300	4	25	23	4	1	0	6	6	1	0.01	0.01	0.02	0
4000	924	40	300	4	25	21	4	0	0	8	8	1	0	0	0	0
4000	932	40	300	4	25	29	4	0	0	13	13	1	0.02	0	0	0
4000	936	40	300	4	25	23	4	1	0	7	7	1	0.06	0.01	0.09	0
4000	942	40	300	4	25	21	4	0	0	6	6	1	0.01	0	0	0
4000	943	40	300	4	25	16	4	1	0	4	4	1	0	0	0.02	0
4000	952	40	300	4	25	19	4	0	0	5	5	1	0.01	0	0	0
4000	953	40	300	4	25	36	4	0	0	18	18	1	0.03	0	0	0
4000	954	40	300	4	25	23	4	1	0	7	7	1	0.02	0	0.05	0
4000	955	40	300	4	25	27	4	0	0	10	10	1	0.02	0	0	0
4000	956	40	300	4	25	33	4	0	0	14	14	1	0.06	0.01	0	0
4000	957	40	300	4	25	26	4	0	0	12	12	1	0.01	0	0	0
4000	963	40	300	4	25	22	4	1	0	6	6	1	0.04	0	0.05	0
4000	964	40	300	4	25	23	4	0	0	6	6	1	0.09	0.01	0	0
4000	965	40	300	4	25	24	4	0	0	6	6	1	0.04	0.01	0	0
4000	966	40	300	4	25	29	4	1	0	9	9	1	0.04	0.01	0.09	0
4000	971	40	300	4	25	29	4	0	0	15	15	1	0.01	0	0	0
4000	979	40	300	4	25	21	4	0	0	8	8	1	0.01	0	0	0
4000	984	40	300	4	25	24	4	1	1	7.5	8	0.9375	0.02	0	0.02	0
4000	985	40	300	4	25	23	4	1	0	9	9	1	0.02	0	0.02	0
4000	990	40	300	4	25	30	4	1	0	11	11	1	0.04	0.01	0.03	0
4000	992	40	300	4	25	27	4	0	0	12	12	1	0.01	0	0	0
4000	993	40	300	4	25	16	4	1	0	4	4	1	0	0	0.01	0
4000	995	40	300	4	25	33	4	0	0	16	16	1	0.05	0.01	0	0
4000	996	40	300	4	25	30	4	0	0	14	14	1	0.01	0.01	0	0
4000	997	40	300	4	25	29	4	0	0	17	17	1	0.04	0	0	0
4000	998	40	300	4	25	24	4	0	0	8	8	1	0.01	0	0	0
4000	1	50	300	4	25	42	4	0	0	24	24	1	0.03	0	0	0
4000	2	50	300	4	25	42	4	0	0	16	16	1	0.08	0.01	0	0
4000	3	50	300	4	25	34	4	1	0	14	14	1	0.08	0.01	0.08	0
4000	4	50	300	4	25	32	4	0	0	10	10	1	0.04	0.01	0	0
4000	5	50	300	4	25	36	4	0	0	19	19	1	0.08	0	0	0
4000	6	50	300	4	25	41	4	1	0	19	19	1	0.09	0.01	0.07	0
4000	7	50	300	4	25	29	4	1	0	10	10	1	0.07	0.01	0.05	0
4000	9	50	300	4	25	28	4	0	0	10	10	1	0.12	0.01	0	0
4000	10	50	300	4	25	24	4	0	0	11	11	1	0	0.01	0	0
4000	12	50	300	4	25	30	4	1	0	12	12	1	0.05	0	0.05	0
4000	14	50	300	4	25	29	4	1	0	8	8	1	0.05	0	0.07	0
4000	15	50	300	4	25	30	4	0	0	11	11	1	0.02	0	0	0
4000	16	50	300	4	25	28	4	0	0	14	14	1	0.02	0	0	0
4000	21	50	300	4	25	28	4	1	1	11	11	1	0.07	0	0.06	0
4000	22	50	300	4	25	29	4	0	0	10	10	1	0.02	0	0	0
4000	24	50	300	4	25	33	4	0	0	17	17	1	0.02	0	0	0
4000	26	50	300	4	25	21	4	0	0	7	7	1	0	0	0	0
4000	27	50	300	4	25	62	4	0	0	46	46	1	0.12	0	0	0
4000	28	50	300	4	25	28	4	0	0	11	11	1	0.03	0	0	0
4000	31	50	300	4	25	35	4	0	0	20	20	1	0.09	0	0	0
4000	32	50	300	4	25	33	4	0	0	11	11	1	0.08	0	0	0
4000	33	50	300	4	25	36	4	0	0	12	12	1	0.05	0.01	0	0
4000	34	50	300	4	25	25	4	1	1	9.5	10	0.95	0.01	0	0.03	0
4000	35	50	300	4	25	26	4	0	0	13	13	1	0.02	0	0	0
4000	36	50	300	4	25	42	4	0	0	24	24	1	0.16	0	0	0
4000	37	50	300	4	25	32	4	1	0	12	12	1	0.1	0.01	0.09	0
4000	38	50	300	4	25	36	4	0	0	16	16	1	0.02	0	0	0
4000	40	50	300	4	25	28	4	1	0	13	13	1	0.02	0	0.02	0
4000	42	50	300	4	25	34	4	0	0	12	12	1	0.05	0.01	0	0
4000	43	50	300	4	25	32	4	1	0	13	13	1	0.04	0	0.03	0
4000	44	50	300	4	25	26	4	0	0	8	8	1	0.07	0.01	0	0
4000	46	50	300	4	25	23	4	0	0	8	8	1	0.02	0.01	0	0
4000	47	50	300	4	25	23	4	0	0	7	7	1	0.02	0	0	0
4000	48	50	300	4	25	29	4	1	0	12	12	1	0.01	0	0.01	0
4000	49	50	300	4	25	25	4	0	0	7	7	1	0.04	0	0	0
4000	51	50	300	4	25	31	4	0	0	14	14	1	0.12	0.01	0	0
4000	52	50	300	4	25	37	4	1	0	15	15	1	0.02	0	0.03	0
4000	54	50	300	4	25	30	4	1	0	11	11	1	0.03	0	0.03	0
4000	55	50	300	4	25	38	4	1	0	15	15	1	0.07	0	0.04	0
4000	56	50	300	4	25	30	4	0	0	16	16	1	0.01	0.01	0	0
4000	57	50	300	4	25	27	4	0	0	9	9	1	0.05	0.01	0	0
4000	58	50	300	4	25	24	4	1	0	8	8	1	0.01	0	0.02	0
4000	59	50	300	4	25	36	4	1	0	15	15	1	0.1	0.01	0.07	0
4000	62	50	300	4	25	25	4	1	1	7.5	8	0.9375	0.03	0	0.04	0
4000	63	50	300	4	25	41	4	0	0	23	23	1	0.02	0	0	0
4000	65	50	300	4	25	34	4	0	0	14	14	1	0.04	0	0	0
4000	67	50	300	4	25	32	4	0	0	11	11	1	0.03	0.01	0	0
4000	68	50	300	4	25	31	4	0	0	12	12	1	0.03	0	0	0
4000	69	50	300	4	25	29	4	0	0	8	8	1	0.06	0.01	0	0
4000	70	50	300	4	25	26	4	1	1	11.3333	12	0.944444	0.01	0	0.02	0
4000	71	50	300	4	25	23	4	0	0	10	10	1	0	0.01	0	0
4000	72	50	300	4	25	34	4	0	0	13	13	1	0.05	0	0	0
4000	73	50	300	4	25	21	4	0	0	7	7	1	0.02	0	0	0
4000	74	50	300	4	25	30	4	0	0	13	13	1	0.01	0	0	0
4000	75	50	300	4	25	29	4	1	0	11	11	1	0.05	0	0.03	0
4000	76	50	300	4	25	28	4	0	0	10	10	1	0.04	0.01	0	0
4000	77	50	300	4	25	33	4	1	0	11	11	1	0.09	0.01	0.4	0
4000	78	50	300	4	25	26	4	0	0	7	7	1	0.08	0.01	0	0
4000	80	50	300	4	25	30	4	0	0	11	11	1	0.03	0	0	0
4000	82	50	300	4	25	31	4	1	0	9	9	1	0.09	0.01	0.27	0
4000	83	50	300	4	25	26	4	0	0	10	10	1	0.03	0	0	0
4000	86	50	300	4	25	22	4	0	0	11	11	1	0.01	0	0	0
4000	89	50	300	4	25	27	4	0	0	9	9	1	0.02	0	0	0
4000	90	50	300	4	25	28	4	1	0	11	11	1	0.01	0	0.04	0
4000	91	50	300	4	25	32	4	0	0	12	12	1	0.08	0	0	0
4000	92	50	300	4	25	27	4	0	0	11	11	1	0	0	0	0
4000	93	50	300	4	25	26	4	0	0	9	9	1	0.01	0	0	0
4000	95	50	300	4	25	31	4	0	0	17	17	1	0.03	0	0	0
4000	97	50	300	4	25	25	4	0	0	9	9	1	0.02	0	0	0
4000	98	50	300	4	25	28	4	0	0	8	8	1	0.09	0.01	0	0
4000	99	50	300	4	25	32	4	0	0	17	17	1	0.02	0	0	0
4000	101	50	300	4	25	27	4	1	0	10	10	1	0.01	0	0.03	0
4000	103	50	300	4	25	27	4	1	0	8	8	1	0.04	0	0.05	0
4000	106	50	300	4	25	37	4	1	1	12.5	13	0.961538	0.11	0.01	0.29	0
4000	108	50	300	4	25	26	4	0	0	10	10	1	0.01	0	0	0
4000	110	50	300	4	25	27	4	0	0	11	11	1	0.01	0	0	0
4000	111	50	300	4	25	32	4	1	0	10	10	1	0.07	0.01	0.08	0
4000	112	50	300	4	25	21	4	1	0	6	6	1	0.01	0	0.02	0
4000	113	50	300	4	25	30	4	0	0	14	14	1	0.04	0	0	0
4000	114	50	300	4	25	40	4	1	1	18	18	1	0.06	0	0.04	0
4000	115	50	300	4	25	26	4	0	0	9	9	1	0.01	0	0	0
4000	116	50	300	4	25	35	4	0	0	18	18	1	0.02	0	0	0
4000	117	50	300	4	25	39	4	1	0	16	16	1	0.03	0.01	0.02	0
4000	121	50	300	4	25	39	4	1	0	12	12	1	0.09	0.01	0.09	0
4000	122	50	300	4	25	31	4	1	0	13	13	1	0.02	0	0.02	0
4000	123	50	300	4	25	30	4	1	0	13	13	1	0.03	0.01	0.02	0
4000	124	50	300	4	25	40	4	0	0	23	23	1	0.11	0	0	0
4000	125	50	300	4	25	32	4	1	0	13	13	1	0.03	0	0.05	0
4000	126	50	300	4	25	36	4	1	0	11	11	1	0.07	0.01	0.05	0
4000	127	50	300	4	25	28	4	0	0	12	12	1	0.03	0.01	0	0
4000	128	50	300	4	25	37	4	0	0	14	14	1	0.05	0	0	0
4000	129	50	300	4	25	27	4	0	0	11	11	1	0.07	0	0	0
4000	130	50	300	4	25	26	4	0	0	9	9	1	0.02	0	0	0
4000	131	50	300	4	25	38	4	0	0	20	20	1	0.06	0	0	0
4000	133	50	300	4	25	24	4	0	0	7	7	1	0.02	0	0	0
4000	135	50	300	4	25	24	4	0	0	8	8	1	0.02	0	0	0
4000	136	50	300	4	25	35	4	1	0	17	17	1	0.03	0	0.05	0
4000	137	50	300	4	25	26	4	1	0	9	9	1	0.03	0	0.02	0
4000	138	50	300	4	25	36	4	0	0	14	14	1	0.04	0	0	0
4000	141	50	300	4	25	31	4	1	1	12	12	1	0.06	0.01	0.08	0
4000	143	50	300	4	25	33	4	1	0	10	10	1	0.08	0.01	0.07	0
4000	144	50	300	4	25	25	4	1	0	11	11	1	0.02	0	0.03	0
4000	146	50	300	4	25	34	4	1	0	14	14	1	0.04	0	0.04	0
4000	150	50	300	4	25	29	4	0	0	13	13	1	0.06	0	0	0
4000	151	50	300	4	25	27	4	0	0	13	13	1	0.02	0	0	0
4000	152	50	300	4	25	29	4	0	0	12	12	1	0.03	0	0	0
4000	154	50	300	4	25	33	4	1	0	13	13	1	0.01	0	0.03	0
4000	157	50	300	4	25	37	4	1	0	12	12	1	0.07	0.01	0.06	0
4000	162	50	300	4	25	37	4	0	0	13	13	1	0.08	0.01	0	0
4000	164	50	300	4	25	33	4	0	0	15	15	1	0.03	0	0	0
4000	168	50	300	4	25	27	4	0	0	13	13	1	0.01	0	0	0
4000	169	50	300	4	25	27	4	1	1	8.5	9	0.944444	0.01	0	0.03	0
4000	172	50	300	4	25	25	4	0	0	7	7	1	0.15	0.01	0	0
4000	173	50	300	4	25	29	4	0	0	11	11	1	0.02	0	0	0
4000	175	50	300	4	25	47	4	0	0	23	23	1	0.04	0	0	0
4000	176	50	300	4	25	33	4	0	0	17	17	1	0.01	0	0	0
4000	179	50	300	4	25	43	4	0	0	20	20	1	0.05	0	0	0
4000	180	50	300	4	25	27	4	1	0	9	9	1	0.05	0	0.04	0
4000	182	50	300	4	25	26	4	0	0	13	13	1	0.01	0	0	0
4000	184	50	300	4	25	25	4	0	0	10	10	1	0.01	0	0	0
4000	185	50	300	4	25	41	4	0	0	22	22	1	0.02	0.01	0	0
4000	186	50	300	4	25	31	4	0	0	11	11	1	0.03	0.01	0	0
4000	187	50	300	4	25	26	4	0	0	8	8	1	0.02	0.01	0	0
4000	188	50	300	4	25	31	4	1	0	12	12	1	0.05	0	0.04	0
4000	189	50	300	4	25	29	4	0	0	11	11	1	0.03	0.01	0	0
4000	191	50	300	4	25	26	4	0	0	10	10	1	0.01	0	0	0
4000	193	50	300	4	25	32	4	0	0	12	12	1	0.01	0	0	0
4000	197	50	300	4	25	24	4	0	0	7	7	1	0.03	0	0	0
4000	198	50	300	4	25	26	4	0	0	9	9	1	0.02	0	0	0
4000	201	50	300	4	25	26	4	0	0	10	10	1	0.03	0	0	0
4000	202	50	300	4	25	37	4	0	0	19	19	1	0.06	0.01	0	0
4000	205	50	300	4	25	23	4	1	0	8	8	1	0.01	0	0	0
4000	206	50	300	4	25	33	4	0	0	10	10	1	0.06	0.01	0	0
4000	207	50	300	4	25	32	4	0	0	14	14	1	0.02	0	0	0
4000	209	50	300	4	25	41	4	0	0	22	22	1	0.05	0.01	0	0
4000	210	50	300	4	25	26	4	0	0	7	7	1	0.09	0.01	0	0
4000	211	50	300	4	25	33	4	0	0	12	12	1	0.09	0.01	0	0
4000	212	50	300	4	25	33	4	1	1	13	13	1	0.04	0	0.04	0
4000	213	50	300	4	25	23	4	1	0	8	8	1	0.02	0	0.03	0
4000	214	50	300	4	25	32	4	0	0	12	12	1	0.01	0	0	0
4000	215	50	300	4	25	39	4	0	0	18	18	1	0.08	0	0	0
4000	216	50	300	4	25	39	4	0	0	15	15	1	0.21	0.02	0	0
4000	218	50	300	4	25	35	4	0	0	14	14	1	0.03	0.01	0	0
4000	221	50	300	4	25	37	4	1	1	13.5	14	0.964286	0.1	0	0.1	0
4000	225	50	300	4	25	29	4	0	0	12	12	1	0.03	0	0	0
4000	226	50	300	4	25	38	4	1	1	15	15	1	0.06	0	0.05	0
4000	227	50	300	4	25	33	4	1	1	12	12	1	0.08	0.01	0.07	0
4000	228	50	300	4	25	27	4	1	1	8.5	9	0.944444	0.05	0	0.06	0
4000	230	50	300	4	25	29	4	0	0	11	11	1	0.03	0	0	0
4000	231	50	300	4	25	28	4	0	0	9	9	1	0.04	0	0	0
4000	232	50	300	4	25	32	4	1	0	10	10	1	0.1	0.01	0.08	0
4000	235	50	300	4	25	24	4	0	0	7	7	1	0.01	0	0	0
4000	241	50	300	4	25	37	4	0	0	15	15	1	0.07	0.01	0	0
4000	244	50	300	4	25	26	4	1	0	7	7	1	0.03	0.01	0.05	0
4000	245	50	300	4	25	35	4	0	0	15	15	1	0.02	0	0	0
4000	248	50	300	4	25	33	4	0	0	12	12	1	0.03	0	0	0
4000	249	50	300	4	25	37	4	0	0	17	17	1	0.07	0	0	0
4000	250	50	300	4	25	31	4	0	0	12	12	1	0.05	0	0	0
4000	251	50	300	4	25	29	4	0	0	10	10	1	0.02	0.01	0	0
4000	252	50	300	4	25	41	4	0	0	20	20	1	0.11	0.01	0	0
4000	253	50	300	4	25	33	4	0	0	15	15	1	0.04	0	0	0
4000	254	50	300	4	25	25	4	0	0	8	8	1	0.04	0	0	0
4000	255	50	300	4	25	43	4	1	0	19	19	1	0.14	0.01	0.08	0
4000	257	50	300	4	25	38	4	0	0	16	16	1	0.04	0.01	0	0
4000	258	50	300	4	25	25	4	0	0	12	12	1	0.01	0	0	0
4000	259	50	300	4	25	31	4	0	0	14	14	1	0.03	0	0	0
4000	260	50	300	4	25	42	4	1	0	27	27	1	0.04	0	0.04	0
4000	262	50	300	4	25	27	4	0	0	8	8	1	0.03	0.01	0	0
4000	266	50	300	4	25	25	4	1	1	6.66667	7	0.952381	0.02	0	0.03	0
4000	267	50	300	4	25	28	4	0	0	9	9	1	0.03	0	0	0
4000	268	50	300	4	25	26	4	0	0	12	12	1	0.01	0	0	0
4000	269	50	300	4	25	30	4	0	0	15	15	1	0.01	0	0	0
4000	270	50	300	4	25	29	4	0	0	13	13	1	0.07	0	0	0
4000	271	50	300	4	25	50	4	0	0	28	28	1	0.09	0.01	0	0
4000	272	50	300	4	25	30	4	0	0	16	16	1	0.01	0	0	0
4000	273	50	300	4	25	39	4	0	0	14	14	1	0.06	0	0	0
4000	274	50	300	4	25	27	4	0	0	10	10	1	0.02	0	0	0
4000	276	50	300	4	25	46	4	0	0	21	21	1	0.11	0	0	0
4000	277	50	300	4	25	24	4	0	0	11	11	1	0.01	0	0	0
4000	279	50	300	4	25	48	4	0	0	28	28	1	0.1	0	0	0
4000	280	50	300	4	25	46	4	0	0	26	26	1	0.04	0	0	0
4000	281	50	300	4	25	33	4	0	0	20	20	1	0.02	0	0	0
4000	282	50	300	4	25	26	4	0	0	10	10	1	0.02	0	0	0
4000	283	50	300	4	25	28	4	0	0	13	13	1	0.02	0	0	0
4000	287	50	300	4	25	45	4	0	0	32	32	1	0.03	0	0	0
4000	288	50	300	4	25	31	4	0	0	14	14	1	0.01	0	0	0
4000	291	50	300	4	25	29	4	0	0	15	15	1	0.02	0	0	0
4000	292	50	300	4	25	28	4	0	0	16	16	1	0.01	0	0	0
4000	293	50	300	4	25	35	4	0	0	13	13	1	0.03	0	0	0
4000	294	50	300	4	25	30	4	0	0	11	11	1	0.06	0.01	0	0
4000	295	50	300	4	25	39	4	0	0	21	21	1	0.02	0	0	0
4000	296	50	300	4	25	30	4	0	0	20	20	1	0.01	0	0	0
4000	297	50	300	4	25	27	4	0	0	9	9	1	0.03	0.01	0	0
4000	299	50	300	4	25	33	4	0	0	15	15	1	0.03	0	0	0
4000	302	50	300	4	25	21	4	0	0	9	9	1	0	0	0	0
4000	303	50	300	4	25	22	4	0	0	11	11	1	0	0	0	0
4000	304	50	300	4	25	24	4	0	0	8	8	1	0.02	0	0	0
4000	305	50	300	4	25	31	4	0	0	10	10	1	0.03	0.01	0	0
4000	306	50	300	4	25	37	4	1	0	15	15	1	0.05	0	0.03	0
4000	307	50	300	4	25	28	4	0	0	13	13	1	0.04	0	0	0
4000	310	50	300	4	25	25	4	0	0	9	9	1	0.01	0	0	0
4000	311	50	300	4	25	28	4	0	0	8	8	1	0.03	0.01	0	0
4000	312	50	300	4	25	46	4	0	0	25	25	1	0.19	0.01	0	0
4000	313	50	300	4	25	24	4	0	0	8	8	1	0.01	0	0	0
4000	314	50	300	4	25	28	4	0	0	10	10	1	0.05	0	0	0
4000	316	50	300	4	25	28	4	0	0	9	9	1	0.05	0	0	0
4000	317	50	300	4	25	27	4	0	0	14	14	1	0.01	0	0	0
4000	318	50	300	4	25	26	4	0	0	11	11	1	0.01	0	0	0
4000	319	50	300	4	25	21	4	1	1	6.5	7	0.928571	0.01	0	0.03	0
4000	320	50	300	4	25	30	4	1	0	16	16	1	0.01	0	0.02	0
4000	322	50	300	4	25	35	4	0	0	14	14	1	0.04	0.01	0	0
4000	323	50	300	4	25	34	4	0	0	15	15	1	0.05	0	0	0
4000	325	50	300	4	25	28	4	0	0	10	10	1	0.04	0	0	0
4000	327	50	300	4	25	31	4	1	1	10.3333	11	0.939394	0.04	0.01	0.06	0
4000	328	50	300	4	25	25	4	0	0	8	8	1	0.02	0	0	0
4000	329	50	300	4	25	32	4	0	0	16	16	1	0.02	0	0	0
4000	332	50	300	4	25	30	4	0	0	12	12	1	0.03	0	0	0
4000	333	50	300	4	25	29	4	0	0	12	12	1	0.01	0	0	0
4000	334	50	300	4	25	24	4	1	0	9	9	1	0	0.01	0.02	0
4000	336	50	300	4	25	23	4	0	0	9	9	1	0.01	0	0	0
4000	338	50	300	4	25	27	4	0	0	10	10	1	0.02	0.01	0	0
4000	339	50	300	4	25	33	4	0	0	15	15	1	0.01	0	0	0
4000	340	50	300	4	25	36	4	0	0	16	16	1	0.03	0.01	0	0
4000	341	50	300	4	25	26	4	0	0	9	9	1	0.05	0	0	0
4000	342	50	300	4	25	28	4	0	0	8	8	1	0.05	0.01	0	0
4000	345	50	300	4	25	30	4	0	0	10	10	1	0.05	0	0	0
4000	347	50	300	4	25	24	4	0	0	8	8	1	0.07	0.01	0	0
4000	348	50	300	4	25	32	4	0	0	14	14	1	0.02	0	0	0
4000	349	50	300	4	25	37	4	0	0	19	19	1	0.13	0	0	0
4000	350	50	300	4	25	30	4	0	0	12	12	1	0.03	0	0	0
4000	352	50	300	4	25	37	4	0	0	22	22	1	0.01	0	0	0
4000	353	50	300	4	25	32	4	0	0	13	13	1	0.06	0	0	0
4000	354	50	300	4	25	22	4	0	0	8	8	1	0.01	0	0	0
4000	355	50	300	4	25	32	4	0	0	15	15	1	0.02	0	0	0
4000	356	50	300	4	25	22	4	0	0	11	11	1	0	0	0	0
4000	357	50	300	4	25	35	4	0	0	14	14	1	0.02	0	0	0
4000	360	50	300	4	25	30	4	0	0	17	17	1	0.02	0	0	0
4000	364	50	300	4	25	43	4	0	0	23	23	1	0.03	0	0	0
4000	365	50	300	4	25	29	4	1	0	10	10	1	0.04	0	0.05	0
4000	366	50	300	4	25	28	4	0	0	13	13	1	0.02	0	0	0
4000	368	50	300	4	25	37	4	0	0	22	22	1	0.02	0	0	0
4000	370	50	300	4	25	27	4	0	0	11	11	1	0.02	0	0	0
4000	375	50	300	4	25	41	4	1	0	17	17	1	0.11	0.01	0.1	0
4000	378	50	300	4	25	20	4	1	0	6	6	1	0	0.01	0.01	0
4000	379	50	300	4	25	47	4	1	0	22	22	1	0.12	0.01	0.07	0
4000	381	50	300	4	25	37	4	1	1	17	17	1	0.12	0	0.09	0
4000	382	50	300	4	25	27	4	0	0	10	10	1	0.06	0.01	0	0
4000	384	50	300	4	25	38	4	0	0	17	17	1	0.04	0.01	0	0
4000	385	50	300	4	25	29	4	1	0	10	10	1	0.05	0.01	0.04	0
4000	388	50	300	4	25	32	4	1	1	12.5	13	0.961538	0.02	0	0.04	0
4000	391	50	300	4	25	30	4	0	0	11	11	1	0.05	0	0	0
4000	393	50	300	4	25	35	4	1	0	13	13	1	0.05	0.01	0.07	0
4000	394	50	300	4	25	25	4	0	0	10	10	1	0.01	0	0	0
4000	395	50	300	4	25	37	4	0	0	15	15	1	0.06	0	0	0
4000	396	50	300	4	25	35	4	0	0	20	20	1	0.11	0.01	0	0
4000	397	50	300	4	25	22	4	1	1	6.5	7	0.928571	0.02	0	0.03	0
4000	398	50	300	4	25	26	4	0	0	7	7	1	0.02	0.01	0	0
4000	400	50	300	4	25	44	4	0	0	23	23	1	0.18	0	0	0
4000	401	50	300	4	25	20	4	1	0	7	7	1	0	0	0.02	0
4000	402	50	300	4	25	28	4	1	0	11	11	1	0.03	0.01	0.03	0
4000	405	50	300	4	25	38	4	0	0	13	13	1	0.05	0	0	0
4000	407	50	300	4	25	31	4	1	0	13	13	1	0.15	0.01	0.08	0
4000	409	50	300	4	25	29	4	1	1	9.5	10	0.95	0.04	0.01	0.31	0
4000	410	50	300	4	25	32	4	0	0	12	12	1	0.04	0	0	0
4000	411	50	300	4	25	45	4	0	0	20	20	1	0.04	0	0	0
4000	412	50	300	4	25	28	4	0	0	15	15	1	0.01	0	0	0
4000	414	50	300	4	25	28	4	1	1	9.5	10	0.95	0.02	0.01	0.04	0
4000	415	50	300	4	25	29	4	0	0	12	12	1	0.09	0.01	0	0
4000	416	50	300	4	25	32	4	0	0	12	12	1	0.04	0	0	0
4000	417	50	300	4	25	37	4	0	0	15	15	1	0.15	0.01	0	0
4000	423	50	300	4	25	33	4	1	0	10	10	1	0.1	0	0.05	0
4000	425	50	300	4	25	28	4	0	0	11	11	1	0.02	0	0	0
4000	427	50	300	4	25	35	4	1	0	10	10	1	0.09	0.01	0.09	0
4000	430	50	300	4	25	31	4	0	0	14	14	1	0.01	0	0	0
4000	433	50	300	4	25	53	4	0	0	31	31	1	0.11	0	0	0
4000	435	50	300	4	25	33	4	0	0	13	13	1	0.02	0.01	0	0
4000	436	50	300	4	25	24	4	0	0	8	8	1	0.02	0	0	0
4000	439	50	300	4	25	38	4	0	0	18	18	1	0.06	0	0	0
4000	440	50	300	4	25	30	4	0	0	11	11	1	0.02	0	0	0
4000	442	50	300	4	25	27	4	0	0	10	10	1	0.02	0	0	0
4000	445	50	300	4	25	30	4	0	0	10	10	1	0.04	0.01	0	0
4000	446	50	300	4	25	22	4	0	0	7	7	1	0.01	0	0	0
4000	449	50	300	4	25	25	4	0	0	10	10	1	0.01	0	0	0
4000	450	50	300	4	25	40	4	1	0	20	20	1	0.03	0.01	0.03	0
4000	451	50	300	4	25	33	4	0	0	10	10	1	0.06	0	0	0
4000	452	50	300	4	25	27	4	0	0	11	11	1	0	0.01	0	0
4000	453	50	300	4	25	31	4	0	0	12	12	1	0.08	0.01	0	0
4000	454	50	300	4	25	36	4	1	0	13	13	1	0.1	0.01	0.1	0
4000	455	50	300	4	25	28	4	1	0	10	10	1	0.01	0	0.03	0
4000	456	50	300	4	25	31	4	0	0	16	16	1	0.01	0	0	0
4000	457	50	300	4	25	40	4	0	0	15	15	1	0.09	0	0	0
4000	458	50	300	4	25	33	4	1	0	14	14	1	0.09	0.01	0.09	0
4000	459	50	300	4	25	26	4	0	0	10	10	1	0.01	0	0	0
4000	460	50	300	4	25	36	4	0	0	11	11	1	0.08	0.01	0	0
4000	462	50	300	4	25	30	4	1	0	9	9	1	0.04	0.01	0.03	0
4000	464	50	300	4	25	39	4	0	0	14	14	1	0.19	0.01	0	0
4000	465	50	300	4	25	29	4	0	0	11	11	1	0.01	0	0	0
4000	467	50	300	4	25	41	4	0	0	27	27	1	0.03	0	0	0
4000	468	50	300	4	25	38	4	0	0	15	15	1	0.03	0.01	0	0
4000	469	50	300	4	25	32	4	0	0	14	14	1	0.15	0	0	0
4000	471	50	300	4	25	37	4	1	0	13	13	1	0.14	0.01	0.1	0
4000	472	50	300	4	25	35	4	1	1	16	16	1	0.05	0	0.02	0
4000	473	50	300	4	25	35	4	0	0	13	13	1	0.08	0	0	0
4000	474	50	300	4	25	23	4	0	0	6	6	1	0.07	0	0.01	0
4000	475	50	300	4	25	34	4	0	0	11	11	1	0.13	0.01	0	0
4000	478	50	300	4	25	31	4	1	0	15	15	1	0.07	0.01	0.03	0
4000	479	50	300	4	25	29	4	0	0	16	16	1	0.01	0	0	0
4000	483	50	300	4	25	27	4	0	0	12	12	1	0.01	0	0	0
4000	484	50	300	4	25	34	4	0	0	15	15	1	0.1	0.01	0	0
4000	485	50	300	4	25	32	4	0	0	11	11	1	0.04	0.01	0	0
4000	486	50	300	4	25	32	4	0	0	12	12	1	0.05	0	0	0
4000	487	50	300	4	25	31	4	0	0	13	13	1	0.1	0.01	0	0
4000	489	50	300	4	25	27	4	1	0	11	11	1	0.05	0.01	0.05	0
4000	490	50	300	4	25	38	4	0	0	18	18	1	0.11	0	0	0
4000	491	50	300	4	25	33	4	0	0	10	10	1	0.08	0.01	0	0
4000	492	50	300	4	25	22	4	0	0	6	6	1	0.02	0	0	0
4000	494	50	300	4	25	24	4	0	0	8	8	1	0.03	0	0	0
4000	495	50	300	4	25	31	4	0	0	13	13	1	0.06	0	0	0
4000	496	50	300	4	25	33	4	0	0	12	12	1	0.1	0	0	0
4000	498	50	300	4	25	32	4	1	1	11	11	1	0.16	0.02	0.06	0
4000	499	50	300	4	25	34	4	0	0	19	19	1	0.02	0	0	0
4000	500	50	300	4	25	32	4	0	0	17	17	1	0.05	0	0	0
4000	501	50	300	4	25	26	4	1	1	9	9	1	0.11	0	0.31	0
4000	504	50	300	4	25	32	4	0	0	11	11	1	0.17	0.02	0	0
4000	505	50	300	4	25	36	4	0	0	16	16	1	0.06	0.01	0	0
4000	508	50	300	4	25	40	4	0	0	19	19	1	0.03	0.01	0	0
4000	509	50	300	4	25	27	4	0	0	12	12	1	0.05	0	0	0
4000	510	50	300	4	25	38	4	0	0	21	21	1	0.01	0.01	0	0
4000	511	50	300	4	25	31	4	0	0	13	13	1	0.02	0	0	0
4000	512	50	300	4	25	36	4	0	0	13	13	1	0.14	0.01	0	0
4000	513	50	300	4	25	29	4	0	0	14	14	1	0.02	0	0	0
4000	514	50	300	4	25	42	4	0	0	20	20	1	0.07	0.01	0	0
4000	515	50	300	4	25	32	4	0	0	12	12	1	0.05	0	0	0
4000	517	50	300	4	25	32	4	0	0	17	17	1	0.04	0	0	0
4000	519	50	300	4	25	45	4	0	0	23	23	1	0.08	0.01	0	0
4000	520	50	300	4	25	26	4	1	1	9.5	10	0.95	0.07	0.01	0.05	0
4000	523	50	300	4	25	30	4	0	0	10	10	1	0.05	0.01	0	0
4000	527	50	300	4	25	25	4	1	0	9	9	1	0.1	0	0.03	0
4000	528	50	300	4	25	29	4	0	0	10	10	1	0.02	0	0	0
4000	529	50	300	4	25	28	4	0	0	11	11	1	0.04	0	0	0
4000	531	50	300	4	25	45	4	0	0	25	25	1	0.1	0	0	0
4000	532	50	300	4	25	36	4	0	0	19	19	1	0.06	0	0	0
4000	533	50	300	4	25	28	4	0	0	11	11	1	0.05	0	0	0
4000	535	50	300	4	25	24	4	1	0	10	10	1	0.04	0	0.03	0
4000	536	50	300	4	25	32	4	0	0	15	15	1	0.03	0	0	0
4000	538	50	300	4	25	32	4	1	0	9	9	1	0.09	0.01	0.06	0
4000	540	50	300	4	25	24	4	0	0	8	8	1	0.01	0	0	0
4000	544	50	300	4	25	33	4	0	0	18	18	1	0.03	0	0	0
4000	545	50	300	4	25	23	4	1	0	8	8	1	0.04	0.02	0.03	0
4000	546	50	300	4	25	31	4	0	0	15	15	1	0.1	0	0	0
4000	547	50	300	4	25	37	4	0	0	14	14	1	0.07	0	0	0
4000	548	50	300	4	25	30	4	0	0	9	9	1	0.1	0.01	0	0
4000	551	50	300	4	25	22	4	1	0	7	7	1	0.03	0	0.02	0
4000	552	50	300	4	25	32	4	1	0	14	14	1	0.1	0	0.03	0
4000	554	50	300	4	25	26	4	1	0	8	8	1	0.02	0.01	0.03	0
4000	555	50	300	4	25	20	4	0	0	7	7	1	0.02	0	0	0
4000	556	50	300	4	25	34	4	1	0	11	11	1	0.2	0.01	0.09	0
4000	559	50	300	4	25	40	4	0	0	16	16	1	0.15	0.01	0	0
4000	560	50	300	4	25	29	4	0	0	10	10	1	0.03	0	0	0
4000	561	50	300	4	25	32	4	0	0	11	11	1	0.07	0.01	0	0
4000	563	50	300	4	25	33	4	0	0	11	11	1	0.07	0.03	0	0
4000	564	50	300	4	25	29	4	0	0	10	10	1	0.1	0.01	0	0
4000	565	50	300	4	25	33	4	0	0	15	15	1	0.02	0	0	0
4000	566	50	300	4	25	38	4	0	0	14	14	1	0.1	0.02	0	0
4000	567	50	300	4	25	27	4	1	0	9	9	1	0.03	0	0.04	0
4000	569	50	300	4	25	26	4	1	0	10	10	1	0.04	0.01	0.04	0
4000	570	50	300	4	25	29	4	0	0	8	8	1	0.05	0.01	0	0
4000	574	50	300	4	25	30	4	0	0	16	16	1	0.02	0	0	0
4000	576	50	300	4	25	32	4	0	0	13	13	1	0.04	0	0	0
4000	577	50	300	4	25	33	4	0	0	12	12	1	0.06	0.01	0	0
4000	580	50	300	4	25	26	4	0	0	11	11	1	0.06	0.01	0	0
4000	585	50	300	4	25	32	4	0	0	14	14	1	0.04	0	0	0
4000	587	50	300	4	25	33	4	0	0	12	12	1	0.28	0.02	0	0
4000	588	50	300	4	25	27	4	1	0	14	14	1	0.01	0	0.02	0
4000	589	50	300	4	25	35	4	1	0	18	18	1	0.07	0	0.05	0
4000	590	50	300	4	25	33	4	1	0	11	11	1	0.08	0.01	0.48	0
4000	592	50	300	4	25	26	4	0	0	9	9	1	0.04	0.01	0	0
4000	594	50	300	4	25	39	4	0	0	16	16	1	0.06	0	0	0
4000	595	50	300	4	25	34	4	0	0	14	14	1	0.07	0.01	0	0
4000	596	50	300	4	25	38	4	1	1	13.3333	14	0.952381	0.05	0.01	0.04	0
4000	597	50	300	4	25	31	4	1	0	9	9	1	0.05	0	0.06	0
4000	599	50	300	4	25	32	4	1	0	14	14	1	0.05	0	0.05	0
4000	602	50	300	4	25	28	4	0	0	11	11	1	0.04	0	0	0
4000	604	50	300	4	25	22	4	0	0	10	10	1	0.03	0.01	0	0
4000	605	50	300	4	25	40	4	0	0	15	15	1	0.09	0	0	0
4000	606	50	300	4	25	34	4	0	0	13	13	1	0.04	0	0	0
4000	607	50	300	4	25	35	4	0	0	18	18	1	0.05	0	0	0
4000	608	50	300	4	25	30	4	0	0	9	9	1	0.04	0	0	0
4000	609	50	300	4	25	33	4	0	0	11	11	1	0.02	0.01	0	0
4000	610	50	300	4	25	32	4	0	0	14	14	1	0.07	0.01	0	0
4000	613	50	300	4	25	45	4	0	0	29	29	1	0.06	0	0	0
4000	614	50	300	4	25	42	4	0	0	21	21	1	0.08	0.01	0	0
4000	616	50	300	4	25	29	4	0	0	11	11	1	0.06	0.01	0	0
4000	617	50	300	4	25	26	4	1	0	9	9	1	0.03	0	0.04	0
4000	618	50	300	4	25	30	4	1	0	12	12	1	0.04	0	0.03	0
4000	620	50	300	4	25	23	4	0	0	7	7	1	0.03	0.02	0	0
4000	621	50	300	4	25	24	4	0	0	7	7	1	0.04	0	0	0
4000	623	50	300	4	25	27	4	0	0	9	9	1	0.07	0.01	0	0
4000	625	50	300	4	25	29	4	0	0	11	11	1	0.07	0	0	0
4000	626	50	300	4	25	33	4	0	0	11	11	1	0.02	0	0	0
4000	630	50	300	4	25	29	4	0	0	12	12	1	0.01	0	0	0
4000	631	50	300	4	25	32	4	1	0	11	11	1	0.08	0.01	0.09	0
4000	633	50	300	4	25	27	4	0	0	8	8	1	0.1	0.01	0	0
4000	634	50	300	4	25	41	4	0	0	17	17	1	0.1	0	0	0
4000	635	50	300	4	25	32	4	0	0	18	18	1	0.01	0	0	0
4000	636	50	300	4	25	29	4	1	1	11.2	12	0.933333	0.01	0	0.03	0
4000	637	50	300	4	25	26	4	0	0	9	9	1	0.03	0	0	0
4000	639	50	300	4	25	21	4	1	0	8	8	1	0	0.01	0.01	0
4000	640	50	300	4	25	25	4	1	0	10	10	1	0.02	0	0.02	0
4000	642	50	300	4	25	41	4	0	0	18	18	1	0.11	0	0	0
4000	643	50	300	4	25	26	4	0	0	9	9	1	0.04	0	0	0
4000	644	50	300	4	25	39	4	1	0	14	14	1	0.06	0.01	0.04	0
4000	646	50	300	4	25	20	4	0	0	7	7	1	0.01	0	0	0
4000	647	50	300	4	25	32	4	1	1	10.5	11	0.954545	0.05	0	0.24	0
4000	648	50	300	4	25	40	4	0	0	16	16	1	0.05	0.01	0	0
4000	649	50	300	4	25	43	4	1	0	17	17	1	0.08	0	0.08	0
4000	651	50	300	4	25	25	4	1	0	9	9	1	0.01	0	0.02	0
4000	652	50	300	4	25	28	4	0	0	10	10	1	0.03	0.01	0	0
4000	654	50	300	4	25	27	4	0	0	12	12	1	0.02	0	0	0
4000	655	50	300	4	25	28	4	1	0	10	10	1	0.04	0.01	0.03	0
4000	657	50	300	4	25	23	4	1	0	8	8	1	0.01	0	0.03	0
4000	658	50	300	4	25	24	4	1	0	8	8	1	0.01	0	0.03	0
4000	659	50	300	4	25	28	4	0	0	12	12	1	0.03	0	0	0
4000	660	50	300	4	25	22	4	0	0	8	8	1	0.01	0	0	0
4000	662	50	300	4	25	37	4	1	0	17	17	1	0.1	0	0.06	0
4000	663	50	300	4	25	54	4	1	1	22.5	23	0.978261	0.18	0	0.07	0
4000	664	50	300	4	25	39	4	1	1	18	18	1	0.1	0.01	0.07	0
4000	665	50	300	4	25	30	4	1	0	9	9	1	0.09	0.01	0.07	0
4000	668	50	300	4	25	26	4	0	0	9	9	1	0.02	0.01	0	0
4000	669	50	300	4	25	32	4	0	0	12	12	1	0.04	0	0	0
4000	673	50	300	4	25	30	4	0	0	11	11	1	0.04	0.01	0	0
4000	674	50	300	4	25	25	4	0	0	9	9	1	0.01	0	0	0
4000	677	50	300	4	25	36	4	1	0	15	15	1	0.03	0	0.05	0
4000	678	50	300	4	25	36	4	1	1	11.5	12	0.958333	0.04	0	0.05	0
4000	679	50	300	4	25	38	4	1	0	13	13	1	0.11	0	0.06	0
4000	681	50	300	4	25	34	4	0	0	19	19	1	0.01	0	0	0
4000	683	50	300	4	25	23	4	0	0	8	8	1	0	0.01	0	0
4000	686	50	300	4	25	38	4	0	0	19	19	1	0.04	0	0	0
4000	687	50	300	4	25	27	4	1	1	6.8	7	0.971429	0.04	0.01	0.04	0
4000	689	50	300	4	25	30	4	0	0	12	12	1	0.02	0	0	0
4000	691	50	300	4	25	32	4	1	0	14	14	1	0.01	0.01	0.02	0
4000	692	50	300	4	25	33	4	0	0	16	16	1	0.03	0.01	0	0
4000	693	50	300	4	25	47	4	0	0	18	18	1	0.11	0.01	0	0
4000	694	50	300	4	25	36	4	1	0	15	15	1	0.13	0.02	0.07	0
4000	697	50	300	4	25	21	4	0	0	6	6	1	0	0.01	0	0
4000	698	50	300	4	25	26	4	0	0	11	11	1	0.01	0.01	0	0
4000	699	50	300	4	25	33	4	0	0	19	19	1	0.02	0	0	0
4000	700	50	300	4	25	31	4	0	0	12	12	1	0.02	0	0	0
4000	702	50	300	4	25	32	4	0	0	13	13	1	0.07	0	0	0
4000	704	50	300	4	25	31	4	1	0	10	10	1	0.07	0.01	0.05	0
4000	705	50	300	4	25	31	4	0	0	12	12	1	0.04	0	0	0
4000	706	50	300	4	25	24	4	1	0	8	8	1	0.03	0	0.04	0
4000	709	50	300	4	25	25	4	0	0	9	9	1	0.02	0	0	0
4000	710	50	300	4	25	31	4	0	0	13	13	1	0.03	0.01	0	0
4000	711	50	300	4	25	32	4	1	0	15	15	1	0.03	0	0.03	0
4000	714	50	300	4	25	29	4	0	0	14	14	1	0.05	0	0	0
4000	715	50	300	4	25	29	4	0	0	12	12	1	0.01	0	0	0
4000	717	50	300	4	25	31	4	0	0	12	12	1	0.07	0.01	0	0
4000	718	50	300	4	25	30	4	1	0	13	13	1	0.01	0.01	0.03	0
4000	719	50	300	4	25	30	4	0	0	11	11	1	0.07	0.01	0	0
4000	720	50	300	4	25	32	4	0	0	9	9	1	0.06	0.01	0	0
4000	721	50	300	4	25	29	4	0	0	10	10	1	0.03	0	0	0
4000	722	50	300	4	25	28	4	0	0	13	13	1	0.02	0	0	0
4000	723	50	300	4	25	31	4	0	0	18	18	1	0.01	0	0	0
4000	725	50	300	4	25	34	4	1	1	13	13	1	0.05	0	0.05	0
4000	726	50	300	4	25	28	4	1	0	10	10	1	0.02	0	0.04	0
4000	730	50	300	4	25	31	4	1	0	14	14	1	0.02	0	0.03	0
4000	731	50	300	4	25	23	4	1	0	7	7	1	0.01	0	0.03	0
4000	733	50	300	4	25	30	4	0	0	12	12	1	0.04	0	0	0
4000	735	50	300	4	25	36	4	0	0	21	21	1	0.02	0	0	0
4000	738	50	300	4	25	31	4	1	0	14	14	1	0.02	0	0.02	0
4000	740	50	300	4	25	27	4	1	0	10	10	1	0.05	0	0.03	0
4000	741	50	300	4	25	24	4	0	0	10	10	1	0.01	0.01	0	0
4000	742	50	300	4	25	30	4	0	0	16	16	1	0.01	0	0	0
4000	745	50	300	4	25	23	4	0	0	9	9	1	0	0	0	0
4000	746	50	300	4	25	38	4	1	0	16	16	1	0.1	0	0.07	0
4000	747	50	300	4	25	34	4	0	0	15	15	1	0.03	0	0	0
4000	750	50	300	4	25	34	4	0	0	17	17	1	0.04	0	0	0
4000	751	50	300	4	25	32	4	0	0	13	13	1	0.04	0	0	0
4000	754	50	300	4	25	43	4	1	0	18	18	1	0.13	0.02	0.07	0
4000	755	50	300	4	25	34	4	0	0	12	12	1	0.1	0.01	0	0
4000	756	50	300	4	25	25	4	0	0	9	9	1	0.02	0	0	0
4000	758	50	300	4	25	25	4	0	0	11	11	1	0.01	0	0	0
4000	759	50	300	4	25	24	4	0	0	10	10	1	0.01	0	0	0
4000	760	50	300	4	25	32	4	0	0	11	11	1	0.12	0.01	0	0
4000	761	50	300	4	25	33	4	0	0	14	14	1	0.02	0	0	0
4000	762	50	300	4	25	32	4	1	0	13	13	1	0.05	0	0.04	0
4000	763	50	300	4	25	26	4	0	0	11	11	1	0.02	0	0	0
4000	764	50	300	4	25	28	4	0	0	8	8	1	0.02	0	0	0
4000	765	50	300	4	25	22	4	0	0	7	7	1	0.01	0	0	0
4000	766	50	300	4	25	25	4	0	0	12	12	1	0.01	0	0	0
4000	767	50	300	4	25	27	4	0	0	11	11	1	0.01	0	0	0
4000	768	50	300	4	25	25	4	0	0	9	9	1	0.03	0	0	0
4000	769	50	300	4	25	36	4	0	0	20	20	1	0.03	0	0	0
4000	770	50	300	4	25	27	4	0	0	10	10	1	0.03	0	0	0
4000	771	50	300	4	25	36	4	1	0	18	18	1	0.05	0	0.04	0
4000	772	50	300	4	25	36	4	0	0	13	13	1	0.03	0	0	0
4000	776	50	300	4	25	32	4	0	0	12	12	1	0.03	0	0	0
4000	777	50	300	4	25	39	4	0	0	19	19	1	0.07	0	0	0
4000	778	50	300	4	25	24	4	0	0	9	9	1	0.01	0	0	0
4000	779	50	300	4	25	25	4	1	0	8	8	1	0.02	0	0.1	0
4000	781	50	300	4	25	29	4	1	0	10	10	1	0.03	0	0.08	0
4000	782	50	300	4	25	32	4	1	0	10	10	1	0.13	0.01	0.09	0
4000	783	50	300	4	25	20	4	0	0	7	7	1	0.01	0	0	0
4000	785	50	300	4	25	41	4	0	0	19	19	1	0.21	0.01	0	0
4000	787	50	300	4	25	29	4	0	0	8	8	1	0.2	0.01	0	0
4000	789	50	300	4	25	28	4	1	1	12.5	13	0.961538	0.01	0	0.02	0
4000	790	50	300	4	25	25	4	0	0	7	7	1	0.04	0.01	0	0
4000	791	50	300	4	25	27	4	0	0	12	12	1	0.02	0	0	0
4000	796	50	300	4	25	27	4	0	0	9	9	1	0.03	0	0	0
4000	797	50	300	4	25	37	4	0	0	15	15	1	0.04	0.01	0	0
4000	798	50	300	4	25	38	4	0	0	21	21	1	0.07	0	0	0
4000	799	50	300	4	25	34	4	0	0	10	10	1	0.13	0.01	0	0
4000	800	50	300	4	25	27	4	1	1	6.8	7	0.971429	0.08	0.02	0.07	0
4000	803	50	300	4	25	22	4	0	0	8	8	1	0.04	0	0	0
4000	804	50	300	4	25	28	4	0	0	12	12	1	0.01	0	0	0
4000	805	50	300	4	25	44	4	0	0	23	23	1	0.03	0	0	0
4000	806	50	300	4	25	35	4	0	0	14	14	1	0.05	0.01	0	0
4000	807	50	300	4	25	37	4	0	0	16	16	1	0.08	0	0	0
4000	809	50	300	4	25	30	4	0	0	11	11	1	0.01	0.01	0	0
4000	818	50	300	4	25	27	4	0	0	12	12	1	0.06	0	0	0
4000	819	50	300	4	25	27	4	0	0	12	12	1	0.01	0	0	0
4000	820	50	300	4	25	28	4	0	0	10	10	1	0.02	0	0	0
4000	821	50	300	4	25	25	4	0	0	9	9	1	0.01	0.01	0	0
4000	824	50	300	4	25	30	4	0	0	16	16	1	0.04	0	0	0
4000	825	50	300	4	25	31	4	0	0	11	11	1	0.11	0	0	0
4000	826	50	300	4	25	29	4	1	1	12.5	13	0.961538	0.01	0	0.02	0
4000	829	50	300	4	25	51	4	0	0	24	24	1	0.16	0.01	0	0
4000	832	50	300	4	25	35	4	1	0	13	13	1	0.13	0.01	0.08	0
4000	834	50	300	4	25	32	4	0	0	10	10	1	0.1	0.01	0	0
4000	838	50	300	4	25	25	4	0	0	8	8	1	0.03	0.01	0	0
4000	839	50	300	4	25	28	4	0	0	13	13	1	0	0	0	0
4000	841	50	300	4	25	43	4	1	1	20.5	21	0.97619	0.09	0	0.09	0
4000	842	50	300	4	25	35	4	0	0	15	15	1	0.03	0.01	0	0
4000	843	50	300	4	25	29	4	0	0	8	8	1	0.07	0.01	0	0
4000	845	50	300	4	25	31	4	1	1	7.8	8	0.975	0.07	0.01	1.25	0
4000	852	50	300	4	25	32	4	0	0	10	10	1	0.07	0.01	0	0
4000	856	50	300	4	25	37	4	1	0	21	21	1	0.06	0	0.02	0
4000	858	50	300	4	25	25	4	0	0	10	10	1	0.03	0	0	0
4000	860	50	300	4	25	29	4	0	0	14	14	1	0.01	0.01	0	0
4000	861	50	300	4	25	31	4	0	0	17	17	1	0.02	0	0	0
4000	865	50	300	4	25	44	4	0	0	25	25	1	0.05	0	0	0
4000	866	50	300	4	25	42	4	0	0	16	16	1	0.09	0.01	0	0
4000	869	50	300	4	25	23	4	0	0	9	9	1	0.01	0	0	0
4000	870	50	300	4	25	23	4	0	0	7	7	1	0.02	0	0	0
4000	871	50	300	4	25	33	4	0	0	12	12	1	0.18	0.01	0	0
4000	873	50	300	4	25	22	4	1	0	7	7	1	0.01	0	0.02	0
4000	875	50	300	4	25	38	4	1	0	13	13	1	0.09	0.01	0.08	0
4000	876	50	300	4	25	42	4	0	0	21	21	1	0.22	0	0	0
4000	879	50	300	4	25	42	4	0	0	21	21	1	0.07	0	0	0
4000	881	50	300	4	25	22	4	0	0	8	8	1	0.01	0	0	0
4000	884	50	300	4	25	28	4	0	0	12	12	1	0.04	0	0	0
4000	885	50	300	4	25	25	4	0	0	8	8	1	0.01	0	0	0
4000	886	50	300	4	25	37	4	1	0	12	12	1	0.14	0.01	0.08	0
4000	887	50	300	4	25	29	4	1	0	9	9	1	0.06	0	0.09	0
4000	888	50	300	4	25	32	4	0	0	11	11	1	0.03	0	0	0
4000	891	50	300	4	25	29	4	1	0	9	9	1	0.05	0.01	0.07	0
4000	892	50	300	4	25	41	4	0	0	20	20	1	0.09	0.01	0	0
4000	893	50	300	4	25	29	4	0	0	10	10	1	0.04	0	0	0
4000	894	50	300	4	25	32	4	0	0	15	15	1	0.01	0	0	0
4000	895	50	300	4	25	24	4	1	0	10	10	1	0.06	0	0.05	0
4000	896	50	300	4	25	34	4	0	0	14	14	1	0.08	0	0	0
4000	897	50	300	4	25	32	4	0	0	10	10	1	0.06	0.01	0	0
4000	898	50	300	4	25	34	4	0	0	18	18	1	0.02	0	0	0
4000	900	50	300	4	25	28	4	0	0	16	16	1	0.01	0	0	0
4000	902	50	300	4	25	32	4	0	0	12	12	1	0.04	0	0	0
4000	903	50	300	4	25	28	4	0	0	11	11	1	0.02	0	0	0
4000	904	50	300	4	25	22	4	0	0	9	9	1	0.01	0	0	0
4000	908	50	300	4	25	33	4	0	0	12	12	1	0.07	0	0	0
4000	909	50	300	4	25	30	4	1	0	11	11	1	0.08	0.01	0.07	0
4000	911	50	300	4	25	29	4	0	0	14	14	1	0.01	0	0	0
4000	912	50	300	4	25	27	4	1	0	10	10	1	0.02	0	0.03	0
4000	913	50	300	4	25	33	4	1	0	10	10	1	0.05	0.01	0.04	0
4000	915	50	300	4	25	22	4	0	0	8	8	1	0	0.01	0	0
4000	917	50	300	4	25	28	4	0	0	8	8	1	0.06	0.02	0	0
4000	919	50	300	4	25	28	4	0	0	10	10	1	0.1	0.01	0	0
4000	920	50	300	4	25	26	4	0	0	8	8	1	0.02	0.01	0	0
4000	922	50	300	4	25	25	4	0	0	10	10	1	0.02	0	0	0
4000	923	50	300	4	25	38	4	1	0	13	13	1	0.05	0.01	0.04	0
4000	924	50	300	4	25	39	4	0	0	18	18	1	0.04	0	0	0
4000	925	50	300	4	25	26	4	0	0	10	10	1	0	0.01	0	0
4000	926	50	300	4	25	31	4	0	0	13	13	1	0.02	0.01	0	0
4000	928	50	300	4	25	34	4	0	0	18	18	1	0.02	0	0	0
4000	930	50	300	4	25	46	4	1	1	17.5	18	0.972222	0.07	0.01	0.05	0
4000	931	50	300	4	25	35	4	1	0	16	16	1	0.03	0.01	0.03	0
4000	933	50	300	4	25	28	4	0	0	13	13	1	0.01	0.01	0	0
4000	934	50	300	4	25	32	4	0	0	10	10	1	0.06	0.01	0	0
4000	938	50	300	4	25	33	4	0	0	12	12	1	0.04	0.01	0	0
4000	939	50	300	4	25	29	4	0	0	8	8	1	0.09	0.01	0	0
4000	940	50	300	4	25	36	4	0	0	16	16	1	0.11	0	0	0
4000	941	50	300	4	25	26	4	1	1	7.33333	8	0.916667	0.06	0	0.08	0
4000	944	50	300	4	25	26	4	0	0	9	9	1	0.03	0.01	0	0
4000	945	50	300	4	25	28	4	1	0	13	13	1	0	0.01	0.01	0
4000	946	50	300	4	25	27	4	0	0	10	10	1	0.05	0	0	0
4000	947	50	300	4	25	23	4	0	0	11	11	1	0.01	0	0	0
4000	948	50	300	4	25	35	4	0	0	17	17	1	0.03	0	0	0
4000	949	50	300	4	25	33	4	0	0	15	15	1	0.09	0.01	0	0
4000	950	50	300	4	25	28	4	1	1	10	10	1	0.04	0	0.09	0
4000	951	50	300	4	25	29	4	0	0	12	12	1	0.09	0.01	0	0
4000	957	50	300	4	25	30	4	1	0	13	13	1	0.12	0.01	0.07	0
4000	958	50	300	4	25	35	4	0	0	12	12	1	0.02	0	0	0
4000	959	50	300	4	25	34	4	0	0	17	17	1	0.06	0	0	0
4000	961	50	300	4	25	32	4	0	0	13	13	1	0.19	0	0	0
4000	966	50	300	4	25	45	4	0	0	21	21	1	0.06	0.01	0	0
4000	969	50	300	4	25	31	4	0	0	15	15	1	0.02	0	0	0
4000	970	50	300	4	25	32	4	1	0	15	15	1	0.02	0.01	0.03	0
4000	973	50	300	4	25	23	4	1	1	6.5	7	0.928571	0.1	0.01	0.08	0
4000	975	50	300	4	25	41	4	0	0	17	17	1	0.07	0	0	0
4000	976	50	300	4	25	29	4	1	0	11	11	1	0.04	0.01	0.04	0
4000	977	50	300	4	25	37	4	0	0	15	15	1	0.02	0	0	0
4000	979	50	300	4	25	25	4	0	0	8	8	1	0.02	0	0	0
4000	981	50	300	4	25	24	4	0	0	9	9	1	0.01	0	0	0
4000	982	50	300	4	25	18	4	0	0	6	6	1	0.02	0	0	0
4000	983	50	300	4	25	32	4	0	0	14	14	1	0.11	0.01	0	0
4000	984	50	300	4	25	27	4	0	0	11	11	1	0.01	0.01	0	0
4000	986	50	300	4	25	27	4	0	0	7	7	1	0.04	0.01	0	0
4000	987	50	300	4	25	41	4	0	0	20	20	1	0.04	0	0	0
4000	989	50	300	4	25	37	4	0	0	19	19	1	0.08	0	0	0
4000	993	50	300	4	25	30	4	1	0	13	13	1	0.06	0	0.07	0
4000	994	50	300	4	25	37	4	0	0	15	15	1	0.07	0	0	0
4000	996	50	300	4	25	47	4	0	0	24	24	1	0.1	0.01	0	0
4000	997	50	300	4	25	41	4	0	0	19	19	1	0.11	0	0	0
4000	998	50	300	4	25	28	4	1	0	8	8	1	0.05	0.01	0.39	0
4000	10	60	300	4	25	33	4	0	0	16	16	1	0.05	0.01	0	0
4000	20	60	300	4	25	37	4	0	0	18	18	1	0.02	0	0	0
4000	26	60	300	4	25	35	4	0	0	9	9	1	0.1	0.01	0	0
4000	41	60	300	4	25	31	4	1	1	10	10	1	0.11	0.01	0.25	0
4000	46	60	300	4	25	30	4	0	0	10	10	1	0.09	0.01	0	0
4000	52	60	300	4	25	41	4	0	0	18	18	1	0.03	0	0	0
4000	63	60	300	4	25	52	4	1	0	27	27	1	0.17	0.01	0.07	0
4000	70	60	300	4	25	39	4	0	0	17	17	1	0.09	0.01	0	0
4000	74	60	300	4	25	41	4	1	0	16	16	1	0.06	0	0.05	0
4000	86	60	300	4	25	30	4	0	0	12	12	1	0.04	0	0	0
4000	87	60	300	4	25	25	4	0	0	6	6	1	0.06	0.01	0	0
4000	89	60	300	4	25	30	4	0	0	12	12	1	0.03	0.01	0	0
4000	93	60	300	4	25	33	4	1	0	9	9	1	0.09	0.01	0.06	0
4000	108	60	300	4	25	29	4	1	1	8.66667	9	0.962963	0.08	0.01	0.06	0
4000	110	60	300	4	25	37	4	0	0	12	12	1	0.08	0	0	0
4000	114	60	300	4	25	49	4	1	0	20	20	1	0.21	0.01	0.08	0
4000	116	60	300	4	25	40	4	1	0	18	18	1	0.05	0	0.04	0
4000	121	60	300	4	25	41	4	0	0	12	12	1	0.12	0.01	0	0
4000	130	60	300	4	25	28	4	0	0	11	11	1	0.04	0	0	0
4000	138	60	300	4	25	49	4	1	1	18.4	19	0.968421	0.2	0.02	0.12	0
4000	139	60	300	4	25	38	4	0	0	16	16	1	0.12	0.01	0	0
4000	148	60	300	4	25	36	4	0	0	15	15	1	0.03	0	0	0
4000	151	60	300	4	25	35	4	1	0	16	16	1	0.09	0.02	0.05	0
4000	159	60	300	4	25	39	4	0	0	15	15	1	0.09	0.01	0	0
4000	164	60	300	4	25	39	4	1	0	17	17	1	0.06	0.01	0.06	0
4000	166	60	300	4	25	32	4	1	0	15	15	1	0.04	0	0.04	0
4000	168	60	300	4	25	35	4	0	0	14	14	1	0.07	0	0	0
4000	177	60	300	4	25	38	4	0	0	24	24	1	0.06	0.01	0	0
4000	183	60	300	4	25	48	4	0	0	29	29	1	0.12	0	0	0
4000	189	60	300	4	25	36	4	1	1	12	12	1	0.07	0.01	0.09	0
4000	191	60	300	4	25	41	4	0	0	17	17	1	0.12	0.01	0	0
4000	193	60	300	4	25	45	4	0	0	16	16	1	0.11	0.01	0	0
4000	207	60	300	4	25	46	4	0	0	17	17	1	0.12	0	0	0
4000	226	60	300	4	25	42	4	1	0	14	14	1	0.13	0.01	0.09	0
4000	235	60	300	4	25	28	4	1	0	11	11	1	0.01	0	0.04	0
4000	240	60	300	4	25	37	4	0	0	16	16	1	0.06	0	0	0
4000	245	60	300	4	25	46	4	1	0	17	17	1	0.08	0.01	0.03	0
4000	248	60	300	4	25	39	4	0	0	12	12	1	0.12	0.01	0	0
4000	258	60	300	4	25	31	4	0	0	15	15	1	0.03	0	0	0
4000	264	60	300	4	25	31	4	1	1	11	11	1	0.04	0.01	0.05	0
4000	275	60	300	4	25	40	4	0	0	15	15	1	0.12	0.01	0	0
4000	278	60	300	4	25	41	4	0	0	16	16	1	0.07	0.01	0	0
4000	283	60	300	4	25	40	4	0	0	17	17	1	0.1	0	0	0
4000	285	60	300	4	25	33	4	0	0	17	17	1	0.03	0	0	0
4000	291	60	300	4	25	40	4	0	0	20	20	1	0.07	0.01	0	0
4000	302	60	300	4	25	32	4	0	0	14	14	1	0.03	0	0	0
4000	303	60	300	4	25	31	4	0	0	14	14	1	0.02	0	0	0
4000	305	60	300	4	25	39	4	0	0	18	18	1	0.1	0.01	0	0
4000	307	60	300	4	25	41	4	1	0	18	18	1	0.15	0.01	0.08	0
4000	313	60	300	4	25	45	4	1	0	21	21	1	0.1	0.01	0.08	0
4000	319	60	300	4	25	34	4	0	0	11	11	1	0.09	0.01	0	0
4000	366	60	300	4	25	34	4	0	0	14	14	1	0.07	0.01	0	0
4000	367	60	300	4	25	33	4	1	0	12	12	1	0.06	0.01	0.07	0
4000	371	60	300	4	25	34	4	0	0	14	14	1	0.02	0	0	0
4000	378	60	300	4	25	25	4	0	0	7	7	1	0.02	0	0	0
4000	406	60	300	4	25	55	4	1	0	21	21	1	0.09	0	0.06	0
4000	436	60	300	4	25	32	4	1	0	11	11	1	0.07	0	0.17	0
4000	443	60	300	4	25	36	4	0	0	14	14	1	0.06	0.01	0	0
4000	449	60	300	4	25	35	4	0	0	14	14	1	0.08	0.01	0	0
4000	455	60	300	4	25	33	4	1	1	8.66667	9	0.962963	0.07	0.01	0.07	0
4000	461	60	300	4	25	25	4	1	0	7	7	1	0.02	0	0.03	0
4000	465	60	300	4	25	34	4	1	0	12	12	1	0.04	0	0.05	0
4000	474	60	300	4	25	28	4	0	0	9	9	1	0.1	0.02	0	0
4000	481	60	300	4	25	33	4	0	0	16	16	1	0.03	0	0	0
4000	486	60	300	4	25	37	4	1	1	14.5	15	0.966667	0.17	0.01	0.09	0
4000	492	60	300	4	25	37	4	0	0	14	14	1	0.05	0.01	0	0
4000	493	60	300	4	25	38	4	0	0	13	13	1	0.15	0.01	0	0
4000	497	60	300	4	25	35	4	1	0	18	18	1	0.06	0	0.05	0
4000	518	60	300	4	25	39	4	0	0	16	16	1	0.11	0	0	0
4000	526	60	300	4	25	30	4	0	0	9	9	1	0.03	0.01	0	0
4000	540	60	300	4	25	40	4	1	0	15	15	1	0.12	0.01	0.07	0
4000	541	60	300	4	25	48	4	0	0	19	19	1	0.11	0	0	0
4000	543	60	300	4	25	35	4	0	0	14	14	1	0.06	0	0	0
4000	549	60	300	4	25	34	4	0	0	10	10	1	0.08	0.01	0	0
4000	550	60	300	4	25	37	4	0	0	15	15	1	0.02	0.01	0	0
4000	553	60	300	4	25	40	4	1	0	16	16	1	0.07	0.01	0.07	0
4000	560	60	300	4	25	34	4	1	1	10.5	11	0.954545	0.07	0.02	1.87	0
4000	583	60	300	4	25	38	4	0	0	15	15	1	0.09	0	0	0
4000	584	60	300	4	25	30	4	1	1	9.5	10	0.95	0.13	0	0.07	0
4000	585	60	300	4	25	50	4	0	0	23	23	1	0.1	0.01	0	0
4000	602	60	300	4	25	33	4	0	0	11	11	1	0.1	0.02	0	0
4000	603	60	300	4	25	42	4	0	0	15	15	1	0.23	0.01	0	0
4000	604	60	300	4	25	33	4	0	0	11	11	1	0.11	0.02	0	0
4000	607	60	300	4	25	58	4	0	0	27	27	1	0.18	0.02	0	0
4000	612	60	300	4	25	37	4	0	0	17	17	1	0.06	0	0	0
4000	615	60	300	4	25	54	4	0	0	27	27	1	0.18	0.01	0	0
4000	617	60	300	4	25	34	4	1	0	11	11	1	0.05	0.01	0.06	0
4000	626	60	300	4	25	42	4	1	0	18	18	1	0.04	0	0.03	0
4000	629	60	300	4	25	34	4	1	0	11	11	1	0.07	0.01	0.06	0
4000	630	60	300	4	25	35	4	0	0	14	14	1	0.02	0.01	0	0
4000	635	60	300	4	25	45	4	0	0	22	22	1	0.08	0.01	0	0
4000	646	60	300	4	25	34	4	1	0	13	13	1	0.05	0.01	0.04	0
4000	658	60	300	4	25	33	4	1	0	11	11	1	0.09	0.02	0.07	0
4000	659	60	300	4	25	31	4	0	0	10	10	1	0.07	0.01	0	0
4000	667	60	300	4	25	41	4	0	0	20	20	1	0.11	0	0	0
4000	669	60	300	4	25	45	4	1	1	13.6667	14	0.97619	0.13	0.02	0.11	0
4000	673	60	300	4	25	32	4	1	0	9	9	1	0.06	0	0.05	0
4000	674	60	300	4	25	36	4	1	0	13	13	1	0.09	0.02	0.07	0
4000	678	60	300	4	25	43	4	1	0	15	15	1	0.07	0	0.06	0
4000	685	60	300	4	25	36	4	0	0	16	16	1	0.03	0.01	0	0
4000	693	60	300	4	25	47	4	1	0	18	18	1	0.12	0.01	0.08	0
4000	697	60	300	4	25	32	4	1	0	10	10	1	0.03	0.01	0.04	0
4000	701	60	300	4	25	31	4	1	0	17	17	1	0.01	0	0.02	0
4000	707	60	300	4	25	48	4	0	0	18	18	1	0.12	0.01	0	0
4000	709	60	300	4	25	37	4	1	1	13	13	1	0.08	0.01	0.05	0
4000	733	60	300	4	25	43	4	1	0	13	13	1	0.14	0.01	0.09	0
4000	744	60	300	4	25	31	4	0	0	12	12	1	0.05	0.01	0	0
4000	748	60	300	4	25	35	4	1	0	13	13	1	0.03	0.01	0.06	0
4000	754	60	300	4	25	51	4	0	0	20	20	1	0.16	0.01	0	0
4000	757	60	300	4	25	42	4	0	0	21	21	1	0.06	0.01	0	0
4000	759	60	300	4	25	34	4	1	0	15	15	1	0.03	0.01	0.03	0
4000	764	60	300	4	25	37	4	0	0	16	16	1	0.04	0.01	0	0
4000	774	60	300	4	25	38	4	0	0	19	19	1	0.06	0	0	0
4000	779	60	300	4	25	30	4	1	0	9	9	1	0.09	0	0.09	0
4000	808	60	300	4	25	36	4	0	0	15	15	1	0.02	0	0	0
4000	809	60	300	4	25	39	4	1	1	11.4	12	0.95	0.09	0.02	0.09	0
4000	813	60	300	4	25	33	4	0	0	16	16	1	0.03	0	0	0
4000	817	60	300	4	25	40	4	1	1	17	17	1	0.07	0.01	0.09	0
4000	820	60	300	4	25	39	4	0	0	15	15	1	0.11	0.01	0	0
4000	822	60	300	4	25	42	4	0	0	15	15	1	0.07	0.01	0	0
4000	826	60	300	4	25	39	4	0	0	16	16	1	0.04	0.01	0	0
4000	827	60	300	4	25	37	4	1	0	15	15	1	0.01	0	0.01	0
4000	855	60	300	4	25	32	4	1	0	11	11	1	0.09	0	0.06	0
4000	857	60	300	4	25	50	4	1	1	23.5	24	0.979167	0.05	0	0.05	0
4000	860	60	300	4	25	39	4	0	0	16	16	1	0.09	0.01	0	0
4000	861	60	300	4	25	43	4	1	0	15	15	1	0.15	0.01	0.1	0
4000	863	60	300	4	25	40	4	0	0	22	22	1	0.01	0.01	0	0
4000	864	60	300	4	25	38	4	0	0	17	17	1	0.03	0	0	0
4000	885	60	300	4	25	37	4	1	0	14	14	1	0.04	0.01	0.04	0
4000	903	60	300	4	25	35	4	0	0	13	13	1	0.06	0	0	0
4000	905	60	300	4	25	33	4	1	0	11	11	1	0.1	0	0.07	0
4000	906	60	300	4	25	38	4	0	0	20	20	1	0.04	0	0	0
4000	927	60	300	4	25	37	4	0	0	15	15	1	0.06	0	0	0
4000	928	60	300	4	25	39	4	0	0	14	14	1	0.04	0.01	0	0
4000	929	60	300	4	25	37	4	1	1	11.5	12	0.958333	0.15	0.01	0.51	0
4000	933	60	300	4	25	40	4	0	0	17	17	1	0.12	0.01	0	0
4000	935	60	300	4	25	34	4	1	1	12.5	13	0.961538	0.05	0.01	0.06	0
4000	937	60	300	4	25	31	4	0	0	8	8	1	0.09	0.01	0	0
4000	938	60	300	4	25	47	4	1	1	18.6667	19	0.982456	0.11	0.01	0.07	0
4000	951	60	300	4	25	29	4	0	0	11	11	1	0.05	0	0	0
4000	967	60	300	4	25	34	4	0	0	15	15	1	0.03	0.01	0	0
4000	968	60	300	4	25	28	4	0	0	9	9	1	0.03	0	0	0
4000	969	60	300	4	25	37	4	0	0	16	16	1	0.04	0	0	0
4000	977	60	300	4	25	53	4	0	0	30	30	1	0.05	0	0	0
4000	978	60	300	4	25	37	4	1	0	15	15	1	0.05	0.01	0.05	0
4000	991	60	300	4	25	36	4	1	1	13.5	14	0.964286	0.08	0	0.07	0
4000	52	70	300	4	25	49	4	0	0	24	24	1	0.06	0	0	0
4000	371	70	300	4	25	43	4	1	0	21	21	1	0.09	0	0.06	0
4000	813	70	300	4	25	57	4	1	1	33	33	1	0.26	0	0.1	0
