6000	23	20	300	4	25	10	3	0	0	4	4	1	0	0	0	0
6000	670	20	300	4	25	14	3	0	0	5	5	1	0	0	0	0
6000	786	20	300	4	25	11	3	0	0	4	4	1	0	0	0	0
6000	877	20	300	4	25	8	3	0	0	2	2	1	0	0	0	0
6000	23	30	300	4	25	13	3	0	0	5	5	1	0	0	0	0
6000	50	30	300	4	25	12	3	0	0	3	3	1	0	0	0	0
6000	82	30	300	4	25	10	3	0	0	4	4	1	0	0	0	0
6000	91	30	300	4	25	14	3	0	0	6	6	1	0	0	0	0
6000	105	30	300	4	25	13	3	0	0	7	7	1	0	0	0	0
6000	129	30	300	4	25	15	3	0	0	5	5	1	0	0	0	0
6000	156	30	300	4	25	11	3	0	0	6	6	1	0	0	0	0
6000	204	30	300	4	25	14	3	0	0	6	6	1	0	0	0	0
6000	219	30	300	4	25	10	3	0	0	4	4	1	0	0	0	0
6000	220	30	300	4	25	13	3	0	0	7	7	1	0	0	0	0
6000	225	30	300	4	25	14	3	0	0	9	9	1	0	0	0	0
6000	282	30	300	4	25	10	3	0	0	4	4	1	0	0	0	0
6000	295	30	300	4	25	13	3	0	0	6	6	1	0	0	0	0
6000	297	30	300	4	25	11	3	0	0	5	5	1	0	0	0	0
6000	312	30	300	4	25	9	3	0	0	2	2	1	0	0	0	0
6000	322	30	300	4	25	9	3	0	0	3	3	1	0	0	0	0
6000	386	30	300	4	25	11	3	0	0	6	6	1	0	0	0	0
6000	387	30	300	4	25	11	3	1	0	5	5	1	0	0	0	0
6000	478	30	300	4	25	12	3	0	0	4	4	1	0	0	0	0
6000	495	30	300	4	25	11	3	1	0	5	5	1	0	0	0	0
6000	512	30	300	4	25	12	3	0	0	5	5	1	0	0	0	0
6000	521	30	300	4	25	13	3	0	0	8	8	1	0	0	0	0
6000	525	30	300	4	25	18	3	0	0	9	9	1	0	0	0	0
6000	532	30	300	4	25	9	3	0	0	4	4	1	0	0	0	0
6000	536	30	300	4	25	9	3	0	0	4	4	1	0	0	0	0
6000	558	30	300	4	25	12	3	0	0	5	5	1	0	0	0	0
6000	563	30	300	4	25	9	3	0	0	3	3	1	0	0	0	0
6000	568	30	300	4	25	10	3	0	0	4	4	1	0	0	0	0
6000	579	30	300	4	25	11	3	1	0	4	4	1	0	0	0	0
6000	598	30	300	4	25	12	3	0	0	7	7	1	0	0	0	0
6000	611	30	300	4	25	13	3	0	0	4	4	1	0	0	0	0
6000	655	30	300	4	25	11	3	0	0	4	4	1	0	0	0	0
6000	670	30	300	4	25	14	3	0	0	4	4	1	0	0	0	0
6000	703	30	300	4	25	10	3	0	0	2	2	1	0	0	0	0
6000	708	30	300	4	25	11	3	0	0	6	6	1	0	0	0	0
6000	724	30	300	4	25	12	3	0	0	6	6	1	0	0	0	0
6000	736	30	300	4	25	12	3	0	0	6	6	1	0	0	0	0
6000	767	30	300	4	25	10	3	0	0	4	4	1	0	0	0	0
6000	772	30	300	4	25	8	3	0	0	2	2	1	0	0	0	0
6000	777	30	300	4	25	9	3	1	0	2	2	1	0	0	0	0
6000	783	30	300	4	25	10	3	0	0	4	4	1	0	0	0	0
6000	786	30	300	4	25	15	3	0	0	5	5	1	0	0	0	0
6000	793	30	300	4	25	12	3	0	0	4	4	1	0	0	0	0
6000	799	30	300	4	25	9	3	0	0	3	3	1	0	0	0	0
6000	800	30	300	4	25	9	3	1	0	2	2	1	0	0	0.01	0
6000	801	30	300	4	25	9	3	0	0	3	3	1	0	0	0	0
6000	833	30	300	4	25	9	3	0	0	3	3	1	0	0	0	0
6000	836	30	300	4	25	11	3	0	0	4	4	1	0	0	0	0
6000	842	30	300	4	25	12	3	0	0	4	4	1	0	0	0	0
6000	859	30	300	4	25	11	3	1	0	4	4	1	0	0	0	0
6000	899	30	300	4	25	9	3	0	0	2	2	1	0	0	0	0
6000	909	30	300	4	25	9	3	0	0	4	4	1	0	0	0	0
6000	916	30	300	4	25	13	3	0	0	4	4	1	0	0	0	0
6000	917	30	300	4	25	9	3	0	0	2	2	1	0	0	0	0
6000	918	30	300	4	25	10	3	0	0	3	3	1	0	0	0	0
6000	925	30	300	4	25	11	3	1	0	3	3	1	0	0	0	0
6000	928	30	300	4	25	11	3	0	0	6	6	1	0	0	0	0
6000	931	30	300	4	25	12	3	0	0	4	4	1	0	0	0	0
6000	932	30	300	4	25	9	3	0	0	3	3	1	0	0	0	0
6000	982	30	300	4	25	13	3	0	0	7	7	1	0	0	0	0
6000	3	40	300	4	25	17	3	0	0	7	7	1	0	0	0	0
6000	5	40	300	4	25	13	3	0	0	8	8	1	0	0	0	0
6000	6	40	300	4	25	10	3	0	0	3	3	1	0	0	0	0
6000	9	40	300	4	25	11	3	0	0	5	5	1	0	0	0	0
6000	14	40	300	4	25	12	3	0	0	4	4	1	0	0	0	0
6000	17	40	300	4	25	22	3	0	0	10	10	1	0	0	0	0
6000	18	40	300	4	25	13	3	0	0	6	6	1	0	0	0	0
6000	21	40	300	4	25	12	3	0	0	5	5	1	0	0	0	0
6000	23	40	300	4	25	10	3	0	0	3	3	1	0	0	0	0
6000	25	40	300	4	25	12	3	0	0	4	4	1	0	0	0	0
6000	27	40	300	4	25	18	3	0	0	13	13	1	0	0	0	0
6000	28	40	300	4	25	12	3	0	0	6	6	1	0	0	0	0
6000	30	40	300	4	25	17	3	0	0	6	6	1	0	0	0	0
6000	32	40	300	4	25	10	3	1	1	2.5	3	0.833333	0	0	0	0
6000	33	40	300	4	25	14	3	0	0	8	8	1	0	0	0	0
6000	37	40	300	4	25	11	3	0	0	4	4	1	0	0	0	0
6000	39	40	300	4	25	14	3	0	0	6	6	1	0	0	0	0
6000	44	40	300	4	25	9	3	0	0	3	3	1	0	0	0	0
6000	51	40	300	4	25	15	3	0	0	5	5	1	0	0	0	0
6000	61	40	300	4	25	11	3	0	0	5	5	1	0	0	0	0
6000	64	40	300	4	25	13	3	0	0	5	5	1	0	0	0	0
6000	66	40	300	4	25	10	3	0	0	4	4	1	0	0	0	0
6000	67	40	300	4	25	13	3	0	0	6	6	1	0	0	0	0
6000	68	40	300	4	25	9	3	0	0	3	3	1	0	0	0	0
6000	76	40	300	4	25	11	3	1	0	3	3	1	0	0	0	0
6000	77	40	300	4	25	11	3	0	0	4	4	1	0	0	0	0
6000	79	40	300	4	25	13	3	0	0	7	7	1	0	0	0	0
6000	81	40	300	4	25	12	3	0	0	5	5	1	0	0	0	0
6000	82	40	300	4	25	12	3	0	0	5	5	1	0	0	0	0
6000	84	40	300	4	25	11	3	0	0	4	4	1	0	0	0	0
6000	85	40	300	4	25	14	3	0	0	5	5	1	0	0	0	0
6000	87	40	300	4	25	9	3	1	0	2	2	1	0	0	0.01	0
6000	88	40	300	4	25	13	3	0	0	6	6	1	0	0	0	0
6000	89	40	300	4	25	10	3	0	0	4	4	1	0	0	0	0
6000	91	40	300	4	25	17	3	0	0	7	7	1	0	0	0	0
6000	92	40	300	4	25	8	3	0	0	2	2	1	0	0	0	0
6000	96	40	300	4	25	12	3	0	0	8	8	1	0	0	0	0
6000	98	40	300	4	25	12	3	1	0	5	5	1	0	0	0	0
6000	99	40	300	4	25	11	3	0	0	4	4	1	0	0	0	0
6000	102	40	300	4	25	10	3	0	0	4	4	1	0	0	0	0
6000	105	40	300	4	25	16	3	0	0	8	8	1	0	0	0	0
6000	108	40	300	4	25	14	3	0	0	4	4	1	0	0	0	0
6000	109	40	300	4	25	9	3	0	0	3	3	1	0	0	0	0
6000	111	40	300	4	25	11	3	0	0	4	4	1	0	0	0	0
6000	117	40	300	4	25	14	3	0	0	6	6	1	0	0	0	0
6000	118	40	300	4	25	12	3	0	0	4	4	1	0	0	0	0
6000	119	40	300	4	25	11	3	0	0	3	3	1	0	0	0	0
6000	123	40	300	4	25	11	3	0	0	3	3	1	0	0	0	0
6000	124	40	300	4	25	22	3	0	0	15	15	1	0	0	0	0
6000	126	40	300	4	25	11	3	0	0	4	4	1	0	0	0	0
6000	128	40	300	4	25	9	3	0	0	3	3	1	0	0	0	0
6000	129	40	300	4	25	14	3	0	0	6	6	1	0	0	0	0
6000	132	40	300	4	25	12	3	0	0	7	7	1	0	0	0	0
6000	140	40	300	4	25	11	3	0	0	6	6	1	0	0	0	0
6000	142	40	300	4	25	12	3	0	0	4	4	1	0	0	0	0
6000	143	40	300	4	25	9	3	1	0	3	3	1	0	0	0	0
6000	145	40	300	4	25	13	3	0	0	4	4	1	0	0	0	0
6000	147	40	300	4	25	10	3	0	0	4	4	1	0	0	0	0
6000	150	40	300	4	25	8	3	0	0	3	3	1	0	0	0	0
6000	155	40	300	4	25	16	3	0	0	10	10	1	0	0	0	0
6000	156	40	300	4	25	15	3	0	0	5	5	1	0	0	0	0
6000	157	40	300	4	25	13	3	0	0	6	6	1	0	0	0	0
6000	160	40	300	4	25	16	3	0	0	10	10	1	0	0	0	0
6000	161	40	300	4	25	10	3	0	0	3	3	1	0	0	0	0
6000	162	40	300	4	25	15	3	0	0	4	4	1	0	0	0	0
6000	165	40	300	4	25	11	3	0	0	5	5	1	0	0	0	0
6000	167	40	300	4	25	11	3	0	0	3	3	1	0	0	0	0
6000	169	40	300	4	25	12	3	0	0	7	7	1	0	0	0	0
6000	171	40	300	4	25	14	3	0	0	6	6	1	0	0	0	0
6000	178	40	300	4	25	13	3	0	0	4	4	1	0	0	0	0
6000	181	40	300	4	25	11	3	0	0	3	3	1	0	0	0	0
6000	185	40	300	4	25	11	3	0	0	5	5	1	0	0	0	0
6000	189	40	300	4	25	10	3	0	0	4	4	1	0	0	0	0
6000	194	40	300	4	25	11	3	0	0	3	3	1	0	0	0	0
6000	195	40	300	4	25	11	3	0	0	4	4	1	0	0	0	0
6000	196	40	300	4	25	12	3	0	0	4	4	1	0	0	0	0
6000	198	40	300	4	25	10	3	0	0	3	3	1	0	0	0	0
6000	199	40	300	4	25	13	3	0	0	4	4	1	0	0	0	0
6000	200	40	300	4	25	11	3	0	0	4	4	1	0	0	0	0
6000	203	40	300	4	25	11	3	0	0	4	4	1	0	0	0	0
6000	204	40	300	4	25	14	3	0	0	6	6	1	0	0	0	0
6000	208	40	300	4	25	11	3	1	0	3	3	1	0	0	0	0
6000	216	40	300	4	25	14	3	1	0	5	5	1	0	0	0	0
6000	219	40	300	4	25	17	3	1	0	6	6	1	0	0	0.01	0
6000	220	40	300	4	25	12	3	0	0	6	6	1	0	0	0	0
6000	221	40	300	4	25	11	3	0	0	5	5	1	0	0	0	0
6000	222	40	300	4	25	13	3	0	0	6	6	1	0	0	0	0
6000	224	40	300	4	25	9	3	0	0	3	3	1	0	0	0	0
6000	225	40	300	4	25	14	3	0	0	8	8	1	0	0	0	0
6000	229	40	300	4	25	10	3	0	0	3	3	1	0	0	0	0
6000	231	40	300	4	25	14	3	0	0	5	5	1	0	0	0	0
6000	233	40	300	4	25	16	3	0	0	6	6	1	0	0	0	0
6000	234	40	300	4	25	15	3	0	0	5	5	1	0	0	0	0
6000	236	40	300	4	25	11	3	0	0	3	3	1	0	0	0	0
6000	238	40	300	4	25	8	3	0	0	2	2	1	0	0	0	0
6000	240	40	300	4	25	11	3	0	0	3	3	1	0	0	0	0
6000	241	40	300	4	25	9	3	0	0	3	3	1	0	0	0	0
6000	242	40	300	4	25	10	3	0	0	3	3	1	0	0	0	0
6000	243	40	300	4	25	8	3	0	0	2	2	1	0	0	0	0
6000	244	40	300	4	25	13	3	1	0	4	4	1	0	0	0.01	0
6000	247	40	300	4	25	15	3	0	0	6	6	1	0	0	0	0
6000	249	40	300	4	25	15	3	1	1	7.5	8	0.9375	0	0	0	0
6000	255	40	300	4	25	14	3	0	0	8	8	1	0	0	0	0
6000	256	40	300	4	25	14	3	0	0	5	5	1	0	0	0	0
6000	257	40	300	4	25	9	3	0	0	2	2	1	0	0	0	0
6000	261	40	300	4	25	11	3	0	0	3	3	1	0	0	0	0
6000	263	40	300	4	25	12	3	0	0	4	4	1	0	0	0	0
6000	276	40	300	4	25	11	3	0	0	3	3	1	0	0	0	0
6000	281	40	300	4	25	13	3	0	0	6	6	1	0	0	0	0
6000	282	40	300	4	25	14	3	0	0	7	7	1	0	0	0	0
6000	286	40	300	4	25	10	3	0	0	3	3	1	0	0	0	0
6000	289	40	300	4	25	11	3	0	0	3	3	1	0	0	0	0
6000	290	40	300	4	25	12	3	0	0	6	6	1	0	0	0	0
6000	291	40	300	4	25	12	3	0	0	5	5	1	0	0	0	0
6000	293	40	300	4	25	16	3	0	0	5	5	1	0	0	0	0
6000	294	40	300	4	25	11	3	0	0	4	4	1	0	0	0	0
6000	295	40	300	4	25	12	3	0	0	5	5	1	0	0	0	0
6000	296	40	300	4	25	16	3	0	0	8	8	1	0	0	0	0
6000	297	40	300	4	25	9	3	0	0	4	4	1	0	0	0	0
6000	298	40	300	4	25	11	3	0	0	4	4	1	0	0	0	0
6000	300	40	300	4	25	10	3	0	0	3	3	1	0	0	0	0
6000	307	40	300	4	25	8	3	0	0	2	2	1	0	0	0	0
6000	309	40	300	4	25	11	3	1	1	3.4	4	0.85	0	0	0	0
6000	311	40	300	4	25	13	3	0	0	4	4	1	0	0	0	0
6000	315	40	300	4	25	13	3	0	0	4	4	1	0	0	0	0
6000	321	40	300	4	25	14	3	0	0	6	6	1	0	0	0	0
6000	326	40	300	4	25	14	3	0	0	5	5	1	0	0	0	0
6000	327	40	300	4	25	10	3	0	0	3	3	1	0	0	0	0
6000	332	40	300	4	25	14	3	0	0	5	5	1	0	0	0	0
6000	340	40	300	4	25	11	3	0	0	6	6	1	0	0	0	0
6000	341	40	300	4	25	11	3	0	0	3	3	1	0	0	0	0
6000	342	40	300	4	25	9	3	0	0	3	3	1	0	0	0	0
6000	344	40	300	4	25	11	3	0	0	3	3	1	0	0	0	0
6000	345	40	300	4	25	13	3	0	0	4	4	1	0	0	0	0
6000	347	40	300	4	25	9	3	0	0	3	3	1	0	0	0	0
6000	349	40	300	4	25	11	3	0	0	4	4	1	0	0	0	0
6000	350	40	300	4	25	14	3	0	0	9	9	1	0	0	0	0
6000	351	40	300	4	25	12	3	0	0	4	4	1	0	0	0	0
6000	359	40	300	4	25	12	3	0	0	3	3	1	0	0	0	0
6000	361	40	300	4	25	13	3	0	0	7	7	1	0	0	0	0
6000	363	40	300	4	25	13	3	0	0	4	4	1	0	0	0	0
6000	365	40	300	4	25	10	3	0	0	3	3	1	0	0	0	0
6000	369	40	300	4	25	11	3	0	0	5	5	1	0	0	0	0
6000	373	40	300	4	25	13	3	0	0	6	6	1	0	0	0	0
6000	375	40	300	4	25	9	3	0	0	3	3	1	0	0	0	0
6000	376	40	300	4	25	16	3	0	0	6	6	1	0	0	0	0
6000	379	40	300	4	25	15	3	1	0	4	4	1	0	0	0.02	0
6000	381	40	300	4	25	10	3	0	0	4	4	1	0	0	0	0
6000	382	40	300	4	25	14	3	0	0	6	6	1	0	0	0	0
6000	384	40	300	4	25	13	3	0	0	6	6	1	0	0	0	0
6000	386	40	300	4	25	19	3	0	0	9	9	1	0	0	0	0
6000	387	40	300	4	25	11	3	0	0	5	5	1	0	0	0	0
6000	388	40	300	4	25	12	3	0	0	5	5	1	0	0	0	0
6000	389	40	300	4	25	14	3	0	0	7	7	1	0	0	0	0
6000	391	40	300	4	25	11	3	1	0	3	3	1	0	0	0	0
6000	392	40	300	4	25	14	3	0	0	6	6	1	0	0	0	0
6000	393	40	300	4	25	10	3	0	0	3	3	1	0	0	0	0
6000	400	40	300	4	25	15	3	0	0	8	8	1	0	0	0	0
6000	403	40	300	4	25	12	3	0	0	6	6	1	0	0	0	0
6000	404	40	300	4	25	24	3	0	0	10	10	1	0	0	0	0
6000	409	40	300	4	25	14	3	1	0	5	5	1	0	0	0	0
6000	410	40	300	4	25	10	3	0	0	4	4	1	0	0	0	0
6000	411	40	300	4	25	12	3	1	0	4	4	1	0	0	0	0
6000	413	40	300	4	25	9	3	0	0	3	3	1	0	0	0	0
6000	414	40	300	4	25	8	3	0	0	2	2	1	0	0	0	0
6000	418	40	300	4	25	10	3	0	0	4	4	1	0	0	0	0
6000	419	40	300	4	25	14	3	0	0	6	6	1	0	0	0	0
6000	420	40	300	4	25	16	3	0	0	8	8	1	0	0	0	0
6000	421	40	300	4	25	14	3	1	0	5	5	1	0	0	0	0
6000	425	40	300	4	25	11	3	0	0	4	4	1	0	0	0	0
6000	428	40	300	4	25	11	3	0	0	5	5	1	0	0	0	0
6000	432	40	300	4	25	11	3	0	0	5	5	1	0	0	0	0
6000	434	40	300	4	25	14	3	0	0	5	5	1	0	0	0	0
6000	435	40	300	4	25	10	3	0	0	5	5	1	0	0	0	0
6000	437	40	300	4	25	13	3	0	0	7	7	1	0	0	0	0
6000	438	40	300	4	25	20	3	0	0	16	16	1	0	0	0	0
6000	440	40	300	4	25	11	3	0	0	3	3	1	0	0	0	0
6000	444	40	300	4	25	9	3	0	0	3	3	1	0	0	0	0
6000	445	40	300	4	25	10	3	0	0	4	4	1	0	0	0	0
6000	446	40	300	4	25	11	3	0	0	6	6	1	0	0	0	0
6000	447	40	300	4	25	11	3	0	0	4	4	1	0	0	0	0
6000	450	40	300	4	25	13	3	0	0	4	4	1	0	0	0	0
6000	452	40	300	4	25	12	3	0	0	4	4	1	0	0	0	0
6000	453	40	300	4	25	10	3	1	0	3	3	1	0	0	0	0
6000	457	40	300	4	25	13	3	0	0	5	5	1	0	0	0	0
6000	460	40	300	4	25	11	3	1	0	3	3	1	0	0	0	0
6000	464	40	300	4	25	14	3	0	0	7	7	1	0	0	0	0
6000	466	40	300	4	25	16	3	0	0	10	10	1	0	0	0	0
6000	468	40	300	4	25	11	3	0	0	5	5	1	0	0	0	0
6000	469	40	300	4	25	11	3	1	1	3.5	4	0.875	0	0	0	0
6000	473	40	300	4	25	8	3	0	0	2	2	1	0	0	0	0
6000	475	40	300	4	25	13	3	0	0	4	4	1	0	0	0	0
6000	477	40	300	4	25	11	3	0	0	4	4	1	0	0	0	0
6000	478	40	300	4	25	12	3	0	0	5	5	1	0	0	0	0
6000	479	40	300	4	25	8	3	0	0	2	2	1	0	0	0	0
6000	480	40	300	4	25	15	3	1	0	5	5	1	0	0	0	0
6000	486	40	300	4	25	12	3	0	0	6	6	1	0	0	0	0
6000	494	40	300	4	25	11	3	0	0	3	3	1	0	0	0	0
6000	496	40	300	4	25	11	3	1	1	4	4	1	0	0	0	0
6000	499	40	300	4	25	12	3	0	0	5	5	1	0	0	0	0
6000	502	40	300	4	25	15	3	0	0	5	5	1	0	0	0	0
6000	505	40	300	4	25	11	3	0	0	6	6	1	0	0	0	0
6000	506	40	300	4	25	16	3	0	0	6	6	1	0	0	0	0
6000	508	40	300	4	25	12	3	0	0	5	5	1	0	0	0	0
6000	510	40	300	4	25	11	3	0	0	4	4	1	0	0	0	0
6000	512	40	300	4	25	17	3	0	0	8	8	1	0	0	0	0
6000	516	40	300	4	25	12	3	0	0	4	4	1	0	0	0	0
6000	517	40	300	4	25	15	3	0	0	6	6	1	0	0	0	0
6000	521	40	300	4	25	20	3	0	0	10	10	1	0	0	0	0
6000	522	40	300	4	25	13	3	0	0	5	5	1	0	0	0	0
6000	523	40	300	4	25	10	3	0	0	3	3	1	0	0	0	0
6000	524	40	300	4	25	12	3	1	0	4	4	1	0	0	0.02	0
6000	525	40	300	4	25	22	3	0	0	11	11	1	0	0	0	0
6000	530	40	300	4	25	9	3	0	0	3	3	1	0	0	0	0
6000	531	40	300	4	25	10	3	0	0	4	4	1	0	0	0	0
6000	532	40	300	4	25	9	3	1	0	4	4	1	0	0	0	0
6000	536	40	300	4	25	14	3	1	0	6	6	1	0	0	0.01	0
6000	538	40	300	4	25	9	3	0	0	2	2	1	0	0	0	0
6000	542	40	300	4	25	13	3	0	0	4	4	1	0	0	0	0
6000	545	40	300	4	25	11	3	0	0	4	4	1	0	0	0	0
6000	546	40	300	4	25	14	3	0	0	5	5	1	0	0	0	0
6000	548	40	300	4	25	13	3	0	0	4	4	1	0	0	0	0
6000	556	40	300	4	25	14	3	0	0	5	5	1	0	0	0	0
6000	557	40	300	4	25	13	3	0	0	6	6	1	0	0	0	0
6000	560	40	300	4	25	10	3	0	0	3	3	1	0	0	0	0
6000	563	40	300	4	25	12	3	0	0	4	4	1	0	0	0	0
6000	566	40	300	4	25	14	3	0	0	5	5	1	0	0	0	0
6000	567	40	300	4	25	9	3	0	0	2	2	1	0	0	0	0
6000	570	40	300	4	25	14	3	0	0	4	4	1	0	0	0	0
6000	571	40	300	4	25	13	3	0	0	4	4	1	0	0	0	0
6000	572	40	300	4	25	11	3	0	0	4	4	1	0	0	0	0
6000	575	40	300	4	25	9	3	0	0	3	3	1	0	0	0	0
6000	577	40	300	4	25	11	3	0	0	4	4	1	0	0	0	0
6000	578	40	300	4	25	14	3	1	0	6	6	1	0	0	0	0
6000	579	40	300	4	25	15	3	1	0	4	4	1	0	0	0.02	0
6000	581	40	300	4	25	14	3	0	0	4	4	1	0	0	0	0
6000	586	40	300	4	25	12	3	0	0	4	4	1	0	0	0	0
6000	593	40	300	4	25	13	3	0	0	6	6	1	0	0	0	0
6000	595	40	300	4	25	12	3	0	0	6	6	1	0	0	0	0
6000	597	40	300	4	25	10	3	0	0	3	3	1	0	0	0	0
6000	598	40	300	4	25	14	3	0	0	4	4	1	0	0	0	0
6000	599	40	300	4	25	11	3	0	0	5	5	1	0	0	0	0
6000	600	40	300	4	25	13	3	0	0	6	6	1	0	0	0	0
6000	601	40	300	4	25	11	3	0	0	5	5	1	0	0	0	0
6000	606	40	300	4	25	10	3	1	0	4	4	1	0	0	0.01	0
6000	611	40	300	4	25	14	3	0	0	4	4	1	0	0	0	0
6000	621	40	300	4	25	14	3	1	0	5	5	1	0	0	0	0
6000	622	40	300	4	25	14	3	0	0	5	5	1	0	0	0	0
6000	623	40	300	4	25	10	3	0	0	4	4	1	0	0	0	0
6000	624	40	300	4	25	11	3	1	0	3	3	1	0	0	0	0
6000	625	40	300	4	25	10	3	0	0	5	5	1	0	0	0	0
6000	627	40	300	4	25	14	3	0	0	6	6	1	0	0	0	0
6000	630	40	300	4	25	12	3	1	0	5	5	1	0	0	0	0
6000	632	40	300	4	25	14	3	0	0	4	4	1	0	0	0	0
6000	633	40	300	4	25	12	3	1	0	4	4	1	0	0	0.01	0
6000	634	40	300	4	25	18	3	0	0	9	9	1	0	0	0	0
6000	638	40	300	4	25	10	3	0	0	3	3	1	0	0	0	0
6000	640	40	300	4	25	13	3	0	0	6	6	1	0	0	0	0
6000	642	40	300	4	25	13	3	0	0	4	4	1	0	0	0	0
6000	647	40	300	4	25	13	3	0	0	4	4	1	0	0	0	0
6000	655	40	300	4	25	13	3	0	0	4	4	1	0	0	0	0
6000	656	40	300	4	25	12	3	0	0	6	6	1	0	0	0	0
6000	661	40	300	4	25	8	3	0	0	2	2	1	0	0	0	0
6000	663	40	300	4	25	17	3	0	0	7	7	1	0	0	0	0
6000	665	40	300	4	25	11	3	0	0	5	5	1	0	0	0	0
6000	671	40	300	4	25	13	3	0	0	6	6	1	0	0	0	0
6000	672	40	300	4	25	10	3	0	0	3	3	1	0	0	0	0
6000	675	40	300	4	25	11	3	1	1	2.5	3	0.833333	0	0	0.03	0
6000	678	40	300	4	25	11	3	0	0	5	5	1	0	0	0	0
6000	682	40	300	4	25	12	3	0	0	4	4	1	0	0	0	0
6000	684	40	300	4	25	19	3	0	0	9	9	1	0	0	0	0
6000	686	40	300	4	25	10	3	0	0	4	4	1	0	0	0	0
6000	687	40	300	4	25	10	3	0	0	4	4	1	0	0	0	0
6000	692	40	300	4	25	11	3	0	0	4	4	1	0	0	0	0
6000	693	40	300	4	25	12	3	0	0	4	4	1	0	0	0	0
6000	694	40	300	4	25	13	3	0	0	5	5	1	0	0	0	0
6000	695	40	300	4	25	12	3	0	0	4	4	1	0	0	0	0
6000	696	40	300	4	25	9	3	0	0	3	3	1	0	0	0	0
6000	698	40	300	4	25	10	3	0	0	3	3	1	0	0	0	0
6000	703	40	300	4	25	14	3	0	0	5	5	1	0	0	0	0
6000	705	40	300	4	25	16	3	0	0	7	7	1	0	0	0	0
6000	708	40	300	4	25	11	3	0	0	5	5	1	0	0	0	0
6000	712	40	300	4	25	14	3	0	0	4	4	1	0	0	0	0
6000	713	40	300	4	25	13	3	0	0	5	5	1	0	0	0	0
6000	716	40	300	4	25	12	3	0	0	7	7	1	0	0	0	0
6000	717	40	300	4	25	16	3	0	0	8	8	1	0	0	0	0
6000	720	40	300	4	25	15	3	0	0	5	5	1	0	0	0	0
6000	724	40	300	4	25	15	3	0	0	6	6	1	0	0	0	0
6000	727	40	300	4	25	13	3	0	0	7	7	1	0	0	0	0
6000	729	40	300	4	25	13	3	0	0	4	4	1	0	0	0	0
6000	730	40	300	4	25	15	3	0	0	5	5	1	0	0	0	0
6000	734	40	300	4	25	9	3	1	0	2	2	1	0	0	0.01	0
6000	737	40	300	4	25	9	3	0	0	2	2	1	0	0	0	0
6000	739	40	300	4	25	12	3	0	0	6	6	1	0	0	0	0
6000	741	40	300	4	25	11	3	0	0	4	4	1	0	0	0	0
6000	746	40	300	4	25	12	3	0	0	5	5	1	0	0	0	0
6000	750	40	300	4	25	12	3	0	0	4	4	1	0	0	0	0
6000	753	40	300	4	25	14	3	1	1	3.5	4	0.875	0	0	0	0
6000	754	40	300	4	25	13	3	0	0	7	7	1	0	0	0	0
6000	755	40	300	4	25	13	3	0	0	4	4	1	0	0	0	0
6000	756	40	300	4	25	11	3	0	0	4	4	1	0	0	0	0
6000	758	40	300	4	25	11	3	0	0	5	5	1	0	0	0	0
6000	764	40	300	4	25	10	3	0	0	3	3	1	0	0	0	0
6000	765	40	300	4	25	8	3	0	0	2	2	1	0	0	0	0
6000	767	40	300	4	25	10	3	0	0	4	4	1	0	0	0	0
6000	771	40	300	4	25	9	3	1	0	2	2	1	0	0	0	0
6000	772	40	300	4	25	10	3	0	0	4	4	1	0	0	0	0
6000	775	40	300	4	25	10	3	0	0	5	5	1	0	0	0	0
6000	777	40	300	4	25	15	3	0	0	7	7	1	0	0	0	0
6000	784	40	300	4	25	12	3	0	0	4	4	1	0	0	0	0
6000	785	40	300	4	25	17	3	0	0	14	14	1	0	0	0	0
6000	786	40	300	4	25	15	3	0	0	5	5	1	0.01	0	0	0
6000	790	40	300	4	25	10	3	0	0	4	4	1	0	0	0	0
6000	791	40	300	4	25	12	3	0	0	6	6	1	0	0	0	0
6000	792	40	300	4	25	12	3	0	0	5	5	1	0	0	0	0
6000	793	40	300	4	25	11	3	0	0	4	4	1	0	0	0	0
6000	797	40	300	4	25	14	3	0	0	5	5	1	0	0	0	0
6000	798	40	300	4	25	10	3	0	0	3	3	1	0	0	0	0
6000	799	40	300	4	25	10	3	0	0	4	4	1	0	0	0	0
6000	802	40	300	4	25	16	3	0	0	7	7	1	0	0	0	0
6000	803	40	300	4	25	11	3	0	0	3	3	1	0	0	0	0
6000	804	40	300	4	25	10	3	0	0	3	3	1	0	0	0	0
6000	807	40	300	4	25	15	3	1	0	5	5	1	0	0	0.01	0
6000	810	40	300	4	25	11	3	0	0	6	6	1	0	0	0	0
6000	814	40	300	4	25	20	3	0	0	8	8	1	0	0	0	0
6000	815	40	300	4	25	10	3	0	0	3	3	1	0	0	0	0
6000	818	40	300	4	25	13	3	0	0	6	6	1	0	0	0	0
6000	825	40	300	4	25	11	3	1	0	4	4	1	0	0	0.01	0
6000	828	40	300	4	25	10	3	0	0	4	4	1	0	0	0	0
6000	829	40	300	4	25	17	3	0	0	8	8	1	0	0	0	0
6000	832	40	300	4	25	9	3	0	0	4	4	1	0	0	0	0
6000	833	40	300	4	25	11	3	0	0	3	3	1	0	0	0	0
6000	836	40	300	4	25	21	3	0	0	10	10	1	0	0.01	0	0
6000	839	40	300	4	25	17	3	0	0	6	6	1	0	0	0	0
6000	842	40	300	4	25	14	3	0	0	6	6	1	0	0	0	0
6000	844	40	300	4	25	11	3	0	0	5	5	1	0	0	0	0
6000	848	40	300	4	25	9	3	0	0	2	2	1	0	0	0	0
6000	849	40	300	4	25	15	3	0	0	6	6	1	0	0	0	0
6000	851	40	300	4	25	10	3	0	0	3	3	1	0	0	0	0
6000	853	40	300	4	25	9	3	0	0	3	3	1	0	0	0	0
6000	858	40	300	4	25	13	3	0	0	7	7	1	0	0	0	0
6000	859	40	300	4	25	17	3	0	0	7	7	1	0	0	0	0
6000	862	40	300	4	25	14	3	0	0	6	6	1	0	0	0	0
6000	865	40	300	4	25	22	3	0	0	14	14	1	0	0	0	0
6000	866	40	300	4	25	11	3	0	0	3	3	1	0	0	0	0
6000	867	40	300	4	25	10	3	0	0	3	3	1	0	0	0	0
6000	872	40	300	4	25	14	3	0	0	5	5	1	0	0	0	0
6000	873	40	300	4	25	9	3	0	0	3	3	1	0	0	0	0
6000	876	40	300	4	25	12	3	0	0	5	5	1	0	0	0	0
6000	877	40	300	4	25	9	3	0	0	3	3	1	0	0	0	0
6000	878	40	300	4	25	10	3	0	0	3	3	1	0	0	0	0
6000	880	40	300	4	25	14	3	0	0	5	5	1	0	0	0	0
6000	881	40	300	4	25	9	3	0	0	2	2	1	0	0	0	0
6000	882	40	300	4	25	12	3	0	0	6	6	1	0	0	0	0
6000	883	40	300	4	25	11	3	1	0	4	4	1	0	0	0	0
6000	884	40	300	4	25	10	3	0	0	4	4	1	0	0	0	0
6000	889	40	300	4	25	12	3	0	0	6	6	1	0	0	0	0
6000	890	40	300	4	25	16	3	0	0	9	9	1	0	0	0	0
6000	892	40	300	4	25	11	3	0	0	5	5	1	0	0	0	0
6000	896	40	300	4	25	9	3	0	0	3	3	1	0	0	0	0
6000	897	40	300	4	25	12	3	0	0	5	5	1	0	0	0	0
6000	898	40	300	4	25	18	3	0	0	9	9	1	0	0	0	0
6000	899	40	300	4	25	12	3	0	0	3	3	1	0	0	0	0
6000	901	40	300	4	25	10	3	0	0	4	4	1	0	0	0	0
6000	903	40	300	4	25	13	3	0	0	7	7	1	0	0	0	0
6000	907	40	300	4	25	15	3	0	0	8	8	1	0	0	0	0
6000	909	40	300	4	25	11	3	0	0	5	5	1	0	0	0	0
6000	910	40	300	4	25	9	3	0	0	3	3	1	0	0	0	0
6000	916	40	300	4	25	13	3	0	0	3	3	1	0	0	0	0
6000	917	40	300	4	25	11	3	1	0	3	3	1	0	0	0	0
6000	918	40	300	4	25	10	3	0	0	3	3	1	0	0	0	0
6000	920	40	300	4	25	11	3	0	0	3	3	1	0	0	0	0
6000	921	40	300	4	25	16	3	0	0	5	5	1	0	0	0	0
6000	925	40	300	4	25	13	3	0	0	3	3	1	0	0	0	0
6000	928	40	300	4	25	10	3	0	0	5	5	1	0	0	0	0
6000	931	40	300	4	25	12	3	0	0	5	5	1	0	0	0	0
6000	932	40	300	4	25	16	3	0	0	5	5	1	0	0	0	0
6000	936	40	300	4	25	15	3	1	0	5	5	1	0	0	0.01	0
6000	954	40	300	4	25	10	3	0	0	4	4	1	0	0	0	0
6000	955	40	300	4	25	10	3	0	0	3	3	1	0	0	0	0
6000	957	40	300	4	25	12	3	0	0	4	4	1	0	0	0	0
6000	960	40	300	4	25	9	3	0	0	3	3	1	0	0	0	0
6000	963	40	300	4	25	16	3	0	0	5	5	1	0	0	0	0
6000	964	40	300	4	25	15	3	0	0	5	5	1	0	0	0	0
6000	967	40	300	4	25	10	3	1	1	2	2	1	0	0	0	0
6000	971	40	300	4	25	14	3	0	0	5	5	1	0	0	0	0
6000	979	40	300	4	25	13	3	1	0	3	3	1	0	0	0.01	0
6000	980	40	300	4	25	12	3	0	0	6	6	1	0	0	0	0
6000	982	40	300	4	25	15	3	0	0	6	6	1	0	0	0	0
6000	984	40	300	4	25	10	3	0	0	4	4	1	0	0	0	0
6000	985	40	300	4	25	12	3	0	0	4	4	1	0	0	0	0
6000	986	40	300	4	25	11	3	0	0	3	3	1	0	0	0	0
6000	990	40	300	4	25	15	3	0	0	5	5	1	0	0	0	0
6000	992	40	300	4	25	13	3	1	0	4	4	1	0	0	0	0
6000	996	40	300	4	25	14	3	0	0	5	5	1	0	0	0	0
6000	998	40	300	4	25	12	3	0	0	6	6	1	0	0	0	0
6000	1	50	300	4	25	17	3	0	0	11	11	1	0	0	0	0
6000	2	50	300	4	25	15	3	0	0	6	6	1	0	0	0	0
6000	5	50	300	4	25	16	3	0	0	9	9	1	0	0	0	0
6000	6	50	300	4	25	12	3	1	0	4	4	1	0	0	0.01	0
6000	7	50	300	4	25	12	3	0	0	5	5	1	0	0	0	0
6000	11	50	300	4	25	12	3	0	0	5	5	1	0	0	0	0
6000	12	50	300	4	25	13	3	0	0	5	5	1	0	0	0	0
6000	13	50	300	4	25	11	3	0	0	3	3	1	0	0	0	0
6000	14	50	300	4	25	12	3	1	0	4	4	1	0	0	0.01	0
6000	15	50	300	4	25	15	3	0	0	7	7	1	0	0	0	0
6000	19	50	300	4	25	9	3	1	0	2	2	1	0	0	0	0
6000	20	50	300	4	25	11	3	0	0	4	4	1	0	0	0	0
6000	21	50	300	4	25	17	3	0	0	6	6	1	0	0	0	0
6000	22	50	300	4	25	14	3	0	0	6	6	1	0	0	0	0
6000	24	50	300	4	25	9	3	0	0	3	3	1	0	0	0	0
6000	26	50	300	4	25	10	3	0	0	4	4	1	0	0	0	0
6000	27	50	300	4	25	23	3	0	0	18	18	1	0	0	0	0
6000	29	50	300	4	25	18	3	0	0	8	8	1	0	0	0	0
6000	31	50	300	4	25	10	3	0	0	3	3	1	0	0	0	0
6000	33	50	300	4	25	16	3	0	0	7	7	1	0	0	0	0
6000	34	50	300	4	25	13	3	0	0	5	5	1	0	0	0	0
6000	35	50	300	4	25	14	3	0	0	5	5	1	0	0	0	0
6000	36	50	300	4	25	14	3	0	0	7	7	1	0	0	0	0
6000	40	50	300	4	25	14	3	0	0	6	6	1	0	0	0	0
6000	41	50	300	4	25	12	3	0	0	7	7	1	0	0	0	0
6000	42	50	300	4	25	17	3	0	0	7	7	1	0	0	0	0
6000	43	50	300	4	25	16	3	0	0	5	5	1	0	0	0	0
6000	44	50	300	4	25	14	3	0	0	5	5	1	0	0	0	0
6000	46	50	300	4	25	10	3	0	0	3	3	1	0	0	0	0
6000	48	50	300	4	25	9	3	0	0	3	3	1	0.01	0	0	0
6000	49	50	300	4	25	11	3	0	0	4	4	1	0	0	0	0
6000	52	50	300	4	25	14	3	0	0	6	6	1	0	0	0	0
6000	53	50	300	4	25	11	3	0	0	5	5	1	0	0	0	0
6000	54	50	300	4	25	11	3	0	0	2	2	1	0	0	0	0
6000	56	50	300	4	25	12	3	0	0	7	7	1	0	0	0	0
6000	57	50	300	4	25	12	3	1	1	3.5	4	0.875	0	0	0.01	0
6000	59	50	300	4	25	10	3	0	0	2	2	1	0	0	0	0
6000	62	50	300	4	25	13	3	0	0	5	5	1	0	0	0	0
6000	65	50	300	4	25	12	3	0	0	5	5	1	0	0	0	0
6000	66	50	300	4	25	18	3	0	0	8	8	1	0.01	0	0	0
6000	67	50	300	4	25	16	3	0	0	7	7	1	0	0	0	0
6000	68	50	300	4	25	11	3	0	0	5	5	1	0	0	0	0
6000	69	50	300	4	25	14	3	0	0	5	5	1	0	0	0	0
6000	70	50	300	4	25	14	3	0	0	5	5	1	0	0	0	0
6000	72	50	300	4	25	12	3	0	0	5	5	1	0	0	0	0
6000	73	50	300	4	25	10	3	0	0	3	3	1	0	0	0	0
6000	76	50	300	4	25	17	3	1	1	4.33333	5	0.866667	0	0	0.02	0
6000	77	50	300	4	25	11	3	0	0	3	3	1	0	0	0	0
6000	78	50	300	4	25	8	3	0	0	2	2	1	0	0	0	0
6000	80	50	300	4	25	13	3	0	0	6	6	1	0	0	0	0
6000	82	50	300	4	25	12	3	1	0	4	4	1	0	0	0	0
6000	83	50	300	4	25	12	3	0	0	4	4	1	0	0	0	0
6000	84	50	300	4	25	16	3	0	0	6	6	1	0	0	0	0
6000	86	50	300	4	25	15	3	0	0	6	6	1	0	0	0	0
6000	89	50	300	4	25	13	3	0	0	4	4	1	0	0	0	0
6000	90	50	300	4	25	18	3	0	0	11	11	1	0	0	0	0
6000	92	50	300	4	25	10	3	0	0	3	3	1	0	0	0	0
6000	93	50	300	4	25	14	3	0	0	5	5	1	0	0	0	0
6000	94	50	300	4	25	11	3	0	0	4	4	1	0	0	0	0
6000	95	50	300	4	25	17	3	0	0	8	8	1	0	0	0	0
6000	96	50	300	4	25	15	3	0	0	9	9	1	0	0	0	0
6000	97	50	300	4	25	13	3	0	0	5	5	1	0	0	0	0
6000	98	50	300	4	25	15	3	0	0	7	7	1	0	0	0	0
6000	99	50	300	4	25	13	3	0	0	5	5	1	0	0	0	0
6000	100	50	300	4	25	10	3	0	0	4	4	1	0	0	0	0
6000	103	50	300	4	25	11	3	1	0	4	4	1	0	0	0	0
6000	105	50	300	4	25	18	3	0	0	7	7	1	0	0	0	0
6000	106	50	300	4	25	11	3	0	0	3	3	1	0	0	0	0
6000	107	50	300	4	25	15	3	0	0	4	4	1	0	0	0	0
6000	108	50	300	4	25	14	3	0	0	4	4	1	0	0	0	0
6000	109	50	300	4	25	15	3	0	0	4	4	1	0	0	0	0
6000	110	50	300	4	25	10	3	0	0	4	4	1	0	0	0	0
6000	112	50	300	4	25	10	3	0	0	3	3	1	0	0	0	0
6000	114	50	300	4	25	17	3	0	0	7	7	1	0	0	0	0
6000	115	50	300	4	25	14	3	0	0	5	5	1	0	0	0	0
6000	117	50	300	4	25	15	3	0	0	5	5	1	0	0	0	0
6000	118	50	300	4	25	14	3	0	0	5	5	1	0	0	0	0
6000	120	50	300	4	25	16	3	0	0	6	6	1	0	0	0	0
6000	122	50	300	4	25	12	3	0	0	4	4	1	0	0	0	0
6000	123	50	300	4	25	12	3	1	0	3	3	1	0	0	0	0
6000	124	50	300	4	25	20	3	0	0	11	11	1	0	0	0	0
6000	125	50	300	4	25	12	3	0	0	5	5	1	0	0	0	0
6000	126	50	300	4	25	14	3	0	0	5	5	1	0	0	0	0
6000	130	50	300	4	25	12	3	0	0	4	4	1	0	0	0	0
6000	131	50	300	4	25	17	3	0	0	8	8	1	0	0	0	0
6000	133	50	300	4	25	11	3	0	0	3	3	1	0	0	0	0
6000	138	50	300	4	25	13	3	0	0	5	5	1	0	0	0	0
6000	139	50	300	4	25	12	3	0	0	6	6	1	0	0	0	0
6000	143	50	300	4	25	14	3	1	0	4	4	1	0	0	0	0
6000	146	50	300	4	25	15	3	0	0	6	6	1	0	0	0	0
6000	149	50	300	4	25	12	3	1	0	3	3	1	0	0	0.01	0
6000	152	50	300	4	25	13	3	0	0	8	8	1	0	0	0	0
6000	154	50	300	4	25	10	3	0	0	4	4	1	0	0	0	0
6000	158	50	300	4	25	15	3	0	0	6	6	1	0	0	0	0
6000	164	50	300	4	25	19	3	0	0	12	12	1	0	0	0	0
6000	166	50	300	4	25	13	3	0	0	5	5	1	0	0	0	0
6000	167	50	300	4	25	15	3	0	0	7	7	1	0	0	0	0
6000	169	50	300	4	25	13	3	0	0	5	5	1	0	0	0	0
6000	172	50	300	4	25	13	3	1	0	4	4	1	0	0	0.01	0
6000	173	50	300	4	25	10	3	0	0	4	4	1	0	0	0	0
6000	174	50	300	4	25	13	3	0	0	3	3	1	0	0	0	0
6000	175	50	300	4	25	17	3	0	0	7	7	1	0	0	0	0
6000	176	50	300	4	25	14	3	0	0	9	9	1	0	0	0	0
6000	177	50	300	4	25	12	3	0	0	6	6	1	0	0	0	0
6000	179	50	300	4	25	15	3	0	0	7	7	1	0	0	0	0
6000	180	50	300	4	25	11	3	0	0	4	4	1	0	0	0	0
6000	181	50	300	4	25	13	3	0	0	4	4	1	0	0	0	0
6000	183	50	300	4	25	17	3	0	0	9	9	1	0	0	0	0
6000	184	50	300	4	25	11	3	0	0	4	4	1	0	0	0	0
6000	186	50	300	4	25	12	3	0	0	5	5	1	0	0	0	0
6000	187	50	300	4	25	11	3	0	0	5	5	1	0	0	0	0
6000	188	50	300	4	25	12	3	0	0	5	5	1	0	0	0	0
6000	189	50	300	4	25	17	3	0	0	5	5	1	0	0	0	0
6000	193	50	300	4	25	13	3	0	0	5	5	1	0	0	0	0
6000	197	50	300	4	25	13	3	0	0	7	7	1	0	0	0	0
6000	198	50	300	4	25	14	3	0	0	4	4	1	0	0	0	0
6000	201	50	300	4	25	12	3	0	0	3	3	1	0	0	0	0
6000	202	50	300	4	25	17	3	0	0	6	6	1	0	0	0	0
6000	203	50	300	4	25	16	3	0	0	5	5	1	0	0	0	0
6000	204	50	300	4	25	20	3	0	0	8	8	1	0	0	0	0
6000	205	50	300	4	25	11	3	0	0	5	5	1	0	0	0	0
6000	206	50	300	4	25	13	3	0	0	4	4	1	0	0	0	0
6000	207	50	300	4	25	14	3	0	0	5	5	1	0	0	0	0
6000	209	50	300	4	25	18	3	0	0	9	9	1	0	0	0	0
6000	210	50	300	4	25	10	3	0	0	4	4	1	0	0	0	0
6000	211	50	300	4	25	16	3	0	0	9	9	1	0	0	0	0
6000	212	50	300	4	25	13	3	0	0	5	5	1	0	0	0	0
6000	213	50	300	4	25	11	3	0	0	3	3	1	0	0	0	0
6000	215	50	300	4	25	17	3	0	0	9	9	1	0	0	0	0
6000	216	50	300	4	25	19	3	0	0	9	9	1	0	0	0	0
6000	218	50	300	4	25	15	3	0	0	7	7	1	0	0	0	0
6000	221	50	300	4	25	15	3	0	0	6	6	1	0	0	0	0
6000	225	50	300	4	25	16	3	0	0	8	8	1	0	0	0	0
6000	226	50	300	4	25	15	3	0	0	6	6	1	0	0	0	0
6000	228	50	300	4	25	12	3	0	0	4	4	1	0	0	0	0
6000	229	50	300	4	25	14	3	0	0	7	7	1	0	0	0	0
6000	230	50	300	4	25	11	3	0	0	3	3	1	0	0	0	0
6000	231	50	300	4	25	15	3	0	0	6	6	1	0	0	0	0
6000	237	50	300	4	25	13	3	0	0	5	5	1	0	0	0	0
6000	239	50	300	4	25	15	3	0	0	7	7	1	0	0	0	0
6000	240	50	300	4	25	9	3	0	0	3	3	1	0	0	0	0
6000	241	50	300	4	25	11	3	1	0	3	3	1	0	0	0	0
6000	245	50	300	4	25	13	3	0	0	6	6	1	0	0	0	0
6000	247	50	300	4	25	17	3	0	0	5	5	1	0	0	0	0
6000	248	50	300	4	25	16	3	0	0	6	6	1	0	0	0	0
6000	250	50	300	4	25	18	3	0	0	8	8	1	0	0	0	0
6000	251	50	300	4	25	10	3	1	0	2	2	1	0	0	0	0
6000	252	50	300	4	25	12	3	1	0	4	4	1	0	0	0	0
6000	253	50	300	4	25	12	3	0	0	6	6	1	0	0	0	0
6000	254	50	300	4	25	14	3	1	0	5	5	1	0	0	0	0
6000	255	50	300	4	25	20	3	0	0	10	10	1	0	0	0	0
6000	256	50	300	4	25	20	3	1	0	7	7	1	0	0	0.01	0
6000	257	50	300	4	25	13	3	1	0	4	4	1	0	0	0	0
6000	258	50	300	4	25	12	3	0	0	3	3	1	0	0	0	0
6000	259	50	300	4	25	14	3	0	0	5	5	1	0	0	0	0
6000	261	50	300	4	25	8	3	0	0	2	2	1	0	0	0	0
6000	262	50	300	4	25	13	3	0	0	5	5	1	0	0	0	0
6000	263	50	300	4	25	11	3	0	0	3	3	1	0	0	0	0
6000	265	50	300	4	25	18	3	1	1	7.33333	8	0.916667	0	0	0.01	0
6000	268	50	300	4	25	19	3	0	0	7	7	1	0	0	0	0
6000	269	50	300	4	25	13	3	0	0	6	6	1	0	0	0	0
6000	271	50	300	4	25	16	3	0	0	7	7	1	0	0	0	0
6000	272	50	300	4	25	21	3	0	0	12	12	1	0	0	0	0
6000	273	50	300	4	25	11	3	1	0	4	4	1	0	0	0	0
6000	274	50	300	4	25	12	3	0	0	5	5	1	0	0	0	0
6000	276	50	300	4	25	14	3	0	0	6	6	1	0	0	0	0
6000	277	50	300	4	25	16	3	0	0	5	5	1	0	0	0	0
6000	279	50	300	4	25	17	3	0	0	9	9	1	0	0	0	0
6000	280	50	300	4	25	17	3	0	0	8	8	1	0	0	0	0
6000	281	50	300	4	25	15	3	0	0	8	8	1	0	0	0	0
6000	282	50	300	4	25	15	3	0	0	7	7	1	0	0	0	0
6000	283	50	300	4	25	12	3	0	0	4	4	1	0	0	0	0
6000	284	50	300	4	25	12	3	0	0	5	5	1	0	0	0	0
6000	285	50	300	4	25	9	3	0	0	3	3	1	0	0	0	0
6000	287	50	300	4	25	19	3	0	0	13	13	1	0	0	0	0
6000	288	50	300	4	25	14	3	0	0	6	6	1	0	0	0	0
6000	289	50	300	4	25	15	3	0	0	6	6	1	0	0	0	0
6000	290	50	300	4	25	16	3	0	0	6	6	1	0	0	0	0
6000	291	50	300	4	25	14	3	0	0	8	8	1	0	0	0	0
6000	292	50	300	4	25	15	3	0	0	9	9	1	0	0	0	0
6000	293	50	300	4	25	14	3	0	0	7	7	1	0	0	0	0
6000	294	50	300	4	25	15	3	0	0	5	5	1	0	0	0	0
6000	295	50	300	4	25	15	3	0	0	6	6	1	0	0	0	0
6000	296	50	300	4	25	12	3	0	0	6	6	1	0	0	0	0
6000	297	50	300	4	25	15	3	0	0	7	7	1	0	0	0	0
6000	298	50	300	4	25	10	3	0	0	3	3	1	0	0	0	0
6000	299	50	300	4	25	15	3	0	0	6	6	1	0	0	0	0
6000	302	50	300	4	25	11	3	1	0	4	4	1	0	0	0	0
6000	303	50	300	4	25	8	3	0	0	2	2	1	0	0	0	0
6000	304	50	300	4	25	13	3	0	0	5	5	1	0	0	0	0
6000	305	50	300	4	25	11	3	0	0	3	3	1	0	0	0	0
6000	306	50	300	4	25	15	3	1	0	6	6	1	0	0	0.01	0
6000	307	50	300	4	25	13	3	0	0	4	4	1	0	0	0	0
6000	310	50	300	4	25	13	3	0	0	7	7	1	0	0	0	0
6000	311	50	300	4	25	14	3	0	0	4	4	1	0	0	0	0
6000	313	50	300	4	25	9	3	0	0	2	2	1	0	0	0	0
6000	317	50	300	4	25	10	3	0	0	4	4	1	0	0	0	0
6000	318	50	300	4	25	11	3	0	0	5	5	1	0	0	0	0
6000	319	50	300	4	25	11	3	0	0	5	5	1	0	0	0	0
6000	320	50	300	4	25	11	3	0	0	5	5	1	0	0	0	0
6000	323	50	300	4	25	15	3	0	0	7	7	1	0	0	0	0
6000	324	50	300	4	25	13	3	0	0	4	4	1	0	0	0	0
6000	325	50	300	4	25	13	3	0	0	4	4	1	0	0	0	0
6000	327	50	300	4	25	12	3	0	0	3	3	1	0	0	0	0
6000	328	50	300	4	25	13	3	1	0	4	4	1	0	0	0	0
6000	329	50	300	4	25	12	3	0	0	4	4	1	0	0	0	0
6000	330	50	300	4	25	14	3	0	0	5	5	1	0	0	0	0
6000	332	50	300	4	25	16	3	0	0	5	5	1	0.01	0	0	0
6000	335	50	300	4	25	12	3	0	0	4	4	1	0	0.02	0	0
6000	337	50	300	4	25	15	3	1	0	4	4	1	0	0	0.01	0
6000	338	50	300	4	25	15	3	0	0	8	8	1	0	0	0	0
6000	340	50	300	4	25	13	3	0	0	5	5	1	0	0	0	0
6000	341	50	300	4	25	13	3	0	0	5	5	1	0	0	0	0
6000	342	50	300	4	25	12	3	0	0	4	4	1	0	0	0	0
6000	344	50	300	4	25	16	3	0	0	7	7	1	0	0	0	0
6000	346	50	300	4	25	12	3	0	0	4	4	1	0	0	0	0
6000	347	50	300	4	25	11	3	0	0	3	3	1	0	0	0	0
6000	349	50	300	4	25	14	3	0	0	4	4	1	0	0	0	0
6000	350	50	300	4	25	13	3	0	0	6	6	1	0	0	0	0
6000	354	50	300	4	25	15	3	0	0	5	5	1	0	0	0	0
6000	355	50	300	4	25	15	3	0	0	5	5	1	0	0	0	0
6000	356	50	300	4	25	8	3	0	0	3	3	1	0	0	0	0
6000	357	50	300	4	25	15	3	0	0	7	7	1	0	0	0	0
6000	360	50	300	4	25	14	3	0	0	5	5	1	0	0	0	0
6000	364	50	300	4	25	19	3	0	0	13	13	1	0.01	0	0	0
6000	365	50	300	4	25	12	3	0	0	5	5	1	0	0	0	0
6000	366	50	300	4	25	13	3	0	0	4	4	1	0	0	0	0
6000	367	50	300	4	25	13	3	0	0	7	7	1	0	0	0	0
6000	368	50	300	4	25	15	3	0	0	10	10	1	0	0	0	0
6000	370	50	300	4	25	12	3	0	0	4	4	1	0	0	0	0
6000	374	50	300	4	25	12	3	0	0	4	4	1	0	0	0	0
6000	379	50	300	4	25	13	3	0	0	7	7	1	0	0	0	0
6000	384	50	300	4	25	18	3	1	0	7	7	1	0	0	0.01	0
6000	385	50	300	4	25	15	3	0	0	6	6	1	0	0	0	0
6000	387	50	300	4	25	17	3	0	0	5	5	1	0.07	0	0	0
6000	388	50	300	4	25	12	3	0	0	5	5	1	0	0	0	0
6000	391	50	300	4	25	13	3	0	0	4	4	1	0	0	0	0
6000	393	50	300	4	25	14	3	0	0	5	5	1	0	0	0	0
6000	394	50	300	4	25	11	3	0	0	4	4	1	0	0	0	0
6000	395	50	300	4	25	9	3	0	0	3	3	1	0	0	0	0
6000	396	50	300	4	25	11	3	0	0	4	4	1	0	0	0	0
6000	397	50	300	4	25	12	3	0	0	4	4	1	0	0	0	0
6000	398	50	300	4	25	10	3	0	0	3	3	1	0	0	0	0
6000	400	50	300	4	25	17	3	0	0	7	7	1	0	0	0	0
6000	401	50	300	4	25	11	3	0	0	3	3	1	0	0	0	0
6000	405	50	300	4	25	14	3	0	0	5	5	1	0	0	0	0
6000	410	50	300	4	25	15	3	0	0	6	6	1	0	0	0	0
6000	411	50	300	4	25	14	3	0	0	7	7	1	0	0	0	0
6000	412	50	300	4	25	11	3	0	0	4	4	1	0	0	0	0
6000	413	50	300	4	25	15	3	1	0	5	5	1	0	0	0.01	0
6000	414	50	300	4	25	11	3	0	0	3	3	1	0	0	0	0
6000	415	50	300	4	25	12	3	1	1	4.5	5	0.9	0	0	0.01	0
6000	416	50	300	4	25	16	3	1	0	6	6	1	0	0	0.01	0
6000	417	50	300	4	25	18	3	0	0	10	10	1	0	0	0	0
6000	418	50	300	4	25	19	3	1	1	5.5	6	0.916667	0	0	0.02	0
6000	421	50	300	4	25	15	3	0	0	4	4	1	0	0	0	0
6000	422	50	300	4	25	15	3	0	0	5	5	1	0	0	0	0
6000	423	50	300	4	25	11	3	0	0	3	3	1	0	0	0	0
6000	424	50	300	4	25	13	3	0	0	4	4	1	0	0	0	0
6000	425	50	300	4	25	13	3	0	0	5	5	1	0	0	0	0
6000	429	50	300	4	25	9	3	0	0	3	3	1	0	0	0	0
6000	430	50	300	4	25	13	3	0	0	5	5	1	0	0	0	0
6000	431	50	300	4	25	18	3	0	0	8	8	1	0	0	0	0
6000	432	50	300	4	25	18	3	0	0	9	9	1	0	0	0	0
6000	435	50	300	4	25	14	3	0	0	5	5	1	0	0	0	0
6000	436	50	300	4	25	10	3	0	0	3	3	1	0	0	0	0
6000	437	50	300	4	25	14	3	0	0	7	7	1	0	0	0	0
6000	439	50	300	4	25	16	3	0	0	9	9	1	0	0	0	0
6000	440	50	300	4	25	14	3	0	0	4	4	1	0	0	0	0
6000	441	50	300	4	25	15	3	0	0	5	5	1	0	0	0	0
6000	442	50	300	4	25	10	3	0	0	3	3	1	0	0	0	0
6000	445	50	300	4	25	14	3	0	0	5	5	1	0	0	0	0
6000	446	50	300	4	25	11	3	0	0	4	4	1	0	0	0	0
6000	448	50	300	4	25	14	3	0	0	5	5	1	0	0	0	0
6000	449	50	300	4	25	14	3	0	0	6	6	1	0	0	0	0
6000	452	50	300	4	25	13	3	0	0	5	5	1	0	0	0	0
6000	453	50	300	4	25	16	3	0	0	5	5	1	0	0	0	0
6000	454	50	300	4	25	18	3	1	1	7	7	1	0	0	0.02	0
6000	456	50	300	4	25	16	3	1	1	7.5	8	0.9375	0	0	0	0
6000	458	50	300	4	25	14	3	0	0	5	5	1	0	0	0	0
6000	459	50	300	4	25	8	3	0	0	2	2	1	0	0	0	0
6000	460	50	300	4	25	14	3	0	0	3	3	1	0	0	0	0
6000	462	50	300	4	25	13	3	0	0	4	4	1	0	0	0	0
6000	463	50	300	4	25	14	3	0	0	4	4	1	0	0	0	0
6000	467	50	300	4	25	15	3	0	0	8	8	1	0	0	0	0
6000	468	50	300	4	25	16	3	0	0	6	6	1	0	0	0	0
6000	469	50	300	4	25	14	3	0	0	6	6	1	0	0	0	0
6000	471	50	300	4	25	15	3	0	0	4	4	1	0	0	0	0
6000	473	50	300	4	25	12	3	0	0	4	4	1	0	0	0	0
6000	475	50	300	4	25	18	3	0	0	6	6	1	0	0	0	0
6000	476	50	300	4	25	17	3	0	0	7	7	1	0	0	0	0
6000	479	50	300	4	25	11	3	0	0	5	5	1	0	0	0	0
6000	484	50	300	4	25	13	3	0	0	4	4	1	0	0	0	0
6000	486	50	300	4	25	16	3	1	0	5	5	1	0	0	0.01	0
6000	489	50	300	4	25	14	3	0	0	4	4	1	0	0	0	0
6000	490	50	300	4	25	18	3	0	0	6	6	1	0	0	0	0
6000	491	50	300	4	25	10	3	1	0	3	3	1	0	0	0	0
6000	492	50	300	4	25	10	3	0	0	3	3	1	0	0	0	0
6000	495	50	300	4	25	13	3	1	1	5.5	6	0.916667	0	0	0	0
6000	496	50	300	4	25	17	3	0	0	6	6	1	0	0	0	0
6000	497	50	300	4	25	12	3	0	0	5	5	1	0	0	0	0
6000	498	50	300	4	25	14	3	0	0	5	5	1	0	0	0	0
6000	499	50	300	4	25	11	3	0	0	4	4	1	0	0	0	0
6000	500	50	300	4	25	13	3	0	0	6	6	1	0	0	0	0
6000	505	50	300	4	25	17	3	0	0	8	8	1	0	0	0	0
6000	506	50	300	4	25	16	3	0	0	6	6	1	0	0	0	0
6000	508	50	300	4	25	13	3	0	0	6	6	1	0	0	0	0
6000	509	50	300	4	25	14	3	0	0	6	6	1	0	0	0	0
6000	510	50	300	4	25	14	3	0	0	5	5	1	0	0	0	0
6000	511	50	300	4	25	11	3	0	0	5	5	1	0	0	0	0
6000	513	50	300	4	25	17	3	0	0	10	10	1	0	0	0	0
6000	514	50	300	4	25	15	3	0	0	7	7	1	0	0	0	0
6000	517	50	300	4	25	17	3	0	0	6	6	1	0	0	0	0
6000	519	50	300	4	25	15	3	1	0	6	6	1	0	0	0	0
6000	520	50	300	4	25	13	3	0	0	4	4	1	0	0	0	0
6000	523	50	300	4	25	14	3	1	0	4	4	1	0	0	0	0
6000	527	50	300	4	25	12	3	0	0	4	4	1	0	0	0	0
6000	528	50	300	4	25	10	3	0	0	3	3	1	0	0	0	0
6000	529	50	300	4	25	10	3	0	0	3	3	1	0	0	0	0
6000	531	50	300	4	25	21	3	0	0	12	12	1	0	0	0	0
6000	532	50	300	4	25	19	3	0	0	11	11	1	0	0	0	0
6000	534	50	300	4	25	18	3	0	0	9	9	1	0	0	0	0
6000	535	50	300	4	25	10	3	0	0	3	3	1	0	0	0	0
6000	537	50	300	4	25	15	3	0	0	4	4	1	0	0	0	0
6000	538	50	300	4	25	10	3	0	0	4	4	1	0	0	0	0
6000	540	50	300	4	25	12	3	0	0	5	5	1	0	0	0	0
6000	543	50	300	4	25	13	3	0	0	4	4	1	0	0	0	0
6000	546	50	300	4	25	15	3	0	0	4	4	1	0	0	0	0
6000	547	50	300	4	25	15	3	0	0	6	6	1	0	0	0	0
6000	549	50	300	4	25	12	3	0	0	4	4	1	0	0	0	0
6000	551	50	300	4	25	10	3	0	0	4	4	1	0	0	0	0
6000	552	50	300	4	25	14	3	0	0	7	7	1	0	0	0	0
6000	554	50	300	4	25	13	3	0	0	5	5	1	0	0	0	0
6000	555	50	300	4	25	12	3	0	0	4	4	1	0	0	0	0
6000	559	50	300	4	25	18	3	1	0	7	7	1	0	0	0.01	0
6000	560	50	300	4	25	14	3	0	0	5	5	1	0	0	0	0
6000	561	50	300	4	25	11	3	0	0	3	3	1	0	0	0	0
6000	562	50	300	4	25	8	3	0	0	2	2	1	0	0	0	0
6000	564	50	300	4	25	15	3	0	0	5	5	1	0	0	0	0
6000	565	50	300	4	25	17	3	0	0	6	6	1	0	0	0	0
6000	567	50	300	4	25	11	3	0	0	3	3	1	0	0	0	0
6000	569	50	300	4	25	13	3	0	0	4	4	1	0	0	0	0
6000	570	50	300	4	25	14	3	0	0	4	4	1	0	0	0	0
6000	571	50	300	4	25	18	3	1	0	7	7	1	0	0	0.01	0
6000	574	50	300	4	25	14	3	0	0	9	9	1	0	0	0	0
6000	576	50	300	4	25	12	3	1	1	3.5	4	0.875	0	0	0	0
6000	577	50	300	4	25	17	3	0	0	6	6	1	0	0	0	0
6000	580	50	300	4	25	12	3	0	0	5	5	1	0	0	0	0
6000	582	50	300	4	25	14	3	0	0	5	5	1	0	0	0	0
6000	585	50	300	4	25	9	3	0	0	3	3	1	0	0	0	0
6000	588	50	300	4	25	12	3	0	0	5	5	1	0	0	0	0
6000	589	50	300	4	25	12	3	0	0	6	6	1	0	0	0	0
6000	590	50	300	4	25	12	3	0	0	3	3	1	0	0	0	0
6000	591	50	300	4	25	12	3	0	0	4	4	1	0	0	0	0
6000	592	50	300	4	25	12	3	1	0	5	5	1	0	0	0	0
6000	594	50	300	4	25	15	3	0	0	5	5	1	0	0	0	0
6000	595	50	300	4	25	20	3	0	0	9	9	1	0	0	0	0
6000	596	50	300	4	25	17	3	0	0	7	7	1	0	0	0	0
6000	599	50	300	4	25	13	3	0	0	5	5	1	0	0	0	0
6000	601	50	300	4	25	17	3	1	0	6	6	1	0	0	0	0
6000	604	50	300	4	25	11	3	0	0	4	4	1	0	0	0	0
6000	605	50	300	4	25	15	3	0	0	4	4	1	0	0	0	0
6000	606	50	300	4	25	10	3	0	0	3	3	1	0	0	0	0
6000	608	50	300	4	25	13	3	0	0	6	6	1	0	0	0	0
6000	609	50	300	4	25	12	3	0	0	3	3	1	0	0	0	0
6000	610	50	300	4	25	19	3	0	0	10	10	1	0	0	0	0
6000	611	50	300	4	25	15	3	1	0	4	4	1	0	0	0.01	0
6000	613	50	300	4	25	14	3	0	0	7	7	1	0	0	0	0
6000	614	50	300	4	25	14	3	0	0	7	7	1	0	0	0	0
6000	616	50	300	4	25	11	3	0	0	4	4	1	0	0	0	0
6000	617	50	300	4	25	9	3	0	0	4	4	1	0	0	0	0
6000	618	50	300	4	25	10	3	0	0	5	5	1	0	0	0	0
6000	620	50	300	4	25	11	3	0	0	5	5	1	0	0	0	0
6000	621	50	300	4	25	16	3	0	0	5	5	1	0	0	0	0
6000	622	50	300	4	25	18	3	0	0	8	8	1	0	0	0	0
6000	625	50	300	4	25	16	3	0	0	9	9	1	0	0	0	0
6000	628	50	300	4	25	15	3	1	0	5	5	1	0	0	0.01	0
6000	629	50	300	4	25	10	3	0	0	4	4	1	0	0	0	0
6000	630	50	300	4	25	14	3	0	0	6	6	1	0	0	0	0
6000	631	50	300	4	25	15	3	1	1	6.5	7	0.928571	0	0	0	0
6000	636	50	300	4	25	11	3	0	0	4	4	1	0	0	0	0
6000	637	50	300	4	25	10	3	0	0	5	5	1	0	0	0	0
6000	640	50	300	4	25	19	3	0	0	8	8	1	0	0	0	0
6000	641	50	300	4	25	17	3	0	0	8	8	1	0	0	0	0
6000	644	50	300	4	25	17	3	0	0	6	6	1	0	0	0	0
6000	646	50	300	4	25	14	3	0	0	6	6	1	0	0	0	0
6000	647	50	300	4	25	15	3	0	0	5	5	1	0	0	0	0
6000	649	50	300	4	25	17	3	0	0	6	6	1	0	0	0	0
6000	651	50	300	4	25	11	3	0	0	4	4	1	0	0	0	0
6000	654	50	300	4	25	12	3	0	0	4	4	1	0	0	0	0
6000	656	50	300	4	25	24	3	0	0	12	12	1	0	0	0	0
6000	657	50	300	4	25	8	3	0	0	3	3	1	0	0	0	0
6000	659	50	300	4	25	12	3	0	0	4	4	1	0	0	0	0
6000	660	50	300	4	25	12	3	0	0	4	4	1	0	0	0	0
6000	661	50	300	4	25	13	3	0	0	5	5	1	0	0	0	0
6000	662	50	300	4	25	16	3	0	0	7	7	1	0	0	0	0
6000	664	50	300	4	25	14	3	0	0	7	7	1	0	0	0	0
6000	665	50	300	4	25	16	3	0	0	5	5	1	0	0	0	0
6000	666	50	300	4	25	16	3	0	0	4	4	1	0	0	0	0
6000	671	50	300	4	25	18	3	0	0	9	9	1	0	0	0	0
6000	677	50	300	4	25	13	3	1	1	4	4	1	0	0	0	0
6000	679	50	300	4	25	14	3	0	0	5	5	1	0	0	0	0
6000	681	50	300	4	25	13	3	1	1	4.5	5	0.9	0	0	0.01	0
6000	682	50	300	4	25	18	3	0	0	8	8	1	0	0	0	0
6000	683	50	300	4	25	10	3	0	0	4	4	1	0	0	0	0
6000	685	50	300	4	25	13	3	0	0	6	6	1	0	0	0	0
6000	686	50	300	4	25	13	3	0	0	4	4	1	0	0	0	0
6000	687	50	300	4	25	14	3	0	0	5	5	1	0	0	0	0
6000	688	50	300	4	25	17	3	0	0	6	6	1	0	0	0	0
6000	689	50	300	4	25	16	3	0	0	7	7	1	0	0	0	0
6000	694	50	300	4	25	16	3	0	0	5	5	1	0	0	0	0
6000	696	50	300	4	25	14	3	1	0	5	5	1	0	0	0.01	0
6000	698	50	300	4	25	13	3	0	0	5	5	1	0	0	0	0
6000	699	50	300	4	25	13	3	1	0	7	7	1	0	0	0	0
6000	702	50	300	4	25	16	3	0	0	7	7	1	0	0	0	0
6000	705	50	300	4	25	15	3	0	0	6	6	1	0	0	0	0
6000	706	50	300	4	25	13	3	0	0	5	5	1	0	0	0	0
6000	709	50	300	4	25	13	3	0	0	6	6	1	0	0	0	0
6000	710	50	300	4	25	18	3	0	0	10	10	1	0	0	0	0
6000	711	50	300	4	25	18	3	0	0	6	6	1	0.01	0	0	0
6000	713	50	300	4	25	14	3	0	0	5	5	1	0	0	0	0
6000	714	50	300	4	25	14	3	0	0	5	5	1	0	0	0	0
6000	718	50	300	4	25	14	3	0	0	5	5	1	0	0	0	0
6000	719	50	300	4	25	15	3	0	0	7	7	1	0	0	0	0
6000	720	50	300	4	25	14	3	0	0	4	4	1	0	0	0	0
6000	721	50	300	4	25	12	3	0	0	5	5	1	0	0	0	0
6000	722	50	300	4	25	8	3	0	0	2	2	1	0	0	0	0
6000	723	50	300	4	25	13	3	0	0	5	5	1	0	0	0	0
6000	725	50	300	4	25	13	3	0	0	7	7	1	0	0	0	0
6000	726	50	300	4	25	11	3	0	0	5	5	1	0	0	0	0
6000	728	50	300	4	25	17	3	0	0	7	7	1	0	0	0	0
6000	730	50	300	4	25	13	3	0	0	4	4	1	0	0	0	0
6000	731	50	300	4	25	14	3	0	0	6	6	1	0	0	0	0
6000	735	50	300	4	25	23	3	0	0	19	19	1	0	0	0	0
6000	737	50	300	4	25	14	3	0	0	5	5	1	0	0	0	0
6000	740	50	300	4	25	15	3	0	0	6	6	1	0	0	0	0
6000	741	50	300	4	25	12	3	1	0	3	3	1	0	0	0.01	0
6000	742	50	300	4	25	10	3	1	1	3.33333	4	0.833333	0	0	0	0
6000	744	50	300	4	25	11	3	0	0	3	3	1	0	0	0	0
6000	745	50	300	4	25	12	3	0	0	5	5	1	0	0	0	0
6000	746	50	300	4	25	19	3	0	0	9	9	1	0	0	0	0
6000	747	50	300	4	25	13	3	0	0	7	7	1	0	0	0	0
6000	748	50	300	4	25	10	3	1	0	4	4	1	0	0	0	0
6000	750	50	300	4	25	18	3	0	0	8	8	1	0	0	0	0
6000	751	50	300	4	25	14	3	0	0	5	5	1	0	0.01	0	0
6000	754	50	300	4	25	17	3	0	0	8	8	1	0	0	0	0
6000	756	50	300	4	25	11	3	0	0	4	4	1	0	0	0	0
6000	757	50	300	4	25	14	3	1	0	8	8	1	0	0	0	0
6000	759	50	300	4	25	12	3	0	0	6	6	1	0	0	0	0
6000	761	50	300	4	25	14	3	0	0	3	3	1	0	0	0	0
6000	762	50	300	4	25	12	3	0	0	4	4	1	0	0	0	0
6000	763	50	300	4	25	10	3	0	0	3	3	1	0	0	0	0
6000	764	50	300	4	25	13	3	1	0	3	3	1	0	0	0.01	0
6000	765	50	300	4	25	11	3	0	0	4	4	1	0	0	0	0
6000	766	50	300	4	25	14	3	0	0	6	6	1	0	0	0	0
6000	767	50	300	4	25	10	3	0	0	5	5	1	0	0	0	0
6000	768	50	300	4	25	10	3	1	1	2	2	1	0	0	0	0
6000	769	50	300	4	25	13	3	0	0	6	6	1	0	0	0	0
6000	770	50	300	4	25	13	3	0	0	5	5	1	0	0	0	0
6000	771	50	300	4	25	11	3	0	0	3	3	1	0	0	0	0
6000	772	50	300	4	25	17	3	0	0	9	9	1	0	0	0	0
6000	773	50	300	4	25	9	3	1	0	2	2	1	0	0	0	0
6000	776	50	300	4	25	15	3	1	1	6	6	1	0	0	0	0
6000	778	50	300	4	25	16	3	0	0	7	7	1	0	0	0	0
6000	779	50	300	4	25	9	3	0	0	3	3	1	0	0	0	0
6000	780	50	300	4	25	10	3	0	0	4	4	1	0	0	0	0
6000	781	50	300	4	25	10	3	0	0	3	3	1	0	0	0	0
6000	782	50	300	4	25	12	3	0	0	4	4	1	0	0	0	0
6000	783	50	300	4	25	14	3	0	0	4	4	1	0	0	0	0
6000	787	50	300	4	25	14	3	0	0	5	5	1	0	0	0	0
6000	788	50	300	4	25	13	3	0	0	4	4	1	0	0	0	0
6000	789	50	300	4	25	11	3	0	0	3	3	1	0	0	0	0
6000	791	50	300	4	25	18	3	0	0	7	7	1	0	0	0	0
6000	794	50	300	4	25	9	3	0	0	3	3	1	0	0	0	0
6000	797	50	300	4	25	16	3	0	0	6	6	1	0	0	0	0
6000	798	50	300	4	25	14	3	0	0	5	5	1	0	0	0	0
6000	804	50	300	4	25	12	3	1	1	3.5	4	0.875	0	0	0.02	0
6000	805	50	300	4	25	18	3	1	0	8	8	1	0	0	0.01	0
6000	806	50	300	4	25	16	3	0	0	6	6	1	0	0	0	0
6000	809	50	300	4	25	11	3	0	0	3	3	1	0	0	0	0
6000	811	50	300	4	25	18	3	0	0	9	9	1	0	0	0	0
6000	812	50	300	4	25	9	3	0	0	3	3	1	0	0	0	0
6000	817	50	300	4	25	9	3	0	0	4	4	1	0	0	0	0
6000	820	50	300	4	25	13	3	0	0	5	5	1	0	0	0	0
6000	821	50	300	4	25	10	3	0	0	2	2	1	0	0	0	0
6000	823	50	300	4	25	8	3	0	0	2	2	1	0	0	0	0
6000	824	50	300	4	25	13	3	0	0	7	7	1	0	0	0	0
6000	825	50	300	4	25	16	3	1	0	5	5	1	0	0	0.01	0
6000	829	50	300	4	25	20	3	0	0	9	9	1	0	0	0	0
6000	830	50	300	4	25	16	3	0	0	6	6	1	0	0	0	0
6000	832	50	300	4	25	18	3	0	0	9	9	1	0.01	0	0	0
6000	834	50	300	4	25	11	3	0	0	3	3	1	0	0	0	0
6000	835	50	300	4	25	15	3	0	0	5	5	1	0	0	0	0
6000	838	50	300	4	25	12	3	0	0	3	3	1	0	0	0	0
6000	839	50	300	4	25	18	3	0	0	7	7	1	0	0	0	0
6000	841	50	300	4	25	14	3	0	0	5	5	1	0	0	0	0
6000	843	50	300	4	25	15	3	0	0	5	5	1	0	0	0	0
6000	844	50	300	4	25	14	3	0	0	7	7	1	0	0	0	0
6000	845	50	300	4	25	12	3	1	1	3.5	4	0.875	0	0	0	0
6000	847	50	300	4	25	10	3	0	0	3	3	1	0	0	0	0
6000	850	50	300	4	25	16	3	0	0	7	7	1	0	0	0	0
6000	852	50	300	4	25	11	3	0	0	3	3	1	0	0	0	0
6000	856	50	300	4	25	13	3	1	0	7	7	1	0	0.01	0	0
6000	857	50	300	4	25	13	3	0	0	5	5	1	0	0	0	0
6000	858	50	300	4	25	16	3	0	0	7	7	1	0	0	0	0
6000	861	50	300	4	25	10	3	0	0	3	3	1	0	0	0	0
6000	865	50	300	4	25	25	3	1	0	15	15	1	0	0	0	0
6000	866	50	300	4	25	19	3	0	0	7	7	1	0	0	0	0
6000	867	50	300	4	25	13	3	0	0	3	3	1	0	0	0	0
6000	868	50	300	4	25	14	3	0	0	4	4	1	0	0	0	0
6000	869	50	300	4	25	10	3	0	0	3	3	1	0	0	0	0
6000	870	50	300	4	25	12	3	0	0	3	3	1	0	0	0	0
6000	873	50	300	4	25	11	3	0	0	4	4	1	0	0	0	0
6000	874	50	300	4	25	17	3	0	0	7	7	1	0	0	0	0
6000	875	50	300	4	25	21	3	0	0	10	10	1	0	0	0	0
6000	876	50	300	4	25	19	3	0	0	9	9	1	0.03	0	0	0
6000	879	50	300	4	25	20	3	1	0	7	7	1	0	0	0.02	0
6000	881	50	300	4	25	9	3	0	0	2	2	1	0	0	0	0
6000	882	50	300	4	25	14	3	1	0	5	5	1	0	0	0.01	0
6000	884	50	300	4	25	11	3	0	0	4	4	1	0	0	0	0
6000	886	50	300	4	25	12	3	0	0	6	6	1	0	0	0	0
6000	887	50	300	4	25	15	3	0	0	6	6	1	0	0	0	0
6000	888	50	300	4	25	15	3	0	0	6	6	1	0	0	0	0
6000	892	50	300	4	25	14	3	0	0	7	7	1	0	0	0	0
6000	894	50	300	4	25	10	3	0	0	4	4	1	0	0	0	0
6000	895	50	300	4	25	10	3	0	0	3	3	1	0.01	0	0	0
6000	896	50	300	4	25	17	3	0	0	7	7	1	0	0	0	0
6000	897	50	300	4	25	14	3	0	0	7	7	1	0	0	0	0
6000	898	50	300	4	25	22	3	0	0	13	13	1	0.01	0	0	0
6000	900	50	300	4	25	12	3	1	0	3	3	1	0	0	0	0
6000	903	50	300	4	25	17	3	0	0	9	9	1	0	0	0	0
6000	909	50	300	4	25	17	3	0	0	7	7	1	0	0	0	0
6000	912	50	300	4	25	13	3	1	0	6	6	1	0	0	0	0
6000	913	50	300	4	25	10	3	0	0	4	4	1	0	0	0	0
6000	915	50	300	4	25	11	3	0	0	3	3	1	0	0	0	0
6000	918	50	300	4	25	12	3	0	0	3	3	1	0	0.01	0	0
6000	919	50	300	4	25	15	3	0	0	5	5	1	0	0	0	0
6000	922	50	300	4	25	11	3	0	0	5	5	1	0	0	0	0
6000	923	50	300	4	25	12	3	0	0	5	5	1	0	0	0	0
6000	924	50	300	4	25	14	3	0	0	5	5	1	0	0	0	0
6000	925	50	300	4	25	13	3	1	0	5	5	1	0	0	0	0
6000	926	50	300	4	25	18	3	0	0	6	6	1	0	0	0	0
6000	928	50	300	4	25	15	3	0	0	7	7	1	0	0	0	0
6000	931	50	300	4	25	19	3	0	0	10	10	1	0	0	0	0
6000	933	50	300	4	25	11	3	0	0	4	4	1	0	0	0	0
6000	938	50	300	4	25	13	3	0	0	5	5	1	0	0	0	0
6000	939	50	300	4	25	14	3	0	0	5	5	1	0	0	0	0
6000	940	50	300	4	25	16	3	0	0	6	6	1	0	0	0	0
6000	941	50	300	4	25	17	3	1	0	8	8	1	0	0	0	0
6000	942	50	300	4	25	18	3	1	0	8	8	1	0	0	0.01	0
6000	944	50	300	4	25	16	3	0	0	6	6	1	0	0	0	0
6000	945	50	300	4	25	11	3	0	0	3	3	1	0	0	0	0
6000	948	50	300	4	25	10	3	1	0	3	3	1	0	0	0	0
6000	950	50	300	4	25	11	3	0	0	4	4	1	0	0	0	0
6000	951	50	300	4	25	11	3	0	0	4	4	1	0	0	0	0
6000	952	50	300	4	25	11	3	0	0	5	5	1	0	0	0	0
6000	953	50	300	4	25	16	3	1	1	5	5	1	0	0	0.01	0
6000	955	50	300	4	25	13	3	0	0	6	6	1	0	0	0	0
6000	957	50	300	4	25	14	3	0	0	4	4	1	0.02	0.01	0	0
6000	959	50	300	4	25	14	3	0	0	5	5	1	0	0	0	0
6000	961	50	300	4	25	12	3	0	0	6	6	1	0	0	0	0
6000	962	50	300	4	25	18	3	0	0	6	6	1	0	0	0	0
6000	967	50	300	4	25	13	3	0	0	5	5	1	0	0	0	0
6000	968	50	300	4	25	9	3	0	0	2	2	1	0	0	0	0
6000	969	50	300	4	25	17	3	1	0	5	5	1	0	0	0.01	0
6000	970	50	300	4	25	16	3	0	0	6	6	1	0	0	0	0
6000	972	50	300	4	25	16	3	0	0	11	11	1	0	0	0	0
6000	973	50	300	4	25	14	3	1	0	3	3	1	0	0	0.02	0
6000	974	50	300	4	25	12	3	1	0	3	3	1	0	0	0.02	0
6000	975	50	300	4	25	15	3	0	0	4	4	1	0	0	0	0
6000	976	50	300	4	25	14	3	0	0	7	7	1	0	0	0	0
6000	977	50	300	4	25	13	3	0	0	5	5	1	0	0	0	0
6000	978	50	300	4	25	16	3	0	0	7	7	1	0	0	0	0
6000	984	50	300	4	25	9	3	0	0	3	3	1	0	0	0	0
6000	987	50	300	4	25	13	3	0	0	5	5	1	0	0	0	0
6000	988	50	300	4	25	9	3	0	0	2	2	1	0	0	0	0
6000	993	50	300	4	25	14	3	0	0	7	7	1	0	0	0	0
6000	994	50	300	4	25	15	3	0	0	9	9	1	0	0	0	0
6000	998	50	300	4	25	13	3	0	0	4	4	1	0	0	0	0
6000	999	50	300	4	25	15	3	0	0	5	5	1	0	0	0	0
6000	1000	50	300	4	25	12	3	0	0	4	4	1	0	0	0	0
6000	4	60	300	4	25	18	3	0	0	7	7	1	0	0	0	0
6000	7	60	300	4	25	17	3	0	0	6	6	1	0.02	0	0	0
6000	10	60	300	4	25	13	3	1	0	3	3	1	0	0.01	0.02	0
6000	20	60	300	4	25	18	3	0	0	6	6	1	0	0	0	0
6000	26	60	300	4	25	15	3	0	0	6	6	1	0	0	0	0
6000	27	60	300	4	25	23	3	0	0	17	17	1	0	0	0	0
6000	31	60	300	4	25	14	3	0	0	3	3	1	0	0	0	0
6000	41	60	300	4	25	15	3	0	0	5	5	1	0	0	0	0
6000	46	60	300	4	25	13	3	0	0	5	5	1	0	0	0	0
6000	48	60	300	4	25	13	3	0	0	4	4	1	0	0	0	0
6000	52	60	300	4	25	16	3	0	0	6	6	1	0	0	0	0
6000	58	60	300	4	25	14	3	0	0	4	4	1	0	0	0	0
6000	59	60	300	4	25	12	3	0	0	3	3	1	0	0	0	0
6000	63	60	300	4	25	20	3	0	0	10	10	1	0	0.01	0	0
6000	68	60	300	4	25	16	3	0	0	5	5	1	0	0	0	0
6000	71	60	300	4	25	17	3	0	0	7	7	1	0	0	0	0
6000	73	60	300	4	25	12	3	1	1	2.5	3	0.833333	0	0	0.01	0
6000	74	60	300	4	25	11	3	0	0	3	3	1	0	0	0	0
6000	89	60	300	4	25	13	3	0	0	4	4	1	0	0	0	0
6000	93	60	300	4	25	16	3	0	0	5	5	1	0	0	0	0
6000	101	60	300	4	25	13	3	0	0	7	7	1	0	0	0	0
6000	102	60	300	4	25	17	3	0	0	6	6	1	0	0	0	0
6000	104	60	300	4	25	13	3	1	1	4.5	5	0.9	0	0	0	0
6000	108	60	300	4	25	14	3	0	0	4	4	1	0	0	0	0
6000	110	60	300	4	25	14	3	0	0	4	4	1	0	0	0	0
6000	114	60	300	4	25	17	3	0	0	8	8	1	0	0	0	0
6000	116	60	300	4	25	14	3	0	0	6	6	1	0	0	0	0
6000	122	60	300	4	25	13	3	0	0	5	5	1	0	0	0	0
6000	130	60	300	4	25	11	3	0	0	3	3	1	0	0	0	0
6000	135	60	300	4	25	13	3	0	0	5	5	1	0	0	0	0
6000	136	60	300	4	25	14	3	0	0	5	5	1	0	0	0	0
6000	138	60	300	4	25	17	3	1	1	5.5	6	0.916667	0	0	0.03	0
6000	144	60	300	4	25	16	3	0	0	5	5	1	0	0	0	0
6000	148	60	300	4	25	13	3	0	0	6	6	1	0	0	0	0
6000	151	60	300	4	25	10	3	0	0	2	2	1	0	0	0	0
6000	154	60	300	4	25	14	3	0	0	5	5	1	0	0	0	0
6000	159	60	300	4	25	14	3	0	0	6	6	1	0	0	0	0
6000	164	60	300	4	25	15	3	0	0	8	8	1	0	0	0	0
6000	166	60	300	4	25	16	3	1	0	6	6	1	0	0	0.01	0
6000	168	60	300	4	25	13	3	0	0	5	5	1	0	0	0	0
6000	173	60	300	4	25	16	3	0	0	5	5	1	0	0	0	0
6000	176	60	300	4	25	21	3	0	0	14	14	1	0	0	0	0
6000	186	60	300	4	25	18	3	0	0	5	5	1	0	0	0	0
6000	187	60	300	4	25	16	3	0	0	7	7	1	0	0	0	0
6000	191	60	300	4	25	16	3	0	0	7	7	1	0	0	0	0
6000	202	60	300	4	25	16	3	0	0	6	6	1	0	0	0	0
6000	204	60	300	4	25	19	3	0	0	6	6	1	0	0	0	0
6000	205	60	300	4	25	15	3	0	0	7	7	1	0	0	0	0
6000	207	60	300	4	25	15	3	0	0	5	5	1	0	0	0	0
6000	213	60	300	4	25	17	3	1	0	5	5	1	0	0	0.02	0
6000	214	60	300	4	25	16	3	0	0	6	6	1	0	0	0	0
6000	215	60	300	4	25	19	3	0	0	12	12	1	0	0	0	0
6000	217	60	300	4	25	17	3	0	0	8	8	1	0	0	0	0
6000	228	60	300	4	25	16	3	1	0	4	4	1	0	0	0.01	0
6000	230	60	300	4	25	15	3	0	0	5	5	1	0	0	0	0
6000	235	60	300	4	25	11	3	0	0	3	3	1	0	0	0	0
6000	237	60	300	4	25	19	3	0	0	8	8	1	0	0	0	0
6000	245	60	300	4	25	16	3	1	0	6	6	1	0	0	0.01	0
6000	248	60	300	4	25	17	3	0	0	7	7	1	0	0	0	0
6000	258	60	300	4	25	15	3	0	0	5	5	1	0	0	0	0
6000	260	60	300	4	25	18	3	1	0	10	10	1	0	0	0.01	0
6000	261	60	300	4	25	12	3	0	0	3	3	1	0	0	0	0
6000	264	60	300	4	25	14	3	0	0	5	5	1	0	0	0	0
6000	266	60	300	4	25	16	3	0	0	6	6	1	0	0	0	0
6000	267	60	300	4	25	13	3	0	0	6	6	1	0	0	0	0
6000	269	60	300	4	25	16	3	0	0	7	7	1	0	0	0	0
6000	271	60	300	4	25	15	3	0	0	6	6	1	0	0	0	0
6000	273	60	300	4	25	16	3	0	0	6	6	1	0	0	0	0
6000	275	60	300	4	25	15	3	0	0	6	6	1	0	0	0	0
6000	277	60	300	4	25	17	3	0	0	6	6	1	0	0	0	0
6000	279	60	300	4	25	19	3	0	0	9	9	1	0	0	0	0
6000	283	60	300	4	25	15	3	0	0	5	5	1	0	0	0	0
6000	285	60	300	4	25	18	3	0	0	11	11	1	0	0	0	0
6000	291	60	300	4	25	22	3	0	0	11	11	1	0	0	0	0
6000	293	60	300	4	25	17	3	0	0	6	6	1	0	0	0	0
6000	296	60	300	4	25	18	3	1	0	6	6	1	0	0	0.01	0
6000	298	60	300	4	25	11	3	1	1	3	3	1	0	0	0	0
6000	302	60	300	4	25	18	3	0	0	9	9	1	0	0	0	0
6000	303	60	300	4	25	11	3	1	0	3	3	1	0	0	0.01	0
6000	306	60	300	4	25	17	3	0	0	6	6	1	0	0	0	0
6000	313	60	300	4	25	15	3	1	0	4	4	1	0	0	0.02	0
6000	316	60	300	4	25	14	3	1	0	6	6	1	0	0	0	0
6000	318	60	300	4	25	14	3	0	0	6	6	1	0	0	0	0
6000	319	60	300	4	25	14	3	0	0	5	5	1	0	0	0	0
6000	320	60	300	4	25	17	3	0	0	7	7	1	0	0	0	0
6000	334	60	300	4	25	13	3	0	0	4	4	1	0	0	0	0
6000	337	60	300	4	25	16	3	0	0	7	7	1	0	0	0	0
6000	347	60	300	4	25	11	3	1	0	3	3	1	0	0	0	0
6000	352	60	300	4	25	16	3	0	0	9	9	1	0	0	0	0
6000	353	60	300	4	25	16	3	0	0	7	7	1	0	0	0	0
6000	365	60	300	4	25	13	3	0	0	4	4	1	0	0	0	0
6000	366	60	300	4	25	13	3	0	0	4	4	1	0	0	0	0
6000	371	60	300	4	25	11	3	0	0	4	4	1	0	0	0	0
6000	378	60	300	4	25	10	3	1	0	3	3	1	0	0	0.01	0
6000	380	60	300	4	25	15	3	0	0	5	5	1	0.01	0	0	0
6000	395	60	300	4	25	12	3	0	0	5	5	1	0	0	0	0
6000	396	60	300	4	25	14	3	0	0	6	6	1	0	0	0	0
6000	402	60	300	4	25	20	3	0	0	8	8	1	0	0	0	0
6000	406	60	300	4	25	21	3	0	0	9	9	1	0	0	0	0
6000	415	60	300	4	25	15	3	1	1	5	5	1	0	0	0	0
6000	418	60	300	4	25	17	3	0	0	7	7	1	0	0	0	0
6000	427	60	300	4	25	17	3	0	0	6	6	1	0	0	0	0
6000	429	60	300	4	25	13	3	0	0	5	5	1	0	0	0	0
6000	436	60	300	4	25	15	3	0	0	5	5	1	0	0	0	0
6000	439	60	300	4	25	19	3	0	0	7	7	1	0	0	0	0
6000	443	60	300	4	25	14	3	0	0	6	6	1	0	0	0	0
6000	449	60	300	4	25	21	3	0	0	10	10	1	0	0	0	0
6000	455	60	300	4	25	13	3	0	0	6	6	1	0	0	0	0
6000	465	60	300	4	25	12	3	0	0	4	4	1	0	0	0	0
6000	472	60	300	4	25	15	3	0	0	7	7	1	0	0	0	0
6000	474	60	300	4	25	10	3	0	0	4	4	1	0	0	0	0
6000	481	60	300	4	25	15	3	0	0	10	10	1	0	0	0	0
6000	482	60	300	4	25	17	3	0	0	6	6	1	0	0	0	0
6000	487	60	300	4	25	14	3	0	0	7	7	1	0	0	0	0
6000	494	60	300	4	25	15	3	0	0	5	5	1	0	0	0	0
6000	497	60	300	4	25	18	3	0	0	6	6	1	0	0	0	0
6000	501	60	300	4	25	19	3	0	0	10	10	1	0	0	0	0
6000	510	60	300	4	25	14	3	1	1	5	5	1	0	0	0	0
6000	526	60	300	4	25	12	3	0	0	4	4	1	0	0	0	0
6000	538	60	300	4	25	15	3	0	0	7	7	1	0	0	0	0
6000	539	60	300	4	25	17	3	0	0	8	8	1	0	0	0	0
6000	540	60	300	4	25	17	3	0	0	6	6	1	0	0	0	0
6000	541	60	300	4	25	14	3	0	0	4	4	1	0	0	0	0
6000	543	60	300	4	25	14	3	0	0	4	4	1	0	0	0	0
6000	547	60	300	4	25	20	3	0	0	9	9	1	0	0	0	0
6000	550	60	300	4	25	11	3	0	0	4	4	1	0	0	0	0
6000	551	60	300	4	25	20	3	0	0	11	11	1	0	0	0	0
6000	553	60	300	4	25	14	3	0	0	6	6	1	0	0	0	0
6000	573	60	300	4	25	12	3	0	0	5	5	1	0	0	0	0
6000	583	60	300	4	25	15	3	0	0	6	6	1	0	0	0	0
6000	585	60	300	4	25	15	3	0	0	5	5	1	0	0	0	0
6000	589	60	300	4	25	15	3	0	0	7	7	1	0	0	0	0
6000	596	60	300	4	25	18	3	0	0	7	7	1	0	0	0	0
6000	597	60	300	4	25	14	3	0	0	4	4	1	0	0	0	0
6000	602	60	300	4	25	13	3	0	0	4	4	1	0	0	0	0
6000	603	60	300	4	25	17	3	0	0	8	8	1	0	0	0	0
6000	604	60	300	4	25	11	3	0	0	5	5	1	0	0	0	0
6000	607	60	300	4	25	19	3	0	0	12	12	1	0	0	0	0
6000	608	60	300	4	25	16	3	0	0	5	5	1	0	0	0	0
6000	615	60	300	4	25	16	3	0	0	10	10	1	0	0	0	0
6000	617	60	300	4	25	9	3	0	0	3	3	1	0	0	0	0
6000	620	60	300	4	25	16	3	0	0	5	5	1	0	0	0	0
6000	626	60	300	4	25	11	3	0	0	4	4	1	0	0	0	0
6000	629	60	300	4	25	12	3	0	0	4	4	1	0	0	0	0
6000	630	60	300	4	25	17	3	0	0	8	8	1	0	0	0	0
6000	631	60	300	4	25	20	3	0	0	8	8	1	0	0	0	0
6000	635	60	300	4	25	16	3	0	0	10	10	1	0	0	0	0
6000	639	60	300	4	25	11	3	0	0	5	5	1	0	0	0	0
6000	646	60	300	4	25	17	3	0	0	7	7	1	0	0	0	0
6000	652	60	300	4	25	15	3	1	0	5	5	1	0	0	0.01	0
6000	658	60	300	4	25	11	3	0	0	3	3	1	0	0	0	0
6000	659	60	300	4	25	12	3	0	0	5	5	1	0	0	0	0
6000	660	60	300	4	25	14	3	0	0	5	5	1	0	0	0	0
6000	669	60	300	4	25	14	3	0	0	5	5	1	0	0	0	0
6000	673	60	300	4	25	12	3	0	0	4	4	1	0	0	0	0
6000	674	60	300	4	25	11	3	0	0	3	3	1	0	0	0	0
6000	678	60	300	4	25	18	3	0	0	7	7	1	0	0	0	0
6000	685	60	300	4	25	15	3	0	0	7	7	1	0	0	0	0
6000	697	60	300	4	25	12	3	1	0	3	3	1	0	0	0.01	0
6000	699	60	300	4	25	23	3	1	1	9.5	10	0.95	0	0	0.01	0
6000	701	60	300	4	25	13	3	0	0	5	5	1	0	0	0	0
6000	702	60	300	4	25	15	3	0	0	6	6	1	0	0	0	0
6000	707	60	300	4	25	12	3	1	0	4	4	1	0	0	0	0
6000	715	60	300	4	25	21	3	0	0	14	14	1	0	0	0	0
6000	720	60	300	4	25	19	3	0	0	7	7	1	0	0	0	0
6000	725	60	300	4	25	23	3	0	0	12	12	1	0	0	0	0
6000	728	60	300	4	25	19	3	0	0	7	7	1	0.01	0	0	0
6000	731	60	300	4	25	17	3	0	0	6	6	1	0	0	0	0
6000	733	60	300	4	25	18	3	0	0	6	6	1	0	0	0	0
6000	738	60	300	4	25	16	3	0	0	5	5	1	0	0	0	0
6000	740	60	300	4	25	14	3	0	0	6	6	1	0	0	0	0
6000	748	60	300	4	25	16	3	0	0	6	6	1	0	0	0	0
6000	754	60	300	4	25	17	3	0	0	8	8	1	0	0	0	0
6000	757	60	300	4	25	18	3	0	0	11	11	1	0	0	0	0
6000	759	60	300	4	25	13	3	0	0	5	5	1	0	0	0	0
6000	763	60	300	4	25	14	3	0	0	6	6	1	0	0	0	0
6000	764	60	300	4	25	14	3	0	0	4	4	1	0	0	0	0
6000	771	60	300	4	25	14	3	0	0	5	5	1	0	0	0	0
6000	774	60	300	4	25	20	3	0	0	9	9	1	0	0.01	0	0
6000	776	60	300	4	25	22	3	1	0	8	8	1	0	0	0.02	0
6000	779	60	300	4	25	13	3	0	0	6	6	1	0	0	0	0
6000	796	60	300	4	25	14	3	0	0	6	6	1	0	0	0	0
6000	799	60	300	4	25	16	3	0	0	6	6	1	0.01	0	0	0
6000	805	60	300	4	25	23	3	0	0	9	9	1	0.01	0	0	0
6000	813	60	300	4	25	13	3	0	0	5	5	1	0	0	0	0
6000	819	60	300	4	25	15	3	0	0	7	7	1	0	0	0	0
6000	822	60	300	4	25	15	3	0	0	6	6	1	0	0	0	0
6000	835	60	300	4	25	17	3	0	0	5	5	1	0	0	0	0
6000	840	60	300	4	25	11	3	0	0	5	5	1	0	0	0	0
6000	845	60	300	4	25	14	3	0	0	4	4	1	0	0	0	0
6000	850	60	300	4	25	19	3	0	0	8	8	1	0	0	0	0
6000	855	60	300	4	25	13	3	0	0	4	4	1	0	0	0	0
6000	860	60	300	4	25	16	3	0	0	5	5	1	0	0	0	0
6000	861	60	300	4	25	13	3	1	0	6	6	1	0	0	0	0
6000	864	60	300	4	25	17	3	0	0	6	6	1	0	0	0	0
6000	875	60	300	4	25	21	3	1	0	9	9	1	0	0	0.01	0
6000	879	60	300	4	25	24	3	0	0	10	10	1	0	0	0	0
6000	881	60	300	4	25	12	3	0	0	4	4	1	0	0	0	0
6000	885	60	300	4	25	11	3	0	0	5	5	1	0	0	0	0
6000	886	60	300	4	25	17	3	0	0	7	7	1	0	0	0	0
6000	894	60	300	4	25	18	3	0	0	7	7	1	0	0	0	0
6000	903	60	300	4	25	17	3	0	0	9	9	1	0	0	0	0
6000	905	60	300	4	25	11	3	0	0	3	3	1	0	0	0	0
6000	906	60	300	4	25	17	3	0	0	6	6	1	0	0	0	0
6000	911	60	300	4	25	21	3	0	0	10	10	1	0	0	0	0
6000	913	60	300	4	25	10	3	0	0	4	4	1	0	0	0	0
6000	924	60	300	4	25	19	3	0	0	6	6	1	0	0	0	0
6000	927	60	300	4	25	16	3	0	0	8	8	1	0	0	0	0
6000	929	60	300	4	25	16	3	0	0	6	6	1	0	0	0	0
6000	930	60	300	4	25	22	3	0	0	10	10	1	0	0	0	0
6000	935	60	300	4	25	12	3	1	0	4	4	1	0	0	0	0
6000	937	60	300	4	25	11	3	1	0	3	3	1	0	0	0	0
6000	938	60	300	4	25	14	3	0	0	6	6	1	0	0	0	0
6000	950	60	300	4	25	11	3	0	0	3	3	1	0	0	0	0
6000	951	60	300	4	25	14	3	0	0	5	5	1	0	0	0	0
6000	958	60	300	4	25	16	3	0	0	7	7	1	0	0	0	0
6000	968	60	300	4	25	9	3	0	0	3	3	1	0	0	0	0
6000	969	60	300	4	25	17	3	0	0	5	5	1	0	0	0	0
6000	978	60	300	4	25	14	3	0	0	5	5	1	0	0	0	0
6000	981	60	300	4	25	15	3	1	1	4.5	5	0.9	0	0	0.01	0
6000	984	60	300	4	25	13	3	0	0	3	3	1	0	0	0	0
6000	987	60	300	4	25	18	3	0	0	9	9	1	0	0	0	0
6000	991	60	300	4	25	15	3	0	0	8	8	1	0	0	0	0
6000	993	60	300	4	25	16	3	0	0	6	6	1	0	0	0	0
6000	52	70	300	4	25	20	3	0	0	8	8	1	0	0	0	0
6000	116	70	300	4	25	19	3	1	1	6.5	7	0.928571	0	0.01	0.01	0
6000	136	70	300	4	25	18	3	0	0	5	5	1	0	0	0	0
6000	144	70	300	4	25	18	3	0	0	6	6	1	0	0	0	0
6000	264	70	300	4	25	14	3	1	0	4	4	1	0	0	0.02	0
6000	269	70	300	4	25	22	3	0	0	9	9	1	0	0	0	0
6000	275	70	300	4	25	20	3	0	0	7	7	1	0	0.01	0	0
6000	347	70	300	4	25	15	3	1	0	3	3	1	0	0	0.02	0
6000	371	70	300	4	25	16	3	0	0	6	6	1	0	0	0	0
6000	518	70	300	4	25	17	3	0	0	7	7	1	0	0	0	0
6000	573	70	300	4	25	13	3	0	0	3	3	1	0	0	0	0
6000	584	70	300	4	25	13	3	0	0	4	4	1	0	0	0	0
6000	774	70	300	4	25	20	3	0	0	9	9	1	0	0.01	0	0
6000	795	70	300	4	25	14	3	0	0	3	3	1	0	0	0	0
6000	796	70	300	4	25	18	3	0	0	6	6	1	0	0	0	0
6000	826	70	300	4	25	10	3	0	0	4	4	1	0	0	0	0
6000	827	70	300	4	25	13	3	0	0	7	7	1	0	0	0	0
6000	893	70	300	4	25	19	3	0	0	9	9	1	0	0	0	0
6000	913	70	300	4	25	14	3	0	0	4	4	1	0	0	0	0
6000	991	70	300	4	25	17	3	0	0	7	7	1	0	0	0	0
