7000	163	40	300	4	25	19	2309	3.36342	4	1	0	6	0.166667	6	0.166667	1	0.01	-2	0	0	0.02	-1.69897
7000	331	40	300	4	25	16	2267	3.35545	4	0	0	6	0.166667	6	0.166667	1	0.01	-2	0	0	0	0
7000	390	40	300	4	25	13	1234	3.09132	4	0	0	3	0.333333	3	0.333333	1	0	0	0	0	0	0
7000	558	40	300	4	25	15	2572	3.41027	4	0	0	4	0.25	4	0.25	1	0.01	-2	0	0	0	0
7000	670	40	300	4	25	16	1443	3.15927	4	0	0	5	0.2	5	0.2	1	0.01	-2	0	0	0	0
7000	712	40	300	4	25	13	1123	3.05038	4	0	0	3	0.333333	3	0.333333	1	0	0	0	0	0	0
7000	736	40	300	4	25	18	1247	3.09587	4	0	0	7	0.142857	7	0.142857	1	0.01	-2	0	0	0	0
7000	997	40	300	4	25	15	1349	3.13001	4	0	0	4	0.25	4	0.25	1	0	0	0.01	-2	0	0
7000	8	50	300	4	25	20	1175	3.07004	4	0	0	8	0.125	8	0.125	1	0	0	0	0	0	0
7000	30	50	300	4	25	17	1781	3.25066	4	1	1	6	0.166667	6	0.166667	1	0	0	0	0	0.02	-1.69897
7000	39	50	300	4	25	14	1366	3.13545	4	0	0	4	0.25	4	0.25	1	0	0	0	0	0	0
7000	45	50	300	4	25	14	2591	3.41347	4	0	0	3	0.333333	3	0.333333	1	0.01	-2	0	0	0	0
7000	60	50	300	4	25	19	3078	3.48827	4	0	0	6	0.166667	6	0.166667	1	0.01	-2	0.01	-2	0	0
7000	61	50	300	4	25	19	1365	3.13513	4	1	0	7	0.142857	7	0.142857	1	0.01	-2	0	0	0.02	-1.69897
7000	64	50	300	4	25	20	1007	3.00303	4	0	0	10	0.1	10	0.1	1	0	0	0	0	0	0
7000	81	50	300	4	25	18	3118	3.49388	4	0	0	5	0.2	5	0.2	1	0.01	-2	0	0	0	0
7000	87	50	300	4	25	13	1439	3.15806	4	0	0	4	0.25	4	0.25	1	0	0	0.01	-2	0	0
7000	119	50	300	4	25	19	1628	3.21165	4	1	0	6	0.166667	6	0.166667	1	0.01	-2	0	0	0.02	-1.69897
7000	142	50	300	4	25	18	4103	3.6131	4	0	0	4	0.25	4	0.25	1	0.03	-1.52288	0	0	0	0
7000	153	50	300	4	25	16	3779	3.57738	4	0	0	4	0.25	4	0.25	1	0.01	-2	0.01	-2	0	0
7000	156	50	300	4	25	19	1299	3.11361	4	0	0	7	0.142857	7	0.142857	1	0	0	0	0	0	0
7000	163	50	300	4	25	19	1806	3.25672	4	0	0	6	0.166667	6	0.166667	1	0.01	-2	0	0	0	0
7000	192	50	300	4	25	20	1432	3.15594	4	0	0	7	0.142857	7	0.142857	1	0	0	0.01	-2	0	0
7000	195	50	300	4	25	13	1151	3.06108	4	0	0	4	0.25	4	0.25	1	0	0	0	0	0	0
7000	199	50	300	4	25	18	1729	3.23779	4	0	0	7	0.142857	7	0.142857	1	0	0	0.01	-2	0	0
7000	208	50	300	4	25	14	1585	3.20003	4	1	0	3	0.333333	3	0.333333	1	0	0	0	0	0.03	-1.52288
7000	222	50	300	4	25	27	1484	3.17143	4	0	0	18	0.0555556	18	0.0555556	1	0.02	-1.69897	0	0	0	0
7000	223	50	300	4	25	15	2159	3.33425	4	0	0	4	0.25	4	0.25	1	0.01	-2	0	0	0	0
7000	232	50	300	4	25	13	1079	3.03302	4	0	0	4	0.25	4	0.25	1	0	0	0	0	0	0
7000	234	50	300	4	25	20	2561	3.40841	4	0	0	7	0.142857	7	0.142857	1	0.01	-2	0	0	0	0
7000	236	50	300	4	25	20	5567	3.74562	4	0	0	6	0.166667	6	0.166667	1	0.03	-1.52288	0.01	-2	0	0
7000	238	50	300	4	25	18	5039	3.70234	4	1	0	4	0.25	4	0.25	1	0.02	-1.69897	0	0	0.05	-1.30103
7000	242	50	300	4	25	17	1416	3.15106	4	0	0	4	0.25	4	0.25	1	0.01	-2	0	0	0	0
7000	243	50	300	4	25	15	1943	3.28847	4	1	0	4	0.25	4	0.25	1	0.01	-2	0	0	0.02	-1.69897
7000	286	50	300	4	25	14	1100	3.04139	4	0	0	5	0.2	5	0.2	1	0	0	0	0	0	0
7000	312	50	300	4	25	23	2881	3.45954	4	0	0	10	0.1	10	0.1	1	0.02	-1.69897	0	0	0	0
7000	315	50	300	4	25	18	3239	3.51041	4	0	0	5	0.2	5	0.2	1	0.01	-2	0.01	-2	0	0
7000	321	50	300	4	25	17	1077	3.03222	4	0	0	7	0.142857	7	0.142857	1	0	0	0	0	0	0
7000	326	50	300	4	25	16	1259	3.10003	4	0	0	5	0.2	5	0.2	1	0.01	-2	0	0	0	0
7000	331	50	300	4	25	16	3039	3.48273	4	1	0	4	0.25	4	0.25	1	0.02	-1.69897	0	0	0.03	-1.52288
7000	359	50	300	4	25	18	9721	3.98771	4	1	0	3	0.333333	3	0.333333	1	0.05	-1.30103	0.01	-2	0.09	-1.04576
7000	363	50	300	4	25	15	1423	3.1532	4	1	0	4	0.25	4	0.25	1	0	0	0	0	0.02	-1.69897
7000	376	50	300	4	25	17	1762	3.24601	4	1	1	4.2	0.238095	5	0.2	0.84	0.01	-2	0	0	0.01	-2
7000	381	50	300	4	25	15	1237	3.09237	4	0	0	4	0.25	4	0.25	1	0	0	0	0	0	0
7000	389	50	300	4	25	17	1463	3.16524	4	0	0	6	0.166667	6	0.166667	1	0.01	-2	0.01	-2	0	0
7000	390	50	300	4	25	14	2266	3.35526	4	0	0	3	0.333333	3	0.333333	1	0.03	-1.52288	0.01	-2	0	0
7000	404	50	300	4	25	22	3158	3.49941	4	0	0	10	0.1	10	0.1	1	0.01	-2	0	0	0	0
7000	419	50	300	4	25	17	3551	3.55035	4	0	0	4	0.25	4	0.25	1	0.01	-2	0.01	-2	0	0
7000	426	50	300	4	25	13	1007	3.00303	4	0	0	3	0.333333	3	0.333333	1	0	0	0	0	0	0
7000	447	50	300	4	25	16	1091	3.03782	4	0	0	6	0.166667	6	0.166667	1	0	0	0	0	0	0
7000	466	50	300	4	25	17	1789	3.25261	4	0	0	7	0.142857	7	0.142857	1	0	0	0	0	0	0
7000	480	50	300	4	25	15	1831	3.26269	4	0	0	5	0.2	5	0.2	1	0	0	0	0	0	0
7000	502	50	300	4	25	20	2743	3.43823	4	0	0	6	0.166667	6	0.166667	1	0.01	-2	0	0	0	0
7000	525	50	300	4	25	23	1228	3.0892	4	0	0	14	0.0714286	14	0.0714286	1	0	0	0	0	0	0
7000	531	50	300	4	25	18	1190	3.07555	4	0	0	9	0.111111	9	0.111111	1	0	0	0	0	0	0
7000	542	50	300	4	25	17	1584	3.19976	4	0	0	5	0.2	5	0.2	1	0	0	0	0	0	0
7000	557	50	300	4	25	15	1952	3.29048	4	0	0	3	0.333333	3	0.333333	1	0.01	-2	0	0	0	0
7000	558	50	300	4	25	13	1467	3.16643	4	0	0	3	0.333333	3	0.333333	1	0	0	0	0	0	0
7000	578	50	300	4	25	17	1345	3.12872	4	0	0	6	0.166667	6	0.166667	1	0	0	0	0	0	0
7000	579	50	300	4	25	15	1093	3.03862	4	1	0	5	0.2	5	0.2	1	0	0	0	0	0.02	-1.69897
7000	586	50	300	4	25	17	2320	3.36549	4	0	0	6	0.166667	6	0.166667	1	0.01	-2	0	0	0	0
7000	587	50	300	4	25	15	3239	3.51041	4	0	0	3	0.333333	3	0.333333	1	0.01	-2	0	0	0	0
7000	593	50	300	4	25	16	1908	3.28058	4	1	0	5	0.2	5	0.2	1	0.01	-2	0	0	0.02	-1.69897
7000	624	50	300	4	25	16	1151	3.06108	4	0	0	5	0.2	5	0.2	1	0	0	0	0	0	0
7000	632	50	300	4	25	17	2687	3.42927	4	0	0	4	0.25	4	0.25	1	0.01	-2	0.01	-2	0	0
7000	638	50	300	4	25	16	1084	3.03503	4	1	0	4	0.25	4	0.25	1	0	0	0	0	0.06	-1.22185
7000	648	50	300	4	25	14	1079	3.03302	4	1	0	4	0.25	4	0.25	1	0	0	0	0	0.02	-1.69897
7000	650	50	300	4	25	18	1638	3.21431	4	0	0	9	0.111111	9	0.111111	1	0.01	-2	0	0	0	0
7000	670	50	300	4	25	20	6641	3.82223	4	0	0	5	0.2	5	0.2	1	0.07	-1.1549	0.01	-2	0	0
7000	672	50	300	4	25	15	1188	3.07482	4	0	0	5	0.2	5	0.2	1	0	0	0	0	0	0
7000	675	50	300	4	25	13	1727	3.23729	4	0	0	3	0.333333	3	0.333333	1	0	0	0.01	-2	0	0
7000	676	50	300	4	25	18	1838	3.26435	4	1	1	4	0.25	4	0.25	1	0.01	-2	0	0	0.02	-1.69897
7000	680	50	300	4	25	25	4914	3.69144	4	0	0	8	0.125	8	0.125	1	0.03	-1.52288	0	0	0	0
7000	684	50	300	4	25	22	3574	3.55315	4	0	0	9	0.111111	9	0.111111	1	0.03	-1.52288	0	0	0	0
7000	703	50	300	4	25	13	1048	3.02036	4	0	0	3	0.333333	3	0.333333	1	0	0	0	0	0	0
7000	712	50	300	4	25	20	6785	3.83155	4	0	0	6	0.166667	6	0.166667	1	0.06	-1.22185	0	0	0	0
7000	717	50	300	4	25	17	3045	3.48359	4	0	0	3	0.333333	3	0.333333	1	0.01	-2	0	0	0	0
7000	736	50	300	4	25	24	4895	3.68975	4	0	0	7	0.142857	7	0.142857	1	0.04	-1.39794	0	0	0	0
7000	758	50	300	4	25	17	1007	3.00303	4	1	0	6	0.166667	6	0.166667	1	0	0	0	0	0.02	-1.69897
7000	775	50	300	4	25	15	1862	3.26998	4	0	0	4	0.25	4	0.25	1	0	0	0	0	0	0
7000	792	50	300	4	25	20	2489	3.39602	4	0	0	6	0.166667	6	0.166667	1	0.02	-1.69897	0	0	0	0
7000	793	50	300	4	25	17	6479	3.81151	4	0	0	4	0.25	4	0.25	1	0.03	-1.52288	0.01	-2	0	0
7000	799	50	300	4	25	16	1367	3.13577	4	0	0	5	0.2	5	0.2	1	0.01	-2	0	0	0	0
7000	800	50	300	4	25	17	3455	3.53845	4	0	0	5	0.2	5	0.2	1	0.02	-1.69897	0	0	0	0
7000	807	50	300	4	25	16	1709	3.23274	4	0	0	4	0.25	4	0.25	1	0.01	-2	0	0	0	0
7000	810	50	300	4	25	17	1565	3.19451	4	0	0	5	0.2	5	0.2	1	0.01	-2	0	0	0	0
7000	836	50	300	4	25	27	4292	3.63266	4	1	0	9	0.111111	9	0.111111	1	0.05	-1.30103	0	0	0.04	-1.39794
7000	837	50	300	4	25	14	1090	3.03743	4	1	0	4	0.25	4	0.25	1	0	0	0	0	0.02	-1.69897
7000	848	50	300	4	25	20	5511	3.74123	4	0	0	6	0.166667	6	0.166667	1	0.04	-1.39794	0	0	0	0
7000	851	50	300	4	25	18	3071	3.48728	4	0	0	5	0.2	5	0.2	1	0.01	-2	0	0	0	0
7000	853	50	300	4	25	16	1259	3.10003	4	0	0	6	0.166667	6	0.166667	1	0	0	0.01	-2	0	0
7000	854	50	300	4	25	20	1608	3.20629	4	0	0	9	0.111111	9	0.111111	1	0.01	-2	0	0	0	0
7000	862	50	300	4	25	18	2591	3.41347	4	0	0	5	0.2	5	0.2	1	0.01	-2	0	0	0	0
7000	876	50	300	4	25	14	1727	3.23729	4	0	0	3	0.333333	3	0.333333	1	0.01	-2	0	0	0	0
7000	880	50	300	4	25	15	1899	3.27852	4	0	0	5	0.2	5	0.2	1	0.01	-2	0	0	0	0
7000	890	50	300	4	25	15	1591	3.20167	4	0	0	4	0.25	4	0.25	1	0	0	0.01	-2	0	0
7000	891	50	300	4	25	18	1943	3.28847	4	0	0	5	0.2	5	0.2	1	0.01	-2	0	0	0	0
7000	916	50	300	4	25	14	2179	3.33826	4	0	0	3	0.333333	3	0.333333	1	0.01	-2	0.01	-2	0	0
7000	917	50	300	4	25	15	1295	3.11227	4	1	0	5	0.2	5	0.2	1	0	0	0	0	0.02	-1.69897
7000	921	50	300	4	25	16	1323	3.12156	4	0	0	6	0.166667	6	0.166667	1	0	0	0	0	0	0
7000	936	50	300	4	25	16	1493	3.17406	4	0	0	5	0.2	5	0.2	1	0	0	0	0	0	0
7000	956	50	300	4	25	25	4199	3.62315	4	1	0	9	0.111111	9	0.111111	1	0.04	-1.39794	0.01	-2	0.03	-1.52288
7000	957	50	300	4	25	13	1295	3.11227	4	1	0	3	0.333333	3	0.333333	1	0	0	0	0	0.03	-1.52288
7000	963	50	300	4	25	20	1633	3.21299	4	0	0	7	0.142857	7	0.142857	1	0.01	-2	0	0	0	0
7000	964	50	300	4	25	21	2388	3.37803	4	0	0	8	0.125	8	0.125	1	0.01	-2	0	0	0	0
7000	983	50	300	4	25	13	1079	3.03302	4	0	0	4	0.25	4	0.25	1	0	0	0	0	0	0
7000	985	50	300	4	25	18	2799	3.447	4	0	0	5	0.2	5	0.2	1	0.01	-2	0	0	0	0
7000	992	50	300	4	25	14	1511	3.17926	4	1	0	3	0.333333	3	0.333333	1	0	0	0	0	0.02	-1.69897
7000	995	50	300	4	25	20	3300	3.51851	4	0	0	6	0.166667	6	0.166667	1	0.02	-1.69897	0	0	0	0
7000	2	60	300	4	25	19	2619	3.41814	4	1	0	5	0.2	5	0.2	1	0.02	-1.69897	0	0	0.03	-1.52288
7000	5	60	300	4	25	18	1015	3.00647	4	0	0	10	0.1	10	0.1	1	0	0	0	0	0	0
7000	6	60	300	4	25	18	2999	3.47698	4	0	0	4	0.25	4	0.25	1	0.02	-1.69897	0	0	0	0
7000	8	60	300	4	25	25	4466	3.64992	4	0	0	11	0.0909091	11	0.0909091	1	0.03	-1.52288	0	0	0	0
7000	9	60	300	4	25	17	1503	3.17696	4	0	0	6	0.166667	6	0.166667	1	0.01	-2	0	0	0	0
7000	14	60	300	4	25	18	2111	3.32449	4	0	0	5	0.2	5	0.2	1	0.01	-2	0	0	0	0
7000	17	60	300	4	25	28	5346	3.72803	4	1	0	10	0.1	10	0.1	1	0.05	-1.30103	0	0	0.06	-1.22185
7000	18	60	300	4	25	18	1649	3.21722	4	0	0	6	0.166667	6	0.166667	1	0.01	-2	0	0	0	0
7000	19	60	300	4	25	18	5351	3.72843	4	0	0	5	0.2	5	0.2	1	0.03	-1.52288	0	0	0	0
7000	21	60	300	4	25	18	1411	3.14953	4	0	0	7	0.142857	7	0.142857	1	0.01	-2	0	0	0	0
7000	24	60	300	4	25	15	2333	3.36791	4	0	0	3	0.333333	3	0.333333	1	0.01	-2	0	0	0	0
7000	25	60	300	4	25	20	3058	3.48544	4	1	0	5	0.2	5	0.2	1	0.01	-2	0.01	-2	0.03	-1.52288
7000	28	60	300	4	25	19	9719	3.98762	4	0	0	5	0.2	5	0.2	1	0.07	-1.1549	0.01	-2	0	0
7000	29	60	300	4	25	15	1081	3.03383	4	0	0	4	0.25	4	0.25	1	0	0	0	0	0	0
7000	30	60	300	4	25	19	3325	3.52179	4	1	1	5.5	0.181818	6	0.166667	0.916667	0.01	-2	0	0	0.04	-1.39794
7000	34	60	300	4	25	19	3109	3.49262	4	0	0	7	0.142857	7	0.142857	1	0.02	-1.69897	0	0	0	0
7000	35	60	300	4	25	21	1279	3.10687	4	0	0	10	0.1	10	0.1	1	0	0	0	0	0.01	-2
7000	36	60	300	4	25	17	1706	3.23198	4	0	0	5	0.2	5	0.2	1	0.01	-2	0	0	0	0
7000	39	60	300	4	25	14	2513	3.40019	4	0	0	4	0.25	4	0.25	1	0.01	-2	0	0	0	0
7000	43	60	300	4	25	17	1439	3.15806	4	0	0	5	0.2	5	0.2	1	0	0	0.01	-2	0	0
7000	45	60	300	4	25	18	3781	3.57761	4	1	1	5	0.2	5	0.2	1	0.01	-2	0.01	-2	0.03	-1.52288
7000	47	60	300	4	25	15	3761	3.5753	4	0	0	3	0.333333	3	0.333333	1	0.01	-2	0	0	0	0
7000	50	60	300	4	25	25	7431	3.87105	4	1	0	8	0.125	8	0.125	1	0.06	-1.22185	0	0	0.08	-1.09691
7000	51	60	300	4	25	12	1295	3.11227	4	1	0	2	0.5	2	0.5	1	0	0	0	0	0.02	-1.69897
7000	54	60	300	4	25	16	1133	3.05423	4	0	0	6	0.166667	6	0.166667	1	0	0	0	0	0	0
7000	60	60	300	4	25	20	4965	3.69592	4	0	0	6	0.166667	6	0.166667	1	0.02	-1.69897	0.01	-2	0	0
7000	61	60	300	4	25	21	6610	3.8202	4	0	0	6	0.166667	6	0.166667	1	0.04	-1.39794	0	0	0	0
7000	62	60	300	4	25	16	1484	3.17143	4	1	0	4	0.25	4	0.25	1	0	0	0	0	0.02	-1.69897
7000	64	60	300	4	25	25	5329	3.72665	4	0	0	10	0.1	10	0.1	1	0.04	-1.39794	0.01	-2	0	0
7000	66	60	300	4	25	13	1735	3.2393	4	0	0	3	0.333333	3	0.333333	1	0	0	0	0	0	0
7000	67	60	300	4	25	13	1088	3.03663	4	0	0	3	0.333333	3	0.333333	1	0	0	0	0	0	0
7000	69	60	300	4	25	19	4191	3.62232	4	0	0	5	0.2	5	0.2	1	0.02	-1.69897	0	0	0	0
7000	75	60	300	4	25	15	1335	3.12548	4	0	0	4	0.25	4	0.25	1	0	0	0	0	0	0
7000	77	60	300	4	25	18	5759	3.76035	4	0	0	5	0.2	5	0.2	1	0.05	-1.30103	0	0	0	0
7000	78	60	300	4	25	19	3869	3.5876	4	0	0	6	0.166667	6	0.166667	1	0.03	-1.52288	0	0	0	0
7000	80	60	300	4	25	21	3504	3.54456	4	0	0	5	0.2	5	0.2	1	0.02	-1.69897	0	0	0	0
7000	81	60	300	4	25	22	7990	3.90255	4	0	0	5	0.2	5	0.2	1	0.04	-1.39794	0	0	0	0
7000	82	60	300	4	25	16	1449	3.16107	4	0	0	5	0.2	5	0.2	1	0	0	0.01	-2	0	0
7000	83	60	300	4	25	20	4350	3.63849	4	1	0	5	0.2	5	0.2	1	0.03	-1.52288	0	0	0.04	-1.39794
7000	84	60	300	4	25	19	2495	3.39707	4	0	0	6	0.166667	6	0.166667	1	0.01	-2	0	0	0	0
7000	85	60	300	4	25	20	3299	3.51838	4	0	0	5	0.2	5	0.2	1	0.02	-1.69897	0	0	0	0
7000	87	60	300	4	25	13	3455	3.53845	4	0	0	2	0.5	2	0.5	1	0.02	-1.69897	0	0	0	0
7000	88	60	300	4	25	29	4996	3.69862	4	1	0	8	0.125	8	0.125	1	0.04	-1.39794	0.01	-2	0.04	-1.39794
7000	91	60	300	4	25	20	7793	3.8917	4	0	0	6	0.166667	6	0.166667	1	0.03	-1.52288	0.01	-2	0	0
7000	92	60	300	4	25	16	1837	3.26411	4	0	0	5	0.2	5	0.2	1	0.01	-2	0	0	0	0
7000	94	60	300	4	25	16	1151	3.06108	4	0	0	5	0.2	5	0.2	1	0	0	0.01	-2	0	0
7000	95	60	300	4	25	20	1259	3.10003	4	1	1	9	0.111111	9	0.111111	1	0	0	0	0	0.01	-2
7000	96	60	300	4	25	19	2879	3.45924	4	0	0	7	0.142857	7	0.142857	1	0.02	-1.69897	0	0	0	0
7000	98	60	300	4	25	16	2736	3.43712	4	0	0	4	0.25	4	0.25	1	0.01	-2	0	0	0	0
7000	100	60	300	4	25	13	1660	3.22011	4	1	0	3	0.333333	3	0.333333	1	0.01	-2	0	0	0.01	-2
7000	103	60	300	4	25	21	4367	3.64018	4	0	0	6	0.166667	6	0.166667	1	0.02	-1.69897	0	0	0	0
7000	109	60	300	4	25	19	2591	3.41347	4	1	0	6	0.166667	6	0.166667	1	0.01	-2	0	0	0.03	-1.52288
7000	111	60	300	4	25	18	2664	3.42553	4	0	0	4	0.25	4	0.25	1	0.01	-2	0	0	0	0
7000	115	60	300	4	25	19	4627	3.6653	4	1	1	4.5	0.222222	5	0.2	0.9	0.04	-1.39794	0	0	0.05	-1.30103
7000	117	60	300	4	25	17	2015	3.30428	4	0	0	5	0.2	5	0.2	1	0.01	-2	0.01	-2	0	0
7000	118	60	300	4	25	20	1647	3.21669	4	0	0	9	0.111111	9	0.111111	1	0	0	0	0	0	0
7000	119	60	300	4	25	18	1144	3.05843	4	0	0	5	0.2	5	0.2	1	0	0	0.01	-2	0	0
7000	121	60	300	4	25	14	1215	3.08458	4	0	0	3	0.333333	3	0.333333	1	0	0	0	0	0	0
7000	123	60	300	4	25	19	2969	3.47261	4	1	0	6	0.166667	6	0.166667	1	0.01	-2	0	0	0.02	-1.69897
7000	124	60	300	4	25	21	1030	3.01284	4	0	0	12	0.0833333	12	0.0833333	1	0	0	0.01	-2	0	0
7000	125	60	300	4	25	15	1744	3.24155	4	1	0	4	0.25	4	0.25	1	0	0	0	0	0.03	-1.52288
7000	128	60	300	4	25	24	2952	3.47012	4	0	0	8	0.125	8	0.125	1	0.03	-1.52288	0	0	0	0
7000	129	60	300	4	25	22	3944	3.59594	4	0	0	7	0.142857	7	0.142857	1	0.02	-1.69897	0.01	-2	0	0
7000	132	60	300	4	25	17	1203	3.08027	4	0	0	5	0.2	5	0.2	1	0	0	0	0	0	0
7000	134	60	300	4	25	17	2111	3.32449	4	1	0	5	0.2	5	0.2	1	0.01	-2	0	0	0.03	-1.52288
7000	140	60	300	4	25	21	5039	3.70234	4	0	0	6	0.166667	6	0.166667	1	0.04	-1.39794	0	0	0	0
7000	142	60	300	4	25	17	3224	3.5084	4	1	0	4	0.25	4	0.25	1	0.02	-1.69897	0	0	0.03	-1.52288
7000	145	60	300	4	25	19	1477	3.16938	4	1	0	6	0.166667	6	0.166667	1	0	0	0	0	0.03	-1.52288
7000	147	60	300	4	25	21	8805	3.94473	4	0	0	4	0.25	4	0.25	1	0.05	-1.30103	0.02	-1.69897	0	0
7000	150	60	300	4	25	15	2476	3.39375	4	0	0	6	0.166667	6	0.166667	1	0.01	-2	0	0	0	0
7000	153	60	300	4	25	18	3522	3.54679	4	0	0	5	0.2	5	0.2	1	0.01	-2	0.01	-2	0	0
7000	155	60	300	4	25	20	4708	3.67284	4	0	0	6	0.166667	6	0.166667	1	0.03	-1.52288	0	0	0	0
7000	156	60	300	4	25	19	2458	3.39058	4	0	0	6	0.166667	6	0.166667	1	0.01	-2	0	0	0	0
7000	157	60	300	4	25	19	1862	3.26998	4	0	0	6	0.166667	6	0.166667	1	0.01	-2	0	0	0	0
7000	158	60	300	4	25	18	2477	3.39393	4	1	0	6	0.166667	6	0.166667	1	0.01	-2	0	0	0.02	-1.69897
7000	160	60	300	4	25	22	5830	3.76567	4	0	0	6	0.166667	6	0.166667	1	0.04	-1.39794	0.01	-2	0	0
7000	161	60	300	4	25	17	1022	3.00945	4	1	1	4.5	0.222222	5	0.2	0.9	0	0	0	0	0.04	-1.39794
7000	162	60	300	4	25	23	4965	3.69592	4	0	0	7	0.142857	7	0.142857	1	0.03	-1.52288	0	0	0	0
7000	163	60	300	4	25	20	4667	3.66904	4	0	0	5	0.2	5	0.2	1	0.04	-1.39794	0.01	-2	0	0
7000	165	60	300	4	25	23	5168	3.71332	4	0	0	7	0.142857	7	0.142857	1	0.03	-1.52288	0	0	0	0
7000	169	60	300	4	25	22	5356	3.72884	4	1	0	8	0.125	8	0.125	1	0.04	-1.39794	0	0	0.05	-1.30103
7000	170	60	300	4	25	17	4405	3.64395	4	1	0	4	0.25	4	0.25	1	0.02	-1.69897	0	0	0.04	-1.39794
7000	171	60	300	4	25	22	4929	3.69276	4	0	0	7	0.142857	7	0.142857	1	0.04	-1.39794	0.01	-2	0	0
7000	174	60	300	4	25	19	1702	3.23096	4	0	0	9	0.111111	9	0.111111	1	0	0	0	0	0	0
7000	178	60	300	4	25	18	2419	3.38364	4	0	0	6	0.166667	6	0.166667	1	0.02	-1.69897	0	0	0	0
7000	179	60	300	4	25	14	1079	3.03302	4	0	0	4	0.25	4	0.25	1	0	0	0	0	0	0
7000	181	60	300	4	25	16	1032	3.01368	4	1	0	5	0.2	5	0.2	1	0	0	0	0	0.01	-2
7000	183	60	300	4	25	17	1609	3.20656	4	0	0	6	0.166667	6	0.166667	1	0.01	-2	0	0	0	0
7000	185	60	300	4	25	14	1174	3.06967	4	0	0	4	0.25	4	0.25	1	0.01	-2	0	0	0	0
7000	188	60	300	4	25	14	2065	3.31492	4	0	0	3	0.333333	3	0.333333	1	0	0	0.01	-2	0	0
7000	190	60	300	4	25	19	1799	3.25503	4	0	0	9	0.111111	9	0.111111	1	0.01	-2	0	0	0	0
7000	192	60	300	4	25	22	1799	3.25503	4	0	0	9	0.111111	9	0.111111	1	0.01	-2	0	0	0	0
7000	194	60	300	4	25	21	1438	3.15776	4	1	0	10	0.1	10	0.1	1	0	0	0	0	0.02	-1.69897
7000	196	60	300	4	25	17	6216	3.79351	4	1	0	3	0.333333	3	0.333333	1	0.03	-1.52288	0	0	0.08	-1.09691
7000	198	60	300	4	25	17	1698	3.22994	4	0	0	5	0.2	5	0.2	1	0	0	0.01	-2	0	0
7000	199	60	300	4	25	20	3507	3.54494	4	1	0	6	0.166667	6	0.166667	1	0.02	-1.69897	0	0	0.04	-1.39794
7000	200	60	300	4	25	18	5651	3.75213	4	0	0	4	0.25	4	0.25	1	0.04	-1.39794	0.01	-2	0	0
7000	203	60	300	4	25	17	1844	3.26576	4	0	0	5	0.2	5	0.2	1	0	0	0.01	-2	0	0
7000	210	60	300	4	25	16	2060	3.31387	4	0	0	5	0.2	5	0.2	1	0.01	-2	0	0	0	0
7000	211	60	300	4	25	22	4310	3.63448	4	0	0	9	0.111111	9	0.111111	1	0.05	-1.30103	0	0	0	0
7000	212	60	300	4	25	16	1305	3.11561	4	0	0	6	0.166667	6	0.166667	1	0.01	-2	0	0	0	0
7000	216	60	300	4	25	17	1023	3.00988	4	0	0	7	0.142857	7	0.142857	1	0	0	0	0	0	0
7000	218	60	300	4	25	23	1486	3.17202	4	0	0	9	0.111111	9	0.111111	1	0.01	-2	0	0	0	0
7000	219	60	300	4	25	26	6753	3.8295	4	0	0	9	0.111111	9	0.111111	1	0.06	-1.22185	0.01	-2	0	0
7000	220	60	300	4	25	26	4465	3.64982	4	0	0	10	0.1	10	0.1	1	0.02	-1.69897	0	0	0	0
7000	221	60	300	4	25	20	3242	3.51081	4	1	0	7	0.142857	7	0.142857	1	0.01	-2	0.01	-2	0.04	-1.39794
7000	223	60	300	4	25	22	6042	3.78118	4	1	0	8	0.125	8	0.125	1	0.05	-1.30103	0.01	-2	0.06	-1.22185
7000	225	60	300	4	25	21	2145	3.33143	4	0	0	8	0.125	8	0.125	1	0.01	-2	0.01	-2	0	0
7000	227	60	300	4	25	22	5584	3.74695	4	0	0	7	0.142857	7	0.142857	1	0.04	-1.39794	0	0	0	0
7000	232	60	300	4	25	14	1515	3.18041	4	1	1	4	0.25	4	0.25	1	0	0	0	0	0.02	-1.69897
7000	233	60	300	4	25	17	3199	3.50501	4	0	0	4	0.25	4	0.25	1	0.02	-1.69897	0	0	0	0
7000	238	60	300	4	25	19	8524	3.93064	4	1	0	5	0.2	5	0.2	1	0.08	-1.09691	0.02	-1.69897	0.09	-1.04576
7000	239	60	300	4	25	15	1007	3.00303	4	0	0	6	0.166667	6	0.166667	1	0	0	0	0	0	0
7000	246	60	300	4	25	21	2254	3.35295	4	0	0	9	0.111111	9	0.111111	1	0.01	-2	0	0	0	0
7000	247	60	300	4	25	17	1759	3.24527	4	0	0	5	0.2	5	0.2	1	0.01	-2	0	0	0	0
7000	249	60	300	4	25	17	1992	3.29929	4	0	0	5	0.2	5	0.2	1	0.01	-2	0.01	-2	0	0
7000	251	60	300	4	25	15	2591	3.41347	4	0	0	3	0.333333	3	0.333333	1	0.01	-2	0	0	0	0
7000	255	60	300	4	25	20	8168	3.91212	4	0	0	5	0.2	5	0.2	1	0.06	-1.22185	0.01	-2	0	0
7000	256	60	300	4	25	23	2858	3.45606	4	0	0	7	0.142857	7	0.142857	1	0.02	-1.69897	0	0	0	0
7000	257	60	300	4	25	18	3144	3.49748	4	0	0	6	0.166667	6	0.166667	1	0.01	-2	0	0	0	0
7000	259	60	300	4	25	18	3129	3.49541	4	0	0	5	0.2	5	0.2	1	0.01	-2	0.01	-2	0	0
7000	265	60	300	4	25	19	2388	3.37803	4	0	0	7	0.142857	7	0.142857	1	0.01	-2	0.01	-2	0	0
7000	268	60	300	4	25	19	4145	3.61752	4	0	0	6	0.166667	6	0.166667	1	0.02	-1.69897	0	0	0	0
7000	270	60	300	4	25	19	4072	3.60981	4	1	0	5	0.2	5	0.2	1	0.03	-1.52288	0	0	0.03	-1.52288
7000	278	60	300	4	25	15	1115	3.04727	4	1	0	5	0.2	5	0.2	1	0	0	0	0	0.02	-1.69897
7000	280	60	300	4	25	29	6166	3.79	4	0	0	12	0.0833333	12	0.0833333	1	0.05	-1.30103	0.01	-2	0	0
7000	282	60	300	4	25	16	1137	3.05576	4	0	0	6	0.166667	6	0.166667	1	0.01	-2	0	0	0	0
7000	286	60	300	4	25	21	3300	3.51851	4	1	0	7	0.142857	7	0.142857	1	0.02	-1.69897	0	0	0.04	-1.39794
7000	287	60	300	4	25	20	1799	3.25503	4	0	0	10	0.1	10	0.1	1	0.01	-2	0	0	0	0
7000	288	60	300	4	25	21	5229	3.71842	4	1	0	6	0.166667	6	0.166667	1	0.02	-1.69897	0.01	-2	0.05	-1.30103
7000	289	60	300	4	25	14	1103	3.04258	4	1	0	5	0.2	5	0.2	1	0	0	0	0	0.02	-1.69897
7000	292	60	300	4	25	24	9315	3.96918	4	0	0	8	0.125	8	0.125	1	0.06	-1.22185	0	0	0	0
7000	294	60	300	4	25	21	1403	3.14706	4	0	0	11	0.0909091	11	0.0909091	1	0.01	-2	0	0	0	0
7000	299	60	300	4	25	18	6632	3.82164	4	1	0	5	0.2	5	0.2	1	0.04	-1.39794	0	0	0.08	-1.09691
7000	300	60	300	4	25	14	1044	3.0187	4	0	0	5	0.2	5	0.2	1	0	0	0	0	0	0
7000	301	60	300	4	25	18	4804	3.6816	4	1	0	4	0.25	4	0.25	1	0.02	-1.69897	0	0	0.04	-1.39794
7000	304	60	300	4	25	17	1403	3.14706	4	0	0	7	0.142857	7	0.142857	1	0.01	-2	0	0	0	0
7000	307	60	300	4	25	14	1727	3.23729	4	0	0	4	0.25	4	0.25	1	0.01	-2	0	0	0	0
7000	309	60	300	4	25	20	7652	3.88377	4	1	0	5	0.2	5	0.2	1	0.06	-1.22185	0	0	0.08	-1.09691
7000	311	60	300	4	25	17	1207	3.08171	4	0	0	5	0.2	5	0.2	1	0	0	0	0	0	0
7000	314	60	300	4	25	22	4458	3.64914	4	0	0	6	0.166667	6	0.166667	1	0.04	-1.39794	0	0	0	0
7000	315	60	300	4	25	18	3071	3.48728	4	0	0	5	0.2	5	0.2	1	0.01	-2	0	0	0	0
7000	317	60	300	4	25	16	1132	3.05385	4	0	0	5	0.2	5	0.2	1	0	0	0	0	0	0
7000	321	60	300	4	25	22	6474	3.81117	4	0	0	6	0.166667	6	0.166667	1	0.03	-1.52288	0.01	-2	0	0
7000	322	60	300	4	25	20	1972	3.29491	4	0	0	8	0.125	8	0.125	1	0.01	-2	0	0	0	0
7000	323	60	300	4	25	16	1344	3.1284	4	1	0	6	0.166667	6	0.166667	1	0	0	0.01	-2	0.01	-2
7000	324	60	300	4	25	19	7530	3.87679	4	0	0	5	0.2	5	0.2	1	0.04	-1.39794	0.01	-2	0	0
7000	326	60	300	4	25	19	4616	3.66427	4	0	0	5	0.2	5	0.2	1	0.02	-1.69897	0.01	-2	0	0
7000	327	60	300	4	25	19	3520	3.54654	4	1	0	5	0.2	5	0.2	1	0.02	-1.69897	0	0	0.03	-1.52288
7000	328	60	300	4	25	15	3887	3.58961	4	0	0	3	0.333333	3	0.333333	1	0.01	-2	0.01	-2	0	0
7000	329	60	300	4	25	20	1387	3.14208	4	0	0	10	0.1	10	0.1	1	0	0	0.01	-2	0	0
7000	330	60	300	4	25	18	2879	3.45924	4	0	0	5	0.2	5	0.2	1	0.01	-2	0	0	0	0
7000	336	60	300	4	25	18	8654	3.93722	4	1	1	3.5	0.285714	4	0.25	0.875	0.05	-1.30103	0	0	0.2	-0.69897
7000	338	60	300	4	25	21	8368	3.92262	4	0	0	7	0.142857	7	0.142857	1	0.06	-1.22185	0.01	-2	0	0
7000	340	60	300	4	25	22	7297	3.86314	4	0	0	9	0.111111	9	0.111111	1	0.07	-1.1549	0	0	0	0
7000	341	60	300	4	25	16	1016	3.00689	4	0	0	6	0.166667	6	0.166667	1	0	0	0	0	0	0
7000	342	60	300	4	25	18	6143	3.78838	4	0	0	4	0.25	4	0.25	1	0.03	-1.52288	0	0	0	0
7000	343	60	300	4	25	18	2567	3.40943	4	0	0	7	0.142857	7	0.142857	1	0.01	-2	0	0	0	0
7000	344	60	300	4	25	16	1199	3.07882	4	0	0	4	0.25	4	0.25	1	0.01	-2	0	0	0	0
7000	345	60	300	4	25	18	3754	3.57449	4	0	0	7	0.142857	7	0.142857	1	0.02	-1.69897	0	0	0	0
7000	349	60	300	4	25	19	1756	3.24452	4	0	0	5	0.2	5	0.2	1	0.01	-2	0	0	0	0
7000	351	60	300	4	25	16	2093	3.32077	4	0	0	5	0.2	5	0.2	1	0.01	-2	0	0	0	0
7000	356	60	300	4	25	17	3538	3.54876	4	0	0	5	0.2	5	0.2	1	0.02	-1.69897	0	0	0	0
7000	357	60	300	4	25	17	1361	3.13386	4	1	1	5	0.2	5	0.2	1	0	0	0	0	0.02	-1.69897
7000	360	60	300	4	25	17	1380	3.13988	4	0	0	7	0.142857	7	0.142857	1	0.01	-2	0	0	0	0
7000	361	60	300	4	25	14	1058	3.02449	4	0	0	4	0.25	4	0.25	1	0	0	0	0	0	0
7000	363	60	300	4	25	15	1222	3.08707	4	1	1	4	0.25	4	0.25	1	0	0	0	0	0.01	-2
7000	368	60	300	4	25	21	5340	3.72754	4	1	0	5	0.2	5	0.2	1	0.03	-1.52288	0.01	-2	0.05	-1.30103
7000	369	60	300	4	25	14	2303	3.36229	4	0	0	3	0.333333	3	0.333333	1	0.01	-2	0	0	0	0
7000	375	60	300	4	25	19	2568	3.4096	4	0	0	6	0.166667	6	0.166667	1	0.02	-1.69897	0	0	0	0
7000	377	60	300	4	25	22	6865	3.83664	4	0	0	8	0.125	8	0.125	1	0.13	-0.886057	0.02	-1.69897	0	0
7000	379	60	300	4	25	23	3414	3.53326	4	1	0	7	0.142857	7	0.142857	1	0.02	-1.69897	0	0	0.04	-1.39794
7000	381	60	300	4	25	14	1971	3.29469	4	1	1	2.75	0.363636	3	0.333333	0.916667	0.01	-2	0	0	0.03	-1.52288
7000	383	60	300	4	25	16	1493	3.17406	4	0	0	5	0.2	5	0.2	1	0	0	0	0	0	0
7000	384	60	300	4	25	17	1481	3.17056	4	0	0	6	0.166667	6	0.166667	1	0	0	0	0	0	0
7000	385	60	300	4	25	24	5802	3.76358	4	0	0	9	0.111111	9	0.111111	1	0.04	-1.39794	0	0	0	0
7000	386	60	300	4	25	22	1459	3.16406	4	0	0	11	0.0909091	11	0.0909091	1	0.01	-2	0	0	0	0
7000	387	60	300	4	25	20	6766	3.83033	4	0	0	4	0.25	4	0.25	1	0.04	-1.39794	0.01	-2	0	0
7000	389	60	300	4	25	22	7691	3.88598	4	1	0	7	0.142857	7	0.142857	1	0.06	-1.22185	0.01	-2	0.07	-1.1549
7000	392	60	300	4	25	14	1609	3.20656	4	0	0	3	0.333333	3	0.333333	1	0	0	0	0	0	0
7000	393	60	300	4	25	14	1511	3.17926	4	1	0	3	0.333333	3	0.333333	1	0	0	0	0	0.02	-1.69897
7000	394	60	300	4	25	16	2935	3.46761	4	0	0	4	0.25	4	0.25	1	0.01	-2	0	0	0	0
7000	399	60	300	4	25	18	3516	3.54605	4	0	0	6	0.166667	6	0.166667	1	0.01	-2	0.01	-2	0	0
7000	403	60	300	4	25	17	1087	3.03623	4	0	0	8	0.125	8	0.125	1	0	0	0	0	0	0
7000	405	60	300	4	25	17	2279	3.35774	4	0	0	5	0.2	5	0.2	1	0.01	-2	0	0	0	0
7000	408	60	300	4	25	20	3695	3.56761	4	1	0	6	0.166667	6	0.166667	1	0.02	-1.69897	0.01	-2	0.04	-1.39794
7000	410	60	300	4	25	14	1327	3.12287	4	1	0	3	0.333333	3	0.333333	1	0	0	0	0	0.02	-1.69897
7000	411	60	300	4	25	19	2253	3.35276	4	0	0	6	0.166667	6	0.166667	1	0.01	-2	0	0	0	0
7000	414	60	300	4	25	16	1835	3.26364	4	0	0	6	0.166667	6	0.166667	1	0.01	-2	0	0	0	0
7000	416	60	300	4	25	19	1354	3.13162	4	1	1	7	0.142857	7	0.142857	1	0.01	-2	0	0	0.01	-2
7000	417	60	300	4	25	17	1565	3.19451	4	0	0	5	0.2	5	0.2	1	0.01	-2	0	0	0	0
7000	419	60	300	4	25	21	7900	3.89763	4	0	0	5	0.2	5	0.2	1	0.03	-1.52288	0.01	-2	0	0
7000	420	60	300	4	25	19	3967	3.59846	4	0	0	7	0.142857	7	0.142857	1	0.03	-1.52288	0	0	0	0
7000	421	60	300	4	25	15	1018	3.00775	4	1	0	4	0.25	4	0.25	1	0	0	0	0	0.01	-2
7000	422	60	300	4	25	19	1630	3.21219	4	1	0	5	0.2	5	0.2	1	0.01	-2	0	0	0.02	-1.69897
7000	425	60	300	4	25	20	2113	3.3249	4	0	0	6	0.166667	6	0.166667	1	0.01	-2	0	0	0	0
7000	426	60	300	4	25	16	1597	3.2033	4	0	0	7	0.142857	7	0.142857	1	0.01	-2	0	0	0	0
7000	431	60	300	4	25	21	1271	3.10415	4	0	0	10	0.1	10	0.1	1	0.01	-2	0	0	0	0
7000	437	60	300	4	25	17	1799	3.25503	4	1	0	5	0.2	5	0.2	1	0.01	-2	0	0	0.02	-1.69897
7000	440	60	300	4	25	15	2879	3.45924	4	0	0	4	0.25	4	0.25	1	0.01	-2	0.01	-2	0	0
7000	441	60	300	4	25	14	1043	3.01828	4	0	0	5	0.2	5	0.2	1	0	0	0	0	0	0
7000	442	60	300	4	25	15	1300	3.11394	4	0	0	4	0.25	4	0.25	1	0	0	0	0	0	0
7000	444	60	300	4	25	20	2317	3.36493	4	0	0	8	0.125	8	0.125	1	0.01	-2	0.01	-2	0	0
7000	446	60	300	4	25	16	1619	3.20925	4	1	0	5	0.2	5	0.2	1	0.01	-2	0	0	0.02	-1.69897
7000	447	60	300	4	25	17	1769	3.24773	4	0	0	6	0.166667	6	0.166667	1	0.01	-2	0	0	0	0
7000	452	60	300	4	25	14	2267	3.35545	4	0	0	3	0.333333	3	0.333333	1	0.01	-2	0	0	0	0
7000	457	60	300	4	25	22	3300	3.51851	4	0	0	7	0.142857	7	0.142857	1	0.02	-1.69897	0	0	0	0
7000	458	60	300	4	25	17	2591	3.41347	4	0	0	5	0.2	5	0.2	1	0.01	-2	0	0	0	0
7000	463	60	300	4	25	18	4869	3.68744	4	1	0	4	0.25	4	0.25	1	0.02	-1.69897	0.01	-2	0.05	-1.30103
7000	464	60	300	4	25	18	2124	3.32715	4	0	0	5	0.2	5	0.2	1	0.01	-2	0	0	0	0
7000	466	60	300	4	25	21	3552	3.55047	4	0	0	8	0.125	8	0.125	1	0.01	-2	0	0	0	0
7000	468	60	300	4	25	17	1679	3.22505	4	0	0	6	0.166667	6	0.166667	1	0.01	-2	0.01	-2	0	0
7000	470	60	300	4	25	15	1535	3.18611	4	1	0	4	0.25	4	0.25	1	0.01	-2	0	0	0.02	-1.69897
7000	471	60	300	4	25	23	2837	3.45286	4	0	0	6	0.166667	6	0.166667	1	0.02	-1.69897	0.01	-2	0	0
7000	475	60	300	4	25	20	2385	3.37749	4	1	1	5.75	0.173913	6	0.166667	0.958333	0.01	-2	0	0	0.03	-1.52288
7000	476	60	300	4	25	20	2981	3.47436	4	0	0	6	0.166667	6	0.166667	1	0.02	-1.69897	0.01	-2	0	0
7000	477	60	300	4	25	21	4394	3.64286	4	1	0	6	0.166667	6	0.166667	1	0.02	-1.69897	0.01	-2	0.04	-1.39794
7000	478	60	300	4	25	17	3060	3.48572	4	0	0	6	0.166667	6	0.166667	1	0.09	-1.04576	0	0	0	0
7000	479	60	300	4	25	17	1709	3.23274	4	0	0	7	0.142857	7	0.142857	1	0.01	-2	0	0	0	0
7000	480	60	300	4	25	13	1679	3.22505	4	1	0	3	0.333333	3	0.333333	1	0	0	0.01	-2	0.01	-2
7000	486	60	300	4	25	15	1011	3.00475	4	0	0	5	0.2	5	0.2	1	0	0	0	0	0	0
7000	488	60	300	4	25	13	1367	3.13577	4	0	0	3	0.333333	3	0.333333	1	0	0	0	0	0	0
7000	489	60	300	4	25	14	1919	3.28307	4	0	0	4	0.25	4	0.25	1	0.01	-2	0	0	0	0
7000	491	60	300	4	25	15	1039	3.01662	4	0	0	4	0.25	4	0.25	1	0	0	0	0	0	0
7000	495	60	300	4	25	15	1750	3.24304	4	1	0	4	0.25	4	0.25	1	0.01	-2	0	0	0.02	-1.69897
7000	498	60	300	4	25	21	4913	3.69135	4	0	0	8	0.125	8	0.125	1	0.02	-1.69897	0	0	0	0
7000	499	60	300	4	25	18	1302	3.11461	4	1	0	6	0.166667	6	0.166667	1	0	0	0.01	-2	0.01	-2
7000	500	60	300	4	25	16	1139	3.05652	4	0	0	5	0.2	5	0.2	1	0	0	0	0	0	0
7000	503	60	300	4	25	16	1889	3.27623	4	0	0	4	0.25	4	0.25	1	0.01	-2	0	0	0	0
7000	506	60	300	4	25	20	5999	3.77808	4	0	0	5	0.2	5	0.2	1	0.03	-1.52288	0	0	0	0
7000	507	60	300	4	25	18	2573	3.41044	4	0	0	6	0.166667	6	0.166667	1	0.01	-2	0	0	0	0
7000	509	60	300	4	25	18	7274	3.86177	4	0	0	4	0.25	4	0.25	1	0.04	-1.39794	0	0	0	0
7000	514	60	300	4	25	16	1419	3.15198	4	0	0	5	0.2	5	0.2	1	0.01	-2	0	0	0	0
7000	515	60	300	4	25	20	1217	3.08529	4	0	0	5	0.2	5	0.2	1	0.01	-2	0	0	0	0
7000	520	60	300	4	25	18	1685	3.2266	4	0	0	6	0.166667	6	0.166667	1	0.01	-2	0	0	0	0
7000	522	60	300	4	25	17	2159	3.33425	4	0	0	5	0.2	5	0.2	1	0.01	-2	0	0	0	0
7000	523	60	300	4	25	18	1739	3.2403	4	0	0	7	0.142857	7	0.142857	1	0.01	-2	0	0	0	0
7000	524	60	300	4	25	21	1941	3.28803	4	0	0	7	0.142857	7	0.142857	1	0.01	-2	0	0	0	0
7000	525	60	300	4	25	27	9984	3.9993	4	0	0	12	0.0833333	12	0.0833333	1	0.09	-1.04576	0	0	0	0
7000	527	60	300	4	25	17	3863	3.58692	4	0	0	4	0.25	4	0.25	1	0.01	-2	0	0	0	0
7000	536	60	300	4	25	23	3375	3.52827	4	1	0	10	0.1	10	0.1	1	0.01	-2	0	0	0.03	-1.52288
7000	549	60	300	4	25	17	1821	3.26031	4	0	0	5	0.2	5	0.2	1	0	0	0.01	-2	0	0
7000	554	60	300	4	25	15	2399	3.38003	4	1	0	4	0.25	4	0.25	1	0.01	-2	0	0	0.03	-1.52288
7000	557	60	300	4	25	15	2540	3.40483	4	1	0	4	0.25	4	0.25	1	0.02	-1.69897	0.01	-2	0.03	-1.52288
7000	558	60	300	4	25	16	3052	3.48458	4	0	0	4	0.25	4	0.25	1	0.01	-2	0	0	0	0
7000	559	60	300	4	25	22	8248	3.91635	4	0	0	5	0.2	5	0.2	1	0.04	-1.39794	0.01	-2	0	0
7000	562	60	300	4	25	17	1966	3.29358	4	0	0	5	0.2	5	0.2	1	0.01	-2	0	0	0	0
7000	565	60	300	4	25	23	6237	3.79498	4	1	1	9	0.111111	9	0.111111	1	0.04	-1.39794	0.01	-2	0.06	-1.22185
7000	567	60	300	4	25	20	4353	3.63879	4	0	0	6	0.166667	6	0.166667	1	0.02	-1.69897	0	0	0	0
7000	568	60	300	4	25	19	3157	3.49927	4	1	0	5	0.2	5	0.2	1	0.02	-1.69897	0	0	0.03	-1.52288
7000	569	60	300	4	25	17	1519	3.18156	4	0	0	5	0.2	5	0.2	1	0.01	-2	0	0	0	0
7000	571	60	300	4	25	18	1096	3.03981	4	0	0	7	0.142857	7	0.142857	1	0	0	0	0	0	0
7000	572	60	300	4	25	19	2832	3.45209	4	0	0	7	0.142857	7	0.142857	1	0.02	-1.69897	0	0	0	0
7000	574	60	300	4	25	22	1245	3.09517	4	0	0	12	0.0833333	12	0.0833333	1	0.01	-2	0	0	0	0
7000	577	60	300	4	25	16	1021	3.00903	4	0	0	6	0.166667	6	0.166667	1	0	0	0	0	0	0
7000	578	60	300	4	25	19	3595	3.5557	4	0	0	6	0.166667	6	0.166667	1	0.02	-1.69897	0	0	0	0
7000	579	60	300	4	25	20	8674	3.93822	4	0	0	5	0.2	5	0.2	1	0.06	-1.22185	0.01	-2	0	0
7000	581	60	300	4	25	17	2898	3.4621	4	0	0	4	0.25	4	0.25	1	0.01	-2	0	0	0	0
7000	586	60	300	4	25	19	5761	3.7605	4	1	0	4	0.25	4	0.25	1	0.04	-1.39794	0	0	0.06	-1.22185
7000	590	60	300	4	25	15	1159	3.06408	4	0	0	5	0.2	5	0.2	1	0	0	0	0	0	0
7000	592	60	300	4	25	18	2357	3.37236	4	0	0	6	0.166667	6	0.166667	1	0.01	-2	0	0	0	0
7000	595	60	300	4	25	18	1645	3.21617	4	0	0	6	0.166667	6	0.166667	1	0.01	-2	0	0	0	0
7000	598	60	300	4	25	16	2029	3.30728	4	0	0	4	0.25	4	0.25	1	0.01	-2	0	0	0	0
7000	600	60	300	4	25	24	3110	3.49276	4	0	0	10	0.1	10	0.1	1	0.01	-2	0	0	0	0
7000	601	60	300	4	25	19	1716	3.23452	4	0	0	7	0.142857	7	0.142857	1	0.01	-2	0	0	0	0
7000	605	60	300	4	25	15	1170	3.06819	4	1	0	4	0.25	4	0.25	1	0	0	0	0	0.02	-1.69897
7000	610	60	300	4	25	18	1084	3.03503	4	1	0	6	0.166667	6	0.166667	1	0	0	0	0	0.02	-1.69897
7000	611	60	300	4	25	21	3678	3.56561	4	0	0	8	0.125	8	0.125	1	0.03	-1.52288	0	0	0	0
7000	613	60	300	4	25	23	2279	3.35774	4	0	0	13	0.0769231	13	0.0769231	1	0.02	-1.69897	0	0	0	0
7000	616	60	300	4	25	15	1295	3.11227	4	0	0	5	0.2	5	0.2	1	0	0	0	0	0	0
7000	618	60	300	4	25	13	1128	3.05231	4	1	0	3	0.333333	3	0.333333	1	0	0	0	0	0.05	-1.30103
7000	619	60	300	4	25	13	1033	3.0141	4	0	0	3	0.333333	3	0.333333	1	0	0	0	0	0	0
7000	621	60	300	4	25	18	1799	3.25503	4	1	1	4.5	0.222222	5	0.2	0.9	0.01	-2	0	0	0.03	-1.52288
7000	624	60	300	4	25	17	1349	3.13001	4	0	0	5	0.2	5	0.2	1	0	0	0	0	0	0
7000	627	60	300	4	25	15	1144	3.05843	4	1	0	4	0.25	4	0.25	1	0	0	0	0	0.01	-2
7000	632	60	300	4	25	18	2377	3.37603	4	1	1	4.5	0.222222	5	0.2	0.9	0.01	-2	0	0	0.03	-1.52288
7000	638	60	300	4	25	19	1702	3.23096	4	0	0	6	0.166667	6	0.166667	1	0.01	-2	0	0	0	0
7000	642	60	300	4	25	26	2568	3.4096	4	0	0	10	0.1	10	0.1	1	0.02	-1.69897	0.01	-2	0	0
7000	645	60	300	4	25	15	1349	3.13001	4	1	0	4	0.25	4	0.25	1	0	0	0	0	0.02	-1.69897
7000	649	60	300	4	25	17	1291	3.11093	4	0	0	7	0.142857	7	0.142857	1	0	0	0.01	-2	0	0
7000	653	60	300	4	25	19	1583	3.19948	4	0	0	8	0.125	8	0.125	1	0.01	-2	0	0	0	0
7000	655	60	300	4	25	17	1645	3.21617	4	1	0	6	0.166667	6	0.166667	1	0	0	0.01	-2	0.01	-2
7000	657	60	300	4	25	14	2591	3.41347	4	0	0	3	0.333333	3	0.333333	1	0	0	0.01	-2	0	0
7000	661	60	300	4	25	18	3164	3.50024	4	0	0	7	0.142857	7	0.142857	1	0.01	-2	0	0	0	0
7000	662	60	300	4	25	25	3414	3.53326	4	0	0	8	0.125	8	0.125	1	0.03	-1.52288	0.01	-2	0	0
7000	665	60	300	4	25	15	1223	3.08743	4	0	0	6	0.166667	6	0.166667	1	0	0	0	0	0	0
7000	666	60	300	4	25	13	1619	3.20925	4	1	1	2.5	0.4	3	0.333333	0.833333	0	0	0	0	0.02	-1.69897
7000	667	60	300	4	25	16	1028	3.01199	4	1	0	4	0.25	4	0.25	1	0	0	0	0	0.02	-1.69897
7000	670	60	300	4	25	19	4956	3.69513	4	0	0	4	0.25	4	0.25	1	0.04	-1.39794	0	0	0	0
7000	671	60	300	4	25	21	1811	3.25792	4	0	0	9	0.111111	9	0.111111	1	0.01	-2	0	0	0	0
7000	672	60	300	4	25	20	6919	3.84004	4	0	0	6	0.166667	6	0.166667	1	0.03	-1.52288	0.01	-2	0	0
7000	675	60	300	4	25	19	4827	3.68368	4	0	0	5	0.2	5	0.2	1	0.03	-1.52288	0	0	0	0
7000	677	60	300	4	25	15	1305	3.11561	4	0	0	4	0.25	4	0.25	1	0	0	0	0	0	0
7000	682	60	300	4	25	20	5834	3.76597	4	0	0	6	0.166667	6	0.166667	1	0.04	-1.39794	0	0	0	0
7000	683	60	300	4	25	17	1199	3.07882	4	1	0	5	0.2	5	0.2	1	0	0	0	0	0.02	-1.69897
7000	684	60	300	4	25	21	2143	3.33102	4	0	0	7	0.142857	7	0.142857	1	0.02	-1.69897	0	0	0	0
7000	686	60	300	4	25	19	1891	3.27669	4	0	0	7	0.142857	7	0.142857	1	0.01	-2	0	0	0	0
7000	687	60	300	4	25	15	1199	3.07882	4	0	0	5	0.2	5	0.2	1	0	0	0	0	0	0
7000	689	60	300	4	25	20	2491	3.39637	4	0	0	7	0.142857	7	0.142857	1	0.01	-2	0	0	0	0
7000	692	60	300	4	25	16	1517	3.18099	4	0	0	6	0.166667	6	0.166667	1	0.01	-2	0	0	0	0
7000	695	60	300	4	25	15	3239	3.51041	4	1	0	4	0.25	4	0.25	1	0.01	-2	0	0	0.03	-1.52288
7000	696	60	300	4	25	20	4051	3.60756	4	0	0	6	0.166667	6	0.166667	1	0.03	-1.52288	0.01	-2	0	0
7000	703	60	300	4	25	23	9196	3.9636	4	0	0	7	0.142857	7	0.142857	1	0.06	-1.22185	0.01	-2	0	0
7000	705	60	300	4	25	18	1374	3.13799	4	0	0	7	0.142857	7	0.142857	1	0.01	-2	0	0	0	0
7000	706	60	300	4	25	14	1295	3.11227	4	0	0	5	0.2	5	0.2	1	0	0	0	0	0	0
7000	714	60	300	4	25	21	4641	3.66661	4	0	0	6	0.166667	6	0.166667	1	0.03	-1.52288	0	0	0	0
7000	718	60	300	4	25	16	1004	3.00173	4	1	0	5	0.2	5	0.2	1	0	0	0	0	0.02	-1.69897
7000	721	60	300	4	25	20	2373	3.3753	4	0	0	7	0.142857	7	0.142857	1	0.01	-2	0.01	-2	0	0
7000	723	60	300	4	25	19	3905	3.59162	4	0	0	5	0.2	5	0.2	1	0.03	-1.52288	0	0	0	0
7000	724	60	300	4	25	21	1530	3.18469	4	0	0	8	0.125	8	0.125	1	0.01	-2	0	0	0	0
7000	727	60	300	4	25	20	1814	3.25864	4	0	0	6	0.166667	6	0.166667	1	0.01	-2	0	0	0	0
7000	729	60	300	4	25	22	9725	3.98789	4	0	0	6	0.166667	6	0.166667	1	0.04	-1.39794	0.01	-2	0	0
7000	730	60	300	4	25	15	1081	3.03383	4	0	0	3	0.333333	3	0.333333	1	0	0	0	0	0	0
7000	734	60	300	4	25	17	2058	3.31345	4	1	0	5	0.2	5	0.2	1	0.02	-1.69897	0	0	0.02	-1.69897
7000	735	60	300	4	25	19	1075	3.03141	4	1	0	10	0.1	10	0.1	1	0	0	0	0	0.02	-1.69897
7000	736	60	300	4	25	25	6306	3.79975	4	0	0	7	0.142857	7	0.142857	1	0.05	-1.30103	0.01	-2	0	0
7000	739	60	300	4	25	19	5548	3.74414	4	0	0	5	0.2	5	0.2	1	0.04	-1.39794	0.01	-2	0	0
7000	743	60	300	4	25	16	1636	3.21378	4	0	0	4	0.25	4	0.25	1	0.01	-2	0	0	0	0
7000	746	60	300	4	25	18	1835	3.26364	4	0	0	7	0.142857	7	0.142857	1	0.01	-2	0	0	0	0
7000	750	60	300	4	25	19	3424	3.53453	4	0	0	5	0.2	5	0.2	1	0.03	-1.52288	0	0	0	0
7000	751	60	300	4	25	17	1394	3.14426	4	1	0	4	0.25	4	0.25	1	0.01	-2	0	0	0.02	-1.69897
7000	755	60	300	4	25	16	1614	3.2079	4	0	0	5	0.2	5	0.2	1	0.01	-2	0	0	0	0
7000	756	60	300	4	25	20	7724	3.88784	4	0	0	4	0.25	4	0.25	1	0.04	-1.39794	0.01	-2	0	0
7000	758	60	300	4	25	20	4724	3.67431	4	0	0	6	0.166667	6	0.166667	1	0.02	-1.69897	0.01	-2	0	0
7000	760	60	300	4	25	20	6015	3.77924	4	0	0	6	0.166667	6	0.166667	1	0.03	-1.52288	0	0	0	0
7000	761	60	300	4	25	16	1177	3.07078	4	1	0	5	0.2	5	0.2	1	0	0	0	0	0.01	-2
7000	765	60	300	4	25	14	1079	3.03302	4	1	0	4	0.25	4	0.25	1	0	0	0	0	0.01	-2
7000	766	60	300	4	25	20	6117	3.78654	4	0	0	7	0.142857	7	0.142857	1	0.03	-1.52288	0	0	0	0
7000	767	60	300	4	25	17	2286	3.35908	4	1	0	4	0.25	4	0.25	1	0.01	-2	0	0	0.03	-1.52288
7000	769	60	300	4	25	19	3517	3.54617	4	0	0	7	0.142857	7	0.142857	1	0.01	-2	0	0	0	0
7000	770	60	300	4	25	17	1092	3.03822	4	0	0	6	0.166667	6	0.166667	1	0	0	0	0	0	0
7000	775	60	300	4	25	14	2414	3.38274	4	1	0	3	0.333333	3	0.333333	1	0	0	0.01	-2	0.03	-1.52288
7000	777	60	300	4	25	17	3239	3.51041	4	1	0	4	0.25	4	0.25	1	0.02	-1.69897	0	0	0.06	-1.22185
7000	780	60	300	4	25	19	1207	3.08171	4	0	0	7	0.142857	7	0.142857	1	0	0	0	0	0	0
7000	783	60	300	4	25	14	1113	3.0465	4	0	0	3	0.333333	3	0.333333	1	0	0	0	0	0	0
7000	784	60	300	4	25	21	5486	3.73926	4	0	0	7	0.142857	7	0.142857	1	0.04	-1.39794	0.01	-2	0	0
7000	785	60	300	4	25	27	8180	3.91275	4	0	0	12	0.0833333	12	0.0833333	1	0.1	-1	0	0	0	0
7000	786	60	300	4	25	15	2015	3.30428	4	1	0	4	0.25	4	0.25	1	0.01	-2	0	0	0.02	-1.69897
7000	788	60	300	4	25	20	2356	3.37218	4	0	0	6	0.166667	6	0.166667	1	0.02	-1.69897	0	0	0	0
7000	790	60	300	4	25	17	3383	3.5293	4	0	0	4	0.25	4	0.25	1	0.02	-1.69897	0	0	0	0
7000	794	60	300	4	25	14	1261	3.10072	4	0	0	4	0.25	4	0.25	1	0	0	0	0	0	0
7000	798	60	300	4	25	20	3856	3.58614	4	0	0	5	0.2	5	0.2	1	0.02	-1.69897	0	0	0	0
7000	800	60	300	4	25	16	1919	3.28307	4	0	0	5	0.2	5	0.2	1	0.01	-2	0	0	0	0
7000	802	60	300	4	25	22	3271	3.51468	4	0	0	7	0.142857	7	0.142857	1	0.02	-1.69897	0.01	-2	0	0
7000	803	60	300	4	25	18	6540	3.81558	4	0	0	4	0.25	4	0.25	1	0.03	-1.52288	0.01	-2	0	0
7000	806	60	300	4	25	24	6620	3.82086	4	0	0	8	0.125	8	0.125	1	0.04	-1.39794	0	0	0	0
7000	810	60	300	4	25	18	1756	3.24452	4	0	0	7	0.142857	7	0.142857	1	0.01	-2	0	0	0	0
7000	812	60	300	4	25	21	5017	3.70044	4	0	0	7	0.142857	7	0.142857	1	0.02	-1.69897	0.01	-2	0	0
7000	814	60	300	4	25	18	4759	3.67752	4	0	0	5	0.2	5	0.2	1	0.02	-1.69897	0	0	0	0
7000	816	60	300	4	25	22	8456	3.92716	4	0	0	7	0.142857	7	0.142857	1	0.06	-1.22185	0	0	0	0
7000	821	60	300	4	25	15	2586	3.41263	4	0	0	4	0.25	4	0.25	1	0.01	-2	0	0	0	0
7000	823	60	300	4	25	12	1232	3.09061	4	1	0	2	0.5	2	0.5	1	0	0	0	0	0.02	-1.69897
7000	824	60	300	4	25	19	1426	3.15412	4	0	0	8	0.125	8	0.125	1	0.01	-2	0	0	0	0
7000	830	60	300	4	25	17	1716	3.23452	4	1	1	4.5	0.222222	5	0.2	0.9	0	0	0.01	-2	0.02	-1.69897
7000	831	60	300	4	25	22	3318	3.52088	4	0	0	11	0.0909091	11	0.0909091	1	0.03	-1.52288	0	0	0	0
7000	832	60	300	4	25	18	2351	3.37125	4	0	0	6	0.166667	6	0.166667	1	0.01	-2	0	0	0	0
7000	833	60	300	4	25	17	1330	3.12385	4	0	0	7	0.142857	7	0.142857	1	0	0	0	0	0	0
7000	834	60	300	4	25	20	3425	3.53466	4	0	0	6	0.166667	6	0.166667	1	0.02	-1.69897	0	0	0	0
7000	836	60	300	4	25	32	7086	3.8504	4	1	0	9	0.111111	9	0.111111	1	0.11	-0.958607	0.01	-2	0.06	-1.22185
7000	837	60	300	4	25	21	4653	3.66773	4	0	0	9	0.111111	9	0.111111	1	0.02	-1.69897	0.01	-2	0	0
7000	838	60	300	4	25	14	1439	3.15806	4	0	0	3	0.333333	3	0.333333	1	0	0	0.01	-2	0	0
7000	841	60	300	4	25	19	5864	3.76819	4	0	0	5	0.2	5	0.2	1	0.05	-1.30103	0	0	0	0
7000	844	60	300	4	25	18	2759	3.44075	4	0	0	6	0.166667	6	0.166667	1	0.02	-1.69897	0	0	0	0
7000	848	60	300	4	25	19	2145	3.33143	4	0	0	6	0.166667	6	0.166667	1	0.01	-2	0	0	0	0
7000	849	60	300	4	25	19	6900	3.83885	4	0	0	4	0.25	4	0.25	1	0.03	-1.52288	0.01	-2	0	0
7000	851	60	300	4	25	21	4720	3.67394	4	0	0	5	0.2	5	0.2	1	0.02	-1.69897	0.01	-2	0	0
7000	852	60	300	4	25	17	1985	3.29776	4	0	0	6	0.166667	6	0.166667	1	0.01	-2	0	0	0	0
7000	854	60	300	4	25	20	1206	3.08135	4	0	0	10	0.1	10	0.1	1	0.01	-2	0	0	0	0
7000	858	60	300	4	25	19	3282	3.51614	4	1	0	6	0.166667	6	0.166667	1	0.01	-2	0.01	-2	0.03	-1.52288
7000	859	60	300	4	25	21	5539	3.74343	4	0	0	8	0.125	8	0.125	1	0.05	-1.30103	0	0	0	0
7000	862	60	300	4	25	20	2879	3.45924	4	0	0	6	0.166667	6	0.166667	1	0.02	-1.69897	0	0	0	0
7000	865	60	300	4	25	26	1187	3.07445	4	0	0	14	0.0714286	14	0.0714286	1	0	0	0.01	-2	0	0
7000	866	60	300	4	25	18	1513	3.17984	4	0	0	6	0.166667	6	0.166667	1	0.01	-2	0	0	0	0
7000	867	60	300	4	25	17	1179	3.07151	4	1	0	4	0.25	4	0.25	1	0	0	0	0	0.02	-1.69897
7000	869	60	300	4	25	17	2862	3.45667	4	0	0	7	0.142857	7	0.142857	1	0.01	-2	0	0	0	0
7000	872	60	300	4	25	22	3232	3.50947	4	0	0	7	0.142857	7	0.142857	1	0.03	-1.52288	0	0	0	0
7000	878	60	300	4	25	21	1881	3.27439	4	0	0	6	0.166667	6	0.166667	1	0	0	0.01	-2	0	0
7000	880	60	300	4	25	21	8382	3.92335	4	1	0	5	0.2	5	0.2	1	0.04	-1.39794	0.01	-2	0.09	-1.04576
7000	883	60	300	4	25	19	6406	3.80659	4	0	0	4	0.25	4	0.25	1	0.05	-1.30103	0.01	-2	0	0
7000	888	60	300	4	25	19	1904	3.27967	4	0	0	7	0.142857	7	0.142857	1	0	0	0.01	-2	0	0
7000	889	60	300	4	25	17	1638	3.21431	4	0	0	6	0.166667	6	0.166667	1	0	0	0.01	-2	0	0
7000	890	60	300	4	25	23	6338	3.80195	4	0	0	7	0.142857	7	0.142857	1	0.05	-1.30103	0.01	-2	0	0
7000	891	60	300	4	25	21	4033	3.60563	4	0	0	6	0.166667	6	0.166667	1	0.02	-1.69897	0.01	-2	0	0
7000	897	60	300	4	25	18	2006	3.30233	4	1	0	6	0.166667	6	0.166667	1	0	0	0.01	-2	0.02	-1.69897
7000	900	60	300	4	25	14	2565	3.40909	4	0	0	3	0.333333	3	0.333333	1	0.01	-2	0	0	0	0
7000	901	60	300	4	25	16	1174	3.06967	4	0	0	4	0.25	4	0.25	1	0	0	0	0	0	0
7000	907	60	300	4	25	21	7131	3.85315	4	1	0	5	0.2	5	0.2	1	0.05	-1.30103	0.01	-2	0.07	-1.1549
7000	908	60	300	4	25	15	1115	3.04727	4	0	0	5	0.2	5	0.2	1	0	0	0	0	0	0
7000	909	60	300	4	25	21	1249	3.09656	4	0	0	7	0.142857	7	0.142857	1	0.01	-2	0	0	0	0
7000	910	60	300	4	25	19	2244	3.35102	4	0	0	6	0.166667	6	0.166667	1	0.01	-2	0	0	0	0
7000	912	60	300	4	25	13	1151	3.06108	4	0	0	3	0.333333	3	0.333333	1	0	0	0.01	-2	0	0
7000	914	60	300	4	25	14	1725	3.23679	4	0	0	4	0.25	4	0.25	1	0	0	0.01	-2	0	0
7000	915	60	300	4	25	17	2154	3.33325	4	0	0	4	0.25	4	0.25	1	0.01	-2	0	0	0	0
7000	917	60	300	4	25	20	8639	3.93646	4	0	0	7	0.142857	7	0.142857	1	0.04	-1.39794	0	0	0	0
7000	920	60	300	4	25	22	7451	3.87221	4	0	0	5	0.2	5	0.2	1	0.06	-1.22185	0	0	0	0
7000	921	60	300	4	25	19	2541	3.405	4	0	0	6	0.166667	6	0.166667	1	0.01	-2	0	0	0	0
7000	925	60	300	4	25	18	3735	3.57229	4	0	0	4	0.25	4	0.25	1	0.01	-2	0.01	-2	0	0
7000	934	60	300	4	25	15	1359	3.13322	4	0	0	5	0.2	5	0.2	1	0	0	0	0	0	0
7000	939	60	300	4	25	16	1879	3.27393	4	1	1	4	0.25	4	0.25	1	0.01	-2	0	0	0.02	-1.69897
7000	940	60	300	4	25	21	8083	3.90757	4	0	0	5	0.2	5	0.2	1	0.04	-1.39794	0.01	-2	0	0
7000	946	60	300	4	25	20	1039	3.01662	4	0	0	9	0.111111	9	0.111111	1	0	0	0	0	0	0
7000	947	60	300	4	25	16	2061	3.31408	4	1	0	5	0.2	5	0.2	1	0	0	0.01	-2	0.02	-1.69897
7000	948	60	300	4	25	17	1385	3.14145	4	0	0	6	0.166667	6	0.166667	1	0	0	0.01	-2	0	0
7000	949	60	300	4	25	20	9328	3.96979	4	1	0	4	0.25	4	0.25	1	0.05	-1.30103	0.02	-1.69897	0.39	-0.408935
7000	952	60	300	4	25	15	1107	3.04415	4	0	0	5	0.2	5	0.2	1	0	0	0	0	0	0
7000	955	60	300	4	25	17	1301	3.11428	4	0	0	6	0.166667	6	0.166667	1	0.03	-1.52288	0	0	0	0
7000	957	60	300	4	25	17	2727	3.43569	4	1	0	5	0.2	5	0.2	1	0.01	-2	0	0	0.03	-1.52288
7000	959	60	300	4	25	15	1817	3.25935	4	0	0	4	0.25	4	0.25	1	0.01	-2	0	0	0	0
7000	962	60	300	4	25	17	1727	3.23729	4	1	0	6	0.166667	6	0.166667	1	0.01	-2	0	0	0.02	-1.69897
7000	963	60	300	4	25	25	5239	3.71925	4	0	0	9	0.111111	9	0.111111	1	0.03	-1.52288	0	0	0	0
7000	964	60	300	4	25	20	3291	3.51733	4	1	0	7	0.142857	7	0.142857	1	0.01	-2	0.01	-2	0.03	-1.52288
7000	965	60	300	4	25	21	4670	3.66932	4	1	0	5	0.2	5	0.2	1	0.03	-1.52288	0.01	-2	0.05	-1.30103
7000	966	60	300	4	25	22	7535	3.87708	4	0	0	6	0.166667	6	0.166667	1	0.04	-1.39794	0	0	0	0
7000	971	60	300	4	25	22	1871	3.27207	4	0	0	7	0.142857	7	0.142857	1	0.02	-1.69897	0	0	0	0
7000	972	60	300	4	25	23	3225	3.50853	4	0	0	6	0.166667	6	0.166667	1	0.02	-1.69897	0.01	-2	0	0
7000	974	60	300	4	25	14	1238	3.09272	4	1	0	3	0.333333	3	0.333333	1	0	0	0	0	0.02	-1.69897
7000	979	60	300	4	25	24	2879	3.45924	4	0	0	9	0.111111	9	0.111111	1	0.02	-1.69897	0	0	0	0
7000	980	60	300	4	25	23	3599	3.55618	4	0	0	9	0.111111	9	0.111111	1	0.03	-1.52288	0	0	0	0
7000	982	60	300	4	25	17	2375	3.37566	4	0	0	7	0.142857	7	0.142857	1	0.01	-2	0	0	0	0
7000	983	60	300	4	25	18	2384	3.37731	4	0	0	7	0.142857	7	0.142857	1	0.01	-2	0	0	0	0
7000	985	60	300	4	25	21	4859	3.68655	4	0	0	6	0.166667	6	0.166667	1	0.03	-1.52288	0	0	0	0
7000	989	60	300	4	25	23	3392	3.53046	4	0	0	10	0.1	10	0.1	1	0.02	-1.69897	0	0	0	0
7000	994	60	300	4	25	24	3777	3.57715	4	0	0	8	0.125	8	0.125	1	0.02	-1.69897	0.01	-2	0	0
7000	996	60	300	4	25	15	1716	3.23452	4	0	0	4	0.25	4	0.25	1	0	0	0	0	0	0
7000	997	60	300	4	25	22	4808	3.68196	4	0	0	7	0.142857	7	0.142857	1	0.04	-1.39794	0	0	0	0
7000	998	60	300	4	25	20	1422	3.1529	4	0	0	9	0.111111	9	0.111111	1	0	0	0	0	0	0
7000	999	60	300	4	25	13	1194	3.077	4	1	0	3	0.333333	3	0.333333	1	0	0	0	0	0.02	-1.69897
7000	1000	60	300	4	25	17	1185	3.07372	4	0	0	5	0.2	5	0.2	1	0	0	0	0	0	0
7000	4	70	300	4	25	23	1516	3.1807	4	0	0	9	0.111111	9	0.111111	1	0.01	-2	0	0	0	0
7000	5	70	300	4	25	24	4078	3.61045	4	0	0	14	0.0714286	14	0.0714286	1	0.02	-1.69897	0.01	-2	0	0
7000	6	70	300	4	25	16	1671	3.22298	4	0	0	5	0.2	5	0.2	1	0.01	-2	0	0	0	0
7000	7	70	300	4	25	20	1678	3.22479	4	0	0	6	0.166667	6	0.166667	1	0.02	-1.69897	0	0	0	0
7000	9	70	300	4	25	24	8552	3.93207	4	0	0	7	0.142857	7	0.142857	1	0.08	-1.09691	0.01	-2	0	0
7000	11	70	300	4	25	25	6009	3.7788	4	0	0	9	0.111111	9	0.111111	1	0.04	-1.39794	0	0	0	0
7000	12	70	300	4	25	17	5160	3.71265	4	0	0	3	0.333333	3	0.333333	1	0.03	-1.52288	0	0	0	0
7000	15	70	300	4	25	21	6406	3.80659	4	0	0	6	0.166667	6	0.166667	1	0.05	-1.30103	0.01	-2	0	0
7000	16	70	300	4	25	16	2408	3.38166	4	0	0	4	0.25	4	0.25	1	0.01	-2	0	0	0	0
7000	19	70	300	4	25	26	9947	3.99769	4	0	0	10	0.1	10	0.1	1	0.05	-1.30103	0.02	-1.69897	0	0
7000	20	70	300	4	25	19	2201	3.34262	4	0	0	7	0.142857	7	0.142857	1	0.01	-2	0	0	0	0
7000	21	70	300	4	25	20	2771	3.44264	4	0	0	6	0.166667	6	0.166667	1	0.02	-1.69897	0	0	0	0
7000	27	70	300	4	25	27	1316	3.11926	4	0	0	17	0.0588235	17	0.0588235	1	0.01	-2	0	0	0	0
7000	29	70	300	4	25	21	7131	3.85315	4	0	0	5	0.2	5	0.2	1	0.05	-1.30103	0.01	-2	0	0
7000	32	70	300	4	25	27	1938	3.28735	4	0	0	10	0.1	10	0.1	1	0.01	-2	0	0	0	0
7000	33	70	300	4	25	24	9732	3.9882	4	0	0	9	0.111111	9	0.111111	1	0.07	-1.1549	0.01	-2	0	0
7000	36	70	300	4	25	20	2281	3.35813	4	0	0	7	0.142857	7	0.142857	1	0.01	-2	0	0	0	0
7000	37	70	300	4	25	25	5315	3.7255	4	0	0	7	0.142857	7	0.142857	1	0.04	-1.39794	0.01	-2	0	0
7000	40	70	300	4	25	20	6628	3.82138	4	0	0	5	0.2	5	0.2	1	0.03	-1.52288	0.01	-2	0	0
7000	42	70	300	4	25	21	6164	3.78986	4	1	1	5.5	0.181818	6	0.166667	0.916667	0.02	-1.69897	0.01	-2	0.07	-1.1549
7000	48	70	300	4	25	15	2388	3.37803	4	0	0	3	0.333333	3	0.333333	1	0.01	-2	0	0	0	0
7000	49	70	300	4	25	14	2030	3.3075	4	1	0	3	0.333333	3	0.333333	1	0.01	-2	0	0	0.02	-1.69897
7000	51	70	300	4	25	16	2047	3.31112	4	0	0	7	0.142857	7	0.142857	1	0.01	-2	0	0	0	0
7000	53	70	300	4	25	23	3933	3.59472	4	0	0	11	0.0909091	11	0.0909091	1	0.02	-1.69897	0	0	0	0
7000	54	70	300	4	25	21	3964	3.59813	4	0	0	6	0.166667	6	0.166667	1	0.03	-1.52288	0.01	-2	0	0
7000	57	70	300	4	25	16	2399	3.38003	4	0	0	5	0.2	5	0.2	1	0.03	-1.52288	0	0	0	0
7000	58	70	300	4	25	17	1439	3.15806	4	0	0	6	0.166667	6	0.166667	1	0.01	-2	0	0	0	0
7000	59	70	300	4	25	19	2666	3.42586	4	0	0	5	0.2	5	0.2	1	0.01	-2	0.01	-2	0	0
7000	62	70	300	4	25	20	3002	3.47741	4	0	0	6	0.166667	6	0.166667	1	0.02	-1.69897	0	0	0	0
7000	63	70	300	4	25	18	4457	3.64904	4	1	1	4.5	0.222222	5	0.2	0.9	0.02	-1.69897	0	0	0.17	-0.769551
7000	65	70	300	4	25	19	1950	3.29003	4	0	0	5	0.2	5	0.2	1	0.01	-2	0	0	0	0
7000	66	70	300	4	25	19	7006	3.84547	4	0	0	4	0.25	4	0.25	1	0.04	-1.39794	0	0	0	0
7000	67	70	300	4	25	17	4700	3.6721	4	1	0	4	0.25	4	0.25	1	0.03	-1.52288	0	0	0.04	-1.39794
7000	68	70	300	4	25	16	4795	3.68079	4	0	0	4	0.25	4	0.25	1	0.02	-1.69897	0	0	0	0
7000	69	70	300	4	25	18	3719	3.57043	4	1	0	5	0.2	5	0.2	1	0.01	-2	0.01	-2	0.03	-1.52288
7000	73	70	300	4	25	21	4461	3.64943	4	1	0	5	0.2	5	0.2	1	0.03	-1.52288	0	0	0.06	-1.22185
7000	75	70	300	4	25	17	3599	3.55618	4	1	0	4	0.25	4	0.25	1	0.02	-1.69897	0	0	0.04	-1.39794
7000	76	70	300	4	25	19	3136	3.49638	4	1	0	6	0.166667	6	0.166667	1	0.01	-2	0.01	-2	0.03	-1.52288
7000	77	70	300	4	25	18	6047	3.78154	4	0	0	6	0.166667	6	0.166667	1	0.04	-1.39794	0.01	-2	0	0
7000	79	70	300	4	25	19	2747	3.43886	4	0	0	6	0.166667	6	0.166667	1	0.02	-1.69897	0	0	0	0
7000	80	70	300	4	25	24	8945	3.95158	4	1	0	6	0.166667	6	0.166667	1	0.06	-1.22185	0.01	-2	0.23	-0.638272
7000	84	70	300	4	25	24	5541	3.74359	4	0	0	8	0.125	8	0.125	1	0.03	-1.52288	0	0	0	0
7000	86	70	300	4	25	15	1671	3.22298	4	0	0	6	0.166667	6	0.166667	1	0.01	-2	0	0	0	0
7000	88	70	300	4	25	28	7799	3.89204	4	1	0	7	0.142857	7	0.142857	1	0.08	-1.09691	0.01	-2	0.07	-1.1549
7000	90	70	300	4	25	23	3296	3.51799	4	0	0	10	0.1	10	0.1	1	0.01	-2	0.01	-2	0	0
7000	94	70	300	4	25	21	5221	3.71775	4	0	0	5	0.2	5	0.2	1	0.03	-1.52288	0.01	-2	0	0
7000	95	70	300	4	25	24	5589	3.74733	4	0	0	11	0.0909091	11	0.0909091	1	0.02	-1.69897	0.01	-2	0	0
7000	97	70	300	4	25	14	1434	3.15655	4	0	0	3	0.333333	3	0.333333	1	0	0	0.01	-2	0	0
7000	98	70	300	4	25	18	7144	3.85394	4	0	0	4	0.25	4	0.25	1	0.04	-1.39794	0.01	-2	0	0
7000	99	70	300	4	25	22	6143	3.78838	4	0	0	8	0.125	8	0.125	1	0.05	-1.30103	0.01	-2	0	0
7000	101	70	300	4	25	20	3416	3.53352	4	0	0	7	0.142857	7	0.142857	1	0.08	-1.09691	0	0	0	0
7000	102	70	300	4	25	24	5749	3.75959	4	0	0	11	0.0909091	11	0.0909091	1	0.05	-1.30103	0	0	0	0
7000	106	70	300	4	25	23	3559	3.55133	4	0	0	8	0.125	8	0.125	1	0.03	-1.52288	0.01	-2	0	0
7000	107	70	300	4	25	17	1310	3.11727	4	0	0	5	0.2	5	0.2	1	0	0	0.01	-2	0	0
7000	109	70	300	4	25	23	5391	3.73167	4	1	0	8	0.125	8	0.125	1	0.03	-1.52288	0	0	0.06	-1.22185
7000	111	70	300	4	25	25	9619	3.98313	4	0	0	10	0.1	10	0.1	1	0.09	-1.04576	0	0	0	0
7000	113	70	300	4	25	20	2773	3.44295	4	0	0	7	0.142857	7	0.142857	1	0.01	-2	0.01	-2	0	0
7000	114	70	300	4	25	16	1990	3.29885	4	0	0	4	0.25	4	0.25	1	0.01	-2	0	0	0	0
7000	117	70	300	4	25	21	9093	3.95871	4	0	0	6	0.166667	6	0.166667	1	0.08	-1.09691	0	0	0	0
7000	119	70	300	4	25	22	2762	3.44122	4	0	0	8	0.125	8	0.125	1	0.01	-2	0	0	0	0
7000	120	70	300	4	25	17	4391	3.64256	4	0	0	4	0.25	4	0.25	1	0.03	-1.52288	0	0	0	0
7000	121	70	300	4	25	18	6774	3.83085	4	0	0	3	0.333333	3	0.333333	1	0.03	-1.52288	0.01	-2	0	0
7000	122	70	300	4	25	20	2909	3.46374	4	1	0	7	0.142857	7	0.142857	1	0.02	-1.69897	0	0	0.04	-1.39794
7000	123	70	300	4	25	19	9599	3.98223	4	0	0	5	0.2	5	0.2	1	0.05	-1.30103	0	0	0	0
7000	124	70	300	4	25	28	5919	3.77225	4	0	0	10	0.1	10	0.1	1	0.08	-1.09691	0	0	0	0
7000	125	70	300	4	25	20	3848	3.58524	4	0	0	5	0.2	5	0.2	1	0.02	-1.69897	0	0	0	0
7000	126	70	300	4	25	22	2124	3.32715	4	1	0	8	0.125	8	0.125	1	0.02	-1.69897	0	0	0.03	-1.52288
7000	130	70	300	4	25	19	2172	3.33686	4	0	0	6	0.166667	6	0.166667	1	0.01	-2	0	0	0	0
7000	131	70	300	4	25	16	1729	3.23779	4	0	0	7	0.142857	7	0.142857	1	0.01	-2	0	0	0	0
7000	139	70	300	4	25	24	6290	3.79865	4	0	0	7	0.142857	7	0.142857	1	0.06	-1.22185	0	0	0	0
7000	142	70	300	4	25	20	5210	3.71684	4	0	0	5	0.2	5	0.2	1	0.04	-1.39794	0.01	-2	0	0
7000	146	70	300	4	25	16	3347	3.52466	4	0	0	5	0.2	5	0.2	1	0.01	-2	0.01	-2	0	0
7000	149	70	300	4	25	14	1319	3.12024	4	1	0	4	0.25	4	0.25	1	0	0	0.01	-2	0.01	-2
7000	152	70	300	4	25	18	1419	3.15198	4	0	0	6	0.166667	6	0.166667	1	0	0	0	0	0	0
7000	154	70	300	4	25	22	2375	3.37566	4	1	1	7	0.142857	7	0.142857	1	0.01	-2	0	0	0.03	-1.52288
7000	155	70	300	4	25	23	6698	3.82595	4	0	0	8	0.125	8	0.125	1	0.06	-1.22185	0	0	0	0
7000	157	70	300	4	25	19	2356	3.37218	4	0	0	6	0.166667	6	0.166667	1	0.01	-2	0	0	0	0
7000	160	70	300	4	25	20	4549	3.65792	4	0	0	5	0.2	5	0.2	1	0.03	-1.52288	0.01	-2	0	0
7000	161	70	300	4	25	25	8931	3.9509	4	0	0	7	0.142857	7	0.142857	1	0.07	-1.1549	0.01	-2	0	0
7000	164	70	300	4	25	21	2070	3.31597	4	0	0	9	0.111111	9	0.111111	1	0.01	-2	0	0	0	0
7000	166	70	300	4	25	21	2695	3.43056	4	0	0	8	0.125	8	0.125	1	0.02	-1.69897	0	0	0	0
7000	169	70	300	4	25	27	7146	3.85406	4	0	0	8	0.125	8	0.125	1	0.05	-1.30103	0.01	-2	0	0
7000	172	70	300	4	25	26	4356	3.63909	4	0	0	9	0.111111	9	0.111111	1	0.04	-1.39794	0	0	0	0
7000	173	70	300	4	25	19	1631	3.21245	4	0	0	6	0.166667	6	0.166667	1	0	0	0.01	-2	0	0
7000	174	70	300	4	25	17	2310	3.36361	4	0	0	7	0.142857	7	0.142857	1	0.01	-2	0	0	0	0
7000	175	70	300	4	25	18	3109	3.49262	4	0	0	5	0.2	5	0.2	1	0.02	-1.69897	0	0	0	0
7000	177	70	300	4	25	16	1767	3.24724	4	0	0	6	0.166667	6	0.166667	1	0.01	-2	0	0	0	0
7000	179	70	300	4	25	17	3361	3.52647	4	0	0	4	0.25	4	0.25	1	0.02	-1.69897	0	0	0	0
7000	180	70	300	4	25	15	1214	3.08422	4	1	0	5	0.2	5	0.2	1	0	0	0	0	0.01	-2
7000	182	70	300	4	25	16	4029	3.6052	4	0	0	3	0.333333	3	0.333333	1	0.02	-1.69897	0	0	0	0
7000	183	70	300	4	25	19	9032	3.95578	4	0	0	5	0.2	5	0.2	1	0.08	-1.09691	0	0	0	0
7000	184	70	300	4	25	23	2800	3.44716	4	0	0	7	0.142857	7	0.142857	1	0.04	-1.39794	0	0	0	0
7000	185	70	300	4	25	20	7924	3.89894	4	0	0	6	0.166667	6	0.166667	1	0.05	-1.30103	0.01	-2	0	0
7000	187	70	300	4	25	18	3278	3.51561	4	1	0	5	0.2	5	0.2	1	0.03	-1.52288	0	0	0.04	-1.39794
7000	188	70	300	4	25	18	9055	3.95689	4	0	0	5	0.2	5	0.2	1	0.04	-1.39794	0.01	-2	0	0
7000	189	70	300	4	25	24	1557	3.19229	4	0	0	9	0.111111	9	0.111111	1	0	0	0.01	-2	0	0
7000	194	70	300	4	25	27	6608	3.82007	4	0	0	12	0.0833333	12	0.0833333	1	0.03	-1.52288	0.01	-2	0	0
7000	197	70	300	4	25	23	3442	3.53681	4	0	0	9	0.111111	9	0.111111	1	0.03	-1.52288	0	0	0	0
7000	198	70	300	4	25	24	5378	3.73062	4	1	0	8	0.125	8	0.125	1	0.03	-1.52288	0	0	0.05	-1.30103
7000	202	70	300	4	25	19	2895	3.46165	4	0	0	6	0.166667	6	0.166667	1	0.01	-2	0	0	0	0
7000	203	70	300	4	25	25	8907	3.94973	4	1	0	6	0.166667	6	0.166667	1	0.07	-1.1549	0.01	-2	0.1	-1
7000	207	70	300	4	25	17	3695	3.56761	4	0	0	4	0.25	4	0.25	1	0.02	-1.69897	0	0	0	0
7000	212	70	300	4	25	18	3694	3.5675	4	0	0	5	0.2	5	0.2	1	0.02	-1.69897	0	0	0	0
7000	214	70	300	4	25	24	9626	3.98345	4	1	0	6	0.166667	6	0.166667	1	0.06	-1.22185	0	0	0.1	-1
7000	216	70	300	4	25	19	1317	3.11959	4	0	0	7	0.142857	7	0.142857	1	0.01	-2	0	0	0	0
7000	217	70	300	4	25	17	1903	3.27944	4	0	0	5	0.2	5	0.2	1	0.01	-2	0	0	0	0
7000	218	70	300	4	25	25	1621	3.20978	4	0	0	10	0.1	10	0.1	1	0.01	-2	0	0	0	0
7000	228	70	300	4	25	17	2386	3.37767	4	0	0	6	0.166667	6	0.166667	1	0.01	-2	0	0	0	0
7000	229	70	300	4	25	18	1868	3.27138	4	0	0	4	0.25	4	0.25	1	0.01	-2	0	0	0	0
7000	231	70	300	4	25	21	1237	3.09237	4	0	0	7	0.142857	7	0.142857	1	0.01	-2	0	0	0	0
7000	233	70	300	4	25	18	6037	3.78082	4	0	0	5	0.2	5	0.2	1	0.04	-1.39794	0.01	-2	0	0
7000	235	70	300	4	25	18	3079	3.48841	4	1	0	5	0.2	5	0.2	1	0.02	-1.69897	0	0	0.02	-1.69897
7000	237	70	300	4	25	21	7420	3.8704	4	1	0	8	0.125	8	0.125	1	0.03	-1.52288	0.01	-2	0.07	-1.1549
7000	239	70	300	4	25	20	2605	3.41581	4	0	0	10	0.1	10	0.1	1	0.01	-2	0	0	0	0
7000	240	70	300	4	25	22	8947	3.95168	4	0	0	5	0.2	5	0.2	1	0.07	-1.1549	0	0	0	0
7000	241	70	300	4	25	21	7181	3.85618	4	0	0	6	0.166667	6	0.166667	1	0.11	-0.958607	0.01	-2	0	0
7000	244	70	300	4	25	17	2217	3.34577	4	0	0	5	0.2	5	0.2	1	0.01	-2	0	0	0	0
7000	245	70	300	4	25	22	4757	3.67733	4	0	0	7	0.142857	7	0.142857	1	0.04	-1.39794	0	0	0	0
7000	248	70	300	4	25	17	1142	3.05767	4	1	0	5	0.2	5	0.2	1	0	0	0	0	0.01	-2
7000	249	70	300	4	25	21	6503	3.81311	4	0	0	6	0.166667	6	0.166667	1	0.06	-1.22185	0	0	0	0
7000	252	70	300	4	25	17	1332	3.1245	4	0	0	7	0.142857	7	0.142857	1	0.01	-2	0	0	0	0
7000	253	70	300	4	25	18	1632	3.21272	4	0	0	6	0.166667	6	0.166667	1	0	0	0.01	-2	0	0
7000	259	70	300	4	25	20	3770	3.57634	4	0	0	6	0.166667	6	0.166667	1	0.02	-1.69897	0	0	0	0
7000	261	70	300	4	25	15	3894	3.5904	4	1	0	4	0.25	4	0.25	1	0.02	-1.69897	0	0	0.13	-0.886057
7000	262	70	300	4	25	21	3099	3.49122	4	0	0	6	0.166667	6	0.166667	1	0.02	-1.69897	0	0	0	0
7000	263	70	300	4	25	21	4419	3.64532	4	0	0	7	0.142857	7	0.142857	1	0.02	-1.69897	0	0	0	0
7000	265	70	300	4	25	23	4066	3.60917	4	0	0	11	0.0909091	11	0.0909091	1	0.04	-1.39794	0	0	0	0
7000	266	70	300	4	25	18	1802	3.25575	4	1	1	6	0.166667	6	0.166667	1	0.01	-2	0	0	0.02	-1.69897
7000	267	70	300	4	25	16	1985	3.29776	4	0	0	4	0.25	4	0.25	1	0.01	-2	0	0	0	0
7000	270	70	300	4	25	18	3634	3.56038	4	0	0	5	0.2	5	0.2	1	0.02	-1.69897	0	0	0	0
7000	277	70	300	4	25	21	2995	3.4764	4	0	0	7	0.142857	7	0.142857	1	0.01	-2	0.01	-2	0	0
7000	278	70	300	4	25	18	5166	3.71315	4	0	0	5	0.2	5	0.2	1	0.06	-1.22185	0.01	-2	0	0
7000	279	70	300	4	25	22	1039	3.01662	4	0	0	9	0.111111	9	0.111111	1	0	0	0	0	0	0
7000	281	70	300	4	25	19	1323	3.12156	4	1	0	7	0.142857	7	0.142857	1	0	0	0	0	0.02	-1.69897
7000	283	70	300	4	25	15	1212	3.0835	4	0	0	5	0.2	5	0.2	1	0	0	0	0	0	0
7000	284	70	300	4	25	21	2407	3.38148	4	0	0	10	0.1	10	0.1	1	0.01	-2	0	0	0	0
7000	285	70	300	4	25	19	5612	3.74912	4	0	0	7	0.142857	7	0.142857	1	0.02	-1.69897	0	0	0	0
7000	291	70	300	4	25	19	4488	3.65205	4	0	0	7	0.142857	7	0.142857	1	0.02	-1.69897	0	0	0	0
7000	293	70	300	4	25	27	9589	3.98177	4	0	0	10	0.1	10	0.1	1	0.08	-1.09691	0	0	0	0
7000	294	70	300	4	25	30	8150	3.91116	4	0	0	12	0.0833333	12	0.0833333	1	0.11	-0.958607	0.01	-2	0	0
7000	295	70	300	4	25	16	1067	3.02816	4	0	0	7	0.142857	7	0.142857	1	0.01	-2	0	0	0	0
7000	296	70	300	4	25	20	4809	3.68205	4	1	0	5	0.2	5	0.2	1	0.03	-1.52288	0	0	0.05	-1.30103
7000	297	70	300	4	25	19	1683	3.22608	4	0	0	6	0.166667	6	0.166667	1	0.01	-2	0	0	0	0
7000	298	70	300	4	25	17	3681	3.56597	4	0	0	4	0.25	4	0.25	1	0.01	-2	0.01	-2	0	0
7000	300	70	300	4	25	22	9999	3.99996	4	0	0	9	0.111111	9	0.111111	1	0.05	-1.30103	0.01	-2	0	0
7000	302	70	300	4	25	16	1408	3.1486	4	0	0	5	0.2	5	0.2	1	0	0	0.01	-2	0	0
7000	304	70	300	4	25	23	9533	3.97923	4	0	0	7	0.142857	7	0.142857	1	0.06	-1.22185	0.01	-2	0	0
7000	305	70	300	4	25	16	2209	3.3442	4	0	0	5	0.2	5	0.2	1	0.01	-2	0	0	0	0
7000	307	70	300	4	25	16	2916	3.46479	4	0	0	3	0.333333	3	0.333333	1	0.02	-1.69897	0	0	0	0
7000	310	70	300	4	25	17	1983	3.29732	4	0	0	5	0.2	5	0.2	1	0.01	-2	0	0	0	0
7000	311	70	300	4	25	17	1536	3.18639	4	0	0	5	0.2	5	0.2	1	0	0	0.01	-2	0	0
7000	314	70	300	4	25	24	8343	3.92132	4	0	0	7	0.142857	7	0.142857	1	0.09	-1.04576	0.01	-2	0	0
7000	318	70	300	4	25	20	2626	3.41929	4	0	0	8	0.125	8	0.125	1	0.01	-2	0.01	-2	0	0
7000	319	70	300	4	25	19	2014	3.30406	4	1	0	6	0.166667	6	0.166667	1	0.01	-2	0	0	0.03	-1.52288
7000	322	70	300	4	25	19	2524	3.40209	4	0	0	6	0.166667	6	0.166667	1	0.01	-2	0	0	0	0
7000	323	70	300	4	25	21	5864	3.76819	4	0	0	5	0.2	5	0.2	1	0.04	-1.39794	0	0	0	0
7000	330	70	300	4	25	18	4263	3.62972	4	0	0	5	0.2	5	0.2	1	0.02	-1.69897	0	0	0	0
7000	332	70	300	4	25	19	2756	3.44028	4	0	0	6	0.166667	6	0.166667	1	0.02	-1.69897	0	0	0	0
7000	333	70	300	4	25	23	4641	3.66661	4	0	0	7	0.142857	7	0.142857	1	0.02	-1.69897	0.01	-2	0	0
7000	334	70	300	4	25	17	2059	3.31366	4	0	0	5	0.2	5	0.2	1	0.01	-2	0	0	0	0
7000	335	70	300	4	25	24	5366	3.72965	4	0	0	7	0.142857	7	0.142857	1	0.04	-1.39794	0	0	0	0
7000	337	70	300	4	25	19	2515	3.40054	4	0	0	7	0.142857	7	0.142857	1	0.01	-2	0	0	0	0
7000	339	70	300	4	25	21	3422	3.53428	4	0	0	6	0.166667	6	0.166667	1	0.01	-2	0.01	-2	0	0
7000	341	70	300	4	25	17	1047	3.01995	4	0	0	6	0.166667	6	0.166667	1	0.01	-2	0	0	0	0
7000	344	70	300	4	25	14	1273	3.10483	4	0	0	3	0.333333	3	0.333333	1	0	0	0.01	-2	0	0
7000	345	70	300	4	25	20	5795	3.76305	4	0	0	6	0.166667	6	0.166667	1	0.03	-1.52288	0	0	0	0
7000	346	70	300	4	25	18	2820	3.45025	4	0	0	6	0.166667	6	0.166667	1	0.01	-2	0	0	0	0
7000	348	70	300	4	25	23	1883	3.27485	4	1	0	9	0.111111	9	0.111111	1	0.01	-2	0	0	0.02	-1.69897
7000	350	70	300	4	25	17	1304	3.11528	4	0	0	7	0.142857	7	0.142857	1	0	0	0	0	0	0
7000	351	70	300	4	25	20	5516	3.74162	4	1	0	6	0.166667	6	0.166667	1	0.04	-1.39794	0	0	0.05	-1.30103
7000	352	70	300	4	25	19	1206	3.08135	4	0	0	8	0.125	8	0.125	1	0.01	-2	0	0	0	0
7000	353	70	300	4	25	18	1011	3.00475	4	0	0	10	0.1	10	0.1	1	0	0	0	0	0	0
7000	354	70	300	4	25	21	3707	3.56902	4	0	0	6	0.166667	6	0.166667	1	0.02	-1.69897	0.01	-2	0	0
7000	360	70	300	4	25	19	2591	3.41347	4	0	0	9	0.111111	9	0.111111	1	0.03	-1.52288	0	0	0	0
7000	362	70	300	4	25	14	1091	3.03782	4	1	0	4	0.25	4	0.25	1	0	0	0	0	0.02	-1.69897
7000	365	70	300	4	25	15	1779	3.25018	4	0	0	4	0.25	4	0.25	1	0.01	-2	0	0	0	0
7000	367	70	300	4	25	23	1512	3.17955	4	0	0	10	0.1	10	0.1	1	0.01	-2	0	0	0	0
7000	368	70	300	4	25	20	5747	3.75944	4	0	0	6	0.166667	6	0.166667	1	0.04	-1.39794	0.01	-2	0	0
7000	370	70	300	4	25	14	1563	3.19396	4	0	0	5	0.2	5	0.2	1	0	0	0	0	0	0
7000	372	70	300	4	25	15	1407	3.14829	4	0	0	5	0.2	5	0.2	1	0	0	0.01	-2	0	0
7000	379	70	300	4	25	21	3065	3.48643	4	0	0	8	0.125	8	0.125	1	0.01	-2	0	0	0	0
7000	380	70	300	4	25	16	3730	3.57171	4	0	0	3	0.333333	3	0.333333	1	0.01	-2	0.01	-2	0	0
7000	383	70	300	4	25	23	3205	3.50583	4	0	0	8	0.125	8	0.125	1	0.01	-2	0	0	0	0
7000	388	70	300	4	25	16	1013	3.00561	4	0	0	4	0.25	4	0.25	1	0.01	-2	0	0	0	0
7000	391	70	300	4	25	22	5074	3.70535	4	0	0	11	0.0909091	11	0.0909091	1	0.03	-1.52288	0	0	0	0
7000	393	70	300	4	25	17	2261	3.3543	4	0	0	5	0.2	5	0.2	1	0.01	-2	0	0	0	0
7000	394	70	300	4	25	16	3039	3.48273	4	0	0	4	0.25	4	0.25	1	0.01	-2	0	0	0	0
7000	395	70	300	4	25	16	1103	3.04258	4	0	0	5	0.2	5	0.2	1	0	0	0	0	0	0
7000	398	70	300	4	25	16	9626	3.98345	4	0	0	3	0.333333	3	0.333333	1	0.04	-1.39794	0.01	-2	0	0
7000	400	70	300	4	25	27	3340	3.52375	4	0	0	13	0.0769231	13	0.0769231	1	0.04	-1.39794	0	0	0	0
7000	401	70	300	4	25	21	7117	3.8523	4	0	0	6	0.166667	6	0.166667	1	0.04	-1.39794	0	0	0	0
7000	402	70	300	4	25	16	1620	3.20952	4	0	0	5	0.2	5	0.2	1	0	0	0	0	0	0
7000	405	70	300	4	25	19	2097	3.3216	4	1	0	6	0.166667	6	0.166667	1	0.01	-2	0	0	0.02	-1.69897
7000	406	70	300	4	25	24	2216	3.34557	4	0	0	9	0.111111	9	0.111111	1	0.01	-2	0	0	0	0
7000	410	70	300	4	25	19	5348	3.72819	4	0	0	6	0.166667	6	0.166667	1	0.04	-1.39794	0	0	0	0
7000	411	70	300	4	25	20	4707	3.67274	4	0	0	8	0.125	8	0.125	1	0.02	-1.69897	0	0	0	0
7000	415	70	300	4	25	19	3166	3.50051	4	1	0	5	0.2	5	0.2	1	0.02	-1.69897	0	0	0.02	-1.69897
7000	416	70	300	4	25	20	2146	3.33163	4	1	0	6	0.166667	6	0.166667	1	0.01	-2	0	0	0.02	-1.69897
7000	418	70	300	4	25	18	3139	3.49679	4	0	0	5	0.2	5	0.2	1	0.02	-1.69897	0	0	0	0
7000	423	70	300	4	25	13	1535	3.18611	4	1	0	3	0.333333	3	0.333333	1	0	0	0.01	-2	0.01	-2
7000	425	70	300	4	25	24	6263	3.79678	4	0	0	7	0.142857	7	0.142857	1	0.05	-1.30103	0.01	-2	0	0
7000	426	70	300	4	25	17	2863	3.45682	4	1	0	5	0.2	5	0.2	1	0.01	-2	0.01	-2	0.02	-1.69897
7000	427	70	300	4	25	16	2481	3.39463	4	1	0	4	0.25	4	0.25	1	0.01	-2	0	0	0.03	-1.52288
7000	430	70	300	4	25	23	7345	3.86599	4	1	0	6	0.166667	6	0.166667	1	0.05	-1.30103	0	0	0.08	-1.09691
7000	432	70	300	4	25	17	5183	3.71458	4	1	0	3	0.333333	3	0.333333	1	0.02	-1.69897	0.01	-2	0.19	-0.721246
7000	437	70	300	4	25	23	5519	3.74186	4	1	0	7	0.142857	7	0.142857	1	0.04	-1.39794	0	0	0.06	-1.22185
7000	438	70	300	4	25	30	7977	3.90184	4	0	0	16	0.0625	16	0.0625	1	0.14	-0.853872	0	0	0	0
7000	439	70	300	4	25	17	1076	3.03181	4	0	0	7	0.142857	7	0.142857	1	0	0	0	0	0	0
7000	442	70	300	4	25	22	4203	3.62356	4	1	1	5.5	0.181818	6	0.166667	0.916667	0.03	-1.52288	0	0	0.05	-1.30103
7000	446	70	300	4	25	19	8704	3.93972	4	0	0	6	0.166667	6	0.166667	1	0.07	-1.1549	0.01	-2	0	0
7000	448	70	300	4	25	21	2640	3.4216	4	1	0	7	0.142857	7	0.142857	1	0.02	-1.69897	0	0	0.02	-1.69897
7000	449	70	300	4	25	18	1941	3.28803	4	0	0	6	0.166667	6	0.166667	1	0.01	-2	0	0	0	0
7000	450	70	300	4	25	21	6825	3.8341	4	0	0	5	0.2	5	0.2	1	0.04	-1.39794	0.01	-2	0	0
7000	452	70	300	4	25	14	1592	3.20194	4	1	0	4	0.25	4	0.25	1	0	0	0	0	0.03	-1.52288
7000	454	70	300	4	25	22	3212	3.50678	4	0	0	7	0.142857	7	0.142857	1	0.03	-1.52288	0	0	0	0
7000	456	70	300	4	25	18	5039	3.70234	4	0	0	4	0.25	4	0.25	1	0.04	-1.39794	0	0	0	0
7000	457	70	300	4	25	24	5642	3.75143	4	0	0	6	0.166667	6	0.166667	1	0.05	-1.30103	0	0	0	0
7000	460	70	300	4	25	19	5075	3.70544	4	0	0	5	0.2	5	0.2	1	0.02	-1.69897	0.01	-2	0	0
7000	461	70	300	4	25	18	1070	3.02938	4	0	0	6	0.166667	6	0.166667	1	0	0	0	0	0	0
7000	462	70	300	4	25	22	6802	3.83264	4	0	0	6	0.166667	6	0.166667	1	0.06	-1.22185	0	0	0	0
7000	465	70	300	4	25	16	2553	3.40705	4	0	0	5	0.2	5	0.2	1	0.01	-2	0	0	0	0
7000	466	70	300	4	25	25	2122	3.32675	4	0	0	14	0.0714286	14	0.0714286	1	0.01	-2	0	0	0	0
7000	468	70	300	4	25	19	2956	3.4707	4	1	0	6	0.166667	6	0.166667	1	0.03	-1.52288	0.01	-2	0.03	-1.52288
7000	472	70	300	4	25	15	1223	3.08743	4	0	0	6	0.166667	6	0.166667	1	0	0	0	0	0	0
7000	474	70	300	4	25	18	4167	3.61982	4	1	0	5	0.2	5	0.2	1	0.02	-1.69897	0.01	-2	0.04	-1.39794
7000	475	70	300	4	25	18	2742	3.43807	4	0	0	6	0.166667	6	0.166667	1	0.01	-2	0	0	0	0
7000	476	70	300	4	25	22	7220	3.85854	4	1	1	6	0.166667	6	0.166667	1	0.06	-1.22185	0.01	-2	0.07	-1.1549
7000	478	70	300	4	25	21	3028	3.48116	4	0	0	9	0.111111	9	0.111111	1	0.12	-0.920819	0	0	0	0
7000	479	70	300	4	25	16	2264	3.35488	4	0	0	5	0.2	5	0.2	1	0.01	-2	0	0	0	0
7000	481	70	300	4	25	19	1500	3.17609	4	0	0	9	0.111111	9	0.111111	1	0.01	-2	0	0	0	0
7000	482	70	300	4	25	22	1307	3.11628	4	0	0	10	0.1	10	0.1	1	0	0	0	0	0	0
7000	483	70	300	4	25	15	1151	3.06108	4	0	0	5	0.2	5	0.2	1	0	0	0	0	0	0
7000	484	70	300	4	25	17	3090	3.48996	4	0	0	4	0.25	4	0.25	1	0.01	-2	0	0	0	0
7000	485	70	300	4	25	19	2309	3.36342	4	0	0	6	0.166667	6	0.166667	1	0.02	-1.69897	0	0	0	0
7000	486	70	300	4	25	22	7678	3.88525	4	1	0	6	0.166667	6	0.166667	1	0.04	-1.39794	0.01	-2	0.26	-0.585027
7000	487	70	300	4	25	14	1007	3.00303	4	0	0	5	0.2	5	0.2	1	0	0	0	0	0	0
7000	490	70	300	4	25	25	2362	3.37328	4	0	0	9	0.111111	9	0.111111	1	0.02	-1.69897	0	0	0	0
7000	493	70	300	4	25	20	3351	3.52517	4	1	0	5	0.2	5	0.2	1	0.03	-1.52288	0	0	0.04	-1.39794
7000	494	70	300	4	25	15	3563	3.55182	4	0	0	3	0.333333	3	0.333333	1	0.01	-2	0	0	0	0
7000	495	70	300	4	25	19	9287	3.96788	4	1	0	4	0.25	4	0.25	1	0.09	-1.04576	0.01	-2	0.09	-1.04576
7000	497	70	300	4	25	23	8397	3.92412	4	0	0	6	0.166667	6	0.166667	1	0.04	-1.39794	0.01	-2	0	0
7000	498	70	300	4	25	20	1926	3.28466	4	0	0	10	0.1	10	0.1	1	0.01	-2	0	0	0	0
7000	500	70	300	4	25	19	2483	3.39498	4	1	0	6	0.166667	6	0.166667	1	0.01	-2	0	0	0.02	-1.69897
7000	501	70	300	4	25	25	8027	3.90455	4	0	0	6	0.166667	6	0.166667	1	0.07	-1.1549	0.01	-2	0	0
7000	503	70	300	4	25	18	2549	3.40637	4	0	0	6	0.166667	6	0.166667	1	0.01	-2	0	0	0	0
7000	504	70	300	4	25	19	1259	3.10003	4	0	0	9	0.111111	9	0.111111	1	0	0	0	0	0	0
7000	505	70	300	4	25	19	5533	3.74296	4	0	0	5	0.2	5	0.2	1	0.03	-1.52288	0	0	0	0
7000	507	70	300	4	25	22	6719	3.8273	4	0	0	7	0.142857	7	0.142857	1	0.06	-1.22185	0	0	0	0
7000	508	70	300	4	25	21	4049	3.60735	4	1	0	10	0.1	10	0.1	1	0.02	-1.69897	0	0	0.05	-1.30103
7000	510	70	300	4	25	14	1591	3.20167	4	0	0	4	0.25	4	0.25	1	0.01	-2	0	0	0	0
7000	511	70	300	4	25	18	4258	3.62921	4	0	0	4	0.25	4	0.25	1	0.03	-1.52288	0.01	-2	0	0
7000	513	70	300	4	25	17	2879	3.45924	4	0	0	6	0.166667	6	0.166667	1	0.01	-2	0	0	0	0
7000	514	70	300	4	25	17	2043	3.31027	4	0	0	5	0.2	5	0.2	1	0.01	-2	0	0	0	0
7000	515	70	300	4	25	19	1574	3.197	4	0	0	5	0.2	5	0.2	1	0.01	-2	0	0	0	0
7000	516	70	300	4	25	21	3836	3.58388	4	1	1	5.375	0.186047	6	0.166667	0.895833	0.03	-1.52288	0	0	0.05	-1.30103
7000	517	70	300	4	25	20	1557	3.19229	4	0	0	8	0.125	8	0.125	1	0	0	0.01	-2	0	0
7000	523	70	300	4	25	21	3378	3.52866	4	0	0	9	0.111111	9	0.111111	1	0.02	-1.69897	0	0	0	0
7000	524	70	300	4	25	23	4857	3.68637	4	0	0	7	0.142857	7	0.142857	1	0.03	-1.52288	0	0	0	0
7000	525	70	300	4	25	26	6296	3.79906	4	0	0	14	0.0714286	14	0.0714286	1	0.05	-1.30103	0	0	0	0
7000	526	70	300	4	25	16	2028	3.30707	4	0	0	5	0.2	5	0.2	1	0.01	-2	0	0	0	0
7000	527	70	300	4	25	20	4084	3.61109	4	1	0	5	0.2	5	0.2	1	0.02	-1.69897	0	0	0.04	-1.39794
7000	528	70	300	4	25	22	4036	3.60595	4	1	1	8	0.125	8	0.125	1	0.02	-1.69897	0.01	-2	0.04	-1.39794
7000	529	70	300	4	25	20	3374	3.52815	4	0	0	5	0.2	5	0.2	1	0.02	-1.69897	0.01	-2	0	0
7000	532	70	300	4	25	23	3923	3.59362	4	0	0	9	0.111111	9	0.111111	1	0.02	-1.69897	0	0	0	0
7000	533	70	300	4	25	17	1092	3.03822	4	0	0	5	0.2	5	0.2	1	0	0	0	0	0	0
7000	535	70	300	4	25	15	2684	3.42878	4	1	0	4	0.25	4	0.25	1	0.01	-2	0	0	0.03	-1.52288
7000	536	70	300	4	25	23	5024	3.70105	4	0	0	8	0.125	8	0.125	1	0.02	-1.69897	0	0	0	0
7000	537	70	300	4	25	17	2692	3.43008	4	0	0	5	0.2	5	0.2	1	0.01	-2	0	0	0	0
7000	538	70	300	4	25	22	2691	3.42991	4	0	0	9	0.111111	9	0.111111	1	0.02	-1.69897	0	0	0	0
7000	540	70	300	4	25	17	3467	3.53995	4	0	0	4	0.25	4	0.25	1	0.01	-2	0.01	-2	0	0
7000	541	70	300	4	25	20	1087	3.03623	4	1	0	6	0.166667	6	0.166667	1	0.01	-2	0	0	0.01	-2
7000	543	70	300	4	25	16	1945	3.28892	4	0	0	6	0.166667	6	0.166667	1	0.03	-1.52288	0	0	0	0
7000	545	70	300	4	25	23	5985	3.77706	4	1	0	7	0.142857	7	0.142857	1	0.05	-1.30103	0.01	-2	0.06	-1.22185
7000	546	70	300	4	25	15	2303	3.36229	4	0	0	5	0.2	5	0.2	1	0.01	-2	0	0	0	0
7000	548	70	300	4	25	17	1665	3.22141	4	0	0	4	0.25	4	0.25	1	0.01	-2	0	0	0	0
7000	549	70	300	4	25	16	1972	3.29491	4	1	0	4	0.25	4	0.25	1	0.01	-2	0	0	0.02	-1.69897
7000	551	70	300	4	25	17	1234	3.09132	4	0	0	7	0.142857	7	0.142857	1	0	0	0	0	0	0
7000	552	70	300	4	25	20	3635	3.5605	4	0	0	7	0.142857	7	0.142857	1	0.02	-1.69897	0	0	0	0
7000	553	70	300	4	25	15	2159	3.33425	4	1	0	4	0.25	4	0.25	1	0.01	-2	0	0	0.02	-1.69897
7000	554	70	300	4	25	16	4859	3.68655	4	0	0	3	0.333333	3	0.333333	1	0.03	-1.52288	0	0	0	0
7000	556	70	300	4	25	17	6335	3.80175	4	0	0	3	0.333333	3	0.333333	1	0.03	-1.52288	0	0	0	0
7000	558	70	300	4	25	19	6781	3.83129	4	0	0	4	0.25	4	0.25	1	0.02	-1.69897	0.01	-2	0	0
7000	561	70	300	4	25	19	2708	3.43265	4	0	0	7	0.142857	7	0.142857	1	0.01	-2	0	0	0	0
7000	562	70	300	4	25	22	9918	3.99642	4	0	0	6	0.166667	6	0.166667	1	0.11	-0.958607	0.01	-2	0	0
7000	570	70	300	4	25	15	1221	3.08672	4	1	0	4	0.25	4	0.25	1	0.01	-2	0	0	0	0
7000	571	70	300	4	25	20	3886	3.5895	4	0	0	5	0.2	5	0.2	1	0.03	-1.52288	0	0	0	0
7000	572	70	300	4	25	19	3107	3.49234	4	0	0	7	0.142857	7	0.142857	1	0.02	-1.69897	0	0	0	0
7000	574	70	300	4	25	24	2822	3.45056	4	0	0	10	0.1	10	0.1	1	0.02	-1.69897	0	0	0	0
7000	575	70	300	4	25	17	3455	3.53845	4	0	0	4	0.25	4	0.25	1	0.01	-2	0	0	0	0
7000	577	70	300	4	25	18	2581	3.41179	4	0	0	5	0.2	5	0.2	1	0.01	-2	0	0	0	0
7000	578	70	300	4	25	23	6431	3.80828	4	0	0	6	0.166667	6	0.166667	1	0.04	-1.39794	0.01	-2	0	0
7000	580	70	300	4	25	19	5471	3.73807	4	0	0	6	0.166667	6	0.166667	1	0.03	-1.52288	0	0	0	0
7000	582	70	300	4	25	19	1519	3.18156	4	0	0	7	0.142857	7	0.142857	1	0.01	-2	0	0	0	0
7000	585	70	300	4	25	15	1794	3.25382	4	0	0	5	0.2	5	0.2	1	0.01	-2	0	0	0	0
7000	589	70	300	4	25	17	4891	3.6894	4	0	0	5	0.2	5	0.2	1	0.02	-1.69897	0.01	-2	0	0
7000	591	70	300	4	25	24	6533	3.81511	4	0	0	8	0.125	8	0.125	1	0.04	-1.39794	0	0	0	0
7000	596	70	300	4	25	22	1047	3.01995	4	0	0	12	0.0833333	12	0.0833333	1	0.01	-2	0	0	0	0
7000	597	70	300	4	25	18	1839	3.26458	4	0	0	6	0.166667	6	0.166667	1	0.01	-2	0	0	0	0
7000	598	70	300	4	25	17	3419	3.5339	4	0	0	4	0.25	4	0.25	1	0.02	-1.69897	0	0	0	0
7000	604	70	300	4	25	14	2015	3.30428	4	0	0	4	0.25	4	0.25	1	0.01	-2	0	0	0	0
7000	607	70	300	4	25	25	6025	3.77996	4	1	0	9	0.111111	9	0.111111	1	0.04	-1.39794	0	0	0.07	-1.1549
7000	609	70	300	4	25	16	2473	3.39322	4	0	0	4	0.25	4	0.25	1	0.01	-2	0	0	0	0
7000	610	70	300	4	25	19	1331	3.12418	4	0	0	8	0.125	8	0.125	1	0.01	-2	0	0	0	0
7000	614	70	300	4	25	20	1469	3.16702	4	0	0	7	0.142857	7	0.142857	1	0.01	-2	0	0	0	0
7000	615	70	300	4	25	15	1215	3.08458	4	0	0	4	0.25	4	0.25	1	0	0	0	0	0	0
7000	616	70	300	4	25	16	2782	3.44436	4	0	0	5	0.2	5	0.2	1	0.01	-2	0	0	0	0
7000	617	70	300	4	25	17	1102	3.04218	4	0	0	6	0.166667	6	0.166667	1	0	0	0	0	0	0
7000	618	70	300	4	25	16	1678	3.22479	4	0	0	6	0.166667	6	0.166667	1	0.01	-2	0	0	0	0
7000	619	70	300	4	25	20	1546	3.18921	4	0	0	7	0.142857	7	0.142857	1	0	0	0.01	-2	0	0
7000	620	70	300	4	25	18	2090	3.32015	4	0	0	6	0.166667	6	0.166667	1	0.01	-2	0.01	-2	0	0
7000	624	70	300	4	25	23	9677	3.98574	4	0	0	5	0.2	5	0.2	1	0.1	-1	0.01	-2	0	0
7000	628	70	300	4	25	20	2791	3.44576	4	0	0	5	0.2	5	0.2	1	0.02	-1.69897	0	0	0	0
7000	629	70	300	4	25	17	2998	3.47683	4	0	0	4	0.25	4	0.25	1	0.01	-2	0.01	-2	0	0
7000	630	70	300	4	25	18	1536	3.18639	4	0	0	7	0.142857	7	0.142857	1	0	0	0.01	-2	0	0
7000	631	70	300	4	25	19	1076	3.03181	4	0	0	9	0.111111	9	0.111111	1	0.01	-2	0	0	0	0
7000	637	70	300	4	25	15	1129	3.05269	4	0	0	4	0.25	4	0.25	1	0	0	0	0	0	0
7000	638	70	300	4	25	23	5605	3.74858	4	0	0	7	0.142857	7	0.142857	1	0.03	-1.52288	0.01	-2	0	0
7000	640	70	300	4	25	19	6935	3.84105	4	1	1	7	0.142857	7	0.142857	1	0.07	-1.1549	0.01	-2	0.07	-1.1549
7000	642	70	300	4	25	28	6846	3.83544	4	0	0	10	0.1	10	0.1	1	0.08	-1.09691	0.01	-2	0	0
7000	644	70	300	4	25	20	4402	3.64365	4	1	0	5	0.2	5	0.2	1	0.03	-1.52288	0	0	0.03	-1.52288
7000	646	70	300	4	25	18	3604	3.55678	4	1	0	6	0.166667	6	0.166667	1	0.02	-1.69897	0	0	0.05	-1.30103
7000	651	70	300	4	25	17	3959	3.59759	4	0	0	6	0.166667	6	0.166667	1	0.03	-1.52288	0	0	0	0
7000	652	70	300	4	25	20	6367	3.80393	4	1	0	5	0.2	5	0.2	1	0.04	-1.39794	0	0	0.08	-1.09691
7000	654	70	300	4	25	19	5634	3.75082	4	1	0	6	0.166667	6	0.166667	1	0.02	-1.69897	0.01	-2	0.09	-1.04576
7000	655	70	300	4	25	22	2571	3.4101	4	1	0	9	0.111111	9	0.111111	1	0.01	-2	0	0	0.02	-1.69897
7000	663	70	300	4	25	21	2131	3.32858	4	0	0	9	0.111111	9	0.111111	1	0.02	-1.69897	0	0	0	0
7000	664	70	300	4	25	18	1901	3.27898	4	0	0	5	0.2	5	0.2	1	0.01	-2	0	0	0	0
7000	667	70	300	4	25	19	3239	3.51041	4	0	0	5	0.2	5	0.2	1	0.02	-1.69897	0	0	0	0
7000	668	70	300	4	25	20	4193	3.62252	4	1	0	6	0.166667	6	0.166667	1	0.02	-1.69897	0	0	0.05	-1.30103
7000	673	70	300	4	25	16	1327	3.12287	4	0	0	4	0.25	4	0.25	1	0	0	0	0	0	0
7000	674	70	300	4	25	14	1038	3.0162	4	1	1	3.5	0.285714	4	0.25	0.875	0	0	0	0	0.02	-1.69897
7000	677	70	300	4	25	18	5261	3.72107	4	0	0	5	0.2	5	0.2	1	0.02	-1.69897	0	0	0	0
7000	682	70	300	4	25	23	8231	3.91545	4	0	0	9	0.111111	9	0.111111	1	0.07	-1.1549	0	0	0	0
7000	684	70	300	4	25	25	9187	3.96317	4	0	0	7	0.142857	7	0.142857	1	0.1	-1	0.01	-2	0	0
7000	685	70	300	4	25	19	5192	3.71533	4	1	0	5	0.2	5	0.2	1	0.04	-1.39794	0	0	0.11	-0.958607
7000	686	70	300	4	25	20	2603	3.41547	4	0	0	7	0.142857	7	0.142857	1	0.01	-2	0.01	-2	0	0
7000	692	70	300	4	25	16	2662	3.42521	4	0	0	4	0.25	4	0.25	1	0.01	-2	0	0	0	0
7000	694	70	300	4	25	19	2629	3.41979	4	0	0	6	0.166667	6	0.166667	1	0.01	-2	0	0	0	0
7000	695	70	300	4	25	20	8339	3.92111	4	0	0	6	0.166667	6	0.166667	1	0.03	-1.52288	0.01	-2	0	0
7000	696	70	300	4	25	22	5514	3.74147	4	0	0	7	0.142857	7	0.142857	1	0.05	-1.30103	0.01	-2	0	0
7000	698	70	300	4	25	22	8604	3.9347	4	0	0	6	0.166667	6	0.166667	1	0.06	-1.22185	0.01	-2	0	0
7000	700	70	300	4	25	23	7562	3.87864	4	0	0	7	0.142857	7	0.142857	1	0.06	-1.22185	0.01	-2	0	0
7000	701	70	300	4	25	18	1120	3.04922	4	0	0	7	0.142857	7	0.142857	1	0	0	0	0	0	0
7000	702	70	300	4	25	17	1300	3.11394	4	0	0	5	0.2	5	0.2	1	0	0	0	0	0	0
7000	704	70	300	4	25	21	5661	3.75289	4	0	0	7	0.142857	7	0.142857	1	0.03	-1.52288	0	0	0	0
7000	708	70	300	4	25	21	8510	3.92993	4	0	0	7	0.142857	7	0.142857	1	0.05	-1.30103	0.01	-2	0	0
7000	709	70	300	4	25	21	2143	3.33102	4	1	1	5.66667	0.176471	6	0.166667	0.944444	0.01	-2	0.01	-2	0.02	-1.69897
7000	714	70	300	4	25	19	6148	3.78873	4	1	0	6	0.166667	6	0.166667	1	0.05	-1.30103	0	0	0.06	-1.22185
7000	718	70	300	4	25	26	7822	3.89332	4	1	0	7	0.142857	7	0.142857	1	0.05	-1.30103	0	0	0.08	-1.09691
7000	719	70	300	4	25	21	3008	3.47828	4	0	0	8	0.125	8	0.125	1	0.01	-2	0	0	0	0
7000	720	70	300	4	25	20	1089	3.03703	4	0	0	9	0.111111	9	0.111111	1	0.01	-2	0	0	0	0
7000	721	70	300	4	25	26	4621	3.66474	4	0	0	10	0.1	10	0.1	1	0.04	-1.39794	0	0	0	0
7000	725	70	300	4	25	23	2619	3.41814	4	0	0	9	0.111111	9	0.111111	1	0.01	-2	0.01	-2	0	0
7000	726	70	300	4	25	22	4525	3.65562	4	0	0	8	0.125	8	0.125	1	0.03	-1.52288	0.01	-2	0	0
7000	727	70	300	4	25	28	7335	3.8654	4	0	0	11	0.0909091	11	0.0909091	1	0.07	-1.1549	0	0	0	0
7000	731	70	300	4	25	22	4525	3.65562	4	0	0	7	0.142857	7	0.142857	1	0.03	-1.52288	0	0	0	0
7000	732	70	300	4	25	21	4761	3.6777	4	1	1	4.5	0.222222	5	0.2	0.9	0.03	-1.52288	0.01	-2	0.05	-1.30103
7000	733	70	300	4	25	16	2439	3.38721	4	0	0	5	0.2	5	0.2	1	0.01	-2	0	0	0	0
7000	735	70	300	4	25	23	4499	3.65312	4	0	0	9	0.111111	9	0.111111	1	0.03	-1.52288	0	0	0	0
7000	739	70	300	4	25	20	5798	3.76328	4	0	0	6	0.166667	6	0.166667	1	0.05	-1.30103	0	0	0	0
7000	740	70	300	4	25	16	4534	3.65648	4	0	0	3	0.333333	3	0.333333	1	0.02	-1.69897	0.01	-2	0	0
7000	743	70	300	4	25	24	8853	3.94709	4	0	0	9	0.111111	9	0.111111	1	0.05	-1.30103	0.01	-2	0	0
7000	744	70	300	4	25	18	3697	3.56785	4	0	0	4	0.25	4	0.25	1	0.01	-2	0.01	-2	0	0
7000	748	70	300	4	25	17	1212	3.0835	4	0	0	6	0.166667	6	0.166667	1	0	0	0	0	0	0
7000	749	70	300	4	25	23	1488	3.1726	4	0	0	13	0.0769231	13	0.0769231	1	0.01	-2	0.01	-2	0	0
7000	750	70	300	4	25	22	6129	3.78739	4	0	0	7	0.142857	7	0.142857	1	0.06	-1.22185	0	0	0	0
7000	751	70	300	4	25	21	2971	3.4729	4	1	1	4.5	0.222222	5	0.2	0.9	0.02	-1.69897	0	0	0.04	-1.39794
7000	752	70	300	4	25	23	8160	3.91169	4	1	1	6	0.166667	6	0.166667	1	0.05	-1.30103	0	0	0.47	-0.327902
7000	762	70	300	4	25	19	5440	3.7356	4	0	0	6	0.166667	6	0.166667	1	0.03	-1.52288	0	0	0	0
7000	764	70	300	4	25	19	2908	3.46359	4	0	0	7	0.142857	7	0.142857	1	0.01	-2	0.01	-2	0	0
7000	765	70	300	4	25	18	6671	3.82419	4	1	0	5	0.2	5	0.2	1	0.04	-1.39794	0	0	0.12	-0.920819
7000	767	70	300	4	25	17	2299	3.36154	4	0	0	6	0.166667	6	0.166667	1	0.01	-2	0	0	0	0
7000	768	70	300	4	25	15	1295	3.11227	4	0	0	5	0.2	5	0.2	1	0	0	0	0	0	0
7000	769	70	300	4	25	22	6387	3.8053	4	0	0	7	0.142857	7	0.142857	1	0.02	-1.69897	0.01	-2	0	0
7000	771	70	300	4	25	17	1885	3.27531	4	0	0	4	0.25	4	0.25	1	0.01	-2	0	0	0	0
7000	772	70	300	4	25	18	2987	3.47524	4	0	0	5	0.2	5	0.2	1	0.01	-2	0	0	0	0
7000	773	70	300	4	25	13	1943	3.28847	4	1	0	2	0.5	2	0.5	1	0	0	0.01	-2	0.02	-1.69897
7000	776	70	300	4	25	20	1002	3.00087	4	1	0	9	0.111111	9	0.111111	1	0	0	0	0	0.01	-2
7000	780	70	300	4	25	18	2082	3.31848	4	1	0	5	0.2	5	0.2	1	0.02	-1.69897	0	0	0.03	-1.52288
7000	786	70	300	4	25	15	3671	3.56478	4	1	0	3	0.333333	3	0.333333	1	0.02	-1.69897	0	0	0.06	-1.22185
7000	787	70	300	4	25	20	3703	3.56855	4	0	0	6	0.166667	6	0.166667	1	0.02	-1.69897	0	0	0	0
7000	789	70	300	4	25	22	5305	3.72469	4	0	0	8	0.125	8	0.125	1	0.04	-1.39794	0	0	0	0
7000	791	70	300	4	25	21	6172	3.79043	4	0	0	7	0.142857	7	0.142857	1	0.05	-1.30103	0	0	0	0
7000	797	70	300	4	25	22	6488	3.81211	4	0	0	7	0.142857	7	0.142857	1	0.05	-1.30103	0	0	0	0
7000	799	70	300	4	25	22	5805	3.7638	4	0	0	6	0.166667	6	0.166667	1	0.05	-1.30103	0	0	0	0
7000	810	70	300	4	25	23	5437	3.73536	4	1	0	6	0.166667	6	0.166667	1	0.03	-1.52288	0.01	-2	0.05	-1.30103
7000	811	70	300	4	25	18	3155	3.499	4	0	0	6	0.166667	6	0.166667	1	0.01	-2	0.01	-2	0	0
7000	813	70	300	4	25	20	1739	3.2403	4	0	0	8	0.125	8	0.125	1	0.01	-2	0	0	0	0
7000	814	70	300	4	25	21	9008	3.95463	4	0	0	5	0.2	5	0.2	1	0.07	-1.1549	0	0	0	0
7000	817	70	300	4	25	23	9737	3.98843	4	1	0	6	0.166667	6	0.166667	1	0.05	-1.30103	0.02	-1.69897	0.1	-1
7000	820	70	300	4	25	15	1361	3.13386	4	0	0	4	0.25	4	0.25	1	0	0	0	0	0	0
7000	821	70	300	4	25	16	3527	3.54741	4	0	0	5	0.2	5	0.2	1	0.01	-2	0.01	-2	0	0
7000	824	70	300	4	25	24	9749	3.98896	4	1	0	8	0.125	8	0.125	1	0.11	-0.958607	0.01	-2	0.09	-1.04576
7000	825	70	300	4	25	21	5456	3.73687	4	0	0	10	0.1	10	0.1	1	0.02	-1.69897	0	0	0	0
7000	828	70	300	4	25	18	8442	3.92645	4	0	0	5	0.2	5	0.2	1	0.06	-1.22185	0.01	-2	0	0
7000	835	70	300	4	25	17	2715	3.43377	4	0	0	4	0.25	4	0.25	1	0.01	-2	0	0	0	0
7000	838	70	300	4	25	21	9245	3.96591	4	0	0	7	0.142857	7	0.142857	1	0.06	-1.22185	0.01	-2	0	0
7000	839	70	300	4	25	24	6738	3.82853	4	0	0	11	0.0909091	11	0.0909091	1	0.04	-1.39794	0.01	-2	0	0
7000	841	70	300	4	25	17	3036	3.4823	4	0	0	5	0.2	5	0.2	1	0.02	-1.69897	0	0	0	0
7000	842	70	300	4	25	23	2815	3.44948	4	0	0	10	0.1	10	0.1	1	0.02	-1.69897	0.01	-2	0	0
7000	843	70	300	4	25	19	3395	3.53084	4	0	0	6	0.166667	6	0.166667	1	0.01	-2	0.01	-2	0	0
7000	844	70	300	4	25	20	6668	3.824	4	0	0	6	0.166667	6	0.166667	1	0.05	-1.30103	0.01	-2	0	0
7000	848	70	300	4	25	25	6270	3.79727	4	0	0	10	0.1	10	0.1	1	0.04	-1.39794	0	0	0	0
7000	851	70	300	4	25	22	6875	3.83727	4	0	0	6	0.166667	6	0.166667	1	0.05	-1.30103	0	0	0	0
7000	852	70	300	4	25	19	2660	3.42488	4	0	0	7	0.142857	7	0.142857	1	0.01	-2	0	0	0	0
7000	853	70	300	4	25	16	2816	3.44963	4	0	0	4	0.25	4	0.25	1	0.01	-2	0.01	-2	0	0
7000	854	70	300	4	25	28	7466	3.87309	4	0	0	11	0.0909091	11	0.0909091	1	0.05	-1.30103	0.01	-2	0	0
7000	856	70	300	4	25	17	2367	3.3742	4	1	0	6	0.166667	6	0.166667	1	0.01	-2	0	0	0.03	-1.52288
7000	860	70	300	4	25	18	1274	3.10517	4	1	0	7	0.142857	7	0.142857	1	0.01	-2	0	0	0.01	-2
7000	862	70	300	4	25	22	9046	3.95646	4	1	0	6	0.166667	6	0.166667	1	0.07	-1.1549	0.01	-2	0.08	-1.09691
7000	863	70	300	4	25	20	2325	3.36642	4	0	0	9	0.111111	9	0.111111	1	0.01	-2	0	0	0	0
7000	865	70	300	4	25	33	5759	3.76035	4	0	0	15	0.0666667	15	0.0666667	1	0.06	-1.22185	0	0	0	0
7000	866	70	300	4	25	20	2366	3.37401	4	0	0	6	0.166667	6	0.166667	1	0.01	-2	0.01	-2	0	0
7000	868	70	300	4	25	22	3698	3.56797	4	0	0	7	0.142857	7	0.142857	1	0.02	-1.69897	0.01	-2	0	0
7000	872	70	300	4	25	21	3430	3.53529	4	1	0	5	0.2	5	0.2	1	0.02	-1.69897	0.01	-2	0.02	-1.69897
7000	873	70	300	4	25	20	7137	3.85352	4	0	0	8	0.125	8	0.125	1	0.03	-1.52288	0	0	0	0
7000	875	70	300	4	25	16	1199	3.07882	4	0	0	5	0.2	5	0.2	1	0	0	0	0	0	0
7000	876	70	300	4	25	20	9088	3.95847	4	0	0	5	0.2	5	0.2	1	0.05	-1.30103	0.01	-2	0	0
7000	878	70	300	4	25	21	1751	3.24329	4	1	0	6	0.166667	6	0.166667	1	0.01	-2	0	0	0.02	-1.69897
7000	879	70	300	4	25	21	4873	3.6878	4	0	0	5	0.2	5	0.2	1	0.04	-1.39794	0.01	-2	0	0
7000	888	70	300	4	25	22	4926	3.69249	4	0	0	7	0.142857	7	0.142857	1	0.02	-1.69897	0	0	0	0
7000	889	70	300	4	25	22	6421	3.8076	4	0	0	8	0.125	8	0.125	1	0.04	-1.39794	0	0	0	0
7000	890	70	300	4	25	22	8661	3.93757	4	1	0	5	0.2	5	0.2	1	0.06	-1.22185	0.01	-2	0.1	-1
7000	892	70	300	4	25	20	1393	3.14395	4	0	0	7	0.142857	7	0.142857	1	0	0	0.01	-2	0	0
7000	894	70	300	4	25	15	1849	3.26694	4	0	0	4	0.25	4	0.25	1	0	0	0.01	-2	0	0
7000	896	70	300	4	25	23	6537	3.81538	4	0	0	7	0.142857	7	0.142857	1	0.03	-1.52288	0	0	0	0
7000	897	70	300	4	25	21	9866	3.99414	4	1	1	5	0.2	5	0.2	1	0.06	-1.22185	0.02	-1.69897	0.1	-1
7000	898	70	300	4	25	22	3278	3.51561	4	0	0	10	0.1	10	0.1	1	0.03	-1.52288	0	0	0	0
7000	901	70	300	4	25	22	7941	3.89988	4	1	0	5	0.2	5	0.2	1	0.04	-1.39794	0.01	-2	0.08	-1.09691
7000	902	70	300	4	25	19	1994	3.29973	4	1	0	7	0.142857	7	0.142857	1	0.01	-2	0	0	0.02	-1.69897
7000	905	70	300	4	25	19	2073	3.3166	4	0	0	6	0.166667	6	0.166667	1	0.01	-2	0	0	0	0
7000	906	70	300	4	25	23	1739	3.2403	4	0	0	7	0.142857	7	0.142857	1	0.01	-2	0	0	0	0
7000	908	70	300	4	25	14	1283	3.10823	4	0	0	3	0.333333	3	0.333333	1	0	0	0	0	0	0
7000	911	70	300	4	25	22	4929	3.69276	4	1	1	5.5	0.181818	6	0.166667	0.916667	0.02	-1.69897	0.01	-2	0.04	-1.39794
7000	915	70	300	4	25	19	4030	3.60531	4	1	0	4	0.25	4	0.25	1	0.06	-1.22185	0.01	-2	0.05	-1.30103
7000	918	70	300	4	25	19	2522	3.40175	4	1	0	5	0.2	5	0.2	1	0.01	-2	0	0	0.02	-1.69897
7000	921	70	300	4	25	21	4349	3.63839	4	0	0	6	0.166667	6	0.166667	1	0.02	-1.69897	0	0	0	0
7000	922	70	300	4	25	18	5768	3.76103	4	0	0	4	0.25	4	0.25	1	0.03	-1.52288	0.01	-2	0	0
7000	923	70	300	4	25	26	5508	3.74099	4	0	0	10	0.1	10	0.1	1	0.04	-1.39794	0.01	-2	0	0
7000	924	70	300	4	25	16	4059	3.60842	4	0	0	3	0.333333	3	0.333333	1	0.02	-1.69897	0	0	0	0
7000	925	70	300	4	25	24	9195	3.96355	4	0	0	6	0.166667	6	0.166667	1	0.05	-1.30103	0.01	-2	0	0
7000	926	70	300	4	25	24	6202	3.79253	4	0	0	9	0.111111	9	0.111111	1	0.09	-1.04576	0.01	-2	0	0
7000	928	70	300	4	25	23	9810	3.99167	4	1	0	6	0.166667	6	0.166667	1	0.07	-1.1549	0.01	-2	0.1	-1
7000	930	70	300	4	25	24	3417	3.53364	4	0	0	11	0.0909091	11	0.0909091	1	0.02	-1.69897	0	0	0	0
7000	931	70	300	4	25	16	1344	3.1284	4	0	0	6	0.166667	6	0.166667	1	0	0	0	0	0	0
7000	932	70	300	4	25	30	7150	3.85431	4	0	0	12	0.0833333	12	0.0833333	1	0.1	-1	0	0	0	0
7000	933	70	300	4	25	23	4687	3.67089	4	0	0	6	0.166667	6	0.166667	1	0.03	-1.52288	0.01	-2	0	0
7000	934	70	300	4	25	19	4355	3.63899	4	0	0	6	0.166667	6	0.166667	1	0.02	-1.69897	0	0	0	0
7000	935	70	300	4	25	14	1675	3.22401	4	0	0	4	0.25	4	0.25	1	0	0	0.01	-2	0	0
7000	938	70	300	4	25	19	2161	3.33465	4	0	0	6	0.166667	6	0.166667	1	0.01	-2	0	0	0	0
7000	939	70	300	4	25	21	8942	3.95143	4	0	0	5	0.2	5	0.2	1	0.06	-1.22185	0.01	-2	0	0
7000	941	70	300	4	25	20	2416	3.3831	4	0	0	6	0.166667	6	0.166667	1	0.02	-1.69897	0	0	0	0
7000	943	70	300	4	25	24	6660	3.82347	4	1	0	6	0.166667	6	0.166667	1	0.06	-1.22185	0	0	0.07	-1.1549
7000	944	70	300	4	25	22	2752	3.43965	4	1	0	7	0.142857	7	0.142857	1	0.02	-1.69897	0	0	0.03	-1.52288
7000	945	70	300	4	25	21	5868	3.76849	4	0	0	7	0.142857	7	0.142857	1	0.03	-1.52288	0	0	0	0
7000	947	70	300	4	25	18	6208	3.79295	4	0	0	5	0.2	5	0.2	1	0.03	-1.52288	0	0	0	0
7000	948	70	300	4	25	23	6018	3.77945	4	0	0	8	0.125	8	0.125	1	0.03	-1.52288	0	0	0	0
7000	951	70	300	4	25	21	2779	3.44389	4	1	0	7	0.142857	7	0.142857	1	0.02	-1.69897	0	0	0.03	-1.52288
7000	953	70	300	4	25	20	1862	3.26998	4	0	0	7	0.142857	7	0.142857	1	0.01	-2	0	0	0	0
7000	955	70	300	4	25	18	2849	3.45469	4	0	0	6	0.166667	6	0.166667	1	0.02	-1.69897	0	0	0	0
7000	957	70	300	4	25	20	6696	3.82582	4	0	0	5	0.2	5	0.2	1	0.03	-1.52288	0.01	-2	0	0
7000	958	70	300	4	25	16	1472	3.16791	4	0	0	4	0.25	4	0.25	1	0.01	-2	0	0	0	0
7000	960	70	300	4	25	18	3815	3.58149	4	0	0	5	0.2	5	0.2	1	0.02	-1.69897	0	0	0	0
7000	961	70	300	4	25	17	4131	3.61606	4	0	0	5	0.2	5	0.2	1	0.01	-2	0	0	0	0
7000	967	70	300	4	25	14	2015	3.30428	4	0	0	3	0.333333	3	0.333333	1	0.01	-2	0	0	0	0
7000	968	70	300	4	25	20	7847	3.8947	4	0	0	5	0.2	5	0.2	1	0.08	-1.09691	0	0	0	0
7000	969	70	300	4	25	17	1369	3.1364	4	1	0	5	0.2	5	0.2	1	0.01	-2	0	0	0.01	-2
7000	970	70	300	4	25	21	4643	3.6668	4	1	0	5	0.2	5	0.2	1	0.03	-1.52288	0.01	-2	0.04	-1.39794
7000	971	70	300	4	25	22	5207	3.71659	4	0	0	6	0.166667	6	0.166667	1	0.05	-1.30103	0	0	0	0
7000	976	70	300	4	25	21	4442	3.64758	4	0	0	8	0.125	8	0.125	1	0.03	-1.52288	0.01	-2	0	0
7000	978	70	300	4	25	19	3198	3.50488	4	1	1	6	0.166667	6	0.166667	1	0.02	-1.69897	0.01	-2	0.03	-1.52288
7000	979	70	300	4	25	24	7691	3.88598	4	0	0	7	0.142857	7	0.142857	1	0.07	-1.1549	0.01	-2	0	0
7000	980	70	300	4	25	23	8884	3.94861	4	0	0	8	0.125	8	0.125	1	0.08	-1.09691	0.01	-2	0	0
7000	982	70	300	4	25	19	4229	3.62624	4	0	0	8	0.125	8	0.125	1	0.02	-1.69897	0	0	0	0
7000	984	70	300	4	25	17	1427	3.15442	4	0	0	6	0.166667	6	0.166667	1	0	0	0	0	0	0
7000	986	70	300	4	25	23	8199	3.91376	4	0	0	6	0.166667	6	0.166667	1	0.05	-1.30103	0.01	-2	0	0
7000	987	70	300	4	25	21	2221	3.34655	4	0	0	6	0.166667	6	0.166667	1	0.01	-2	0	0	0	0
7000	988	70	300	4	25	22	9880	3.99476	4	1	0	7	0.142857	7	0.142857	1	0.06	-1.22185	0.01	-2	0.09	-1.04576
7000	990	70	300	4	25	21	6406	3.80659	4	1	1	5	0.2	5	0.2	1	0.04	-1.39794	0.01	-2	0.06	-1.22185
7000	993	70	300	4	25	18	4433	3.6467	4	0	0	3	0.333333	3	0.333333	1	0.03	-1.52288	0	0	0	0
7000	1000	70	300	4	25	23	8326	3.92044	4	1	0	6	0.166667	6	0.166667	1	0.04	-1.39794	0.01	-2	0.08	-1.09691
