7000	23	20	300	4	25	9	3	0	0	3	3	1	0	0	0	0
7000	670	20	300	4	25	10	3	1	0	3	3	1	0	0	0	0
7000	23	30	300	4	25	11	3	0	0	4	4	1	0	0	0	0
7000	50	30	300	4	25	8	3	0	0	2	2	1	0	0	0	0
7000	129	30	300	4	25	15	3	0	0	6	6	1	0	0	0	0
7000	282	30	300	4	25	9	3	0	0	3	3	1	0	0	0	0
7000	478	30	300	4	25	11	3	0	0	3	3	1	0.01	0	0	0
7000	558	30	300	4	25	10	3	1	1	2.33333	3	0.777778	0	0	0.01	0
7000	611	30	300	4	25	11	3	0	0	4	4	1	0	0	0	0
7000	655	30	300	4	25	11	3	0	0	4	4	1	0	0	0	0
7000	670	30	300	4	25	9	3	0	0	3	3	1	0	0	0	0
7000	680	30	300	4	25	12	3	0	0	4	4	1	0	0	0	0
7000	703	30	300	4	25	10	3	0	0	2	2	1	0	0	0	0
7000	736	30	300	4	25	11	3	0	0	4	4	1	0	0	0	0
7000	772	30	300	4	25	8	3	0	0	2	2	1	0	0	0	0
7000	793	30	300	4	25	9	3	1	0	2	2	1	0	0	0	0
7000	799	30	300	4	25	9	3	0	0	3	3	1	0	0	0	0
7000	800	30	300	4	25	9	3	0	0	2	2	1	0	0	0	0
7000	916	30	300	4	25	11	3	0	0	4	4	1	0	0	0	0
7000	917	30	300	4	25	9	3	0	0	2	2	1	0	0	0	0
7000	982	30	300	4	25	11	3	1	0	6	6	1	0	0	0	0
7000	3	40	300	4	25	17	3	0	0	8	8	1	0	0	0	0
7000	8	40	300	4	25	17	3	0	0	9	9	1	0	0	0	0
7000	17	40	300	4	25	20	3	0	0	9	9	1	0.01	0	0	0
7000	21	40	300	4	25	11	3	0	0	3	3	1	0	0	0	0
7000	23	40	300	4	25	9	3	1	0	2	2	1	0	0	0	0
7000	30	40	300	4	25	12	3	0	0	4	4	1	0	0	0	0
7000	37	40	300	4	25	10	3	0	0	4	4	1	0	0	0	0
7000	44	40	300	4	25	9	3	0	0	3	3	1	0	0	0	0
7000	50	40	300	4	25	15	3	0	0	5	5	1	0	0	0	0
7000	60	40	300	4	25	14	3	1	0	4	4	1	0	0	0.01	0
7000	68	40	300	4	25	8	3	0	0	2	2	1	0	0	0	0
7000	77	40	300	4	25	10	3	0	0	3	3	1	0	0	0	0
7000	81	40	300	4	25	10	3	0	0	4	4	1	0	0	0	0
7000	84	40	300	4	25	10	3	0	0	4	4	1	0	0	0	0
7000	85	40	300	4	25	13	3	0	0	6	6	1	0	0	0	0
7000	87	40	300	4	25	9	3	1	0	2	2	1	0	0	0	0
7000	88	40	300	4	25	12	3	0	0	6	6	1	0	0	0	0
7000	89	40	300	4	25	10	3	0	0	4	4	1	0	0	0	0
7000	91	40	300	4	25	12	3	0	0	3	3	1	0	0	0	0
7000	96	40	300	4	25	12	3	0	0	8	8	1	0	0	0	0
7000	98	40	300	4	25	9	3	0	0	2	2	1	0	0	0	0
7000	105	40	300	4	25	11	3	1	0	4	4	1	0	0	0	0
7000	118	40	300	4	25	12	3	0	0	4	4	1	0	0	0	0
7000	119	40	300	4	25	11	3	1	1	3.5	4	0.875	0	0	0	0
7000	123	40	300	4	25	9	3	0	0	2	2	1	0	0	0	0
7000	124	40	300	4	25	17	3	0	0	12	12	1	0	0	0	0
7000	129	40	300	4	25	13	3	0	0	6	6	1	0	0	0	0
7000	134	40	300	4	25	13	3	0	0	6	6	1	0	0	0	0
7000	142	40	300	4	25	10	3	1	0	3	3	1	0	0	0	0
7000	145	40	300	4	25	11	3	0	0	4	4	1	0	0	0	0
7000	155	40	300	4	25	15	3	0	0	8	8	1	0	0	0	0
7000	156	40	300	4	25	14	3	0	0	6	6	1	0	0	0	0
7000	162	40	300	4	25	10	3	0	0	4	4	1	0	0	0	0
7000	165	40	300	4	25	10	3	0	0	3	3	1	0	0	0	0
7000	167	40	300	4	25	9	3	0	0	2	2	1	0	0	0	0
7000	171	40	300	4	25	12	3	0	0	5	5	1	0	0	0	0
7000	181	40	300	4	25	11	3	0	0	3	3	1	0	0	0	0
7000	189	40	300	4	25	9	3	0	0	3	3	1	0	0	0	0
7000	195	40	300	4	25	11	3	0	0	5	5	1	0	0	0	0
7000	196	40	300	4	25	11	3	1	0	3	3	1	0	0	0	0
7000	198	40	300	4	25	10	3	0	0	4	4	1	0	0	0	0
7000	199	40	300	4	25	12	3	1	0	4	4	1	0	0	0	0
7000	203	40	300	4	25	10	3	0	0	4	4	1	0	0	0	0
7000	208	40	300	4	25	8	3	0	0	3	3	1	0	0	0	0
7000	219	40	300	4	25	13	3	0	0	3	3	1	0	0	0	0
7000	225	40	300	4	25	12	3	0	0	7	7	1	0	0	0	0
7000	233	40	300	4	25	10	3	0	0	4	4	1	0	0	0	0
7000	234	40	300	4	25	10	3	0	0	3	3	1	0	0	0	0
7000	236	40	300	4	25	11	3	0	0	4	4	1	0	0	0	0
7000	238	40	300	4	25	8	3	0	0	2	2	1	0	0	0	0
7000	240	40	300	4	25	11	3	0	0	3	3	1	0	0	0	0
7000	242	40	300	4	25	10	3	0	0	3	3	1	0	0	0	0
7000	244	40	300	4	25	11	3	0	0	4	4	1	0	0	0	0
7000	247	40	300	4	25	11	3	0	0	4	4	1	0	0	0	0
7000	256	40	300	4	25	12	3	1	0	5	5	1	0	0	0	0
7000	257	40	300	4	25	9	3	1	1	2.5	3	0.833333	0	0	0.01	0
7000	263	40	300	4	25	9	3	0	0	2	2	1	0	0	0	0
7000	282	40	300	4	25	12	3	0	0	6	6	1	0	0	0	0
7000	289	40	300	4	25	9	3	0	0	3	3	1	0	0	0	0
7000	290	40	300	4	25	11	3	0	0	5	5	1	0	0	0	0
7000	293	40	300	4	25	11	3	0	0	3	3	1	0	0	0	0
7000	298	40	300	4	25	8	3	0	0	2	2	1	0	0	0	0
7000	307	40	300	4	25	8	3	0	0	2	2	1	0	0	0	0
7000	309	40	300	4	25	9	3	0	0	3	3	1	0	0	0	0
7000	311	40	300	4	25	13	3	1	0	4	4	1	0	0	0.01	0
7000	312	40	300	4	25	17	3	0	0	7	7	1	0	0	0	0
7000	315	40	300	4	25	12	3	1	0	3	3	1	0	0	0	0
7000	321	40	300	4	25	13	3	0	0	6	6	1	0	0	0	0
7000	322	40	300	4	25	15	3	0	0	6	6	1	0	0	0	0
7000	326	40	300	4	25	14	3	0	0	5	5	1	0	0	0	0
7000	327	40	300	4	25	9	3	0	0	4	4	1	0	0	0	0
7000	332	40	300	4	25	10	3	0	0	4	4	1	0	0	0	0
7000	340	40	300	4	25	11	3	0	0	6	6	1	0	0	0	0
7000	345	40	300	4	25	12	3	0	0	4	4	1	0	0	0	0
7000	351	40	300	4	25	10	3	0	0	4	4	1	0	0	0	0
7000	359	40	300	4	25	11	3	0	0	4	4	1	0	0	0	0
7000	369	40	300	4	25	8	3	0	0	2	2	1	0	0	0	0
7000	376	40	300	4	25	11	3	0	0	6	6	1	0	0	0	0
7000	379	40	300	4	25	13	3	0	0	5	5	1	0	0	0	0
7000	382	40	300	4	25	10	3	0	0	3	3	1	0	0	0	0
7000	386	40	300	4	25	15	3	0	0	9	9	1	0	0	0	0
7000	392	40	300	4	25	10	3	1	0	5	5	1	0	0	0	0
7000	393	40	300	4	25	9	3	1	0	3	3	1	0	0	0	0
7000	404	40	300	4	25	21	3	0	0	11	11	1	0	0	0	0
7000	419	40	300	4	25	10	3	0	0	3	3	1	0	0	0	0
7000	420	40	300	4	25	13	3	0	0	6	6	1	0	0	0	0
7000	421	40	300	4	25	11	3	0	0	6	6	1	0	0	0	0
7000	424	40	300	4	25	13	3	0	0	4	4	1	0	0	0	0
7000	435	40	300	4	25	8	3	0	0	3	3	1	0	0	0	0
7000	437	40	300	4	25	10	3	0	0	4	4	1	0	0	0	0
7000	438	40	300	4	25	14	3	0	0	8	8	1	0	0	0	0
7000	447	40	300	4	25	9	3	0	0	3	3	1	0	0	0	0
7000	457	40	300	4	25	11	3	0	0	4	4	1	0	0	0	0
7000	466	40	300	4	25	12	3	0	0	6	6	1	0	0	0	0
7000	473	40	300	4	25	8	3	0	0	2	2	1	0	0	0	0
7000	476	40	300	4	25	10	3	0	0	4	4	1	0	0	0	0
7000	480	40	300	4	25	9	3	0	0	4	4	1	0	0	0	0
7000	486	40	300	4	25	11	3	1	0	6	6	1	0	0	0	0
7000	494	40	300	4	25	9	3	1	1	2	2	1	0	0	0	0
7000	499	40	300	4	25	12	3	1	0	5	5	1	0	0	0	0
7000	502	40	300	4	25	13	3	0	0	5	5	1	0	0	0	0
7000	506	40	300	4	25	11	3	0	0	5	5	1	0	0	0	0
7000	510	40	300	4	25	8	3	0	0	2	2	1	0	0	0	0
7000	512	40	300	4	25	13	3	0	0	5	5	1	0	0	0	0
7000	517	40	300	4	25	10	3	0	0	3	3	1	0	0	0	0
7000	521	40	300	4	25	9	3	0	0	3	3	1	0	0	0	0
7000	522	40	300	4	25	12	3	0	0	4	4	1	0	0	0	0
7000	524	40	300	4	25	10	3	0	0	3	3	1	0	0	0	0
7000	525	40	300	4	25	19	3	0	0	12	12	1	0	0	0	0
7000	531	40	300	4	25	10	3	0	0	4	4	1	0	0	0	0
7000	534	40	300	4	25	19	3	0	0	8	8	1	0.01	0	0	0
7000	536	40	300	4	25	12	3	0	0	5	5	1	0	0	0	0
7000	542	40	300	4	25	12	3	0	0	4	4	1	0	0	0	0
7000	545	40	300	4	25	10	3	0	0	2	2	1	0	0	0	0
7000	546	40	300	4	25	9	3	0	0	4	4	1	0	0	0	0
7000	548	40	300	4	25	11	3	0	0	3	3	1	0	0	0	0
7000	556	40	300	4	25	11	3	0	0	4	4	1	0	0	0	0
7000	557	40	300	4	25	10	3	1	1	3.5	4	0.875	0	0	0	0
7000	560	40	300	4	25	10	3	0	0	5	5	1	0.01	0	0	0
7000	563	40	300	4	25	10	3	0	0	3	3	1	0	0	0	0
7000	567	40	300	4	25	8	3	0	0	2	2	1	0	0	0	0
7000	568	40	300	4	25	14	3	0	0	4	4	1	0	0	0	0
7000	570	40	300	4	25	12	3	0	0	5	5	1	0	0	0	0
7000	572	40	300	4	25	8	3	0	0	2	2	1	0	0	0	0
7000	578	40	300	4	25	11	3	1	0	3	3	1	0	0	0	0
7000	579	40	300	4	25	9	3	0	0	3	3	1	0	0	0	0
7000	581	40	300	4	25	10	3	0	0	4	4	1	0	0	0	0
7000	593	40	300	4	25	12	3	0	0	4	4	1	0	0	0	0
7000	600	40	300	4	25	13	3	0	0	6	6	1	0	0	0	0
7000	606	40	300	4	25	8	3	0	0	2	2	1	0	0	0	0
7000	611	40	300	4	25	12	3	0	0	4	4	1	0	0	0	0
7000	624	40	300	4	25	9	3	0	0	3	3	1	0	0	0	0
7000	629	40	300	4	25	8	3	0	0	2	2	1	0	0	0	0
7000	630	40	300	4	25	9	3	1	0	2	2	1	0	0	0	0
7000	632	40	300	4	25	11	3	0	0	3	3	1	0	0	0	0
7000	633	40	300	4	25	10	3	0	0	2	2	1	0	0	0	0
7000	638	40	300	4	25	9	3	0	0	4	4	1	0	0	0	0
7000	642	40	300	4	25	11	3	0	0	5	5	1	0	0	0	0
7000	647	40	300	4	25	11	3	0	0	3	3	1	0	0	0	0
7000	650	40	300	4	25	16	3	0	0	9	9	1	0	0	0	0
7000	655	40	300	4	25	13	3	0	0	4	4	1	0	0	0	0
7000	671	40	300	4	25	10	3	0	0	5	5	1	0	0	0	0
7000	672	40	300	4	25	8	3	0	0	2	2	1	0	0	0	0
7000	680	40	300	4	25	15	3	0	0	4	4	1	0	0	0	0
7000	684	40	300	4	25	11	3	0	0	4	4	1	0	0	0	0
7000	694	40	300	4	25	10	3	0	0	5	5	1	0	0	0	0
7000	695	40	300	4	25	8	3	0	0	2	2	1	0	0	0	0
7000	703	40	300	4	25	8	3	0	0	2	2	1	0	0	0	0
7000	717	40	300	4	25	11	3	0	0	3	3	1	0	0	0	0
7000	729	40	300	4	25	10	3	0	0	3	3	1	0	0	0	0
7000	730	40	300	4	25	12	3	0	0	4	4	1	0	0	0	0
7000	741	40	300	4	25	9	3	0	0	2	2	1	0	0	0	0
7000	746	40	300	4	25	11	3	0	0	4	4	1	0	0	0	0
7000	753	40	300	4	25	10	3	0	0	4	4	1	0	0	0	0
7000	756	40	300	4	25	9	3	0	0	2	2	1	0	0	0	0
7000	758	40	300	4	25	11	3	0	0	5	5	1	0	0	0	0
7000	764	40	300	4	25	8	3	0	0	2	2	1	0	0	0	0
7000	772	40	300	4	25	10	3	0	0	4	4	1	0	0	0	0
7000	775	40	300	4	25	9	3	0	0	4	4	1	0	0	0	0
7000	777	40	300	4	25	12	3	0	0	4	4	1	0	0	0	0
7000	784	40	300	4	25	10	3	0	0	4	4	1	0	0	0	0
7000	792	40	300	4	25	10	3	0	0	4	4	1	0	0	0	0
7000	793	40	300	4	25	9	3	0	0	2	2	1	0	0	0	0
7000	798	40	300	4	25	10	3	0	0	3	3	1	0	0	0	0
7000	799	40	300	4	25	10	3	0	0	4	4	1	0	0	0	0
7000	800	40	300	4	25	14	3	0	0	4	4	1	0	0	0	0
7000	801	40	300	4	25	11	3	0	0	4	4	1	0	0	0	0
7000	802	40	300	4	25	10	3	0	0	3	3	1	0	0	0	0
7000	803	40	300	4	25	10	3	1	0	2	2	1	0	0	0	0
7000	807	40	300	4	25	15	3	0	0	5	5	1	0	0	0	0
7000	811	40	300	4	25	11	3	0	0	6	6	1	0	0	0	0
7000	818	40	300	4	25	11	3	0	0	4	4	1	0	0	0	0
7000	832	40	300	4	25	9	3	0	0	4	4	1	0	0	0	0
7000	833	40	300	4	25	9	3	0	0	3	3	1	0	0	0	0
7000	836	40	300	4	25	18	3	0	0	9	9	1	0	0	0	0
7000	839	40	300	4	25	12	3	1	1	3.5	4	0.875	0	0	0	0
7000	844	40	300	4	25	10	3	0	0	3	3	1	0	0	0	0
7000	848	40	300	4	25	9	3	0	0	2	2	1	0	0	0	0
7000	853	40	300	4	25	8	3	0	0	2	2	1	0	0	0	0
7000	859	40	300	4	25	12	3	0	0	3	3	1	0	0	0	0
7000	862	40	300	4	25	12	3	0	0	5	5	1	0	0	0	0
7000	865	40	300	4	25	17	3	0	0	9	9	1	0	0	0	0
7000	876	40	300	4	25	8	3	0	0	2	2	1	0	0	0	0
7000	880	40	300	4	25	13	3	0	0	6	6	1	0	0	0	0
7000	881	40	300	4	25	9	3	0	0	2	2	1	0	0	0	0
7000	882	40	300	4	25	12	3	0	0	6	6	1	0	0	0	0
7000	890	40	300	4	25	11	3	0	0	5	5	1	0	0	0	0
7000	897	40	300	4	25	10	3	0	0	5	5	1	0	0	0	0
7000	898	40	300	4	25	11	3	0	0	6	6	1	0	0	0	0
7000	899	40	300	4	25	9	3	0	0	3	3	1	0	0	0	0
7000	903	40	300	4	25	8	3	0	0	2	2	1	0	0	0	0
7000	907	40	300	4	25	14	3	0	0	7	7	1	0	0	0	0
7000	909	40	300	4	25	9	3	0	0	4	4	1	0	0	0	0
7000	916	40	300	4	25	11	3	0	0	4	4	1	0	0	0	0
7000	917	40	300	4	25	11	3	1	0	3	3	1	0	0	0	0
7000	920	40	300	4	25	11	3	1	1	3.33333	4	0.833333	0	0	0	0
7000	921	40	300	4	25	14	3	0	0	6	6	1	0	0	0	0
7000	925	40	300	4	25	10	3	0	0	5	5	1	0	0	0	0
7000	936	40	300	4	25	8	3	0	0	2	2	1	0	0	0	0
7000	954	40	300	4	25	10	3	1	0	4	4	1	0	0	0	0
7000	956	40	300	4	25	16	3	0	0	5	5	1	0	0	0	0
7000	957	40	300	4	25	10	3	0	0	3	3	1	0	0	0	0
7000	963	40	300	4	25	14	3	0	0	5	5	1	0	0	0	0
7000	964	40	300	4	25	12	3	0	0	5	5	1	0	0	0	0
7000	965	40	300	4	25	13	3	0	0	6	6	1	0	0	0	0
7000	966	40	300	4	25	12	3	0	0	4	4	1	0	0	0	0
7000	967	40	300	4	25	9	3	0	0	3	3	1	0	0	0	0
7000	971	40	300	4	25	14	3	0	0	5	5	1	0	0	0	0
7000	979	40	300	4	25	12	3	1	0	4	4	1	0	0	0	0
7000	980	40	300	4	25	11	3	0	0	5	5	1	0	0	0	0
7000	982	40	300	4	25	12	3	0	0	7	7	1	0	0	0	0
7000	985	40	300	4	25	10	3	1	0	3	3	1	0	0	0	0
7000	990	40	300	4	25	12	3	0	0	4	4	1	0	0	0	0
7000	992	40	300	4	25	12	3	1	0	3	3	1	0	0	0.01	0
7000	995	40	300	4	25	16	3	0	0	5	5	1	0	0	0	0
7000	996	40	300	4	25	11	3	0	0	5	5	1	0	0	0	0
7000	998	40	300	4	25	12	3	0	0	6	6	1	0	0	0	0
7000	2	50	300	4	25	12	3	0	0	4	4	1	0	0	0	0
7000	3	50	300	4	25	17	3	1	1	6.5	7	0.928571	0	0	0.01	0
7000	5	50	300	4	25	13	3	0	0	8	8	1	0	0	0	0
7000	6	50	300	4	25	8	3	0	0	2	2	1	0	0	0	0
7000	7	50	300	4	25	11	3	0	0	5	5	1	0	0	0	0
7000	9	50	300	4	25	13	3	0	0	4	4	1	0	0	0	0
7000	13	50	300	4	25	10	3	0	0	2	2	1	0	0	0	0
7000	14	50	300	4	25	9	3	0	0	3	3	1	0	0	0	0
7000	15	50	300	4	25	9	3	0	0	3	3	1	0	0	0	0
7000	17	50	300	4	25	19	3	1	1	7	7	1	0	0	0.01	0
7000	18	50	300	4	25	13	3	0	0	5	5	1	0	0	0	0
7000	19	50	300	4	25	8	3	0	0	2	2	1	0	0	0	0
7000	21	50	300	4	25	12	3	0	0	3	3	1	0	0	0	0
7000	22	50	300	4	25	14	3	0	0	6	6	1	0	0	0	0
7000	23	50	300	4	25	17	3	0	0	5	5	1	0	0	0	0
7000	24	50	300	4	25	8	3	0	0	2	2	1	0	0	0	0
7000	25	50	300	4	25	14	3	1	0	4	4	1	0	0	0.01	0
7000	27	50	300	4	25	17	3	0	0	10	10	1	0	0	0	0
7000	28	50	300	4	25	13	3	0	0	6	6	1	0	0	0	0
7000	29	50	300	4	25	12	3	0	0	4	4	1	0	0	0	0
7000	32	50	300	4	25	16	3	1	0	9	9	1	0	0	0	0
7000	33	50	300	4	25	12	3	0	0	7	7	1	0	0	0	0
7000	36	50	300	4	25	10	3	0	0	3	3	1	0	0	0	0
7000	37	50	300	4	25	17	3	0	0	5	5	1	0	0	0	0
7000	43	50	300	4	25	13	3	0	0	5	5	1	0	0	0	0
7000	44	50	300	4	25	12	3	0	0	4	4	1	0	0	0	0
7000	50	50	300	4	25	16	3	0	0	5	5	1	0	0	0	0
7000	54	50	300	4	25	10	3	0	0	3	3	1	0	0	0	0
7000	55	50	300	4	25	14	3	0	0	5	5	1	0	0	0	0
7000	59	50	300	4	25	8	3	0	0	2	2	1	0	0	0	0
7000	62	50	300	4	25	12	3	0	0	5	5	1	0	0	0	0
7000	67	50	300	4	25	13	3	0	0	4	4	1	0	0	0	0
7000	68	50	300	4	25	8	3	0	0	2	2	1	0	0	0	0
7000	69	50	300	4	25	9	3	0	0	3	3	1	0	0	0	0
7000	70	50	300	4	25	13	3	0	0	6	6	1	0	0	0	0
7000	77	50	300	4	25	10	3	0	0	2	2	1	0	0	0	0
7000	78	50	300	4	25	8	3	0	0	2	2	1	0	0	0	0
7000	79	50	300	4	25	16	3	0	0	5	5	1	0	0	0	0
7000	80	50	300	4	25	11	3	0	0	4	4	1	0	0	0	0
7000	82	50	300	4	25	9	3	0	0	3	3	1	0	0	0	0
7000	83	50	300	4	25	9	3	0	0	3	3	1	0	0	0	0
7000	84	50	300	4	25	15	3	0	0	5	5	1	0	0	0	0
7000	85	50	300	4	25	15	3	1	0	5	5	1	0	0	0.01	0
7000	88	50	300	4	25	16	3	0	0	7	7	1	0	0	0	0
7000	89	50	300	4	25	12	3	0	0	4	4	1	0	0	0	0
7000	91	50	300	4	25	14	3	1	1	3.5	4	0.875	0	0	0.02	0
7000	93	50	300	4	25	10	3	0	0	3	3	1	0	0	0	0
7000	94	50	300	4	25	9	3	0	0	3	3	1	0	0	0	0
7000	95	50	300	4	25	12	3	1	0	5	5	1	0	0	0	0
7000	96	50	300	4	25	15	3	0	0	9	9	1	0	0	0	0
7000	98	50	300	4	25	9	3	0	0	3	3	1	0	0	0	0
7000	100	50	300	4	25	8	3	0	0	2	2	1	0	0	0	0
7000	102	50	300	4	25	11	3	0	0	3	3	1	0	0	0	0
7000	103	50	300	4	25	11	3	1	0	4	4	1	0	0	0	0
7000	105	50	300	4	25	12	3	0	0	4	4	1	0	0	0	0
7000	106	50	300	4	25	8	3	0	0	2	2	1	0	0	0	0
7000	107	50	300	4	25	12	3	1	0	4	4	1	0	0	0	0
7000	108	50	300	4	25	12	3	1	1	4.5	5	0.9	0	0	0	0
7000	109	50	300	4	25	11	3	0	0	6	6	1	0	0	0	0
7000	111	50	300	4	25	15	3	0	0	5	5	1	0	0	0	0
7000	113	50	300	4	25	11	3	0	0	6	6	1	0	0	0	0
7000	114	50	300	4	25	12	3	1	0	5	5	1	0	0	0	0
7000	115	50	300	4	25	11	3	0	0	5	5	1	0	0	0	0
7000	118	50	300	4	25	13	3	0	0	5	5	1	0	0	0	0
7000	120	50	300	4	25	10	3	0	0	5	5	1	0	0	0	0
7000	121	50	300	4	25	13	3	1	0	3	3	1	0	0	0.02	0
7000	123	50	300	4	25	11	3	1	0	3	3	1	0	0	0	0
7000	124	50	300	4	25	14	3	0	0	8	8	1	0	0	0	0
7000	125	50	300	4	25	9	3	0	0	3	3	1	0	0	0	0
7000	126	50	300	4	25	9	3	0	0	3	3	1	0	0	0	0
7000	128	50	300	4	25	15	3	0	0	6	6	1	0	0	0	0
7000	129	50	300	4	25	17	3	0	0	7	7	1	0	0	0	0
7000	131	50	300	4	25	13	3	0	0	7	7	1	0	0	0	0
7000	132	50	300	4	25	15	3	0	0	5	5	1	0	0	0	0
7000	134	50	300	4	25	14	3	0	0	5	5	1	0	0	0	0
7000	139	50	300	4	25	9	3	0	0	3	3	1	0	0	0	0
7000	140	50	300	4	25	11	3	0	0	4	4	1	0	0	0	0
7000	141	50	300	4	25	11	3	0	0	5	5	1	0	0	0	0
7000	145	50	300	4	25	16	3	0	0	6	6	1	0	0	0	0
7000	146	50	300	4	25	11	3	0	0	2	2	1	0	0	0	0
7000	147	50	300	4	25	15	3	0	0	5	5	1	0	0	0	0
7000	150	50	300	4	25	11	3	0	0	3	3	1	0	0	0	0
7000	155	50	300	4	25	17	3	1	0	6	6	1	0	0	0.01	0
7000	157	50	300	4	25	11	3	0	0	3	3	1	0	0	0	0
7000	158	50	300	4	25	11	3	0	0	4	4	1	0	0	0	0
7000	160	50	300	4	25	15	3	0	0	6	6	1	0	0	0	0
7000	161	50	300	4	25	18	3	1	1	5.66667	6	0.944444	0	0	0.01	0
7000	162	50	300	4	25	15	3	0	0	5	5	1	0	0	0	0
7000	164	50	300	4	25	15	3	0	0	8	8	1	0	0	0	0
7000	165	50	300	4	25	15	3	0	0	6	6	1	0	0	0	0
7000	166	50	300	4	25	10	3	0	0	4	4	1	0	0	0	0
7000	167	50	300	4	25	11	3	0	0	4	4	1	0	0	0	0
7000	171	50	300	4	25	14	3	0	0	5	5	1	0	0	0	0
7000	172	50	300	4	25	11	3	1	0	4	4	1	0	0	0.01	0
7000	174	50	300	4	25	10	3	0	0	2	2	1	0	0	0	0
7000	175	50	300	4	25	10	3	0	0	3	3	1	0	0	0	0
7000	178	50	300	4	25	14	3	1	0	4	4	1	0	0	0.01	0
7000	179	50	300	4	25	11	3	0	0	6	6	1	0	0	0	0
7000	181	50	300	4	25	13	3	0	0	4	4	1	0	0	0	0
7000	183	50	300	4	25	13	3	0	0	4	4	1	0	0	0	0
7000	185	50	300	4	25	11	3	0	0	4	4	1	0	0	0	0
7000	189	50	300	4	25	15	3	0	0	6	6	1	0	0	0	0
7000	196	50	300	4	25	11	3	0	0	3	3	1	0	0	0	0
7000	198	50	300	4	25	14	3	0	0	4	4	1	0	0	0	0
7000	200	50	300	4	25	13	3	0	0	4	4	1	0	0	0	0
7000	202	50	300	4	25	15	3	1	0	6	6	1	0	0	0.01	0
7000	203	50	300	4	25	13	3	1	0	4	4	1	0	0	0.01	0
7000	204	50	300	4	25	13	3	0	0	4	4	1	0	0	0	0
7000	207	50	300	4	25	13	3	1	0	4	4	1	0	0	0	0
7000	209	50	300	4	25	10	3	0	0	4	4	1	0	0	0	0
7000	210	50	300	4	25	9	3	0	0	3	3	1	0	0	0	0
7000	211	50	300	4	25	15	3	0	0	10	10	1	0	0	0	0
7000	212	50	300	4	25	9	3	0	0	3	3	1	0	0	0	0
7000	215	50	300	4	25	15	3	0	0	11	11	1	0	0	0	0
7000	216	50	300	4	25	10	3	0	0	4	4	1	0	0	0	0
7000	218	50	300	4	25	10	3	0	0	4	4	1	0	0	0	0
7000	219	50	300	4	25	15	3	0	0	4	4	1	0	0	0	0
7000	220	50	300	4	25	17	3	1	0	7	7	1	0	0	0.01	0
7000	221	50	300	4	25	12	3	0	0	4	4	1	0	0	0	0
7000	224	50	300	4	25	11	3	0	0	4	4	1	0	0	0	0
7000	225	50	300	4	25	12	3	0	0	7	7	1	0	0	0	0
7000	226	50	300	4	25	10	3	0	0	4	4	1	0	0	0	0
7000	227	50	300	4	25	15	3	1	0	7	7	1	0	0	0.01	0
7000	229	50	300	4	25	10	3	0	0	3	3	1	0	0	0	0
7000	230	50	300	4	25	10	3	0	0	3	3	1	0	0	0	0
7000	233	50	300	4	25	12	3	0	0	3	3	1	0	0	0	0
7000	239	50	300	4	25	11	3	0	0	5	5	1	0	0	0	0
7000	244	50	300	4	25	14	3	0	0	5	5	1	0	0	0	0
7000	245	50	300	4	25	9	3	0	0	3	3	1	0	0	0	0
7000	246	50	300	4	25	17	3	0	0	8	8	1	0	0	0	0
7000	247	50	300	4	25	12	3	0	0	4	4	1	0	0	0	0
7000	248	50	300	4	25	12	3	0	0	5	5	1	0	0	0	0
7000	249	50	300	4	25	11	3	0	0	3	3	1	0	0	0	0
7000	250	50	300	4	25	16	3	0	0	6	6	1	0	0	0	0
7000	251	50	300	4	25	9	3	0	0	2	2	1	0	0	0	0
7000	252	50	300	4	25	11	3	0	0	5	5	1	0	0	0	0
7000	255	50	300	4	25	12	3	0	0	4	4	1	0	0	0	0
7000	256	50	300	4	25	18	3	0	0	7	7	1	0	0	0	0
7000	257	50	300	4	25	13	3	0	0	5	5	1	0	0	0	0
7000	259	50	300	4	25	9	3	0	0	3	3	1	0	0	0	0
7000	265	50	300	4	25	10	3	0	0	4	4	1	0	0	0	0
7000	268	50	300	4	25	15	3	0	0	6	6	1	0	0	0	0
7000	269	50	300	4	25	10	3	0	0	4	4	1	0	0	0	0
7000	270	50	300	4	25	12	3	0	0	4	4	1	0	0	0	0
7000	271	50	300	4	25	14	3	0	0	5	5	1	0	0	0	0
7000	274	50	300	4	25	11	3	1	0	4	4	1	0	0	0	0
7000	277	50	300	4	25	11	3	0	0	5	5	1	0	0	0	0
7000	279	50	300	4	25	12	3	0	0	7	7	1	0	0	0	0
7000	280	50	300	4	25	17	3	1	0	8	8	1	0	0	0	0
7000	282	50	300	4	25	12	3	0	0	4	4	1	0	0	0	0
7000	285	50	300	4	25	9	3	0	0	3	3	1	0	0	0	0
7000	287	50	300	4	25	16	3	0	0	10	10	1	0	0	0	0
7000	288	50	300	4	25	12	3	0	0	5	5	1	0	0	0	0
7000	289	50	300	4	25	14	3	0	0	5	5	1	0	0	0	0
7000	290	50	300	4	25	13	3	0	0	6	6	1	0	0	0	0
7000	291	50	300	4	25	12	3	0	0	7	7	1	0	0	0	0
7000	292	50	300	4	25	15	3	0	0	9	9	1	0	0	0	0
7000	293	50	300	4	25	10	3	0	0	4	4	1	0	0	0	0
7000	294	50	300	4	25	13	3	0	0	6	6	1	0	0	0	0
7000	297	50	300	4	25	12	3	0	0	6	6	1	0	0	0	0
7000	299	50	300	4	25	13	3	0	0	5	5	1	0	0	0	0
7000	300	50	300	4	25	13	3	0	0	5	5	1	0	0	0	0
7000	301	50	300	4	25	12	3	0	0	3	3	1	0	0	0	0
7000	302	50	300	4	25	9	3	0	0	3	3	1	0	0	0	0
7000	303	50	300	4	25	8	3	0	0	2	2	1	0	0	0	0
7000	304	50	300	4	25	13	3	0	0	5	5	1	0	0	0	0
7000	306	50	300	4	25	14	3	0	0	6	6	1	0	0	0	0
7000	307	50	300	4	25	12	3	0	0	4	4	1	0	0	0	0
7000	309	50	300	4	25	14	3	0	0	5	5	1	0	0	0	0
7000	311	50	300	4	25	14	3	0	0	4	4	1	0	0	0	0
7000	314	50	300	4	25	15	3	0	0	4	4	1	0	0	0	0
7000	317	50	300	4	25	10	3	0	0	4	4	1	0	0	0	0
7000	318	50	300	4	25	11	3	0	0	5	5	1	0	0	0	0
7000	319	50	300	4	25	11	3	0	0	5	5	1	0	0	0	0
7000	322	50	300	4	25	14	3	0	0	6	6	1	0	0	0	0
7000	324	50	300	4	25	12	3	0	0	4	4	1	0	0	0	0
7000	327	50	300	4	25	11	3	0	0	3	3	1	0	0	0	0
7000	328	50	300	4	25	9	3	0	0	3	3	1	0	0	0	0
7000	329	50	300	4	25	9	3	0	0	2	2	1	0	0	0	0
7000	330	50	300	4	25	9	3	0	0	2	2	1	0	0	0	0
7000	332	50	300	4	25	9	3	0	0	3	3	1	0	0	0	0
7000	335	50	300	4	25	11	3	0	0	4	4	1	0	0	0	0
7000	337	50	300	4	25	10	3	0	0	4	4	1	0	0	0	0
7000	338	50	300	4	25	13	3	0	0	6	6	1	0	0	0	0
7000	340	50	300	4	25	13	3	0	0	6	6	1	0	0	0	0
7000	341	50	300	4	25	9	3	0	0	4	4	1	0	0	0	0
7000	342	50	300	4	25	9	3	0	0	3	3	1	0	0	0	0
7000	343	50	300	4	25	14	3	0	0	5	5	1	0	0	0	0
7000	344	50	300	4	25	12	3	0	0	3	3	1	0	0	0	0
7000	345	50	300	4	25	15	3	0	0	6	6	1	0	0	0	0
7000	349	50	300	4	25	12	3	0	0	3	3	1	0	0	0	0
7000	351	50	300	4	25	15	3	0	0	6	6	1	0	0	0	0
7000	354	50	300	4	25	13	3	0	0	5	5	1	0	0	0	0
7000	355	50	300	4	25	10	3	0	0	4	4	1	0	0	0	0
7000	356	50	300	4	25	8	3	0	0	3	3	1	0	0	0	0
7000	357	50	300	4	25	12	3	0	0	5	5	1	0	0	0	0
7000	358	50	300	4	25	13	3	0	0	6	6	1	0	0	0	0
7000	360	50	300	4	25	11	3	0	0	5	5	1	0	0	0	0
7000	361	50	300	4	25	13	3	1	0	4	4	1	0	0	0.01	0
7000	364	50	300	4	25	15	3	0	0	9	9	1	0	0	0	0
7000	366	50	300	4	25	11	3	0	0	4	4	1	0	0	0	0
7000	368	50	300	4	25	14	3	0	0	8	8	1	0	0	0	0
7000	369	50	300	4	25	10	3	0	0	3	3	1	0	0	0	0
7000	372	50	300	4	25	11	3	0	0	4	4	1	0	0	0	0
7000	373	50	300	4	25	9	3	0	0	4	4	1	0	0	0	0
7000	374	50	300	4	25	11	3	0	0	5	5	1	0	0	0	0
7000	375	50	300	4	25	16	3	0	0	5	5	1	0	0	0	0
7000	377	50	300	4	25	16	3	0	0	7	7	1	0.01	0.02	0	0
7000	379	50	300	4	25	12	3	0	0	7	7	1	0	0	0	0
7000	382	50	300	4	25	13	3	0	0	5	5	1	0	0	0	0
7000	383	50	300	4	25	12	3	1	0	3	3	1	0	0	0.01	0
7000	385	50	300	4	25	13	3	0	0	4	4	1	0	0	0	0
7000	386	50	300	4	25	17	3	0	0	9	9	1	0	0	0	0
7000	387	50	300	4	25	10	3	0	0	3	3	1	0	0	0	0
7000	388	50	300	4	25	9	3	0	0	3	3	1	0	0	0	0
7000	392	50	300	4	25	12	3	0	0	4	4	1	0	0	0	0
7000	393	50	300	4	25	12	3	0	0	4	4	1	0	0	0	0
7000	394	50	300	4	25	9	3	0	0	3	3	1	0	0	0	0
7000	396	50	300	4	25	10	3	0	0	3	3	1	0	0	0	0
7000	398	50	300	4	25	9	3	0	0	2	2	1	0	0	0	0
7000	399	50	300	4	25	11	3	1	0	3	3	1	0	0	0	0
7000	400	50	300	4	25	13	3	0	0	6	6	1	0	0	0	0
7000	403	50	300	4	25	9	3	0	0	3	3	1	0	0	0	0
7000	405	50	300	4	25	13	3	0	0	4	4	1	0	0	0	0
7000	407	50	300	4	25	12	3	1	0	3	3	1	0	0	0.01	0
7000	408	50	300	4	25	14	3	0	0	4	4	1	0	0	0	0
7000	409	50	300	4	25	12	3	1	0	4	4	1	0	0	0.01	0
7000	410	50	300	4	25	9	3	0	0	3	3	1	0	0	0	0
7000	414	50	300	4	25	9	3	0	0	2	2	1	0	0	0	0
7000	415	50	300	4	25	9	3	0	0	3	3	1	0	0	0	0
7000	416	50	300	4	25	15	3	1	0	6	6	1	0	0	0	0
7000	418	50	300	4	25	12	3	0	0	5	5	1	0	0	0	0
7000	420	50	300	4	25	16	3	0	0	7	7	1	0	0	0	0
7000	421	50	300	4	25	10	3	0	0	4	4	1	0	0	0	0
7000	422	50	300	4	25	11	3	0	0	4	4	1	0	0	0	0
7000	424	50	300	4	25	12	3	0	0	3	3	1	0	0	0	0
7000	425	50	300	4	25	10	3	0	0	4	4	1	0	0	0	0
7000	428	50	300	4	25	10	3	0	0	3	3	1	0	0	0	0
7000	430	50	300	4	25	9	3	0	0	3	3	1	0	0	0	0
7000	431	50	300	4	25	12	3	0	0	7	7	1	0	0	0	0
7000	432	50	300	4	25	9	3	0	0	4	4	1	0	0	0	0
7000	433	50	300	4	25	17	3	0	0	8	8	1	0	0	0	0
7000	434	50	300	4	25	12	3	1	0	4	4	1	0	0	0	0
7000	435	50	300	4	25	11	3	0	0	4	4	1	0	0	0	0
7000	437	50	300	4	25	12	3	0	0	5	5	1	0	0	0	0
7000	438	50	300	4	25	17	3	0	0	7	7	1	0	0	0	0
7000	440	50	300	4	25	10	3	0	0	3	3	1	0	0	0	0
7000	441	50	300	4	25	11	3	0	0	5	5	1	0	0	0	0
7000	442	50	300	4	25	8	3	0	0	2	2	1	0	0	0	0
7000	444	50	300	4	25	15	3	0	0	5	5	1	0	0	0	0
7000	448	50	300	4	25	10	3	0	0	3	3	1	0	0	0	0
7000	450	50	300	4	25	13	3	0	0	5	5	1	0	0	0	0
7000	451	50	300	4	25	14	3	1	1	6	6	1	0	0	0.01	0
7000	452	50	300	4	25	8	3	0	0	2	2	1	0	0	0	0
7000	457	50	300	4	25	18	3	0	0	7	7	1	0	0	0	0
7000	458	50	300	4	25	10	3	0	0	3	3	1	0	0	0	0
7000	459	50	300	4	25	8	3	0	0	2	2	1	0	0	0	0
7000	460	50	300	4	25	9	3	0	0	2	2	1	0	0	0	0
7000	463	50	300	4	25	12	3	0	0	5	5	1	0	0	0	0
7000	464	50	300	4	25	10	3	1	1	3.5	4	0.875	0	0	0.01	0
7000	468	50	300	4	25	11	3	0	0	3	3	1	0	0	0	0
7000	471	50	300	4	25	15	3	0	0	5	5	1	0	0	0	0
7000	473	50	300	4	25	12	3	1	0	4	4	1	0	0	0	0
7000	476	50	300	4	25	13	3	0	0	4	4	1	0	0	0	0
7000	477	50	300	4	25	15	3	0	0	4	4	1	0	0	0	0
7000	478	50	300	4	25	10	3	0	0	3	3	1	0	0	0	0
7000	486	50	300	4	25	15	3	0	0	7	7	1	0	0	0	0
7000	488	50	300	4	25	13	3	0	0	4	4	1	0	0	0	0
7000	489	50	300	4	25	11	3	0	0	4	4	1	0	0	0	0
7000	490	50	300	4	25	15	3	0	0	6	6	1	0	0	0	0
7000	491	50	300	4	25	8	3	0	0	2	2	1	0	0	0	0
7000	495	50	300	4	25	11	3	0	0	3	3	1	0	0	0	0
7000	496	50	300	4	25	11	3	0	0	4	4	1	0	0	0	0
7000	497	50	300	4	25	11	3	0	0	5	5	1	0	0	0	0
7000	498	50	300	4	25	13	3	0	0	5	5	1	0	0	0	0
7000	499	50	300	4	25	11	3	0	0	4	4	1	0	0	0	0
7000	500	50	300	4	25	12	3	0	0	6	6	1	0	0	0	0
7000	504	50	300	4	25	13	3	0	0	6	6	1	0	0	0	0
7000	505	50	300	4	25	11	3	0	0	5	5	1	0	0	0	0
7000	506	50	300	4	25	10	3	0	0	4	4	1	0	0	0	0
7000	507	50	300	4	25	14	3	0	0	5	5	1	0	0	0	0
7000	508	50	300	4	25	12	3	0	0	7	7	1	0	0	0	0
7000	509	50	300	4	25	12	3	0	0	5	5	1	0	0	0	0
7000	510	50	300	4	25	10	3	0	0	4	4	1	0	0	0	0
7000	511	50	300	4	25	9	3	0	0	2	2	1	0	0	0	0
7000	512	50	300	4	25	15	3	0	0	6	6	1	0	0	0	0
7000	513	50	300	4	25	12	3	0	0	8	8	1	0	0	0	0
7000	514	50	300	4	25	9	3	0	0	3	3	1	0	0	0	0
7000	515	50	300	4	25	14	3	0	0	6	6	1	0	0	0	0
7000	516	50	300	4	25	10	3	1	0	3	3	1	0	0	0	0
7000	517	50	300	4	25	9	3	0	0	3	3	1	0	0	0	0
7000	520	50	300	4	25	10	3	0	0	4	4	1	0	0	0	0
7000	521	50	300	4	25	18	3	0	0	10	10	1	0	0	0	0
7000	522	50	300	4	25	14	3	0	0	4	4	1	0	0	0	0
7000	524	50	300	4	25	14	3	0	0	4	4	1	0	0	0	0
7000	527	50	300	4	25	10	3	0	0	3	3	1	0	0	0	0
7000	530	50	300	4	25	14	3	0	0	7	7	1	0	0	0	0
7000	532	50	300	4	25	12	3	0	0	6	6	1	0	0	0	0
7000	534	50	300	4	25	16	3	0	0	9	9	1	0	0	0	0
7000	536	50	300	4	25	16	3	0	0	9	9	1	0	0	0	0
7000	537	50	300	4	25	8	3	0	0	2	2	1	0	0	0	0
7000	546	50	300	4	25	10	3	0	0	4	4	1	0	0	0	0
7000	548	50	300	4	25	13	3	0	0	4	4	1	0	0	0	0
7000	549	50	300	4	25	11	3	0	0	4	4	1	0	0	0	0
7000	554	50	300	4	25	12	3	0	0	4	4	1	0	0	0	0
7000	555	50	300	4	25	9	3	0	0	3	3	1	0	0	0	0
7000	556	50	300	4	25	10	3	0	0	3	3	1	0	0	0	0
7000	559	50	300	4	25	16	3	0	0	7	7	1	0	0	0	0
7000	560	50	300	4	25	12	3	0	0	4	4	1	0	0	0	0
7000	561	50	300	4	25	10	3	0	0	3	3	1	0	0	0	0
7000	563	50	300	4	25	16	3	0	0	8	8	1	0	0	0	0
7000	564	50	300	4	25	15	3	0	0	5	5	1	0	0	0	0
7000	565	50	300	4	25	11	3	0	0	5	5	1	0	0	0	0
7000	567	50	300	4	25	10	3	0	0	3	3	1	0	0	0	0
7000	568	50	300	4	25	13	3	0	0	3	3	1	0	0	0	0
7000	570	50	300	4	25	12	3	0	0	4	4	1	0	0	0	0
7000	572	50	300	4	25	13	3	0	0	5	5	1	0	0	0	0
7000	576	50	300	4	25	10	3	0	0	4	4	1	0	0	0	0
7000	580	50	300	4	25	11	3	0	0	6	6	1	0	0	0	0
7000	581	50	300	4	25	11	3	0	0	3	3	1	0	0	0	0
7000	582	50	300	4	25	12	3	0	0	6	6	1	0	0	0	0
7000	590	50	300	4	25	12	3	0	0	4	4	1	0	0	0	0
7000	592	50	300	4	25	11	3	0	0	5	5	1	0	0	0	0
7000	594	50	300	4	25	9	3	0	0	3	3	1	0	0	0	0
7000	595	50	300	4	25	12	3	0	0	4	4	1	0	0	0	0
7000	597	50	300	4	25	11	3	0	0	4	4	1	0	0	0	0
7000	598	50	300	4	25	15	3	0	0	6	6	1	0	0	0	0
7000	600	50	300	4	25	17	3	0	0	7	7	1	0	0	0	0
7000	601	50	300	4	25	13	3	0	0	5	5	1	0	0	0	0
7000	606	50	300	4	25	8	3	0	0	2	2	1	0	0	0	0
7000	609	50	300	4	25	8	3	0	0	2	2	1	0	0	0	0
7000	610	50	300	4	25	16	3	0	0	10	10	1	0	0	0	0
7000	611	50	300	4	25	14	3	0	0	4	4	1	0	0	0	0
7000	613	50	300	4	25	12	3	0	0	6	6	1	0	0	0	0
7000	621	50	300	4	25	11	3	1	1	3.66667	4	0.916667	0	0	0.01	0
7000	622	50	300	4	25	12	3	0	0	5	5	1	0	0	0	0
7000	623	50	300	4	25	16	3	0	0	5	5	1	0	0	0	0
7000	625	50	300	4	25	14	3	1	0	8	8	1	0	0	0	0
7000	627	50	300	4	25	11	3	0	0	5	5	1	0	0	0	0
7000	628	50	300	4	25	11	3	0	0	4	4	1	0	0	0	0
7000	629	50	300	4	25	8	3	0	0	3	3	1	0	0	0	0
7000	630	50	300	4	25	10	3	0	0	3	3	1	0	0	0	0
7000	633	50	300	4	25	12	3	0	0	4	4	1	0	0	0	0
7000	634	50	300	4	25	13	3	0	0	6	6	1	0	0	0	0
7000	641	50	300	4	25	14	3	0	0	5	5	1	0	0	0	0
7000	642	50	300	4	25	20	3	0	0	10	10	1	0	0	0	0
7000	643	50	300	4	25	13	3	0	0	4	4	1	0	0	0	0
7000	644	50	300	4	25	11	3	0	0	4	4	1	0	0	0	0
7000	645	50	300	4	25	14	3	0	0	5	5	1	0	0	0	0
7000	646	50	300	4	25	10	3	0	0	6	6	1	0	0	0	0
7000	647	50	300	4	25	12	3	1	1	3.5	4	0.875	0	0	0	0
7000	649	50	300	4	25	10	3	0	0	4	4	1	0	0	0	0
7000	653	50	300	4	25	15	3	0	0	5	5	1	0	0	0	0
7000	655	50	300	4	25	14	3	1	0	5	5	1	0	0	0	0
7000	656	50	300	4	25	18	3	0	0	9	9	1	0	0	0	0
7000	659	50	300	4	25	8	3	0	0	2	2	1	0	0	0	0
7000	661	50	300	4	25	10	3	0	0	3	3	1	0	0	0	0
7000	662	50	300	4	25	14	3	0	0	4	4	1	0	0	0	0
7000	663	50	300	4	25	17	3	0	0	9	9	1	0	0	0	0
7000	664	50	300	4	25	12	3	1	0	6	6	1	0	0	0	0
7000	665	50	300	4	25	11	3	0	0	3	3	1	0	0	0	0
7000	666	50	300	4	25	10	3	0	0	2	2	1	0	0	0	0
7000	668	50	300	4	25	10	3	0	0	4	4	1	0	0	0	0
7000	671	50	300	4	25	14	3	0	0	6	6	1	0	0	0	0
7000	681	50	300	4	25	9	3	0	0	3	3	1	0	0	0	0
7000	682	50	300	4	25	14	3	0	0	7	7	1	0	0	0	0
7000	686	50	300	4	25	8	3	0	0	3	3	1	0	0	0	0
7000	687	50	300	4	25	12	3	0	0	6	6	1	0	0	0	0
7000	688	50	300	4	25	11	3	0	0	5	5	1	0	0	0	0
7000	689	50	300	4	25	14	3	0	0	4	4	1	0	0	0	0
7000	691	50	300	4	25	10	3	0	0	5	5	1	0	0	0	0
7000	692	50	300	4	25	13	3	0	0	6	6	1	0	0	0	0
7000	693	50	300	4	25	10	3	0	0	3	3	1	0	0	0	0
7000	694	50	300	4	25	11	3	0	0	6	6	1	0	0	0	0
7000	696	50	300	4	25	12	3	0	0	5	5	1	0	0	0	0
7000	698	50	300	4	25	10	3	0	0	4	4	1	0	0	0	0
7000	702	50	300	4	25	11	3	0	0	4	4	1	0	0	0	0
7000	705	50	300	4	25	13	3	0	0	8	8	1	0	0	0	0
7000	706	50	300	4	25	12	3	0	0	5	5	1	0	0	0	0
7000	708	50	300	4	25	12	3	0	0	4	4	1	0	0	0	0
7000	709	50	300	4	25	11	3	1	0	4	4	1	0	0	0.01	0
7000	711	50	300	4	25	10	3	0	0	3	3	1	0	0	0	0
7000	714	50	300	4	25	11	3	0	0	5	5	1	0	0	0	0
7000	716	50	300	4	25	14	3	1	0	4	4	1	0	0	0.01	0
7000	719	50	300	4	25	11	3	1	0	4	4	1	0	0	0	0
7000	721	50	300	4	25	11	3	0	0	4	4	1	0	0	0	0
7000	724	50	300	4	25	16	3	0	0	5	5	1	0	0	0	0
7000	727	50	300	4	25	11	3	0	0	4	4	1	0	0	0	0
7000	729	50	300	4	25	13	3	1	1	3.5	4	0.875	0	0	0	0
7000	730	50	300	4	25	10	3	1	0	3	3	1	0	0	0	0
7000	734	50	300	4	25	13	3	1	1	3	3	1	0	0	0.02	0
7000	735	50	300	4	25	15	3	0	0	10	10	1	0	0	0	0
7000	737	50	300	4	25	10	3	0	0	4	4	1	0	0	0	0
7000	739	50	300	4	25	17	3	0	0	8	8	1	0.01	0	0	0
7000	740	50	300	4	25	10	3	1	0	2	2	1	0	0	0	0
7000	741	50	300	4	25	10	3	0	0	2	2	1	0	0	0	0
7000	742	50	300	4	25	9	3	1	0	4	4	1	0	0	0.01	0
7000	743	50	300	4	25	12	3	0	0	4	4	1	0	0	0	0
7000	744	50	300	4	25	8	3	0	0	2	2	1	0	0	0	0
7000	746	50	300	4	25	14	3	0	0	4	4	1	0	0	0	0
7000	751	50	300	4	25	11	3	0	0	4	4	1	0	0	0	0
7000	753	50	300	4	25	12	3	0	0	3	3	1	0	0	0	0
7000	755	50	300	4	25	12	3	0	0	4	4	1	0	0	0	0
7000	756	50	300	4	25	8	3	0	0	2	2	1	0	0	0	0
7000	757	50	300	4	25	12	3	0	0	5	5	1	0	0	0	0
7000	760	50	300	4	25	12	3	0	0	3	3	1	0	0	0	0
7000	761	50	300	4	25	9	3	1	1	2.5	3	0.833333	0	0	0	0
7000	762	50	300	4	25	9	3	0	0	3	3	1	0	0	0	0
7000	763	50	300	4	25	10	3	0	0	3	3	1	0	0	0	0
7000	764	50	300	4	25	9	3	0	0	3	3	1	0	0	0	0
7000	766	50	300	4	25	11	3	0	0	4	4	1	0	0	0	0
7000	768	50	300	4	25	9	3	0	0	3	3	1	0	0	0	0
7000	769	50	300	4	25	10	3	0	0	5	5	1	0	0	0	0
7000	772	50	300	4	25	10	3	0	0	3	3	1	0	0	0	0
7000	777	50	300	4	25	13	3	1	0	5	5	1	0	0	0	0
7000	778	50	300	4	25	15	3	0	0	7	7	1	0	0	0	0
7000	784	50	300	4	25	15	3	1	0	6	6	1	0	0	0.02	0
7000	785	50	300	4	25	21	3	0	0	10	10	1	0	0.01	0	0
7000	786	50	300	4	25	10	3	0	0	3	3	1	0	0	0	0
7000	787	50	300	4	25	13	3	0	0	4	4	1	0	0	0	0
7000	788	50	300	4	25	10	3	1	1	3.25	4	0.8125	0	0	0	0
7000	789	50	300	4	25	9	3	0	0	3	3	1	0	0	0	0
7000	790	50	300	4	25	11	3	0	0	4	4	1	0	0	0	0
7000	791	50	300	4	25	14	3	0	0	6	6	1	0	0	0	0
7000	798	50	300	4	25	13	3	0	0	4	4	1	0	0	0	0
7000	801	50	300	4	25	16	3	1	1	5.5	6	0.916667	0	0	0.01	0
7000	802	50	300	4	25	18	3	0	0	6	6	1	0	0	0	0
7000	803	50	300	4	25	12	3	0	0	4	4	1	0	0	0	0
7000	805	50	300	4	25	14	3	0	0	8	8	1	0	0	0	0
7000	806	50	300	4	25	14	3	0	0	7	7	1	0	0	0	0
7000	811	50	300	4	25	14	3	1	0	7	7	1	0	0	0	0
7000	814	50	300	4	25	10	3	0	0	4	4	1	0	0	0	0
7000	815	50	300	4	25	14	3	0	0	4	4	1	0	0	0	0
7000	816	50	300	4	25	12	3	0	0	6	6	1	0	0	0	0
7000	818	50	300	4	25	16	3	0	0	6	6	1	0	0	0	0
7000	821	50	300	4	25	10	3	0	0	2	2	1	0	0	0	0
7000	823	50	300	4	25	8	3	0	0	2	2	1	0	0	0	0
7000	824	50	300	4	25	11	3	0	0	6	6	1	0	0	0	0
7000	825	50	300	4	25	10	3	0	0	3	3	1	0	0	0	0
7000	828	50	300	4	25	11	3	0	0	4	4	1	0	0	0	0
7000	829	50	300	4	25	12	3	0	0	5	5	1	0	0	0	0
7000	830	50	300	4	25	11	3	0	0	3	3	1	0	0	0	0
7000	831	50	300	4	25	16	3	0	0	10	10	1	0	0	0	0
7000	832	50	300	4	25	15	3	0	0	6	6	1	0	0	0	0
7000	833	50	300	4	25	13	3	0	0	5	5	1	0	0	0	0
7000	838	50	300	4	25	10	3	1	1	2.5	3	0.833333	0	0	0.01	0
7000	839	50	300	4	25	13	3	0	0	5	5	1	0	0	0	0
7000	842	50	300	4	25	17	3	0	0	11	11	1	0	0	0	0
7000	843	50	300	4	25	13	3	0	0	6	6	1	0	0	0	0
7000	844	50	300	4	25	9	3	0	0	3	3	1	0	0	0	0
7000	845	50	300	4	25	10	3	0	0	4	4	1	0	0	0	0
7000	846	50	300	4	25	13	3	0	0	3	3	1	0	0	0	0
7000	847	50	300	4	25	10	3	0	0	3	3	1	0	0	0	0
7000	849	50	300	4	25	14	3	0	0	5	5	1	0	0	0	0
7000	852	50	300	4	25	10	3	0	0	4	4	1	0	0	0	0
7000	858	50	300	4	25	13	3	0	0	5	5	1	0	0	0	0
7000	861	50	300	4	25	9	3	1	1	2.33333	3	0.777778	0	0	0	0
7000	865	50	300	4	25	19	3	0	0	9	9	1	0	0	0	0
7000	866	50	300	4	25	12	3	0	0	5	5	1	0	0	0	0
7000	867	50	300	4	25	11	3	1	0	3	3	1	0	0	0	0
7000	869	50	300	4	25	9	3	1	1	2.5	3	0.833333	0	0	0	0
7000	871	50	300	4	25	11	3	0	0	4	4	1	0	0	0	0
7000	872	50	300	4	25	19	3	0	0	6	6	1	0	0	0	0
7000	873	50	300	4	25	9	3	0	0	4	4	1	0	0	0	0
7000	874	50	300	4	25	10	3	0	0	4	4	1	0	0	0	0
7000	877	50	300	4	25	16	3	0	0	7	7	1	0	0	0	0
7000	878	50	300	4	25	16	3	0	0	5	5	1	0	0	0	0
7000	879	50	300	4	25	13	3	1	0	4	4	1	0	0	0	0
7000	881	50	300	4	25	9	3	0	0	2	2	1	0	0	0	0
7000	882	50	300	4	25	12	3	0	0	5	5	1	0	0	0	0
7000	883	50	300	4	25	13	3	0	0	5	5	1	0	0	0	0
7000	884	50	300	4	25	10	3	0	0	2	2	1	0	0	0	0
7000	888	50	300	4	25	11	3	0	0	4	4	1	0	0	0	0
7000	889	50	300	4	25	14	3	0	0	5	5	1	0	0	0	0
7000	892	50	300	4	25	13	3	0	0	6	6	1	0.02	0	0	0
7000	894	50	300	4	25	8	3	0	0	2	2	1	0	0	0	0
7000	896	50	300	4	25	14	3	0	0	8	8	1	0	0	0	0
7000	897	50	300	4	25	12	3	0	0	5	5	1	0	0	0	0
7000	898	50	300	4	25	15	3	0	0	9	9	1	0	0	0	0
7000	900	50	300	4	25	8	3	0	0	2	2	1	0	0	0	0
7000	901	50	300	4	25	16	3	0	0	6	6	1	0	0	0	0
7000	903	50	300	4	25	13	3	0	0	6	6	1	0	0	0	0
7000	907	50	300	4	25	16	3	1	0	5	5	1	0	0	0.02	0
7000	908	50	300	4	25	13	3	0	0	4	4	1	0	0	0	0
7000	909	50	300	4	25	12	3	0	0	5	5	1	0	0	0	0
7000	910	50	300	4	25	14	3	0	0	3	3	1	0	0	0	0
7000	914	50	300	4	25	10	3	1	0	2	2	1	0	0	0.02	0
7000	915	50	300	4	25	10	3	0	0	3	3	1	0	0	0	0
7000	918	50	300	4	25	9	3	1	1	2.5	3	0.833333	0	0	0	0
7000	919	50	300	4	25	11	3	0	0	3	3	1	0	0	0	0
7000	920	50	300	4	25	13	3	0	0	5	5	1	0	0	0	0
7000	925	50	300	4	25	8	3	0	0	3	3	1	0	0	0	0
7000	926	50	300	4	25	16	3	0	0	6	6	1	0.02	0	0	0
7000	928	50	300	4	25	10	3	0	0	5	5	1	0	0	0	0
7000	932	50	300	4	25	14	3	0	0	6	6	1	0	0	0	0
7000	934	50	300	4	25	10	3	0	0	2	2	1	0	0	0	0
7000	938	50	300	4	25	9	3	0	0	3	3	1	0	0	0	0
7000	939	50	300	4	25	11	3	0	0	4	4	1	0	0	0	0
7000	940	50	300	4	25	13	3	0	0	4	4	1	0	0.01	0	0
7000	943	50	300	4	25	17	3	0	0	5	5	1	0	0	0	0
7000	944	50	300	4	25	12	3	0	0	5	5	1	0	0	0	0
7000	945	50	300	4	25	10	3	1	1	3.25	4	0.8125	0	0	0	0
7000	949	50	300	4	25	12	3	1	0	3	3	1	0	0	0	0
7000	952	50	300	4	25	8	3	0	0	2	2	1	0	0	0	0
7000	953	50	300	4	25	10	3	0	0	4	4	1	0	0	0	0
7000	954	50	300	4	25	17	3	0	0	5	5	1	0	0.01	0	0
7000	959	50	300	4	25	11	3	0	0	5	5	1	0	0	0	0
7000	960	50	300	4	25	10	3	0	0	2	2	1	0	0	0	0
7000	962	50	300	4	25	12	3	0	0	5	5	1	0	0	0	0
7000	965	50	300	4	25	15	3	1	1	5	5	1	0	0	0	0
7000	966	50	300	4	25	14	3	1	1	3.5	4	0.875	0	0	0.01	0
7000	967	50	300	4	25	10	3	0	0	3	3	1	0	0	0	0
7000	968	50	300	4	25	8	3	0	0	2	2	1	0	0	0	0
7000	969	50	300	4	25	14	3	0	0	4	4	1	0	0	0	0
7000	971	50	300	4	25	16	3	0	0	6	6	1	0	0	0	0
7000	972	50	300	4	25	12	3	0	0	7	7	1	0	0	0	0
7000	973	50	300	4	25	10	3	0	0	3	3	1	0	0	0	0
7000	974	50	300	4	25	8	3	0	0	2	2	1	0	0	0	0
7000	975	50	300	4	25	11	3	0	0	4	4	1	0	0	0	0
7000	977	50	300	4	25	11	3	1	0	4	4	1	0	0	0	0
7000	978	50	300	4	25	14	3	0	0	6	6	1	0	0	0	0
7000	979	50	300	4	25	13	3	0	0	4	4	1	0	0	0	0
7000	980	50	300	4	25	14	3	0	0	5	5	1	0	0	0	0
7000	982	50	300	4	25	13	3	1	0	5	5	1	0	0	0.01	0
7000	986	50	300	4	25	10	3	0	0	3	3	1	0	0	0	0
7000	988	50	300	4	25	9	3	1	0	2	2	1	0	0	0	0
7000	989	50	300	4	25	16	3	0	0	7	7	1	0	0	0	0
7000	990	50	300	4	25	13	3	0	0	4	4	1	0	0	0	0
7000	993	50	300	4	25	11	3	0	0	4	4	1	0	0	0	0
7000	996	50	300	4	25	16	3	0	0	6	6	1	0	0	0	0
7000	997	50	300	4	25	15	3	1	0	6	6	1	0	0	0.01	0
7000	999	50	300	4	25	10	3	0	0	3	3	1	0	0	0	0
7000	1	60	300	4	25	14	3	0	0	8	8	1	0	0	0	0
7000	3	60	300	4	25	17	3	0	0	7	7	1	0	0	0	0
7000	7	60	300	4	25	14	3	0	0	6	6	1	0	0	0	0
7000	10	60	300	4	25	10	3	0	0	4	4	1	0	0	0	0
7000	11	60	300	4	25	17	3	0	0	7	7	1	0	0	0	0
7000	12	60	300	4	25	11	3	0	0	3	3	1	0	0	0	0
7000	15	60	300	4	25	11	3	0	0	2	2	1	0	0	0	0
7000	20	60	300	4	25	11	3	0	0	5	5	1	0	0	0	0
7000	22	60	300	4	25	17	3	0	0	8	8	1	0	0	0	0
7000	26	60	300	4	25	10	3	0	0	3	3	1	0	0	0	0
7000	27	60	300	4	25	17	3	0	0	9	9	1	0	0	0	0
7000	31	60	300	4	25	9	3	1	0	3	3	1	0	0	0	0
7000	32	60	300	4	25	18	3	0	0	8	8	1	0	0	0	0
7000	33	60	300	4	25	10	3	0	0	5	5	1	0	0	0	0
7000	37	60	300	4	25	19	3	0	0	6	6	1	0	0	0	0
7000	38	60	300	4	25	18	3	0	0	7	7	1	0	0	0	0
7000	40	60	300	4	25	11	3	0	0	5	5	1	0	0	0	0
7000	42	60	300	4	25	16	3	0	0	5	5	1	0	0	0	0
7000	48	60	300	4	25	10	3	0	0	3	3	1	0	0	0	0
7000	49	60	300	4	25	11	3	1	1	2.5	3	0.833333	0	0	0.01	0
7000	53	60	300	4	25	16	3	0	0	11	11	1	0	0	0	0
7000	56	60	300	4	25	16	3	0	0	5	5	1	0	0	0	0
7000	57	60	300	4	25	10	3	0	0	3	3	1	0	0	0	0
7000	58	60	300	4	25	10	3	0	0	3	3	1	0	0	0	0
7000	59	60	300	4	25	11	3	0	0	3	3	1	0	0	0	0
7000	63	60	300	4	25	11	3	0	0	2	2	1	0	0	0	0
7000	65	60	300	4	25	10	3	0	0	4	4	1	0	0	0	0
7000	68	60	300	4	25	12	3	0	0	3	3	1	0	0	0	0
7000	70	60	300	4	25	16	3	0	0	6	6	1	0	0	0	0
7000	71	60	300	4	25	13	3	0	0	4	4	1	0	0	0	0
7000	76	60	300	4	25	11	3	0	0	5	5	1	0	0	0	0
7000	79	60	300	4	25	13	3	0	0	4	4	1	0	0	0	0
7000	86	60	300	4	25	11	3	0	0	3	3	1	0	0	0	0
7000	89	60	300	4	25	12	3	0	0	4	4	1	0	0	0	0
7000	90	60	300	4	25	18	3	0	0	7	7	1	0	0	0	0
7000	93	60	300	4	25	11	3	1	0	3	3	1	0	0	0	0
7000	97	60	300	4	25	9	3	0	0	3	3	1	0	0	0	0
7000	99	60	300	4	25	16	3	1	1	6.5	7	0.928571	0	0	0.01	0
7000	101	60	300	4	25	10	3	0	0	5	5	1	0	0	0	0
7000	102	60	300	4	25	11	3	0	0	3	3	1	0	0	0	0
7000	105	60	300	4	25	17	3	1	0	7	7	1	0	0	0.01	0
7000	106	60	300	4	25	14	3	0	0	4	4	1	0	0	0	0
7000	107	60	300	4	25	16	3	0	0	6	6	1	0	0	0	0
7000	108	60	300	4	25	12	3	0	0	4	4	1	0	0	0	0
7000	110	60	300	4	25	12	3	0	0	4	4	1	0	0	0	0
7000	112	60	300	4	25	10	3	0	0	3	3	1	0	0	0	0
7000	113	60	300	4	25	12	3	1	0	4	4	1	0	0	0	0
7000	114	60	300	4	25	14	3	1	0	5	5	1	0	0	0	0
7000	120	60	300	4	25	14	3	0	0	4	4	1	0	0	0	0
7000	122	60	300	4	25	11	3	0	0	4	4	1	0	0	0	0
7000	126	60	300	4	25	16	3	0	0	7	7	1	0	0	0	0
7000	127	60	300	4	25	11	3	0	0	3	3	1	0	0	0	0
7000	130	60	300	4	25	8	3	0	0	2	2	1	0	0	0	0
7000	131	60	300	4	25	13	3	0	0	5	5	1	0	0	0	0
7000	133	60	300	4	25	12	3	0	0	5	5	1	0	0	0	0
7000	137	60	300	4	25	12	3	1	1	3.5	4	0.875	0	0	0.01	0
7000	138	60	300	4	25	12	3	0	0	5	5	1	0	0	0	0
7000	139	60	300	4	25	17	3	0	0	7	7	1	0	0	0	0
7000	141	60	300	4	25	15	3	0	0	6	6	1	0	0	0	0
7000	146	60	300	4	25	14	3	0	0	5	5	1	0	0	0	0
7000	149	60	300	4	25	12	3	0	0	5	5	1	0	0	0	0
7000	151	60	300	4	25	8	3	0	0	2	2	1	0	0	0	0
7000	152	60	300	4	25	14	3	1	1	5.5	6	0.916667	0	0	0	0
7000	154	60	300	4	25	13	3	0	0	6	6	1	0	0	0	0
7000	159	60	300	4	25	12	3	0	0	5	5	1	0	0	0	0
7000	164	60	300	4	25	12	3	0	0	6	6	1	0	0	0	0
7000	166	60	300	4	25	10	3	0	0	4	4	1	0	0	0	0
7000	172	60	300	4	25	15	3	1	0	5	5	1	0	0	0.01	0
7000	173	60	300	4	25	12	3	0	0	5	5	1	0	0	0	0
7000	175	60	300	4	25	12	3	1	0	3	3	1	0	0	0	0
7000	176	60	300	4	25	17	3	0	0	10	10	1	0	0	0	0
7000	177	60	300	4	25	15	3	0	0	7	7	1	0	0	0	0
7000	180	60	300	4	25	11	3	0	0	5	5	1	0	0	0	0
7000	182	60	300	4	25	11	3	0	0	3	3	1	0	0	0	0
7000	184	60	300	4	25	16	3	0	0	5	5	1	0	0	0	0
7000	187	60	300	4	25	12	3	0	0	6	6	1	0	0	0	0
7000	189	60	300	4	25	17	3	0	0	8	8	1	0	0	0	0
7000	191	60	300	4	25	11	3	0	0	4	4	1	0	0	0	0
7000	193	60	300	4	25	14	3	0	0	5	5	1	0	0	0	0
7000	197	60	300	4	25	15	3	1	0	6	6	1	0	0	0.01	0
7000	201	60	300	4	25	16	3	0	0	8	8	1	0	0	0	0
7000	202	60	300	4	25	13	3	0	0	5	5	1	0	0	0	0
7000	204	60	300	4	25	13	3	0	0	5	5	1	0	0	0	0
7000	207	60	300	4	25	13	3	0	0	4	4	1	0	0	0	0
7000	209	60	300	4	25	12	3	1	0	4	4	1	0	0	0	0
7000	213	60	300	4	25	11	3	0	0	4	4	1	0	0	0	0
7000	214	60	300	4	25	13	3	0	0	5	5	1	0	0	0	0
7000	215	60	300	4	25	16	3	0	0	11	11	1	0	0	0	0
7000	217	60	300	4	25	11	3	0	0	4	4	1	0	0	0	0
7000	226	60	300	4	25	12	3	0	0	3	3	1	0	0	0	0
7000	228	60	300	4	25	10	3	0	0	4	4	1	0	0	0	0
7000	229	60	300	4	25	15	3	0	0	5	5	1	0	0	0	0
7000	230	60	300	4	25	13	3	0	0	5	5	1	0	0	0	0
7000	231	60	300	4	25	13	3	0	0	5	5	1	0	0	0	0
7000	235	60	300	4	25	10	3	0	0	3	3	1	0	0	0	0
7000	237	60	300	4	25	14	3	0	0	8	8	1	0	0	0	0
7000	240	60	300	4	25	14	3	1	0	5	5	1	0	0	0.01	0
7000	241	60	300	4	25	16	3	0	0	5	5	1	0.02	0	0	0
7000	244	60	300	4	25	11	3	1	0	4	4	1	0	0	0	0
7000	245	60	300	4	25	11	3	0	0	4	4	1	0	0	0	0
7000	248	60	300	4	25	12	3	0	0	5	5	1	0	0	0	0
7000	252	60	300	4	25	16	3	0	0	6	6	1	0	0	0	0
7000	253	60	300	4	25	10	3	0	0	3	3	1	0	0	0	0
7000	254	60	300	4	25	10	3	0	0	4	4	1	0	0	0	0
7000	260	60	300	4	25	13	3	0	0	8	8	1	0	0	0	0
7000	262	60	300	4	25	12	3	0	0	4	4	1	0	0	0	0
7000	263	60	300	4	25	11	3	0	0	3	3	1	0	0	0	0
7000	264	60	300	4	25	10	3	1	0	3	3	1	0	0	0	0
7000	266	60	300	4	25	10	3	1	0	4	4	1	0	0	0	0
7000	269	60	300	4	25	14	3	1	0	4	4	1	0	0	0	0
7000	271	60	300	4	25	14	3	0	0	5	5	1	0	0	0	0
7000	272	60	300	4	25	22	3	0	0	10	10	1	0	0	0	0
7000	274	60	300	4	25	15	3	0	0	5	5	1	0	0	0	0
7000	276	60	300	4	25	15	3	0	0	5	5	1	0	0	0	0
7000	277	60	300	4	25	13	3	0	0	5	5	1	0	0	0	0
7000	279	60	300	4	25	13	3	0	0	5	5	1	0	0	0	0
7000	281	60	300	4	25	17	3	1	1	6	6	1	0	0	0.01	0
7000	284	60	300	4	25	10	3	0	0	3	3	1	0	0	0	0
7000	285	60	300	4	25	15	3	0	0	7	7	1	0	0	0	0
7000	290	60	300	4	25	17	3	0	0	7	7	1	0	0	0	0
7000	291	60	300	4	25	16	3	0	0	8	8	1	0	0	0	0
7000	293	60	300	4	25	13	3	0	0	6	6	1	0	0	0	0
7000	296	60	300	4	25	13	3	0	0	4	4	1	0	0	0	0
7000	297	60	300	4	25	14	3	0	0	6	6	1	0	0	0	0
7000	298	60	300	4	25	9	3	0	0	3	3	1	0	0	0	0
7000	302	60	300	4	25	14	3	0	0	5	5	1	0	0	0	0
7000	303	60	300	4	25	9	3	1	0	2	2	1	0	0	0.02	0
7000	305	60	300	4	25	13	3	0	0	5	5	1	0	0	0	0
7000	306	60	300	4	25	15	3	0	0	7	7	1	0	0	0	0
7000	308	60	300	4	25	15	3	0	0	5	5	1	0	0	0	0
7000	310	60	300	4	25	15	3	0	0	6	6	1	0	0	0	0
7000	313	60	300	4	25	11	3	0	0	4	4	1	0	0	0	0
7000	318	60	300	4	25	11	3	0	0	4	4	1	0	0	0	0
7000	319	60	300	4	25	12	3	0	0	4	4	1	0	0	0	0
7000	320	60	300	4	25	11	3	1	0	4	4	1	0	0	0	0
7000	325	60	300	4	25	14	3	0	0	4	4	1	0	0	0	0
7000	332	60	300	4	25	14	3	0	0	5	5	1	0	0	0	0
7000	333	60	300	4	25	16	3	0	0	6	6	1	0	0	0	0
7000	335	60	300	4	25	16	3	0	0	6	6	1	0	0	0	0
7000	337	60	300	4	25	11	3	0	0	5	5	1	0	0	0	0
7000	339	60	300	4	25	15	3	0	0	5	5	1	0	0	0	0
7000	346	60	300	4	25	16	3	0	0	7	7	1	0	0	0	0
7000	348	60	300	4	25	19	3	0	0	8	8	1	0	0	0	0
7000	350	60	300	4	25	14	3	0	0	7	7	1	0	0	0	0
7000	353	60	300	4	25	9	3	0	0	4	4	1	0	0	0	0
7000	354	60	300	4	25	15	3	0	0	5	5	1	0	0	0	0
7000	362	60	300	4	25	11	3	0	0	4	4	1	0	0	0	0
7000	364	60	300	4	25	18	3	0	0	10	10	1	0	0	0	0
7000	366	60	300	4	25	11	3	0	0	5	5	1	0	0	0	0
7000	367	60	300	4	25	15	3	0	0	5	5	1	0	0	0	0
7000	370	60	300	4	25	9	3	1	0	2	2	1	0	0	0	0
7000	372	60	300	4	25	12	3	0	0	3	3	1	0	0	0	0
7000	373	60	300	4	25	13	3	1	0	4	4	1	0	0	0	0
7000	376	60	300	4	25	15	3	0	0	4	4	1	0	0	0	0
7000	380	60	300	4	25	10	3	0	0	3	3	1	0	0	0	0
7000	382	60	300	4	25	12	3	0	0	4	4	1	0	0	0	0
7000	388	60	300	4	25	12	3	0	0	3	3	1	0.01	0	0	0
7000	391	60	300	4	25	13	3	1	0	8	8	1	0	0	0	0
7000	396	60	300	4	25	10	3	0	0	3	3	1	0	0	0	0
7000	397	60	300	4	25	11	3	1	0	3	3	1	0	0	0	0
7000	398	60	300	4	25	11	3	0	0	2	2	1	0	0	0	0
7000	400	60	300	4	25	20	3	0	0	9	9	1	0	0	0	0
7000	401	60	300	4	25	13	3	0	0	6	6	1	0	0	0	0
7000	402	60	300	4	25	16	3	0	0	7	7	1	0	0	0	0
7000	406	60	300	4	25	18	3	0	0	7	7	1	0	0	0	0
7000	407	60	300	4	25	11	3	0	0	3	3	1	0	0	0	0
7000	409	60	300	4	25	15	3	0	0	6	6	1	0	0	0	0
7000	412	60	300	4	25	13	3	0	0	4	4	1	0	0	0	0
7000	418	60	300	4	25	12	3	1	0	5	5	1	0	0	0	0
7000	423	60	300	4	25	11	3	0	0	2	2	1	0	0	0	0
7000	427	60	300	4	25	14	3	0	0	3	3	1	0	0	0	0
7000	428	60	300	4	25	13	3	0	0	6	6	1	0	0	0	0
7000	429	60	300	4	25	12	3	0	0	5	5	1	0	0	0	0
7000	430	60	300	4	25	16	3	0	0	6	6	1	0	0	0	0
7000	432	60	300	4	25	11	3	0	0	5	5	1	0	0	0	0
7000	433	60	300	4	25	26	3	0	0	17	17	1	0	0	0	0
7000	434	60	300	4	25	13	3	0	0	4	4	1	0	0	0	0
7000	435	60	300	4	25	13	3	0	0	5	5	1	0	0	0	0
7000	436	60	300	4	25	11	3	0	0	4	4	1	0	0	0	0
7000	438	60	300	4	25	16	3	0	0	6	6	1	0	0	0	0
7000	439	60	300	4	25	11	3	0	0	5	5	1	0	0	0	0
7000	445	60	300	4	25	12	3	0	0	5	5	1	0	0	0	0
7000	448	60	300	4	25	16	3	0	0	7	7	1	0	0	0	0
7000	449	60	300	4	25	13	3	0	0	4	4	1	0	0	0	0
7000	450	60	300	4	25	13	3	0	0	4	4	1	0	0	0	0
7000	451	60	300	4	25	13	3	0	0	4	4	1	0	0	0	0
7000	453	60	300	4	25	10	3	0	0	4	4	1	0	0	0	0
7000	454	60	300	4	25	16	3	0	0	6	6	1	0	0	0	0
7000	456	60	300	4	25	15	3	0	0	5	5	1	0	0	0	0
7000	460	60	300	4	25	13	3	0	0	6	6	1	0	0	0	0
7000	462	60	300	4	25	14	3	0	0	5	5	1	0	0	0	0
7000	465	60	300	4	25	12	3	0	0	4	4	1	0	0	0	0
7000	467	60	300	4	25	17	3	0	0	8	8	1	0	0	0	0
7000	469	60	300	4	25	14	3	0	0	5	5	1	0	0	0	0
7000	472	60	300	4	25	10	3	0	0	5	5	1	0	0	0	0
7000	473	60	300	4	25	16	3	0	0	6	6	1	0	0	0	0
7000	481	60	300	4	25	11	3	0	0	6	6	1	0	0	0	0
7000	482	60	300	4	25	15	3	0	0	6	6	1	0	0	0	0
7000	483	60	300	4	25	11	3	0	0	3	3	1	0	0	0	0
7000	484	60	300	4	25	11	3	0	0	4	4	1	0	0	0	0
7000	485	60	300	4	25	12	3	0	0	3	3	1	0	0	0	0
7000	490	60	300	4	25	20	3	0	0	9	9	1	0	0	0	0
7000	492	60	300	4	25	10	3	0	0	4	4	1	0	0	0	0
7000	493	60	300	4	25	12	3	0	0	3	3	1	0	0	0	0
7000	494	60	300	4	25	12	3	1	0	3	3	1	0	0	0.01	0
7000	496	60	300	4	25	11	3	0	0	3	3	1	0	0	0	0
7000	497	60	300	4	25	14	3	0	0	5	5	1	0	0	0	0
7000	501	60	300	4	25	13	3	0	0	6	6	1	0	0	0	0
7000	504	60	300	4	25	19	3	0	0	11	11	1	0	0	0	0
7000	505	60	300	4	25	14	3	0	0	5	5	1	0	0	0	0
7000	508	60	300	4	25	16	3	0	0	7	7	1	0	0.01	0	0
7000	510	60	300	4	25	10	3	0	0	2	2	1	0	0	0	0
7000	511	60	300	4	25	15	3	1	0	4	4	1	0	0	0.02	0
7000	513	60	300	4	25	15	3	0	0	7	7	1	0	0	0	0
7000	516	60	300	4	25	16	3	0	0	4	4	1	0	0	0	0
7000	517	60	300	4	25	11	3	0	0	3	3	1	0	0	0	0
7000	519	60	300	4	25	18	3	0	0	7	7	1	0	0	0	0
7000	526	60	300	4	25	12	3	0	0	4	4	1	0	0	0	0
7000	528	60	300	4	25	18	3	0	0	9	9	1	0	0	0	0
7000	529	60	300	4	25	14	3	1	0	4	4	1	0	0	0.01	0
7000	530	60	300	4	25	16	3	1	0	7	7	1	0	0	0.01	0
7000	532	60	300	4	25	17	3	0	0	8	8	1	0	0	0	0
7000	533	60	300	4	25	11	3	0	0	4	4	1	0	0	0	0
7000	535	60	300	4	25	13	3	1	0	4	4	1	0	0	0.01	0
7000	537	60	300	4	25	12	3	0	0	4	4	1	0	0	0	0
7000	539	60	300	4	25	12	3	0	0	5	5	1	0	0	0	0
7000	540	60	300	4	25	10	3	1	0	3	3	1	0	0	0	0
7000	543	60	300	4	25	9	3	0	0	2	2	1	0	0	0	0
7000	544	60	300	4	25	14	3	1	0	5	5	1	0	0	0.02	0
7000	545	60	300	4	25	15	3	0	0	6	6	1	0	0	0	0
7000	546	60	300	4	25	13	3	1	0	4	4	1	0	0	0.02	0
7000	547	60	300	4	25	9	3	0	0	3	3	1	0	0	0	0
7000	548	60	300	4	25	13	3	0	0	4	4	1	0	0	0	0
7000	550	60	300	4	25	10	3	1	0	3	3	1	0	0	0	0
7000	551	60	300	4	25	15	3	0	0	9	9	1	0	0	0	0
7000	552	60	300	4	25	14	3	0	0	7	7	1	0	0	0	0
7000	555	60	300	4	25	14	3	0	0	4	4	1	0	0	0	0
7000	556	60	300	4	25	9	3	0	0	2	2	1	0	0	0	0
7000	560	60	300	4	25	13	3	0	0	5	5	1	0.01	0	0	0
7000	561	60	300	4	25	18	3	0	0	9	9	1	0	0	0	0
7000	570	60	300	4	25	13	3	1	0	4	4	1	0	0	0	0
7000	573	60	300	4	25	11	3	1	0	5	5	1	0	0	0	0
7000	575	60	300	4	25	10	3	0	0	3	3	1	0	0	0	0
7000	576	60	300	4	25	19	3	0	0	7	7	1	0.01	0	0	0
7000	580	60	300	4	25	13	3	0	0	5	5	1	0	0	0	0
7000	582	60	300	4	25	17	3	0	0	8	8	1	0	0	0	0
7000	585	60	300	4	25	12	3	0	0	5	5	1	0	0	0	0
7000	588	60	300	4	25	12	3	0	0	6	6	1	0	0	0	0
7000	589	60	300	4	25	12	3	0	0	6	6	1	0	0	0	0
7000	591	60	300	4	25	14	3	0	0	4	4	1	0	0	0	0
7000	594	60	300	4	25	12	3	1	1	2.5	3	0.833333	0	0	0.02	0
7000	596	60	300	4	25	12	3	0	0	5	5	1	0	0	0	0
7000	597	60	300	4	25	10	3	0	0	4	4	1	0	0	0	0
7000	599	60	300	4	25	13	3	0	0	4	4	1	0	0	0	0
7000	603	60	300	4	25	13	3	0	0	4	4	1	0	0	0	0
7000	607	60	300	4	25	16	3	0	0	9	9	1	0	0	0	0
7000	609	60	300	4	25	12	3	0	0	3	3	1	0	0	0	0
7000	614	60	300	4	25	16	3	0	0	5	5	1	0	0	0	0
7000	615	60	300	4	25	9	3	0	0	3	3	1	0	0	0	0
7000	622	60	300	4	25	11	3	0	0	4	4	1	0	0	0	0
7000	625	60	300	4	25	18	3	0	0	8	8	1	0	0	0	0
7000	628	60	300	4	25	15	3	1	0	5	5	1	0	0	0.01	0
7000	629	60	300	4	25	10	3	0	0	3	3	1	0	0	0	0
7000	630	60	300	4	25	9	3	0	0	3	3	1	0	0	0	0
7000	631	60	300	4	25	12	3	0	0	6	6	1	0	0	0	0
7000	634	60	300	4	25	21	3	0	0	10	10	1	0	0	0	0
7000	635	60	300	4	25	11	3	0	0	6	6	1	0	0	0	0
7000	636	60	300	4	25	15	3	0	0	4	4	1	0.01	0	0	0
7000	637	60	300	4	25	14	3	0	0	4	4	1	0	0	0	0
7000	640	60	300	4	25	14	3	0	0	6	6	1	0	0	0	0
7000	641	60	300	4	25	13	3	0	0	6	6	1	0	0	0	0
7000	644	60	300	4	25	14	3	1	0	4	4	1	0	0	0.01	0
7000	646	60	300	4	25	12	3	0	0	4	4	1	0	0	0	0
7000	647	60	300	4	25	15	3	0	0	4	4	1	0	0	0	0
7000	651	60	300	4	25	12	3	1	1	3.5	4	0.875	0	0	0.01	0
7000	652	60	300	4	25	10	3	0	0	3	3	1	0	0	0	0
7000	654	60	300	4	25	11	3	0	0	4	4	1	0	0	0	0
7000	656	60	300	4	25	23	3	1	0	11	11	1	0	0	0.01	0
7000	658	60	300	4	25	10	3	0	0	3	3	1	0	0	0	0
7000	659	60	300	4	25	10	3	0	0	5	5	1	0	0	0	0
7000	660	60	300	4	25	10	3	0	0	2	2	1	0	0	0	0
7000	663	60	300	4	25	20	3	0	0	10	10	1	0	0	0	0
7000	664	60	300	4	25	16	3	0	0	5	5	1	0	0	0	0
7000	668	60	300	4	25	12	3	0	0	4	4	1	0	0	0	0
7000	669	60	300	4	25	12	3	0	0	5	5	1	0	0	0	0
7000	673	60	300	4	25	10	3	0	0	4	4	1	0	0	0	0
7000	674	60	300	4	25	9	3	0	0	3	3	1	0	0	0	0
7000	678	60	300	4	25	14	3	0	0	5	5	1	0	0	0	0
7000	679	60	300	4	25	15	3	0	0	5	5	1	0	0	0	0
7000	681	60	300	4	25	17	3	0	0	7	7	1	0	0	0	0
7000	685	60	300	4	25	10	3	0	0	5	5	1	0	0	0	0
7000	688	60	300	4	25	12	3	0	0	5	5	1	0	0	0	0
7000	690	60	300	4	25	13	3	0	0	6	6	1	0	0	0	0
7000	693	60	300	4	25	11	3	0	0	5	5	1	0	0	0	0
7000	694	60	300	4	25	17	3	0	0	6	6	1	0	0	0	0
7000	697	60	300	4	25	11	3	1	0	3	3	1	0	0	0.01	0
7000	698	60	300	4	25	13	3	0	0	5	5	1	0	0	0	0
7000	699	60	300	4	25	15	3	0	0	4	4	1	0	0	0	0
7000	700	60	300	4	25	16	3	0	0	6	6	1	0	0	0	0
7000	702	60	300	4	25	10	3	1	1	2.33333	3	0.777778	0	0	0.01	0
7000	704	60	300	4	25	15	3	0	0	5	5	1	0	0	0	0
7000	708	60	300	4	25	12	3	0	0	4	4	1	0	0	0	0
7000	709	60	300	4	25	13	3	0	0	5	5	1	0	0	0	0
7000	710	60	300	4	25	14	3	1	0	6	6	1	0	0	0	0
7000	711	60	300	4	25	8	3	0	0	2	2	1	0	0	0	0
7000	713	60	300	4	25	13	3	0	0	5	5	1	0	0	0	0
7000	715	60	300	4	25	14	3	1	0	8	8	1	0	0	0	0
7000	719	60	300	4	25	13	3	0	0	5	5	1	0	0	0	0
7000	722	60	300	4	25	11	3	0	0	4	4	1	0	0	0	0
7000	725	60	300	4	25	12	3	0	0	7	7	1	0	0	0	0
7000	726	60	300	4	25	11	3	0	0	3	3	1	0	0	0	0
7000	728	60	300	4	25	12	3	0	0	7	7	1	0	0	0	0
7000	731	60	300	4	25	10	3	1	1	2.5	3	0.833333	0	0	0.01	0
7000	732	60	300	4	25	13	3	0	0	6	6	1	0	0	0	0
7000	737	60	300	4	25	11	3	1	0	5	5	1	0	0	0	0
7000	738	60	300	4	25	11	3	0	0	4	4	1	0	0	0	0
7000	740	60	300	4	25	9	3	1	0	2	2	1	0	0	0	0
7000	742	60	300	4	25	16	3	0	0	7	7	1	0	0	0	0
7000	744	60	300	4	25	12	3	1	0	4	4	1	0	0	0.01	0
7000	745	60	300	4	25	10	3	0	0	3	3	1	0	0	0	0
7000	747	60	300	4	25	21	3	0	0	9	9	1	0	0	0	0
7000	748	60	300	4	25	12	3	0	0	4	4	1	0	0	0	0
7000	752	60	300	4	25	16	3	0	0	6	6	1	0	0	0	0
7000	757	60	300	4	25	14	3	0	0	7	7	1	0	0	0	0
7000	759	60	300	4	25	12	3	0	0	4	4	1	0	0	0	0
7000	762	60	300	4	25	13	3	0	0	3	3	1	0	0	0	0
7000	763	60	300	4	25	12	3	1	1	3	3	1	0	0	0	0
7000	764	60	300	4	25	10	3	1	0	5	5	1	0	0	0	0
7000	768	60	300	4	25	12	3	0	0	7	7	1	0	0	0	0
7000	772	60	300	4	25	15	3	0	0	4	4	1	0	0	0	0
7000	773	60	300	4	25	12	3	0	0	3	3	1	0	0	0	0
7000	774	60	300	4	25	16	3	0	0	7	7	1	0	0	0	0
7000	776	60	300	4	25	17	3	0	0	9	9	1	0	0	0	0
7000	779	60	300	4	25	10	3	0	0	3	3	1	0	0	0	0
7000	781	60	300	4	25	12	3	0	0	3	3	1	0	0	0	0
7000	782	60	300	4	25	14	3	0	0	6	6	1	0	0	0	0
7000	787	60	300	4	25	14	3	0	0	4	4	1	0	0	0	0
7000	789	60	300	4	25	13	3	0	0	4	4	1	0	0	0	0
7000	791	60	300	4	25	15	3	0	0	5	5	1	0	0	0	0
7000	795	60	300	4	25	10	3	0	0	3	3	1	0	0	0	0
7000	796	60	300	4	25	8	3	0	0	2	2	1	0	0	0	0
7000	797	60	300	4	25	14	3	0	0	4	4	1	0	0	0	0
7000	799	60	300	4	25	14	3	0	0	5	5	1	0	0	0	0
7000	801	60	300	4	25	15	3	0	0	5	5	1	0	0	0	0
7000	804	60	300	4	25	11	3	1	0	3	3	1	0	0	0	0
7000	805	60	300	4	25	17	3	0	0	10	10	1	0	0	0	0
7000	809	60	300	4	25	13	3	1	0	4	4	1	0	0	0.01	0
7000	811	60	300	4	25	15	3	0	0	7	7	1	0	0	0	0
7000	813	60	300	4	25	10	3	0	0	4	4	1	0	0	0	0
7000	817	60	300	4	25	12	3	1	0	3	3	1	0	0	0.01	0
7000	819	60	300	4	25	11	3	0	0	4	4	1	0	0	0	0
7000	822	60	300	4	25	9	3	0	0	2	2	1	0	0	0	0
7000	825	60	300	4	25	13	3	0	0	4	4	1	0	0	0	0
7000	828	60	300	4	25	13	3	0	0	4	4	1	0	0	0	0
7000	829	60	300	4	25	16	3	0	0	7	7	1	0	0	0	0
7000	835	60	300	4	25	11	3	0	0	3	3	1	0	0	0	0
7000	839	60	300	4	25	16	3	0	0	5	5	1	0	0	0	0
7000	842	60	300	4	25	19	3	0	0	9	9	1	0	0	0	0
7000	843	60	300	4	25	14	3	1	0	4	4	1	0	0	0.01	0
7000	845	60	300	4	25	12	3	0	0	5	5	1	0	0	0	0
7000	846	60	300	4	25	13	3	1	0	3	3	1	0	0	0	0
7000	847	60	300	4	25	15	3	0	0	7	7	1	0	0	0	0
7000	850	60	300	4	25	11	3	0	0	3	3	1	0	0	0	0
7000	853	60	300	4	25	13	3	0	0	5	5	1	0	0	0	0
7000	855	60	300	4	25	10	3	0	0	4	4	1	0	0	0	0
7000	856	60	300	4	25	15	3	1	1	6	6	1	0	0	0.01	0
7000	857	60	300	4	25	14	3	0	0	6	6	1	0	0	0	0
7000	860	60	300	4	25	10	3	0	0	4	4	1	0	0	0	0
7000	861	60	300	4	25	10	3	0	0	4	4	1	0	0	0	0
7000	864	60	300	4	25	12	3	1	0	5	5	1	0	0	0	0
7000	868	60	300	4	25	16	3	1	0	5	5	1	0	0	0.01	0
7000	873	60	300	4	25	14	3	1	0	6	6	1	0	0	0	0
7000	874	60	300	4	25	16	3	0	0	7	7	1	0	0	0	0
7000	876	60	300	4	25	12	3	0	0	3	3	1	0	0	0	0
7000	877	60	300	4	25	18	3	0	0	7	7	1	0	0	0	0
7000	879	60	300	4	25	14	3	1	0	5	5	1	0	0	0	0
7000	881	60	300	4	25	9	3	1	0	2	2	1	0	0	0	0
7000	884	60	300	4	25	14	3	0	0	5	5	1	0	0	0	0
7000	886	60	300	4	25	12	3	0	0	5	5	1	0	0	0	0
7000	887	60	300	4	25	11	3	0	0	2	2	1	0	0	0	0
7000	892	60	300	4	25	19	3	0	0	8	8	1	0	0	0	0
7000	894	60	300	4	25	11	3	1	0	3	3	1	0	0	0	0
7000	895	60	300	4	25	12	3	0	0	3	3	1	0	0	0	0
7000	896	60	300	4	25	18	3	0	0	8	8	1	0	0	0	0
7000	898	60	300	4	25	15	3	0	0	8	8	1	0	0	0	0
7000	902	60	300	4	25	16	3	0	0	7	7	1	0	0	0	0
7000	903	60	300	4	25	13	3	0	0	5	5	1	0	0	0	0
7000	904	60	300	4	25	10	3	0	0	5	5	1	0	0	0	0
7000	906	60	300	4	25	12	3	0	0	4	4	1	0	0	0	0
7000	911	60	300	4	25	13	3	0	0	5	5	1	0	0	0	0
7000	918	60	300	4	25	13	3	1	1	3.5	4	0.875	0	0	0	0
7000	919	60	300	4	25	14	3	0	0	4	4	1	0	0	0	0
7000	922	60	300	4	25	10	3	0	0	4	4	1	0	0	0	0
7000	923	60	300	4	25	21	3	0	0	9	9	1	0	0	0	0
7000	926	60	300	4	25	17	3	0	0	6	6	1	0.01	0	0	0
7000	927	60	300	4	25	14	3	1	1	3.66667	4	0.916667	0	0	0.06	0
7000	928	60	300	4	25	13	3	0	0	5	5	1	0	0	0	0
7000	929	60	300	4	25	11	3	0	0	3	3	1	0	0	0	0
7000	930	60	300	4	25	17	3	0	0	7	7	1	0	0	0	0
7000	931	60	300	4	25	14	3	0	0	5	5	1	0	0	0	0
7000	932	60	300	4	25	19	3	0	0	8	8	1	0	0	0	0
7000	933	60	300	4	25	11	3	0	0	4	4	1	0	0	0	0
7000	938	60	300	4	25	10	3	0	0	3	3	1	0	0	0	0
7000	941	60	300	4	25	13	3	0	0	5	5	1	0	0	0	0
7000	942	60	300	4	25	12	3	0	0	4	4	1	0	0	0	0
7000	943	60	300	4	25	17	3	0	0	6	6	1	0	0	0	0
7000	944	60	300	4	25	17	3	0	0	8	8	1	0	0	0	0
7000	945	60	300	4	25	18	3	0	0	7	7	1	0	0	0	0
7000	951	60	300	4	25	12	3	1	0	4	4	1	0	0	0	0
7000	953	60	300	4	25	19	3	0	0	7	7	1	0	0	0	0
7000	958	60	300	4	25	12	3	0	0	5	5	1	0	0	0	0
7000	960	60	300	4	25	12	3	0	0	3	3	1	0	0	0	0
7000	961	60	300	4	25	13	3	0	0	6	6	1	0	0	0	0
7000	967	60	300	4	25	12	3	0	0	3	3	1	0	0	0	0
7000	968	60	300	4	25	8	3	0	0	3	3	1	0	0	0	0
7000	969	60	300	4	25	14	3	0	0	5	5	1	0	0	0	0
7000	970	60	300	4	25	12	3	0	0	5	5	1	0	0	0	0
7000	973	60	300	4	25	12	3	1	0	3	3	1	0	0	0	0
7000	975	60	300	4	25	12	3	1	0	3	3	1	0	0	0.02	0
7000	976	60	300	4	25	15	3	0	0	5	5	1	0	0	0	0
7000	978	60	300	4	25	12	3	0	0	4	4	1	0	0	0	0
7000	981	60	300	4	25	12	3	1	0	4	4	1	0	0	0	0
7000	984	60	300	4	25	10	3	1	0	4	4	1	0	0	0	0
7000	986	60	300	4	25	11	3	0	0	3	3	1	0	0	0	0
7000	987	60	300	4	25	13	3	0	0	7	7	1	0	0	0	0
7000	988	60	300	4	25	13	3	1	0	3	3	1	0	0	0.01	0
7000	990	60	300	4	25	17	3	1	1	5.5	6	0.916667	0	0	0.02	0
7000	991	60	300	4	25	12	3	0	0	5	5	1	0	0	0	0
7000	993	60	300	4	25	13	3	0	0	4	4	1	0	0	0	0
7000	10	70	300	4	25	14	3	0	0	5	5	1	0	0	0	0
7000	26	70	300	4	25	13	3	0	0	6	6	1	0	0	0	0
7000	31	70	300	4	25	18	3	0	0	5	5	1	0.01	0	0	0
7000	38	70	300	4	25	14	3	0	0	6	6	1	0	0	0	0
7000	41	70	300	4	25	15	3	0	0	5	5	1	0	0	0	0
7000	46	70	300	4	25	10	3	0	0	2	2	1	0	0	0	0
7000	52	70	300	4	25	13	3	1	0	8	8	1	0	0	0	0
7000	70	70	300	4	25	15	3	0	0	6	6	1	0	0	0	0
7000	72	70	300	4	25	11	3	0	0	4	4	1	0	0	0	0
7000	74	70	300	4	25	14	3	0	0	6	6	1	0	0	0	0
7000	93	70	300	4	25	13	3	0	0	3	3	1	0	0	0	0
7000	104	70	300	4	25	13	3	0	0	6	6	1	0	0	0	0
7000	110	70	300	4	25	16	3	0	0	5	5	1	0	0	0	0
7000	116	70	300	4	25	10	3	0	0	3	3	1	0	0	0	0
7000	133	70	300	4	25	16	3	0	0	6	6	1	0	0	0	0
7000	135	70	300	4	25	16	3	0	0	5	5	1	0	0	0	0
7000	136	70	300	4	25	12	3	0	0	5	5	1	0	0	0	0
7000	138	70	300	4	25	17	3	0	0	6	6	1	0	0	0	0
7000	143	70	300	4	25	12	3	1	0	4	4	1	0	0	0.01	0
7000	148	70	300	4	25	13	3	0	0	7	7	1	0	0	0	0
7000	151	70	300	4	25	12	3	0	0	3	3	1	0	0	0	0
7000	159	70	300	4	25	13	3	0	0	5	5	1	0	0	0	0
7000	168	70	300	4	25	10	3	0	0	3	3	1	0	0	0	0
7000	186	70	300	4	25	14	3	0	0	4	4	1	0	0	0	0
7000	190	70	300	4	25	17	3	0	0	9	9	1	0	0	0	0
7000	191	70	300	4	25	16	3	1	0	6	6	1	0	0	0.01	0
7000	193	70	300	4	25	14	3	0	0	5	5	1	0	0	0	0
7000	201	70	300	4	25	19	3	0	0	10	10	1	0	0	0	0
7000	204	70	300	4	25	18	3	0	0	7	7	1	0	0	0	0
7000	205	70	300	4	25	12	3	0	0	4	4	1	0	0	0	0
7000	206	70	300	4	25	12	3	0	0	5	5	1	0	0	0	0
7000	209	70	300	4	25	14	3	0	0	4	4	1	0	0	0	0
7000	213	70	300	4	25	13	3	0	0	4	4	1	0	0	0	0
7000	215	70	300	4	25	23	3	0	0	15	15	1	0	0	0	0
7000	226	70	300	4	25	12	3	0	0	4	4	1	0	0	0	0
7000	254	70	300	4	25	13	3	1	1	4	4	1	0	0	0	0
7000	258	70	300	4	25	13	3	0	0	5	5	1	0	0	0	0
7000	260	70	300	4	25	18	3	0	0	11	11	1	0	0	0	0
7000	264	70	300	4	25	9	3	0	0	2	2	1	0	0	0	0
7000	269	70	300	4	25	15	3	0	0	6	6	1	0	0	0	0
7000	273	70	300	4	25	12	3	0	0	5	5	1	0	0	0	0
7000	275	70	300	4	25	14	3	1	0	7	7	1	0	0	0	0
7000	306	70	300	4	25	20	3	1	1	6.5	7	0.928571	0	0	0.02	0
7000	313	70	300	4	25	16	3	0	0	5	5	1	0	0	0	0
7000	316	70	300	4	25	11	3	1	0	5	5	1	0	0	0	0
7000	347	70	300	4	25	10	3	0	0	4	4	1	0	0	0	0
7000	366	70	300	4	25	14	3	0	0	5	5	1	0	0	0	0
7000	371	70	300	4	25	14	3	0	0	6	6	1	0	0	0	0
7000	378	70	300	4	25	11	3	0	0	4	4	1	0	0	0	0
7000	397	70	300	4	25	15	3	1	0	5	5	1	0	0	0.01	0
7000	403	70	300	4	25	16	3	1	1	4.5	5	0.9	0	0	0.01	0
7000	407	70	300	4	25	12	3	1	0	3	3	1	0	0	0.01	0
7000	412	70	300	4	25	18	3	0	0	6	6	1	0	0	0	0
7000	413	70	300	4	25	12	3	0	0	5	5	1	0	0	0	0
7000	429	70	300	4	25	12	3	0	0	5	5	1	0	0	0	0
7000	435	70	300	4	25	13	3	0	0	4	4	1	0	0	0	0
7000	436	70	300	4	25	12	3	0	0	4	4	1	0	0	0	0
7000	443	70	300	4	25	12	3	0	0	4	4	1	0	0	0	0
7000	445	70	300	4	25	12	3	0	0	4	4	1	0	0	0	0
7000	447	70	300	4	25	17	3	0	0	7	7	1	0	0	0	0
7000	451	70	300	4	25	15	3	1	0	7	7	1	0	0	0	0
7000	453	70	300	4	25	14	3	0	0	5	5	1	0	0	0	0
7000	455	70	300	4	25	9	3	1	1	2	2	1	0	0	0	0
7000	492	70	300	4	25	13	3	1	0	3	3	1	0	0	0.01	0
7000	519	70	300	4	25	20	3	0	0	10	10	1	0	0	0	0
7000	539	70	300	4	25	14	3	0	0	4	4	1	0	0	0	0
7000	547	70	300	4	25	12	3	1	0	3	3	1	0	0	0	0
7000	550	70	300	4	25	13	3	0	0	4	4	1	0	0	0	0
7000	560	70	300	4	25	13	3	1	0	4	4	1	0	0	0.01	0
7000	566	70	300	4	25	14	3	1	0	4	4	1	0	0	0	0
7000	573	70	300	4	25	12	3	0	0	3	3	1	0	0	0	0
7000	583	70	300	4	25	12	3	0	0	5	5	1	0	0	0	0
7000	584	70	300	4	25	9	3	0	0	3	3	1	0	0	0	0
7000	588	70	300	4	25	17	3	0	0	9	9	1	0	0	0	0
7000	599	70	300	4	25	15	3	0	0	5	5	1	0	0	0	0
7000	602	70	300	4	25	14	3	0	0	5	5	1	0	0	0	0
7000	603	70	300	4	25	15	3	0	0	5	5	1	0	0	0	0
7000	608	70	300	4	25	12	3	1	0	3	3	1	0	0	0.01	0
7000	612	70	300	4	25	16	3	0	0	8	8	1	0	0	0	0
7000	626	70	300	4	25	12	3	0	0	4	4	1	0	0	0	0
7000	635	70	300	4	25	12	3	0	0	6	6	1	0	0	0	0
7000	639	70	300	4	25	14	3	0	0	5	5	1	0	0	0	0
7000	645	70	300	4	25	14	3	0	0	5	5	1	0	0	0	0
7000	658	70	300	4	25	12	3	0	0	3	3	1	0	0	0	0
7000	659	70	300	4	25	13	3	0	0	5	5	1	0	0	0	0
7000	669	70	300	4	25	21	3	0	0	8	8	1	0	0	0	0
7000	678	70	300	4	25	16	3	1	0	6	6	1	0.01	0	0.01	0
7000	679	70	300	4	25	15	3	0	0	4	4	1	0	0	0	0
7000	688	70	300	4	25	16	3	0	0	8	8	1	0	0	0	0
7000	690	70	300	4	25	16	3	0	0	6	6	1	0	0	0	0
7000	693	70	300	4	25	12	3	0	0	3	3	1	0	0	0	0
7000	699	70	300	4	25	13	3	0	0	4	4	1	0	0	0	0
7000	707	70	300	4	25	13	3	0	0	6	6	1	0	0	0	0
7000	710	70	300	4	25	14	3	0	0	7	7	1	0	0	0	0
7000	713	70	300	4	25	16	3	0	0	6	6	1	0	0	0	0
7000	722	70	300	4	25	14	3	0	0	4	4	1	0	0	0	0
7000	728	70	300	4	25	14	3	0	0	6	6	1	0	0	0	0
7000	737	70	300	4	25	12	3	0	0	4	4	1	0	0	0	0
7000	738	70	300	4	25	14	3	0	0	4	4	1	0	0	0	0
7000	747	70	300	4	25	20	3	1	0	8	8	1	0	0	0.01	0
7000	754	70	300	4	25	18	3	0	0	8	8	1	0	0	0	0
7000	757	70	300	4	25	16	3	0	0	6	6	1	0	0	0	0
7000	774	70	300	4	25	15	3	1	0	5	5	1	0	0	0.02	0
7000	779	70	300	4	25	13	3	0	0	4	4	1	0	0	0	0
7000	782	70	300	4	25	16	3	1	0	6	6	1	0	0	0.01	0
7000	795	70	300	4	25	9	3	0	0	3	3	1	0	0	0	0
7000	796	70	300	4	25	10	3	0	0	3	3	1	0	0	0	0
7000	804	70	300	4	25	14	3	0	0	4	4	1	0	0	0	0
7000	808	70	300	4	25	14	3	0	0	5	5	1	0	0	0	0
7000	819	70	300	4	25	14	3	1	0	4	4	1	0	0	0.01	0
7000	822	70	300	4	25	10	3	0	0	3	3	1	0	0	0	0
7000	829	70	300	4	25	18	3	0	0	7	7	1	0	0	0	0
7000	840	70	300	4	25	13	3	0	0	4	4	1	0	0	0	0
7000	855	70	300	4	25	14	3	0	0	5	5	1	0	0	0	0
7000	861	70	300	4	25	13	3	0	0	7	7	1	0	0	0	0
7000	864	70	300	4	25	14	3	0	0	5	5	1	0.01	0	0	0
7000	867	70	300	4	25	17	3	0	0	5	5	1	0	0	0	0
7000	881	70	300	4	25	13	3	0	0	4	4	1	0	0	0	0
7000	885	70	300	4	25	14	3	0	0	5	5	1	0	0	0	0
7000	886	70	300	4	25	14	3	1	0	4	4	1	0	0	0	0
7000	895	70	300	4	25	11	3	0	0	2	2	1	0	0	0	0
7000	904	70	300	4	25	14	3	0	0	5	5	1	0	0	0	0
7000	913	70	300	4	25	11	3	0	0	4	4	1	0	0	0	0
7000	927	70	300	4	25	12	3	0	0	3	3	1	0	0	0	0
7000	937	70	300	4	25	14	3	0	0	6	6	1	0	0	0	0
7000	942	70	300	4	25	9	3	0	0	3	3	1	0	0	0	0
7000	950	70	300	4	25	15	3	0	0	7	7	1	0	0	0	0
7000	977	70	300	4	25	19	3	0	0	8	8	1	0	0	0	0
7000	981	70	300	4	25	14	3	0	0	5	5	1	0	0	0	0
7000	991	70	300	4	25	13	3	0	0	4	4	1	0	0	0	0
