8000	44	60	300	4	25	22	32723	4.51485	5	1	0	5	0.2	5	0.2	1	0.22	-0.657577	0.02	-1.69897	0.29	-0.537602
8000	167	60	300	4	25	22	31939	4.50432	5	0	0	5	0.2	5	0.2	1	0.2	-0.69897	0.05	-1.30103	0	0
8000	242	60	300	4	25	23	16696	4.22261	5	1	0	6	0.166667	6	0.166667	1	0.11	-0.958607	0.02	-1.69897	0.15	-0.823909
8000	390	60	300	4	25	20	25055	4.39889	5	0	0	5	0.2	5	0.2	1	0.13	-0.886057	0.05	-1.30103	0	0
8000	502	60	300	4	25	22	11351	4.05503	5	0	0	5	0.2	5	0.2	1	0.07	-1.1549	0.01	-2	0	0
8000	531	60	300	4	25	27	11921	4.07631	5	0	0	10	0.1	10	0.1	1	0.07	-1.1549	0.01	-2	0	0
8000	712	60	300	4	25	21	10234	4.01005	5	0	0	6	0.166667	6	0.166667	1	0.08	-1.09691	0.01	-2	0	0
8000	717	60	300	4	25	28	23224	4.36594	5	0	0	9	0.111111	9	0.111111	1	0.24	-0.619789	0.03	-1.52288	0	0
8000	778	60	300	4	25	21	10915	4.03802	5	1	0	6	0.166667	6	0.166667	1	0.09	-1.04576	0.01	-2	0.1	-1
8000	793	60	300	4	25	23	30891	4.48983	5	0	0	5	0.2	5	0.2	1	0.33	-0.481486	0.04	-1.39794	0	0
8000	3	70	300	4	25	22	30134	4.47906	5	0	0	4	0.25	4	0.25	1	0.22	-0.657577	0.02	-1.69897	0	0
8000	19	70	300	4	25	21	13269	4.12284	5	1	0	6	0.166667	6	0.166667	1	0.07	-1.1549	0.01	-2	0.12	-0.920819
8000	23	70	300	4	25	26	56281	4.75036	5	0	0	5	0.2	5	0.2	1	0.53	-0.275724	0.07	-1.1549	0	0
8000	30	70	300	4	25	22	18679	4.27135	5	1	0	5	0.2	5	0.2	1	0.1	-1	0.02	-1.69897	0.26	-0.585027
8000	39	70	300	4	25	21	62207	4.79384	5	1	0	4	0.25	4	0.25	1	0.39	-0.408935	0.08	-1.09691	2.85	0.454845
8000	44	70	300	4	25	21	24999	4.39792	5	0	0	4	0.25	4	0.25	1	0.15	-0.823909	0.03	-1.52288	0	0
8000	50	70	300	4	25	23	15776	4.198	5	0	0	6	0.166667	6	0.166667	1	0.1	-1	0.02	-1.69897	0	0
8000	55	70	300	4	25	28	73506	4.86632	5	0	0	6	0.166667	6	0.166667	1	0.93	-0.0315171	0.11	-0.958607	0	0
8000	64	70	300	4	25	23	12899	4.11056	5	0	0	6	0.166667	6	0.166667	1	0.12	-0.920819	0.01	-2	0	0
8000	71	70	300	4	25	20	12256	4.08835	5	0	0	4	0.25	4	0.25	1	0.07	-1.1549	0	0	0	0
8000	87	70	300	4	25	20	36366	4.5607	5	1	0	5	0.2	5	0.2	1	0.21	-0.677781	0.03	-1.52288	0.3	-0.522879
8000	91	70	300	4	25	20	17302	4.2381	5	0	0	4	0.25	4	0.25	1	0.09	-1.04576	0.03	-1.52288	0	0
8000	96	70	300	4	25	22	13436	4.12827	5	0	0	8	0.125	8	0.125	1	0.14	-0.853872	0	0	0	0
8000	115	70	300	4	25	22	27966	4.44663	5	1	0	5	0.2	5	0.2	1	0.18	-0.744727	0.04	-1.39794	0.98	-0.00877392
8000	134	70	300	4	25	24	29397	4.4683	5	1	0	6	0.166667	6	0.166667	1	0.17	-0.769551	0.02	-1.69897	0.7	-0.154902
8000	137	70	300	4	25	19	13823	4.1406	5	0	0	5	0.2	5	0.2	1	0.06	-1.22185	0.01	-2	0	0
8000	140	70	300	4	25	26	34302	4.53532	5	0	0	6	0.166667	6	0.166667	1	0.46	-0.337242	0.05	-1.30103	0	0
8000	147	70	300	4	25	25	18721	4.27233	5	0	0	7	0.142857	7	0.142857	1	0.17	-0.769551	0.03	-1.52288	0	0
8000	150	70	300	4	25	23	34991	4.54396	5	0	0	8	0.125	8	0.125	1	0.24	-0.619789	0.04	-1.39794	0	0
8000	165	70	300	4	25	27	14114	4.14965	5	0	0	9	0.111111	9	0.111111	1	0.07	-1.1549	0	0	0	0
8000	170	70	300	4	25	18	11231	4.05042	5	1	1	3	0.333333	3	0.333333	1	0.06	-1.22185	0.02	-1.69897	0.09	-1.04576
8000	171	70	300	4	25	20	10367	4.01565	5	1	0	5	0.2	5	0.2	1	0.08	-1.09691	0.01	-2	0.1	-1
8000	176	70	300	4	25	21	10006	4.00026	5	1	0	6	0.166667	6	0.166667	1	0.07	-1.1549	0.01	-2	0.1	-1
8000	181	70	300	4	25	24	17203	4.2356	5	0	0	6	0.166667	6	0.166667	1	0.13	-0.886057	0.02	-1.69897	0	0
8000	196	70	300	4	25	21	17151	4.23429	5	1	0	5	0.2	5	0.2	1	0.08	-1.09691	0.03	-1.52288	0.16	-0.79588
8000	208	70	300	4	25	19	22609	4.35428	5	1	0	3	0.333333	3	0.333333	1	0.14	-0.853872	0.03	-1.52288	0.22	-0.657577
8000	210	70	300	4	25	22	14425	4.15912	5	0	0	6	0.166667	6	0.166667	1	0.11	-0.958607	0.03	-1.52288	0	0
8000	211	70	300	4	25	25	12630	4.1014	5	0	0	8	0.125	8	0.125	1	0.14	-0.853872	0.01	-2	0	0
8000	221	70	300	4	25	21	12186	4.08586	5	0	0	5	0.2	5	0.2	1	0.07	-1.1549	0.01	-2	0	0
8000	223	70	300	4	25	24	29386	4.46814	5	0	0	9	0.111111	9	0.111111	1	0.36	-0.443697	0.03	-1.52288	0	0
8000	224	70	300	4	25	20	41332	4.61629	5	0	0	4	0.25	4	0.25	1	0.25	-0.60206	0.06	-1.22185	0	0
8000	227	70	300	4	25	24	18045	4.25636	5	1	0	6	0.166667	6	0.166667	1	0.14	-0.853872	0.03	-1.52288	0.16	-0.79588
8000	232	70	300	4	25	22	39034	4.59144	5	1	1	3	0.333333	3	0.333333	1	0.23	-0.638272	0.05	-1.30103	1.1	0.0413927
8000	234	70	300	4	25	31	11455	4.059	5	1	0	12	0.0833333	12	0.0833333	1	0.07	-1.1549	0.01	-2	0.09	-1.04576
8000	236	70	300	4	25	21	13652	4.1352	5	0	0	5	0.2	5	0.2	1	0.09	-1.04576	0.02	-1.69897	0	0
8000	238	70	300	4	25	22	27945	4.4463	5	1	0	5	0.2	5	0.2	1	0.15	-0.823909	0.05	-1.30103	0.27	-0.568636
8000	246	70	300	4	25	24	18835	4.27497	5	0	0	7	0.142857	7	0.142857	1	0.12	-0.920819	0.01	-2	0	0
8000	247	70	300	4	25	24	11132	4.04657	5	0	0	5	0.2	5	0.2	1	0.12	-0.920819	0.02	-1.69897	0	0
8000	250	70	300	4	25	26	27261	4.43554	5	0	0	6	0.166667	6	0.166667	1	0.21	-0.677781	0.05	-1.30103	0	0
8000	286	70	300	4	25	29	23644	4.37372	5	1	0	9	0.111111	9	0.111111	1	0.27	-0.568636	0.02	-1.69897	0.23	-0.638272
8000	287	70	300	4	25	28	11028	4.0425	5	0	0	14	0.0714286	14	0.0714286	1	0.09	-1.04576	0	0	0	0
8000	289	70	300	4	25	20	11497	4.06058	5	1	1	5	0.2	5	0.2	1	0.08	-1.09691	0.01	-2	0.12	-0.920819
8000	292	70	300	4	25	27	39591	4.5976	5	0	0	7	0.142857	7	0.142857	1	0.29	-0.537602	0.05	-1.30103	0	0
8000	299	70	300	4	25	30	53395	4.7275	5	0	0	13	0.0769231	13	0.0769231	1	0.68	-0.167491	0.06	-1.22185	0	0
8000	301	70	300	4	25	29	15837	4.19967	5	0	0	14	0.0714286	14	0.0714286	1	0.09	-1.04576	0.01	-2	0	0
8000	309	70	300	4	25	28	38840	4.58928	5	1	0	7	0.142857	7	0.142857	1	0.5	-0.30103	0.06	-1.22185	1.19	0.075547
8000	312	70	300	4	25	25	65751	4.8179	5	0	0	7	0.142857	7	0.142857	1	0.74	-0.130768	0.05	-1.30103	0	0
8000	315	70	300	4	25	20	10079	4.00342	5	0	0	6	0.166667	6	0.166667	1	0.05	-1.30103	0	0	0	0
8000	317	70	300	4	25	22	12793	4.10697	5	0	0	8	0.125	8	0.125	1	0.17	-0.769551	0.01	-2	0	0
8000	324	70	300	4	25	24	34287	4.53513	5	0	0	6	0.166667	6	0.166667	1	0.22	-0.657577	0.04	-1.39794	0	0
8000	328	70	300	4	25	21	30791	4.48842	5	0	0	4	0.25	4	0.25	1	0.18	-0.744727	0.04	-1.39794	0	0
8000	331	70	300	4	25	22	13810	4.14019	5	0	0	6	0.166667	6	0.166667	1	0.12	-0.920819	0.02	-1.69897	0	0
8000	340	70	300	4	25	23	13325	4.12467	5	0	0	7	0.142857	7	0.142857	1	0.14	-0.853872	0.01	-2	0	0
8000	342	70	300	4	25	19	21140	4.3251	5	0	0	4	0.25	4	0.25	1	0.14	-0.853872	0.01	-2	0	0
8000	357	70	300	4	25	27	50413	4.70254	5	0	0	7	0.142857	7	0.142857	1	0.32	-0.49485	0.06	-1.22185	0	0
8000	358	70	300	4	25	22	13941	4.14429	5	0	0	6	0.166667	6	0.166667	1	0.13	-0.886057	0.01	-2	0	0
8000	369	70	300	4	25	17	10559	4.02362	5	1	0	3	0.333333	3	0.333333	1	0.04	-1.39794	0.01	-2	0.11	-0.958607
8000	373	70	300	4	25	25	45764	4.66052	5	1	0	5	0.2	5	0.2	1	0.35	-0.455932	0.04	-1.39794	0.4	-0.39794
8000	375	70	300	4	25	21	12095	4.08261	5	0	0	6	0.166667	6	0.166667	1	0.09	-1.04576	0.01	-2	0	0
8000	377	70	300	4	25	30	72000	4.85733	5	0	0	9	0.111111	9	0.111111	1	0.9	-0.0457575	0.12	-0.920819	0	0
8000	386	70	300	4	25	24	17351	4.23932	5	0	0	9	0.111111	9	0.111111	1	0.17	-0.769551	0.01	-2	0	0
8000	390	70	300	4	25	21	56646	4.75317	5	0	0	4	0.25	4	0.25	1	0.39	-0.408935	0.07	-1.1549	0	0
8000	392	70	300	4	25	20	12926	4.11146	5	1	0	5	0.2	5	0.2	1	0.06	-1.22185	0.01	-2	0.12	-0.920819
8000	399	70	300	4	25	20	18348	4.26359	5	1	0	4	0.25	4	0.25	1	0.13	-0.886057	0.03	-1.52288	0.16	-0.79588
8000	404	70	300	4	25	29	78584	4.89533	5	1	1	8	0.125	8	0.125	1	1.09	0.0374265	0.12	-0.920819	1.19	0.075547
8000	419	70	300	4	25	24	43253	4.63602	5	0	0	6	0.166667	6	0.166667	1	0.34	-0.468521	0.05	-1.30103	0	0
8000	420	70	300	4	25	25	31993	4.50505	5	0	0	6	0.166667	6	0.166667	1	0.27	-0.568636	0.04	-1.39794	0	0
8000	424	70	300	4	25	23	40255	4.60482	5	0	0	6	0.166667	6	0.166667	1	0.45	-0.346787	0.05	-1.30103	0	0
8000	428	70	300	4	25	24	10675	4.02837	5	0	0	8	0.125	8	0.125	1	0.06	-1.22185	0.01	-2	0	0
8000	431	70	300	4	25	23	22175	4.34586	5	1	0	6	0.166667	6	0.166667	1	0.16	-0.79588	0.03	-1.52288	0.78	-0.107905
8000	433	70	300	4	25	30	14359	4.15712	5	0	0	14	0.0714286	14	0.0714286	1	0.2	-0.69897	0.02	-1.69897	0	0
8000	440	70	300	4	25	22	20159	4.30447	5	0	0	6	0.166667	6	0.166667	1	0.15	-0.823909	0.02	-1.69897	0	0
8000	464	70	300	4	25	20	14781	4.1697	5	1	0	6	0.166667	6	0.166667	1	0.07	-1.1549	0.01	-2	0.16	-0.79588
8000	470	70	300	4	25	24	40626	4.6088	5	0	0	5	0.2	5	0.2	1	0.33	-0.481486	0.03	-1.52288	0	0
8000	480	70	300	4	25	28	10834	4.03479	5	0	0	15	0.0666667	15	0.0666667	1	0.09	-1.04576	0.01	-2	0	0
8000	488	70	300	4	25	19	11657	4.06659	5	0	0	5	0.2	5	0.2	1	0.05	-1.30103	0	0	0	0
8000	489	70	300	4	25	22	10784	4.03278	5	0	0	5	0.2	5	0.2	1	0.07	-1.1549	0.01	-2	0	0
8000	491	70	300	4	25	25	30293	4.48134	5	1	0	6	0.166667	6	0.166667	1	0.16	-0.79588	0.03	-1.52288	0.26	-0.585027
8000	496	70	300	4	25	24	11638	4.06588	5	1	0	7	0.142857	7	0.142857	1	0.11	-0.958607	0.03	-1.52288	0.11	-0.958607
8000	499	70	300	4	25	21	16463	4.21651	5	0	0	6	0.166667	6	0.166667	1	0.1	-1	0.01	-2	0	0
8000	502	70	300	4	25	25	22289	4.34809	5	1	0	5	0.2	5	0.2	1	0.15	-0.823909	0.04	-1.39794	0.2	-0.69897
8000	507	70	300	4	25	21	12508	4.09719	5	0	0	5	0.2	5	0.2	1	0.1	-1	0.01	-2	0	0
8000	512	70	300	4	25	29	33263	4.52196	5	0	0	9	0.111111	9	0.111111	1	0.46	-0.337242	0.03	-1.52288	0	0
8000	531	70	300	4	25	30	12526	4.09781	5	0	0	11	0.0909091	11	0.0909091	1	0.07	-1.1549	0.01	-2	0	0
8000	534	70	300	4	25	21	13853	4.14154	5	0	0	8	0.125	8	0.125	1	0.09	-1.04576	0.02	-1.69897	0	0
8000	557	70	300	4	25	25	83796	4.92322	5	1	0	4	0.25	4	0.25	1	0.59	-0.229148	0.1	-1	4.46	0.649335
8000	559	70	300	4	25	24	16644	4.22126	5	0	0	6	0.166667	6	0.166667	1	0.15	-0.823909	0.01	-2	0	0
8000	579	70	300	4	25	22	19612	4.29252	5	1	1	6	0.166667	6	0.166667	1	0.15	-0.823909	0.02	-1.69897	0.18	-0.744727
8000	581	70	300	4	25	18	17495	4.24291	5	0	0	3	0.333333	3	0.333333	1	0.09	-1.04576	0.02	-1.69897	0	0
8000	587	70	300	4	25	20	10867	4.03611	5	1	1	3.5	0.285714	4	0.25	0.875	0.07	-1.1549	0.01	-2	0.8	-0.09691
8000	594	70	300	4	25	19	25343	4.40386	5	1	1	3	0.333333	3	0.333333	1	0.16	-0.79588	0.03	-1.52288	0.89	-0.05061
8000	601	70	300	4	25	20	15551	4.19176	5	0	0	5	0.2	5	0.2	1	0.11	-0.958607	0.01	-2	0	0
8000	613	70	300	4	25	22	10598	4.02522	5	1	1	7	0.142857	7	0.142857	1	0.09	-1.04576	0.02	-1.69897	0.1	-1
8000	627	70	300	4	25	21	14874	4.17243	5	0	0	6	0.166667	6	0.166667	1	0.08	-1.09691	0.01	-2	0	0
8000	633	70	300	4	25	22	68434	4.83527	5	1	1	4	0.25	4	0.25	1	0.51	-0.29243	0.09	-1.04576	0.63	-0.200659
8000	634	70	300	4	25	30	20791	4.31788	5	1	0	9	0.111111	9	0.111111	1	0.14	-0.853872	0.02	-1.69897	0.18	-0.744727
8000	643	70	300	4	25	19	12135	4.08404	5	0	0	4	0.25	4	0.25	1	0.07	-1.1549	0.01	-2	0	0
8000	648	70	300	4	25	24	47302	4.67488	5	1	0	6	0.166667	6	0.166667	1	0.37	-0.431798	0.06	-1.22185	0.44	-0.356547
8000	653	70	300	4	25	24	17658	4.24694	5	0	0	7	0.142857	7	0.142857	1	0.1	-1	0.02	-1.69897	0	0
8000	657	70	300	4	25	18	10895	4.03723	5	1	0	4	0.25	4	0.25	1	0.07	-1.1549	0.01	-2	0.11	-0.958607
8000	660	70	300	4	25	23	23916	4.37869	5	0	0	5	0.2	5	0.2	1	0.19	-0.721246	0.02	-1.69897	0	0
8000	661	70	300	4	25	23	31103	4.4928	5	0	0	7	0.142857	7	0.142857	1	0.14	-0.853872	0.01	-2	0	0
8000	662	70	300	4	25	29	10159	4.00685	5	1	0	9	0.111111	9	0.111111	1	0.15	-0.823909	0.01	-2	0.1	-1
8000	675	70	300	4	25	21	14294	4.15515	5	1	0	5	0.2	5	0.2	1	0.09	-1.04576	0.01	-2	0.17	-0.769551
8000	676	70	300	4	25	23	17999	4.25525	5	0	0	6	0.166667	6	0.166667	1	0.09	-1.04576	0.03	-1.52288	0	0
8000	680	70	300	4	25	20	11699	4.06815	5	1	1	4	0.25	4	0.25	1	0.07	-1.1549	0.01	-2	0.12	-0.920819
8000	689	70	300	4	25	19	11045	4.04317	5	1	0	4	0.25	4	0.25	1	0.08	-1.09691	0	0	0.12	-0.920819
8000	691	70	300	4	25	18	13828	4.14076	5	0	0	4	0.25	4	0.25	1	0.06	-1.22185	0.02	-1.69897	0	0
8000	716	70	300	4	25	26	75070	4.87547	5	1	0	5	0.2	5	0.2	1	0.45	-0.346787	0.12	-0.920819	2.61	0.416641
8000	717	70	300	4	25	27	47198	4.67392	5	1	0	7	0.142857	7	0.142857	1	0.54	-0.267606	0.04	-1.39794	0.37	-0.431798
8000	723	70	300	4	25	20	12093	4.08253	5	0	0	6	0.166667	6	0.166667	1	0.11	-0.958607	0.01	-2	0	0
8000	729	70	300	4	25	21	11598	4.06438	5	0	0	6	0.166667	6	0.166667	1	0.12	-0.920819	0.01	-2	0	0
8000	736	70	300	4	25	34	22086	4.34412	5	0	0	13	0.0769231	13	0.0769231	1	0.34	-0.468521	0.02	-1.69897	0	0
8000	741	70	300	4	25	21	24129	4.38254	5	0	0	4	0.25	4	0.25	1	0.15	-0.823909	0.04	-1.39794	0	0
8000	746	70	300	4	25	25	54799	4.73877	5	1	0	6	0.166667	6	0.166667	1	0.87	-0.0604807	0.05	-1.30103	0.48	-0.318759
8000	753	70	300	4	25	25	11962	4.0778	5	1	0	7	0.142857	7	0.142857	1	0.09	-1.04576	0.01	-2	0.17	-0.769551
8000	755	70	300	4	25	23	10127	4.00548	5	0	0	7	0.142857	7	0.142857	1	0.06	-1.22185	0.01	-2	0	0
8000	760	70	300	4	25	22	50787	4.70575	5	0	0	5	0.2	5	0.2	1	0.27	-0.568636	0.06	-1.22185	0	0
8000	770	70	300	4	25	24	10874	4.03639	5	1	0	10	0.1	10	0.1	1	0.06	-1.22185	0	0	0.12	-0.920819
8000	775	70	300	4	25	23	63657	4.80385	5	1	1	4	0.25	4	0.25	1	0.59	-0.229148	0.06	-1.22185	0.61	-0.21467
8000	777	70	300	4	25	21	46079	4.6635	5	0	0	4	0.25	4	0.25	1	0.4	-0.39794	0.04	-1.39794	0	0
8000	778	70	300	4	25	22	18585	4.26916	5	1	0	5	0.2	5	0.2	1	0.17	-0.769551	0.01	-2	0.18	-0.744727
8000	783	70	300	4	25	24	21933	4.3411	5	0	0	7	0.142857	7	0.142857	1	0.22	-0.657577	0.02	-1.69897	0	0
8000	785	70	300	4	25	26	14870	4.17231	5	0	0	8	0.125	8	0.125	1	0.13	-0.886057	0.02	-1.69897	0	0
8000	792	70	300	4	25	20	12689	4.10343	5	0	0	6	0.166667	6	0.166667	1	0.07	-1.1549	0.01	-2	0	0
8000	793	70	300	4	25	22	10845	4.03523	5	0	0	6	0.166667	6	0.166667	1	0.11	-0.958607	0.01	-2	0	0
8000	798	70	300	4	25	23	14450	4.15987	5	0	0	5	0.2	5	0.2	1	0.11	-0.958607	0.01	-2	0	0
8000	801	70	300	4	25	23	10291	4.01246	5	0	0	7	0.142857	7	0.142857	1	0.1	-1	0	0	0	0
8000	803	70	300	4	25	19	10467	4.01982	5	0	0	4	0.25	4	0.25	1	0.07	-1.1549	0.02	-1.69897	0	0
8000	805	70	300	4	25	23	20500	4.31175	5	0	0	7	0.142857	7	0.142857	1	0.21	-0.677781	0.01	-2	0	0
8000	809	70	300	4	25	18	11268	4.05185	5	0	0	3	0.333333	3	0.333333	1	0.07	-1.1549	0.01	-2	0	0
8000	815	70	300	4	25	25	84047	4.92452	5	1	1	6	0.166667	6	0.166667	1	0.69	-0.161151	0.11	-0.958607	1.61	0.206826
8000	816	70	300	4	25	24	24050	4.38112	5	1	0	8	0.125	8	0.125	1	0.19	-0.721246	0.02	-1.69897	0.15	-0.823909
8000	818	70	300	4	25	28	27695	4.4424	5	1	0	7	0.142857	7	0.142857	1	0.26	-0.585027	0.02	-1.69897	1.01	0.00432137
8000	823	70	300	4	25	20	31967	4.5047	5	0	0	4	0.25	4	0.25	1	0.36	-0.443697	0.03	-1.52288	0	0
8000	832	70	300	4	25	28	27549	4.44011	5	1	0	8	0.125	8	0.125	1	0.29	-0.537602	0.04	-1.39794	0.27	-0.568636
8000	849	70	300	4	25	25	18795	4.27404	5	1	0	6	0.166667	6	0.166667	1	0.09	-1.04576	0.03	-1.52288	0.18	-0.744727
8000	857	70	300	4	25	18	14920	4.17377	5	1	0	3	0.333333	3	0.333333	1	0.08	-1.09691	0.01	-2	0.15	-0.823909
8000	858	70	300	4	25	22	15816	4.1991	5	0	0	8	0.125	8	0.125	1	0.08	-1.09691	0.01	-2	0	0
8000	869	70	300	4	25	24	16241	4.21061	5	0	0	6	0.166667	6	0.166667	1	0.12	-0.920819	0.02	-1.69897	0	0
8000	874	70	300	4	25	21	14008	4.14638	5	1	0	5	0.2	5	0.2	1	0.1	-1	0.01	-2	0.13	-0.886057
8000	883	70	300	4	25	26	17604	4.24561	5	0	0	7	0.142857	7	0.142857	1	0.2	-0.69897	0.03	-1.52288	0	0
8000	910	70	300	4	25	22	16173	4.20879	5	1	0	5	0.2	5	0.2	1	0.1	-1	0.02	-1.69897	0.18	-0.744727
8000	914	70	300	4	25	18	12863	4.10934	5	1	1	4	0.25	4	0.25	1	0.08	-1.09691	0.01	-2	0.29	-0.537602
8000	919	70	300	4	25	21	46509	4.66754	5	0	0	4	0.25	4	0.25	1	0.35	-0.455932	0.06	-1.22185	0	0
8000	954	70	300	4	25	21	17383	4.24012	5	0	0	6	0.166667	6	0.166667	1	0.12	-0.920819	0.01	-2	0	0
8000	956	70	300	4	25	38	42522	4.62861	5	0	0	17	0.0588235	17	0.0588235	1	0.47	-0.327902	0.03	-1.52288	0	0
8000	962	70	300	4	25	25	20827	4.31863	5	1	0	7	0.142857	7	0.142857	1	0.22	-0.657577	0.03	-1.52288	0.19	-0.721246
8000	965	70	300	4	25	27	28047	4.44789	5	0	0	8	0.125	8	0.125	1	0.2	-0.69897	0.03	-1.52288	0	0
8000	983	70	300	4	25	21	13905	4.14317	5	0	0	7	0.142857	7	0.142857	1	0.07	-1.1549	0.01	-2	0	0
8000	992	70	300	4	25	22	19636	4.29305	5	1	1	4	0.25	4	0.25	1	0.15	-0.823909	0.02	-1.69897	0.79	-0.102373
8000	994	70	300	4	25	25	14301	4.15537	5	1	0	9	0.111111	9	0.111111	1	0.14	-0.853872	0.01	-2	0.12	-0.920819
8000	995	70	300	4	25	23	12667	4.10267	5	1	0	5	0.2	5	0.2	1	0.11	-0.958607	0.02	-1.69897	0.12	-0.920819
8000	996	70	300	4	25	30	16225	4.21018	5	0	0	8	0.125	8	0.125	1	0.1	-1	0.02	-1.69897	0	0
8000	1	80	300	4	25	27	44308	4.64648	5	0	0	5	0.2	5	0.2	1	0.52	-0.283997	0.08	-1.09691	0	0
8000	2	80	300	4	25	20	22443	4.35108	5	1	0	4	0.25	4	0.25	1	0.18	-0.744727	0.02	-1.69897	0.21	-0.677781
8000	8	80	300	4	25	33	12266	4.0887	5	0	0	18	0.0555556	18	0.0555556	1	0.11	-0.958607	0	0	0	0
8000	9	80	300	4	25	27	25157	4.40066	5	0	0	9	0.111111	9	0.111111	1	0.21	-0.677781	0.02	-1.69897	0	0
8000	12	80	300	4	25	24	22574	4.35361	5	1	0	6	0.166667	6	0.166667	1	0.13	-0.886057	0.03	-1.52288	0.21	-0.677781
8000	13	80	300	4	25	27	15044	4.17736	5	1	0	7	0.142857	7	0.142857	1	0.13	-0.886057	0.02	-1.69897	0.13	-0.886057
8000	14	80	300	4	25	23	15052	4.17759	5	0	0	5	0.2	5	0.2	1	0.11	-0.958607	0.01	-2	0	0
8000	16	80	300	4	25	21	15024	4.17679	5	0	0	5	0.2	5	0.2	1	0.11	-0.958607	0.02	-1.69897	0	0
8000	17	80	300	4	25	26	33248	4.52177	5	0	0	7	0.142857	7	0.142857	1	0.31	-0.508638	0.05	-1.30103	0	0
8000	19	80	300	4	25	21	12449	4.09513	5	0	0	5	0.2	5	0.2	1	0.06	-1.22185	0.01	-2	0	0
8000	21	80	300	4	25	22	34974	4.54375	5	1	1	3.33333	0.3	4	0.25	0.833333	0.25	-0.60206	0.06	-1.22185	1.16	0.064458
8000	22	80	300	4	25	25	40883	4.61154	5	0	0	5	0.2	5	0.2	1	0.28	-0.552842	0.07	-1.1549	0	0
8000	23	80	300	4	25	27	81374	4.91049	5	0	0	6	0.166667	6	0.166667	1	0.67	-0.173925	0.1	-1	0	0
8000	25	80	300	4	25	26	22983	4.36141	5	1	0	6	0.166667	6	0.166667	1	0.32	-0.49485	0.02	-1.69897	0.72	-0.142668
8000	26	80	300	4	25	21	10312	4.01334	5	0	0	5	0.2	5	0.2	1	0.07	-1.1549	0.01	-2	0	0
8000	30	80	300	4	25	26	22411	4.35046	5	1	0	7	0.142857	7	0.142857	1	0.13	-0.886057	0.03	-1.52288	0.18	-0.744727
8000	35	80	300	4	25	28	49035	4.69051	5	1	0	7	0.142857	7	0.142857	1	0.43	-0.366532	0.07	-1.1549	2.54	0.404834
8000	36	80	300	4	25	27	54138	4.7335	5	0	0	7	0.142857	7	0.142857	1	0.52	-0.283997	0.06	-1.22185	0	0
8000	37	80	300	4	25	26	17637	4.24642	5	1	0	8	0.125	8	0.125	1	0.11	-0.958607	0.02	-1.69897	0.12	-0.920819
8000	43	80	300	4	25	22	49079	4.6909	5	0	0	4	0.25	4	0.25	1	0.42	-0.376751	0.09	-1.04576	0	0
8000	45	80	300	4	25	23	11989	4.07878	5	0	0	6	0.166667	6	0.166667	1	0.07	-1.1549	0.01	-2	0	0
8000	50	80	300	4	25	26	58310	4.76574	5	0	0	5	0.2	5	0.2	1	0.74	-0.130768	0.08	-1.09691	0	0
8000	51	80	300	4	25	23	19439	4.28867	5	0	0	8	0.125	8	0.125	1	0.22	-0.657577	0.01	-2	0	0
8000	54	80	300	4	25	28	34047	4.53208	5	1	0	11	0.0909091	11	0.0909091	1	0.41	-0.387216	0.01	-2	0.28	-0.552842
8000	56	80	300	4	25	27	49335	4.69316	5	0	0	7	0.142857	7	0.142857	1	0.38	-0.420216	0.06	-1.22185	0	0
8000	60	80	300	4	25	23	79419	4.89992	5	1	0	7	0.142857	7	0.142857	1	0.46	-0.337242	0.06	-1.22185	6.82	0.833784
8000	61	80	300	4	25	33	92249	4.96496	5	1	0	9	0.111111	9	0.111111	1	0.84	-0.0757207	0.15	-0.823909	6.09	0.784617
8000	63	80	300	4	25	20	10889	4.03699	5	1	0	4	0.25	4	0.25	1	0.07	-1.1549	0.02	-1.69897	0.09	-1.04576
8000	64	80	300	4	25	21	12253	4.08824	5	0	0	5	0.2	5	0.2	1	0.09	-1.04576	0.01	-2	0	0
8000	66	80	300	4	25	23	30732	4.48759	5	0	0	4	0.25	4	0.25	1	0.19	-0.721246	0.02	-1.69897	0	0
8000	67	80	300	4	25	22	11744	4.06982	5	0	0	5	0.2	5	0.2	1	0.09	-1.04576	0.01	-2	0	0
8000	68	80	300	4	25	18	12973	4.11304	5	1	0	3	0.333333	3	0.333333	1	0.07	-1.1549	0.01	-2	0.13	-0.886057
8000	76	80	300	4	25	25	25978	4.41461	5	1	0	5	0.2	5	0.2	1	0.22	-0.657577	0.03	-1.52288	0.27	-0.568636
8000	78	80	300	4	25	26	84030	4.92443	5	1	0	6	0.166667	6	0.166667	1	0.82	-0.0861861	0.13	-0.886057	1.35	0.130334
8000	80	80	300	4	25	22	10999	4.04135	5	0	0	8	0.125	8	0.125	1	0.04	-1.39794	0.02	-1.69897	0	0
8000	82	80	300	4	25	21	26494	4.42315	5	1	1	4.2	0.238095	5	0.2	0.84	0.19	-0.721246	0.03	-1.52288	0.26	-0.585027
8000	83	80	300	4	25	23	55393	4.74345	5	1	0	6	0.166667	6	0.166667	1	0.32	-0.49485	0.06	-1.22185	0.54	-0.267606
8000	88	80	300	4	25	24	11491	4.06036	5	1	0	6	0.166667	6	0.166667	1	0.19	-0.721246	0.01	-2	0.1	-1
8000	89	80	300	4	25	27	20846	4.31902	5	1	0	10	0.1	10	0.1	1	0.13	-0.886057	0.04	-1.39794	0.16	-0.79588
8000	90	80	300	4	25	23	12761	4.10588	5	1	0	6	0.166667	6	0.166667	1	0.1	-1	0.01	-2	0.41	-0.387216
8000	91	80	300	4	25	24	37926	4.57894	5	1	0	6	0.166667	6	0.166667	1	0.21	-0.677781	0.03	-1.52288	0.33	-0.481486
8000	93	80	300	4	25	23	23397	4.36916	5	1	0	5	0.2	5	0.2	1	0.16	-0.79588	0.03	-1.52288	0.2	-0.69897
8000	94	80	300	4	25	23	12236	4.08764	5	0	0	6	0.166667	6	0.166667	1	0.09	-1.04576	0.02	-1.69897	0	0
8000	96	80	300	4	25	26	57780	4.76178	5	1	0	9	0.111111	9	0.111111	1	0.68	-0.167491	0.04	-1.39794	0.48	-0.318759
8000	98	80	300	4	25	22	22809	4.35811	5	0	0	6	0.166667	6	0.166667	1	0.13	-0.886057	0.03	-1.52288	0	0
8000	100	80	300	4	25	22	12095	4.08261	5	0	0	7	0.142857	7	0.142857	1	0.05	-1.30103	0.01	-2	0	0
8000	102	80	300	4	25	23	11032	4.04265	5	0	0	10	0.1	10	0.1	1	0.08	-1.09691	0.01	-2	0	0
8000	103	80	300	4	25	25	31872	4.50341	5	0	0	6	0.166667	6	0.166667	1	0.34	-0.468521	0.04	-1.39794	0	0
8000	108	80	300	4	25	25	38922	4.5902	5	1	0	8	0.125	8	0.125	1	0.22	-0.657577	0.03	-1.52288	0.36	-0.443697
8000	109	80	300	4	25	30	88094	4.94495	5	0	0	10	0.1	10	0.1	1	1.11	0.045323	0.11	-0.958607	0	0
8000	112	80	300	4	25	23	55771	4.74641	5	1	0	4	0.25	4	0.25	1	0.4	-0.39794	0.07	-1.1549	0.54	-0.267606
8000	118	80	300	4	25	24	17066	4.23213	5	0	0	7	0.142857	7	0.142857	1	0.11	-0.958607	0.01	-2	0	0
8000	121	80	300	4	25	21	29783	4.47397	5	0	0	4	0.25	4	0.25	1	0.2	-0.69897	0.03	-1.52288	0	0
8000	124	80	300	4	25	34	71903	4.85675	5	1	0	10	0.1	10	0.1	1	0.97	-0.0132283	0.08	-1.09691	0.53	-0.275724
8000	129	80	300	4	25	24	12598	4.1003	5	1	0	8	0.125	8	0.125	1	0.12	-0.920819	0.01	-2	0.09	-1.04576
8000	137	80	300	4	25	23	63948	4.80583	5	0	0	5	0.2	5	0.2	1	0.49	-0.309804	0.09	-1.04576	0	0
8000	139	80	300	4	25	25	17899	4.25283	5	1	0	6	0.166667	6	0.166667	1	0.21	-0.677781	0.03	-1.52288	0.16	-0.79588
8000	140	80	300	4	25	28	55421	4.74367	5	1	0	7	0.142857	7	0.142857	1	0.79	-0.102373	0.06	-1.22185	0.44	-0.356547
8000	141	80	300	4	25	32	22952	4.36082	5	0	0	11	0.0909091	11	0.0909091	1	0.15	-0.823909	0.03	-1.52288	0	0
8000	142	80	300	4	25	25	10438	4.01862	5	0	0	10	0.1	10	0.1	1	0.17	-0.769551	0.01	-2	0	0
8000	146	80	300	4	25	25	16673	4.22201	5	0	0	6	0.166667	6	0.166667	1	0.18	-0.744727	0.01	-2	0	0
8000	147	80	300	4	25	32	83287	4.92058	5	1	0	12	0.0833333	12	0.0833333	1	1.14	0.0569049	0.09	-1.04576	0.62	-0.207608
8000	150	80	300	4	25	22	43847	4.64194	5	0	0	6	0.166667	6	0.166667	1	0.31	-0.508638	0.05	-1.30103	0	0
8000	153	80	300	4	25	28	17308	4.23825	5	0	0	9	0.111111	9	0.111111	1	0.14	-0.853872	0.02	-1.69897	0	0
8000	155	80	300	4	25	27	13255	4.12238	5	0	0	8	0.125	8	0.125	1	0.13	-0.886057	0.02	-1.69897	0	0
8000	156	80	300	4	25	23	11357	4.05526	5	0	0	7	0.142857	7	0.142857	1	0.06	-1.22185	0.02	-1.69897	0	0
8000	158	80	300	4	25	27	86529	4.93716	5	1	0	7	0.142857	7	0.142857	1	0.57	-0.244125	0.1	-1	1.31	0.117271
8000	160	80	300	4	25	25	22199	4.34633	5	0	0	6	0.166667	6	0.166667	1	0.16	-0.79588	0.04	-1.39794	0	0
8000	162	80	300	4	25	36	31983	4.50492	5	1	0	12	0.0833333	12	0.0833333	1	0.24	-0.619789	0.05	-1.30103	0.44	-0.356547
8000	163	80	300	4	25	27	43042	4.63389	5	0	0	8	0.125	8	0.125	1	0.43	-0.366532	0.06	-1.22185	0	0
8000	169	80	300	4	25	23	57748	4.76154	5	1	0	5	0.2	5	0.2	1	0.47	-0.327902	0.05	-1.30103	0.66	-0.180456
8000	171	80	300	4	25	21	40297	4.60527	5	0	0	5	0.2	5	0.2	1	0.32	-0.49485	0.03	-1.52288	0	0
8000	172	80	300	4	25	25	29788	4.47404	5	1	0	7	0.142857	7	0.142857	1	0.21	-0.677781	0.03	-1.52288	0.18	-0.744727
8000	183	80	300	4	25	26	33620	4.5266	5	1	0	8	0.125	8	0.125	1	0.39	-0.408935	0.06	-1.22185	0.25	-0.60206
8000	184	80	300	4	25	25	36421	4.56135	5	1	0	7	0.142857	7	0.142857	1	0.25	-0.60206	0.05	-1.30103	0.34	-0.468521
8000	188	80	300	4	25	22	15037	4.17716	5	1	0	7	0.142857	7	0.142857	1	0.08	-1.09691	0.01	-2	0.14	-0.853872
8000	190	80	300	4	25	23	18422	4.26534	5	0	0	9	0.111111	9	0.111111	1	0.13	-0.886057	0.01	-2	0	0
8000	192	80	300	4	25	30	52473	4.71994	5	0	0	7	0.142857	7	0.142857	1	0.47	-0.327902	0.09	-1.04576	0	0
8000	194	80	300	4	25	23	15017	4.17658	5	1	0	6	0.166667	6	0.166667	1	0.08	-1.09691	0.01	-2	0.26	-0.585027
8000	196	80	300	4	25	19	21488	4.3322	5	1	1	3.33333	0.3	4	0.25	0.833333	0.17	-0.769551	0.03	-1.52288	0.23	-0.638272
8000	197	80	300	4	25	30	75693	4.87906	5	1	0	7	0.142857	7	0.142857	1	1.08	0.0334238	0.15	-0.823909	0.67	-0.173925
8000	199	80	300	4	25	21	39988	4.60193	5	0	0	5	0.2	5	0.2	1	0.21	-0.677781	0.05	-1.30103	0	0
8000	200	80	300	4	25	22	33518	4.52528	5	0	0	4	0.25	4	0.25	1	0.34	-0.468521	0.05	-1.30103	0	0
8000	203	80	300	4	25	24	16359	4.21376	5	0	0	7	0.142857	7	0.142857	1	0.13	-0.886057	0.02	-1.69897	0	0
8000	213	80	300	4	25	19	10684	4.02873	5	0	0	5	0.2	5	0.2	1	0.06	-1.22185	0.01	-2	0	0
8000	214	80	300	4	25	25	11716	4.06878	5	1	0	7	0.142857	7	0.142857	1	0.1	-1	0.02	-1.69897	0.12	-0.920819
8000	219	80	300	4	25	21	17230	4.23629	5	0	0	5	0.2	5	0.2	1	0.09	-1.04576	0.03	-1.52288	0	0
8000	221	80	300	4	25	19	13983	4.1456	5	0	0	3	0.333333	3	0.333333	1	0.08	-1.09691	0.01	-2	0	0
8000	225	80	300	4	25	25	31064	4.49226	5	1	0	6	0.166667	6	0.166667	1	0.32	-0.49485	0.04	-1.39794	0.27	-0.568636
8000	227	80	300	4	25	30	88024	4.9446	5	1	1	6.5	0.153846	7	0.142857	0.928571	0.84	-0.0757207	0.15	-0.823909	0.79	-0.102373
8000	230	80	300	4	25	25	74057	4.86957	5	1	1	4.5	0.222222	5	0.2	0.9	0.66	-0.180456	0.08	-1.09691	20.28	1.30707
8000	236	80	300	4	25	24	20603	4.31393	5	0	0	6	0.166667	6	0.166667	1	0.14	-0.853872	0.02	-1.69897	0	0
8000	237	80	300	4	25	21	23309	4.36752	5	1	0	5	0.2	5	0.2	1	0.13	-0.886057	0.01	-2	0.39	-0.408935
8000	239	80	300	4	25	24	25185	4.40114	5	1	0	9	0.111111	9	0.111111	1	0.16	-0.79588	0.03	-1.52288	0.21	-0.677781
8000	241	80	300	4	25	24	45226	4.65539	5	1	0	5	0.2	5	0.2	1	0.41	-0.387216	0.03	-1.52288	1.84	0.264818
8000	244	80	300	4	25	25	32530	4.51228	5	1	0	6	0.166667	6	0.166667	1	0.35	-0.455932	0.04	-1.39794	0.22	-0.657577
8000	246	80	300	4	25	28	27186	4.43435	5	1	0	8	0.125	8	0.125	1	0.19	-0.721246	0.03	-1.52288	0.26	-0.585027
8000	250	80	300	4	25	34	97799	4.99033	5	1	0	9	0.111111	9	0.111111	1	0.88	-0.0555173	0.15	-0.823909	0.71	-0.148742
8000	251	80	300	4	25	25	89035	4.94956	5	1	0	5	0.2	5	0.2	1	0.56	-0.251812	0.11	-0.958607	24.94	1.3969
8000	255	80	300	4	25	26	70995	4.85123	5	1	0	6	0.166667	6	0.166667	1	0.67	-0.173925	0.07	-1.1549	0.5	-0.30103
8000	256	80	300	4	25	28	16459	4.2164	5	0	0	7	0.142857	7	0.142857	1	0.21	-0.677781	0.02	-1.69897	0	0
8000	257	80	300	4	25	27	29711	4.47292	5	0	0	6	0.166667	6	0.166667	1	0.26	-0.585027	0.02	-1.69897	0	0
8000	259	80	300	4	25	21	11306	4.05331	5	0	0	5	0.2	5	0.2	1	0.07	-1.1549	0.01	-2	0	0
8000	266	80	300	4	25	21	33207	4.52123	5	1	0	4	0.25	4	0.25	1	0.17	-0.769551	0.04	-1.39794	0.7	-0.154902
8000	268	80	300	4	25	23	30302	4.48147	5	1	1	3.51515	0.284483	4	0.25	0.878788	0.29	-0.537602	0.05	-1.30103	9.09	0.958564
8000	271	80	300	4	25	21	12664	4.10257	5	0	0	5	0.2	5	0.2	1	0.06	-1.22185	0.02	-1.69897	0	0
8000	272	80	300	4	25	28	25782	4.41132	5	0	0	7	0.142857	7	0.142857	1	0.16	-0.79588	0.04	-1.39794	0	0
8000	278	80	300	4	25	23	22322	4.34873	5	0	0	6	0.166667	6	0.166667	1	0.13	-0.886057	0.04	-1.39794	0	0
8000	282	80	300	4	25	23	10854	4.03559	5	1	0	6	0.166667	6	0.166667	1	0.09	-1.04576	0.01	-2	0.1	-1
8000	284	80	300	4	25	24	22051	4.34343	5	1	0	8	0.125	8	0.125	1	0.13	-0.886057	0.03	-1.52288	0.19	-0.721246
8000	285	80	300	4	25	24	16106	4.20699	5	0	0	9	0.111111	9	0.111111	1	0.13	-0.886057	0.02	-1.69897	0	0
8000	286	80	300	4	25	35	94363	4.9748	5	1	0	10	0.1	10	0.1	1	1.4	0.146128	0.12	-0.920819	0.74	-0.130768
8000	288	80	300	4	25	24	12814	4.10768	5	0	0	7	0.142857	7	0.142857	1	0.08	-1.09691	0.01	-2	0	0
8000	290	80	300	4	25	25	13035	4.11511	5	0	0	7	0.142857	7	0.142857	1	0.13	-0.886057	0.01	-2	0	0
8000	292	80	300	4	25	30	99519	4.99791	5	1	0	6	0.166667	6	0.166667	1	1.07	0.0293838	0.13	-0.886057	4.1	0.612784
8000	293	80	300	4	25	22	14197	4.1522	5	0	0	6	0.166667	6	0.166667	1	0.07	-1.1549	0.02	-1.69897	0	0
8000	295	80	300	4	25	23	35639	4.55193	5	0	0	6	0.166667	6	0.166667	1	0.3	-0.522879	0.03	-1.52288	0	0
8000	297	80	300	4	25	24	29399	4.46833	5	0	0	6	0.166667	6	0.166667	1	0.27	-0.568636	0.05	-1.30103	0	0
8000	298	80	300	4	25	23	36823	4.56612	5	1	0	6	0.166667	6	0.166667	1	0.34	-0.468521	0.05	-1.30103	0.34	-0.468521
8000	300	80	300	4	25	19	13967	4.1451	5	1	0	5	0.2	5	0.2	1	0.07	-1.1549	0.01	-2	0.16	-0.79588
8000	301	80	300	4	25	34	90823	4.9582	5	0	0	12	0.0833333	12	0.0833333	1	0.68	-0.167491	0.1	-1	0	0
8000	303	80	300	4	25	19	14587	4.16397	5	0	0	4	0.25	4	0.25	1	0.13	-0.886057	0.01	-2	0	0
8000	305	80	300	4	25	23	27570	4.44044	5	1	0	5	0.2	5	0.2	1	0.24	-0.619789	0.05	-1.30103	0.28	-0.552842
8000	307	80	300	4	25	23	47442	4.67616	5	0	0	4	0.25	4	0.25	1	0.32	-0.49485	0.04	-1.39794	0	0
8000	308	80	300	4	25	21	10559	4.02362	5	1	0	7	0.142857	7	0.142857	1	0.11	-0.958607	0	0	0.1	-1
8000	309	80	300	4	25	29	63144	4.80033	5	0	0	7	0.142857	7	0.142857	1	0.62	-0.207608	0.08	-1.09691	0	0
8000	311	80	300	4	25	20	13014	4.11441	5	0	0	6	0.166667	6	0.166667	1	0.08	-1.09691	0.01	-2	0	0
8000	315	80	300	4	25	23	43292	4.63641	5	1	0	5	0.2	5	0.2	1	0.34	-0.468521	0.07	-1.1549	0.61	-0.21467
8000	316	80	300	4	25	20	18480	4.2667	5	0	0	6	0.166667	6	0.166667	1	0.26	-0.585027	0.01	-2	0	0
8000	318	80	300	4	25	23	12249	4.0881	5	1	0	6	0.166667	6	0.166667	1	0.21	-0.677781	0.01	-2	1.22	0.0863598
8000	320	80	300	4	25	25	52564	4.72069	5	1	0	5	0.2	5	0.2	1	0.44	-0.356547	0.06	-1.22185	0.48	-0.318759
8000	321	80	300	4	25	29	33776	4.52861	5	0	0	10	0.1	10	0.1	1	0.25	-0.60206	0.03	-1.52288	0	0
8000	322	80	300	4	25	20	10079	4.00342	5	0	0	6	0.166667	6	0.166667	1	0.08	-1.09691	0.01	-2	0	0
8000	324	80	300	4	25	25	97008	4.98681	5	1	0	5	0.2	5	0.2	1	0.53	-0.275724	0.07	-1.1549	0.81	-0.091515
8000	326	80	300	4	25	20	12680	4.10312	5	0	0	4	0.25	4	0.25	1	0.09	-1.04576	0.01	-2	0	0
8000	328	80	300	4	25	29	94560	4.97571	5	0	0	7	0.142857	7	0.142857	1	0.66	-0.180456	0.12	-0.920819	0	0
8000	329	80	300	4	25	29	28368	4.45283	5	0	0	9	0.111111	9	0.111111	1	0.18	-0.744727	0.04	-1.39794	0	0
8000	331	80	300	4	25	25	77120	4.88717	5	1	0	6	0.166667	6	0.166667	1	0.84	-0.0757207	0.06	-1.22185	0.62	-0.207608
8000	332	80	300	4	25	20	10511	4.02164	5	0	0	6	0.166667	6	0.166667	1	0.07	-1.1549	0	0	0	0
8000	336	80	300	4	25	23	32093	4.50641	5	1	0	5	0.2	5	0.2	1	0.22	-0.657577	0.04	-1.39794	0.27	-0.568636
8000	338	80	300	4	25	25	21528	4.333	5	0	0	8	0.125	8	0.125	1	0.12	-0.920819	0.02	-1.69897	0	0
8000	340	80	300	4	25	25	48448	4.68528	5	0	0	6	0.166667	6	0.166667	1	0.49	-0.309804	0.04	-1.39794	0	0
8000	342	80	300	4	25	20	15793	4.19846	5	0	0	5	0.2	5	0.2	1	0.1	-1	0.02	-1.69897	0	0
8000	343	80	300	4	25	34	90759	4.95789	5	1	0	9	0.111111	9	0.111111	1	0.81	-0.091515	0.09	-1.04576	0.72	-0.142668
8000	345	80	300	4	25	28	46808	4.67032	5	1	0	6	0.166667	6	0.166667	1	0.47	-0.327902	0.05	-1.30103	1.82	0.260071
8000	346	80	300	4	25	22	10654	4.02751	5	0	0	9	0.111111	9	0.111111	1	0.09	-1.04576	0	0	0	0
8000	351	80	300	4	25	19	11415	4.05748	5	0	0	4	0.25	4	0.25	1	0.08	-1.09691	0.02	-1.69897	0	0
8000	354	80	300	4	25	25	10502	4.02127	5	0	0	6	0.166667	6	0.166667	1	0.08	-1.09691	0.01	-2	0	0
8000	355	80	300	4	25	27	48121	4.68233	5	1	0	5	0.2	5	0.2	1	0.41	-0.387216	0.06	-1.22185	0.46	-0.337242
8000	356	80	300	4	25	27	46937	4.67152	5	0	0	8	0.125	8	0.125	1	0.35	-0.455932	0.03	-1.52288	0	0
8000	357	80	300	4	25	31	39083	4.59199	5	0	0	8	0.125	8	0.125	1	0.24	-0.619789	0.06	-1.22185	0	0
8000	358	80	300	4	25	24	35463	4.54978	5	1	0	7	0.142857	7	0.142857	1	0.4	-0.39794	0.05	-1.30103	0.37	-0.431798
8000	363	80	300	4	25	25	62499	4.79587	5	0	0	5	0.2	5	0.2	1	0.52	-0.283997	0.11	-0.958607	0	0
8000	364	80	300	4	25	28	13515	4.13082	5	0	0	11	0.0909091	11	0.0909091	1	0.17	-0.769551	0.01	-2	0	0
8000	365	80	300	4	25	23	36506	4.56236	5	0	0	7	0.142857	7	0.142857	1	0.56	-0.251812	0.05	-1.30103	0	0
8000	372	80	300	4	25	22	46826	4.67049	5	0	0	5	0.2	5	0.2	1	0.38	-0.420216	0.04	-1.39794	0	0
8000	373	80	300	4	25	29	56666	4.75332	5	0	0	9	0.111111	9	0.111111	1	0.43	-0.366532	0.06	-1.22185	0	0
8000	375	80	300	4	25	25	51839	4.71466	5	1	0	5	0.2	5	0.2	1	0.47	-0.327902	0.09	-1.04576	0.51	-0.29243
8000	376	80	300	4	25	26	19810	4.29688	5	0	0	6	0.166667	6	0.166667	1	0.24	-0.619789	0.04	-1.39794	0	0
8000	384	80	300	4	25	21	18043	4.25631	5	0	0	5	0.2	5	0.2	1	0.12	-0.920819	0	0	0	0
8000	385	80	300	4	25	25	12597	4.10027	5	0	0	10	0.1	10	0.1	1	0.19	-0.721246	0.01	-2	0	0
8000	386	80	300	4	25	26	33007	4.51861	5	0	0	7	0.142857	7	0.142857	1	0.29	-0.537602	0.03	-1.52288	0	0
8000	5	90	300	4	25	37	30286	4.48124	5	1	0	20	0.05	20	0.05	1	0.28	-0.552842	0.02	-1.69897	0.27	-0.568636
8000	6	90	300	4	25	25	19319	4.28598	5	0	0	7	0.142857	7	0.142857	1	0.15	-0.823909	0.02	-1.69897	0	0
8000	9	90	300	4	25	28	80166	4.90399	5	0	0	9	0.111111	9	0.111111	1	0.76	-0.119186	0.1	-1	0	0
8000	10	90	300	4	25	20	11814	4.0724	5	0	0	4	0.25	4	0.25	1	0.06	-1.22185	0.01	-2	0	0
8000	11	90	300	4	25	29	46419	4.6667	5	0	0	9	0.111111	9	0.111111	1	0.36	-0.443697	0.03	-1.52288	0	0
8000	13	90	300	4	25	33	76546	4.88392	5	1	1	7.5	0.133333	8	0.125	0.9375	0.85	-0.0705811	0.1	-1	2.94	0.468347
8000	14	90	300	4	25	29	45961	4.66239	5	1	0	7	0.142857	7	0.142857	1	0.36	-0.443697	0.07	-1.1549	0.42	-0.376751
8000	16	90	300	4	25	24	76580	4.88412	5	1	0	4	0.25	4	0.25	1	0.75	-0.124939	0.14	-0.853872	3.23	0.509203
8000	17	90	300	4	25	34	74321	4.87111	5	0	0	10	0.1	10	0.1	1	0.96	-0.0177288	0.09	-1.04576	0	0
8000	18	90	300	4	25	32	72850	4.86243	5	1	0	9	0.111111	9	0.111111	1	0.78	-0.107905	0.08	-1.09691	1.42	0.152288
8000	19	90	300	4	25	20	10635	4.02674	5	0	0	6	0.166667	6	0.166667	1	0.05	-1.30103	0.01	-2	0	0
8000	20	90	300	4	25	27	13376	4.12633	5	1	0	8	0.125	8	0.125	1	0.1	-1	0.01	-2	0.1	-1
8000	21	90	300	4	25	26	72100	4.85794	5	0	0	5	0.2	5	0.2	1	0.6	-0.221849	0.08	-1.09691	0	0
8000	25	90	300	4	25	28	40691	4.6095	5	1	0	7	0.142857	7	0.142857	1	0.51	-0.29243	0.04	-1.39794	1.51	0.178977
8000	26	90	300	4	25	24	31402	4.49696	5	0	0	6	0.166667	6	0.166667	1	0.21	-0.677781	0.04	-1.39794	0	0
8000	29	90	300	4	25	24	17201	4.23555	5	1	1	4.5	0.222222	5	0.2	0.9	0.15	-0.823909	0.02	-1.69897	0.64	-0.19382
8000	30	90	300	4	25	25	16578	4.21953	5	1	0	7	0.142857	7	0.142857	1	0.07	-1.1549	0.02	-1.69897	0.15	-0.823909
8000	34	90	300	4	25	25	17601	4.24554	5	1	0	6	0.166667	6	0.166667	1	0.14	-0.853872	0.03	-1.52288	0.17	-0.769551
8000	37	90	300	4	25	29	57448	4.75927	5	0	0	9	0.111111	9	0.111111	1	0.29	-0.537602	0.07	-1.1549	0	0
8000	38	90	300	4	25	25	19055	4.28001	5	0	0	8	0.125	8	0.125	1	0.2	-0.69897	0.03	-1.52288	0	0
8000	40	90	300	4	25	25	25113	4.3999	5	0	0	9	0.111111	9	0.111111	1	0.25	-0.60206	0.04	-1.39794	0	0
8000	42	90	300	4	25	23	49862	4.69777	5	1	0	6	0.166667	6	0.166667	1	0.33	-0.481486	0.05	-1.30103	0.36	-0.443697
8000	43	90	300	4	25	26	75749	4.87938	5	1	0	5	0.2	5	0.2	1	0.85	-0.0705811	0.09	-1.04576	0.64	-0.19382
8000	47	90	300	4	25	22	63195	4.80068	5	1	0	5	0.2	5	0.2	1	0.43	-0.366532	0.07	-1.1549	0.52	-0.283997
8000	48	90	300	4	25	23	30227	4.4804	5	0	0	5	0.2	5	0.2	1	0.17	-0.769551	0.04	-1.39794	0	0
8000	49	90	300	4	25	29	95638	4.98063	5	1	0	6	0.166667	6	0.166667	1	1.01	0.00432137	0.11	-0.958607	0.64	-0.19382
8000	52	90	300	4	25	23	17804	4.25052	5	0	0	6	0.166667	6	0.166667	1	0.11	-0.958607	0.03	-1.52288	0	0
8000	53	90	300	4	25	34	68006	4.83255	5	0	0	16	0.0625	16	0.0625	1	0.41	-0.387216	0.07	-1.1549	0	0
8000	54	90	300	4	25	27	57353	4.75856	5	0	0	8	0.125	8	0.125	1	0.71	-0.148742	0.04	-1.39794	0	0
8000	58	90	300	4	25	27	53294	4.72668	5	0	0	7	0.142857	7	0.142857	1	0.39	-0.408935	0.06	-1.22185	0	0
8000	62	90	300	4	25	21	24268	4.38503	5	0	0	4	0.25	4	0.25	1	0.14	-0.853872	0.05	-1.30103	0	0
8000	64	90	300	4	25	24	17286	4.23769	5	0	0	7	0.142857	7	0.142857	1	0.15	-0.823909	0.01	-2	0	0
8000	66	90	300	4	25	23	31156	4.49354	5	0	0	7	0.142857	7	0.142857	1	0.24	-0.619789	0.04	-1.39794	0	0
8000	67	90	300	4	25	25	28167	4.44974	5	1	0	5	0.2	5	0.2	1	0.29	-0.537602	0.05	-1.30103	0.21	-0.677781
8000	68	90	300	4	25	20	20804	4.31815	5	0	0	3	0.333333	3	0.333333	1	0.12	-0.920819	0.02	-1.69897	0	0
8000	69	90	300	4	25	22	37041	4.56868	5	1	0	4	0.25	4	0.25	1	0.27	-0.568636	0.06	-1.22185	1.19	0.075547
8000	73	90	300	4	25	22	24586	4.39069	5	0	0	4	0.25	4	0.25	1	0.15	-0.823909	0.03	-1.52288	0	0
8000	75	90	300	4	25	24	18857	4.27547	5	1	0	6	0.166667	6	0.166667	1	0.19	-0.721246	0.02	-1.69897	0.16	-0.79588
8000	77	90	300	4	25	22	24086	4.38176	5	1	0	5	0.2	5	0.2	1	0.25	-0.60206	0.01	-2	0.22	-0.657577
8000	79	90	300	4	25	32	93591	4.97123	5	1	0	9	0.111111	9	0.111111	1	0.94	-0.0268721	0.1	-1	0.82	-0.0861861
8000	84	90	300	4	25	28	90462	4.95647	5	1	0	8	0.125	8	0.125	1	0.84	-0.0757207	0.11	-0.958607	0.68	-0.167491
8000	86	90	300	4	25	28	47570	4.67733	5	0	0	9	0.111111	9	0.111111	1	0.55	-0.259637	0.06	-1.22185	0	0
8000	89	90	300	4	25	29	81373	4.91048	5	1	0	7	0.142857	7	0.142857	1	0.54	-0.267606	0.1	-1	2.5	0.39794
8000	91	90	300	4	25	25	54200	4.734	5	1	0	6	0.166667	6	0.166667	1	0.37	-0.431798	0.06	-1.22185	0.47	-0.327902
8000	95	90	300	4	25	31	56085	4.74885	5	1	0	9	0.111111	9	0.111111	1	0.39	-0.408935	0.07	-1.1549	0.49	-0.309804
8000	98	90	300	4	25	25	45615	4.65911	5	1	1	5.5	0.181818	6	0.166667	0.916667	0.32	-0.49485	0.08	-1.09691	1.06	0.0253059
8000	99	90	300	4	25	36	34898	4.5428	5	1	0	11	0.0909091	11	0.0909091	1	0.36	-0.443697	0.05	-1.30103	0.47	-0.327902
8000	100	90	300	4	25	28	30767	4.48809	5	0	0	8	0.125	8	0.125	1	0.17	-0.769551	0.04	-1.39794	0	0
8000	107	90	300	4	25	21	10258	4.01106	5	0	0	5	0.2	5	0.2	1	0.08	-1.09691	0.01	-2	0	0
8000	111	90	300	4	25	21	16881	4.2274	5	0	0	7	0.142857	7	0.142857	1	0.08	-1.09691	0.01	-2	0	0
8000	113	90	300	4	25	23	14494	4.16119	5	0	0	6	0.166667	6	0.166667	1	0.17	-0.769551	0.02	-1.69897	0	0
8000	117	90	300	4	25	25	30169	4.47956	5	1	0	8	0.125	8	0.125	1	0.29	-0.537602	0.03	-1.52288	0.25	-0.60206
8000	119	90	300	4	25	27	36998	4.56818	5	1	0	7	0.142857	7	0.142857	1	0.41	-0.387216	0.04	-1.39794	0.3	-0.522879
8000	123	90	300	4	25	26	82945	4.91879	5	0	0	5	0.2	5	0.2	1	1.04	0.0170333	0.13	-0.886057	0	0
8000	125	90	300	4	25	22	20027	4.30162	5	0	0	4	0.25	4	0.25	1	0.1	-1	0.03	-1.52288	0	0
8000	126	90	300	4	25	24	10511	4.02164	5	1	0	7	0.142857	7	0.142857	1	0.09	-1.04576	0.01	-2	0.1	-1
8000	128	90	300	4	25	30	55205	4.74198	5	0	0	11	0.0909091	11	0.0909091	1	0.55	-0.259637	0.04	-1.39794	0	0
8000	129	90	300	4	25	26	58767	4.76913	5	1	0	6	0.166667	6	0.166667	1	0.63	-0.200659	0.08	-1.09691	1.74	0.240549
8000	131	90	300	4	25	26	39737	4.5992	5	0	0	7	0.142857	7	0.142857	1	0.21	-0.677781	0.02	-1.69897	0	0
8000	133	90	300	4	25	23	62534	4.79612	5	0	0	5	0.2	5	0.2	1	0.42	-0.376751	0.08	-1.09691	0	0
8000	139	90	300	4	25	29	34858	4.5423	5	0	0	7	0.142857	7	0.142857	1	0.53	-0.275724	0.06	-1.22185	0	0
8000	141	90	300	4	25	30	41704	4.62018	5	1	0	9	0.111111	9	0.111111	1	0.31	-0.508638	0.05	-1.30103	0.29	-0.537602
8000	142	90	300	4	25	28	32633	4.51366	5	1	1	7.5	0.133333	8	0.125	0.9375	0.39	-0.408935	0.04	-1.39794	1.24	0.0934217
8000	143	90	300	4	25	24	31261	4.495	5	0	0	6	0.166667	6	0.166667	1	0.16	-0.79588	0.04	-1.39794	0	0
8000	145	90	300	4	25	28	17055	4.23185	5	0	0	10	0.1	10	0.1	1	0.13	-0.886057	0.01	-2	0	0
8000	146	90	300	4	25	31	96861	4.98615	5	1	0	9	0.111111	9	0.111111	1	1.22	0.0863598	0.12	-0.920819	0.77	-0.113509
8000	148	90	300	4	25	22	17788	4.25013	5	0	0	6	0.166667	6	0.166667	1	0.15	-0.823909	0.01	-2	0	0
8000	149	90	300	4	25	25	28892	4.46078	5	0	0	6	0.166667	6	0.166667	1	0.27	-0.568636	0.03	-1.52288	0	0
8000	150	90	300	4	25	25	91947	4.96354	5	1	0	6	0.166667	6	0.166667	1	0.71	-0.148742	0.1	-1	0.71	-0.148742
8000	151	90	300	4	25	24	23401	4.36923	5	0	0	9	0.111111	9	0.111111	1	0.13	-0.886057	0.02	-1.69897	0	0
8000	155	90	300	4	25	30	30709	4.48727	5	0	0	11	0.0909091	11	0.0909091	1	0.29	-0.537602	0.03	-1.52288	0	0
8000	160	90	300	4	25	26	54659	4.73766	5	1	0	6	0.166667	6	0.166667	1	0.46	-0.337242	0.06	-1.22185	1.73	0.238046
8000	161	90	300	4	25	24	27487	4.43913	5	1	0	6	0.166667	6	0.166667	1	0.42	-0.376751	0.04	-1.39794	0.2	-0.69897
8000	162	90	300	4	25	35	41362	4.6166	5	0	0	13	0.0769231	13	0.0769231	1	0.32	-0.49485	0.03	-1.52288	0	0
8000	164	90	300	4	25	24	51242	4.70963	5	0	0	5	0.2	5	0.2	1	0.32	-0.49485	0.07	-1.1549	0	0
8000	166	90	300	4	25	27	54496	4.73636	5	0	0	7	0.142857	7	0.142857	1	0.41	-0.387216	0.05	-1.30103	0	0
8000	173	90	300	4	25	29	50050	4.6994	5	0	0	8	0.125	8	0.125	1	0.51	-0.29243	0.05	-1.30103	0	0
8000	174	90	300	4	25	23	31021	4.49166	5	0	0	7	0.142857	7	0.142857	1	0.24	-0.619789	0.03	-1.52288	0	0
8000	175	90	300	4	25	23	39980	4.60184	5	0	0	6	0.166667	6	0.166667	1	0.23	-0.638272	0.04	-1.39794	0	0
8000	176	90	300	4	25	25	11691	4.06785	5	0	0	9	0.111111	9	0.111111	1	0.11	-0.958607	0	0	0	0
8000	177	90	300	4	25	24	50043	4.69934	5	0	0	6	0.166667	6	0.166667	1	0.44	-0.356547	0.07	-1.1549	0	0
8000	179	90	300	4	25	25	32720	4.51481	5	0	0	6	0.166667	6	0.166667	1	0.26	-0.585027	0.03	-1.52288	0	0
8000	180	90	300	4	25	17	12105	4.08296	5	0	0	4	0.25	4	0.25	1	0.06	-1.22185	0.02	-1.69897	0	0
8000	182	90	300	4	25	22	18212	4.26036	5	1	0	5	0.2	5	0.2	1	0.12	-0.920819	0.02	-1.69897	0.17	-0.769551
8000	185	90	300	4	25	26	38508	4.58555	5	0	0	6	0.166667	6	0.166667	1	0.23	-0.638272	0.05	-1.30103	0	0
8000	194	90	300	4	25	27	31340	4.4961	5	1	0	8	0.125	8	0.125	1	0.19	-0.721246	0.04	-1.39794	0.28	-0.552842
8000	198	90	300	4	25	32	60475	4.78158	5	0	0	12	0.0833333	12	0.0833333	1	0.78	-0.107905	0.08	-1.09691	0	0
8000	200	90	300	4	25	27	97367	4.98841	5	1	0	6	0.166667	6	0.166667	1	1.07	0.0293838	0.1	-1	0.87	-0.0604807
8000	201	90	300	4	25	32	76008	4.88086	5	1	0	10	0.1	10	0.1	1	0.6	-0.221849	0.07	-1.1549	0.69	-0.161151
8000	202	90	300	4	25	24	44902	4.65227	5	0	0	6	0.166667	6	0.166667	1	0.28	-0.552842	0.05	-1.30103	0	0
8000	203	90	300	4	25	25	14385	4.15791	5	0	0	10	0.1	10	0.1	1	0.16	-0.79588	0.01	-2	0	0
8000	204	90	300	4	25	22	22841	4.35872	5	0	0	5	0.2	5	0.2	1	0.19	-0.721246	0.02	-1.69897	0	0
8000	206	90	300	4	25	28	24707	4.39282	5	1	0	7	0.142857	7	0.142857	1	0.16	-0.79588	0.02	-1.69897	0.22	-0.657577
8000	207	90	300	4	25	23	22534	4.35284	5	0	0	6	0.166667	6	0.166667	1	0.19	-0.721246	0.02	-1.69897	0	0
8000	209	90	300	4	25	19	11830	4.07298	5	1	0	5	0.2	5	0.2	1	0.11	-0.958607	0	0	0.27	-0.568636
8000	212	90	300	4	25	25	39331	4.59473	5	0	0	4	0.25	4	0.25	1	0.35	-0.455932	0.03	-1.52288	0	0
8000	214	90	300	4	25	31	66973	4.8259	5	1	0	7	0.142857	7	0.142857	1	0.69	-0.161151	0.1	-1	0.59	-0.229148
8000	215	90	300	4	25	33	42399	4.62736	5	0	0	11	0.0909091	11	0.0909091	1	0.66	-0.180456	0.05	-1.30103	0	0
8000	216	90	300	4	25	24	49536	4.69492	5	0	0	7	0.142857	7	0.142857	1	0.37	-0.431798	0.06	-1.22185	0	0
8000	217	90	300	4	25	20	24029	4.38074	5	0	0	3	0.333333	3	0.333333	1	0.21	-0.677781	0.03	-1.52288	0	0
8000	218	90	300	4	25	31	40919	4.61193	5	0	0	13	0.0769231	13	0.0769231	1	0.4	-0.39794	0.03	-1.52288	0	0
8000	221	90	300	4	25	23	40998	4.61276	5	0	0	4	0.25	4	0.25	1	0.3	-0.522879	0.05	-1.30103	0	0
8000	225	90	300	4	25	25	27920	4.44592	5	1	0	8	0.125	8	0.125	1	0.31	-0.508638	0.03	-1.52288	0.23	-0.638272
8000	228	90	300	4	25	28	53384	4.72741	5	1	1	6.5	0.153846	7	0.142857	0.928571	0.49	-0.309804	0.06	-1.22185	2.84	0.453318
8000	230	90	300	4	25	22	28279	4.45146	5	0	0	6	0.166667	6	0.166667	1	0.21	-0.677781	0.03	-1.52288	0	0
8000	232	90	300	4	25	24	69012	4.83892	5	1	0	4	0.25	4	0.25	1	0.43	-0.366532	0.08	-1.09691	3.04	0.482874
8000	233	90	300	4	25	21	22399	4.35023	5	0	0	7	0.142857	7	0.142857	1	0.15	-0.823909	0.01	-2	0	0
8000	235	90	300	4	25	26	25142	4.4004	5	0	0	7	0.142857	7	0.142857	1	0.24	-0.619789	0.02	-1.69897	0	0
8000	240	90	300	4	25	34	66053	4.81989	5	1	0	10	0.1	10	0.1	1	0.63	-0.200659	0.09	-1.04576	0.59	-0.229148
8000	241	90	300	4	25	25	46240	4.66502	5	0	0	5	0.2	5	0.2	1	0.41	-0.387216	0.06	-1.22185	0	0
8000	244	90	300	4	25	25	32111	4.50665	5	1	0	6	0.166667	6	0.166667	1	0.35	-0.455932	0.05	-1.30103	0.99	-0.00436481
8000	245	90	300	4	25	29	18498	4.26712	5	1	0	10	0.1	10	0.1	1	0.19	-0.721246	0.01	-2	0.12	-0.920819
8000	253	90	300	4	25	25	34139	4.53325	5	0	0	8	0.125	8	0.125	1	0.2	-0.69897	0.03	-1.52288	0	0
8000	254	90	300	4	25	29	97974	4.99111	5	1	0	6	0.166667	6	0.166667	1	1.17	0.0681859	0.1	-1	3.73	0.571709
8000	257	90	300	4	25	31	97409	4.9886	5	1	0	6	0.166667	6	0.166667	1	1.03	0.0128372	0.15	-0.823909	0.83	-0.0809219
8000	259	90	300	4	25	26	34942	4.54335	5	0	0	6	0.166667	6	0.166667	1	0.29	-0.537602	0.04	-1.39794	0	0
8000	261	90	300	4	25	23	40319	4.60551	5	1	0	7	0.142857	7	0.142857	1	0.38	-0.420216	0.03	-1.52288	0.35	-0.455932
8000	262	90	300	4	25	23	15942	4.20254	5	1	0	8	0.125	8	0.125	1	0.14	-0.853872	0.02	-1.69897	0.13	-0.886057
8000	263	90	300	4	25	29	27393	4.43764	5	0	0	13	0.0769231	13	0.0769231	1	0.23	-0.638272	0.03	-1.52288	0	0
8000	265	90	300	4	25	23	10520	4.02202	5	0	0	7	0.142857	7	0.142857	1	0.08	-1.09691	0.01	-2	0	0
8000	267	90	300	4	25	22	43687	4.64035	5	1	0	5	0.2	5	0.2	1	0.27	-0.568636	0.07	-1.1549	1.48	0.170262
8000	269	90	300	4	25	21	13522	4.13104	5	0	0	6	0.166667	6	0.166667	1	0.12	-0.920819	0	0	0	0
8000	270	90	300	4	25	27	20659	4.31511	5	1	0	7	0.142857	7	0.142857	1	0.15	-0.823909	0.03	-1.52288	0.16	-0.79588
8000	272	90	300	4	25	27	31496	4.49826	5	0	0	7	0.142857	7	0.142857	1	0.18	-0.744727	0.03	-1.52288	0	0
8000	276	90	300	4	25	28	44643	4.64975	5	0	0	7	0.142857	7	0.142857	1	0.56	-0.251812	0.05	-1.30103	0	0
8000	277	90	300	4	25	26	15505	4.19047	5	1	0	6	0.166667	6	0.166667	1	0.14	-0.853872	0.01	-2	0.25	-0.60206
8000	278	90	300	4	25	22	12743	4.10527	5	0	0	8	0.125	8	0.125	1	0.16	-0.79588	0.01	-2	0	0
8000	280	90	300	4	25	38	21178	4.32588	5	0	0	19	0.0526316	19	0.0526316	1	0.29	-0.537602	0.01	-2	0	0
8000	281	90	300	4	25	23	13340	4.12516	5	0	0	7	0.142857	7	0.142857	1	0.12	-0.920819	0	0	0	0
8000	283	90	300	4	25	23	19439	4.28867	5	1	0	8	0.125	8	0.125	1	0.09	-1.04576	0.01	-2	0.17	-0.769551
8000	288	90	300	4	25	30	47556	4.67721	5	1	0	7	0.142857	7	0.142857	1	0.46	-0.337242	0.08	-1.09691	0.4	-0.39794
8000	300	90	300	4	25	20	35711	4.5528	5	1	0	4	0.25	4	0.25	1	0.23	-0.638272	0.05	-1.30103	0.33	-0.481486
8000	303	90	300	4	25	21	65965	4.81931	5	0	0	4	0.25	4	0.25	1	0.71	-0.148742	0.1	-1	0	0
8000	306	90	300	4	25	28	17298	4.238	5	1	0	8	0.125	8	0.125	1	0.27	-0.568636	0.02	-1.69897	0.28	-0.552842
8000	311	90	300	4	25	21	33259	4.52191	5	0	0	4	0.25	4	0.25	1	0.24	-0.619789	0.05	-1.30103	0	0
8000	314	90	300	4	25	27	10792	4.0331	5	0	0	7	0.142857	7	0.142857	1	0.09	-1.04576	0.01	-2	0	0
8000	316	90	300	4	25	19	15190	4.18156	5	0	0	4	0.25	4	0.25	1	0.12	-0.920819	0.02	-1.69897	0	0
8000	318	90	300	4	25	28	94409	4.97501	5	1	0	6	0.166667	6	0.166667	1	1	0	0.15	-0.823909	6.1	0.78533
8000	319	90	300	4	25	24	40403	4.60641	5	0	0	6	0.166667	6	0.166667	1	0.44	-0.356547	0.05	-1.30103	0	0
8000	322	90	300	4	25	20	34899	4.54281	5	0	0	4	0.25	4	0.25	1	0.2	-0.69897	0.04	-1.39794	0	0
8000	323	90	300	4	25	27	19896	4.29877	5	1	0	7	0.142857	7	0.142857	1	0.15	-0.823909	0.02	-1.69897	0.17	-0.769551
8000	324	90	300	4	25	23	43720	4.64068	5	1	1	4.5	0.222222	5	0.2	0.9	0.32	-0.49485	0.05	-1.30103	0.4	-0.39794
8000	326	90	300	4	25	23	55367	4.74325	5	1	0	4	0.25	4	0.25	1	0.38	-0.420216	0.06	-1.22185	0.45	-0.346787
8000	329	90	300	4	25	30	27665	4.44193	5	0	0	11	0.0909091	11	0.0909091	1	0.19	-0.721246	0.04	-1.39794	0	0
8000	330	90	300	4	25	22	25676	4.40953	5	1	0	6	0.166667	6	0.166667	1	0.14	-0.853872	0.03	-1.52288	0.25	-0.60206
8000	337	90	300	4	25	27	23434	4.36985	5	1	0	6	0.166667	6	0.166667	1	0.18	-0.744727	0.04	-1.39794	0.18	-0.744727
8000	338	90	300	4	25	24	22491	4.35201	5	1	0	5	0.2	5	0.2	1	0.13	-0.886057	0.05	-1.30103	0.21	-0.677781
8000	339	90	300	4	25	24	38059	4.58046	5	1	0	5	0.2	5	0.2	1	0.2	-0.69897	0.04	-1.39794	0.39	-0.408935
8000	342	90	300	4	25	23	42071	4.62398	5	1	0	5	0.2	5	0.2	1	0.31	-0.508638	0.04	-1.39794	0.39	-0.408935
8000	344	90	300	4	25	25	49600	4.69548	5	1	0	5	0.2	5	0.2	1	0.46	-0.337242	0.07	-1.1549	0.88	-0.0555173
8000	348	90	300	4	25	30	61865	4.79145	5	1	0	7	0.142857	7	0.142857	1	0.33	-0.481486	0.07	-1.1549	8.11	0.909021
8000	350	90	300	4	25	21	14914	4.17359	5	1	0	7	0.142857	7	0.142857	1	0.14	-0.853872	0.01	-2	0.16	-0.79588
8000	351	90	300	4	25	25	93395	4.97032	5	1	1	4.4	0.227273	5	0.2	0.88	1.08	0.0334238	0.19	-0.721246	31.49	1.49817
8000	352	90	300	4	25	20	20820	4.31848	5	1	0	4	0.25	4	0.25	1	0.12	-0.920819	0.02	-1.69897	0.17	-0.769551
8000	353	90	300	4	25	23	10313	4.01339	5	0	0	8	0.125	8	0.125	1	0.1	-1	0.01	-2	0	0
8000	360	90	300	4	25	26	37708	4.57643	5	0	0	7	0.142857	7	0.142857	1	0.53	-0.275724	0.06	-1.22185	0	0
8000	361	90	300	4	25	25	12360	4.09202	5	0	0	6	0.166667	6	0.166667	1	0.13	-0.886057	0.02	-1.69897	0	0
8000	368	90	300	4	25	24	10421	4.01791	5	1	0	6	0.166667	6	0.166667	1	0.08	-1.09691	0.01	-2	0.1	-1
8000	370	90	300	4	25	23	12119	4.08347	5	0	0	9	0.111111	9	0.111111	1	0.08	-1.09691	0.01	-2	0	0
8000	371	90	300	4	25	23	20534	4.31247	5	0	0	7	0.142857	7	0.142857	1	0.2	-0.69897	0.02	-1.69897	0	0
8000	374	90	300	4	25	30	32934	4.51764	5	0	0	8	0.125	8	0.125	1	0.23	-0.638272	0.02	-1.69897	0	0
8000	375	90	300	4	25	30	91154	4.95978	5	1	0	6	0.166667	6	0.166667	1	0.92	-0.0362122	0.11	-0.958607	0.72	-0.142668
8000	376	90	300	4	25	35	37519	4.57425	5	1	0	11	0.0909091	11	0.0909091	1	0.65	-0.187087	0.04	-1.39794	0.32	-0.49485
8000	379	90	300	4	25	24	12504	4.09705	5	0	0	9	0.111111	9	0.111111	1	0.07	-1.1549	0.01	-2	0	0
8000	380	90	300	4	25	25	44738	4.65068	5	1	0	7	0.142857	7	0.142857	1	0.46	-0.337242	0.05	-1.30103	0.35	-0.455932
8000	381	90	300	4	25	25	43266	4.63615	5	0	0	9	0.111111	9	0.111111	1	0.56	-0.251812	0.03	-1.52288	0	0
8000	382	90	300	4	25	21	41388	4.61687	5	1	0	4	0.25	4	0.25	1	0.29	-0.537602	0.04	-1.39794	0.39	-0.408935
8000	384	90	300	4	25	21	26794	4.42804	5	1	0	5	0.2	5	0.2	1	0.17	-0.769551	0.03	-1.52288	0.21	-0.677781
8000	385	90	300	4	25	27	47445	4.67619	5	1	0	9	0.111111	9	0.111111	1	0.76	-0.119186	0.05	-1.30103	0.37	-0.431798
8000	7	100	300	4	25	29	47673	4.67827	5	1	0	6	0.166667	6	0.166667	1	0.43	-0.366532	0.08	-1.09691	0.38	-0.420216
8000	10	100	300	4	25	24	40600	4.60853	5	1	0	4	0.25	4	0.25	1	0.21	-0.677781	0.06	-1.22185	0.4	-0.39794
8000	15	100	300	4	25	22	18463	4.2663	5	0	0	5	0.2	5	0.2	1	0.11	-0.958607	0.01	-2	0	0
8000	20	100	300	4	25	30	40010	4.60217	5	0	0	8	0.125	8	0.125	1	0.36	-0.443697	0.04	-1.39794	0	0
8000	26	100	300	4	25	26	84888	4.92885	5	0	0	5	0.2	5	0.2	1	0.75	-0.124939	0.1	-1	0	0
8000	29	100	300	4	25	26	49413	4.69384	5	0	0	5	0.2	5	0.2	1	0.45	-0.346787	0.07	-1.1549	0	0
8000	30	100	300	4	25	29	42902	4.63248	5	1	0	9	0.111111	9	0.111111	1	0.3	-0.522879	0.06	-1.22185	0.47	-0.327902
8000	32	100	300	4	25	36	75309	4.87685	5	0	0	12	0.0833333	12	0.0833333	1	0.85	-0.0705811	0.1	-1	0	0
8000	38	100	300	4	25	32	74020	4.86935	5	1	0	10	0.1	10	0.1	1	0.94	-0.0268721	0.11	-0.958607	0.57	-0.244125
8000	40	100	300	4	25	30	96790	4.98583	5	1	0	7	0.142857	7	0.142857	1	1.1	0.0413927	0.08	-1.09691	0.88	-0.0555173
8000	42	100	300	4	25	24	91496	4.9614	5	1	0	7	0.142857	7	0.142857	1	0.66	-0.180456	0.05	-1.30103	0.75	-0.124939
8000	52	100	300	4	25	28	47960	4.68088	5	1	0	7	0.142857	7	0.142857	1	0.46	-0.337242	0.08	-1.09691	0.5	-0.30103
8000	63	100	300	4	25	28	70825	4.85019	5	1	0	6	0.166667	6	0.166667	1	0.86	-0.0655015	0.1	-1	0.59	-0.229148
8000	68	100	300	4	25	22	33090	4.5197	5	0	0	4	0.25	4	0.25	1	0.22	-0.657577	0.04	-1.39794	0	0
8000	72	100	300	4	25	30	22661	4.35528	5	1	0	9	0.111111	9	0.111111	1	0.34	-0.468521	0.02	-1.69897	2.25	0.352183
8000	74	100	300	4	25	20	44063	4.64407	5	0	0	4	0.25	4	0.25	1	0.3	-0.522879	0.04	-1.39794	0	0
8000	75	100	300	4	25	25	31423	4.49725	5	0	0	6	0.166667	6	0.166667	1	0.3	-0.522879	0.04	-1.39794	0	0
8000	89	100	300	4	25	30	77764	4.89078	5	1	0	9	0.111111	9	0.111111	1	0.65	-0.187087	0.13	-0.886057	0.7	-0.154902
8000	90	100	300	4	25	27	33455	4.52446	5	1	0	7	0.142857	7	0.142857	1	0.25	-0.60206	0.04	-1.39794	0.3	-0.522879
8000	97	100	300	4	25	27	77717	4.89052	5	0	0	6	0.166667	6	0.166667	1	0.62	-0.207608	0.11	-0.958607	0	0
8000	98	100	300	4	25	28	99377	4.99729	5	0	0	7	0.142857	7	0.142857	1	0.74	-0.130768	0.12	-0.920819	0	0
8000	99	100	300	4	25	36	45099	4.65417	5	1	0	7	0.142857	7	0.142857	1	0.58	-0.236572	0.05	-1.30103	4.75	0.676694
8000	106	100	300	4	25	28	25777	4.41123	5	1	0	7	0.142857	7	0.142857	1	0.27	-0.568636	0.04	-1.39794	0.27	-0.568636
8000	110	100	300	4	25	21	29987	4.47693	5	0	0	4	0.25	4	0.25	1	0.18	-0.744727	0.04	-1.39794	0	0
8000	117	100	300	4	25	29	74650	4.87303	5	1	1	7.5	0.133333	8	0.125	0.9375	0.85	-0.0705811	0.08	-1.09691	0.67	-0.173925
8000	120	100	300	4	25	20	42896	4.63242	5	0	0	3	0.333333	3	0.333333	1	0.23	-0.638272	0.04	-1.39794	0	0
8000	122	100	300	4	25	25	21244	4.32724	5	0	0	7	0.142857	7	0.142857	1	0.19	-0.721246	0.02	-1.69897	0	0
8000	128	100	300	4	25	31	75137	4.87585	5	0	0	11	0.0909091	11	0.0909091	1	0.71	-0.148742	0.07	-1.1549	0	0
8000	130	100	300	4	25	26	48955	4.6898	5	0	0	6	0.166667	6	0.166667	1	0.44	-0.356547	0.06	-1.22185	0	0
8000	135	100	300	4	25	32	26847	4.4289	5	0	0	9	0.111111	9	0.111111	1	0.18	-0.744727	0.05	-1.30103	0	0
8000	142	100	300	4	25	31	80261	4.9045	5	1	0	8	0.125	8	0.125	1	0.94	-0.0268721	0.1	-1	0.58	-0.236572
8000	144	100	300	4	25	21	14445	4.15972	5	1	0	4	0.25	4	0.25	1	0.08	-1.09691	0.02	-1.69897	0.48	-0.318759
8000	148	100	300	4	25	26	24615	4.3912	5	0	0	8	0.125	8	0.125	1	0.25	-0.60206	0.01	-2	0	0
8000	151	100	300	4	25	26	62787	4.79787	5	0	0	9	0.111111	9	0.111111	1	0.38	-0.420216	0.07	-1.1549	0	0
8000	154	100	300	4	25	28	12490	4.09656	5	0	0	10	0.1	10	0.1	1	0.1	-1	0.02	-1.69897	0	0
8000	155	100	300	4	25	33	66601	4.82348	5	1	0	9	0.111111	9	0.111111	1	0.76	-0.119186	0.12	-0.920819	2.07	0.31597
8000	157	100	300	4	25	31	58347	4.76602	5	0	0	11	0.0909091	11	0.0909091	1	0.65	-0.187087	0.07	-1.1549	0	0
8000	168	100	300	4	25	22	34382	4.53633	5	0	0	5	0.2	5	0.2	1	0.24	-0.619789	0.02	-1.69897	0	0
8000	185	100	300	4	25	32	67181	4.82725	5	0	0	8	0.125	8	0.125	1	0.39	-0.408935	0.08	-1.09691	0	0
8000	189	100	300	4	25	27	22123	4.34484	5	0	0	8	0.125	8	0.125	1	0.16	-0.79588	0.03	-1.52288	0	0
8000	194	100	300	4	25	28	66156	4.82057	5	1	0	7	0.142857	7	0.142857	1	0.43	-0.366532	0.08	-1.09691	3.24	0.510545
8000	204	100	300	4	25	22	37626	4.57549	5	0	0	4	0.25	4	0.25	1	0.36	-0.443697	0.04	-1.39794	0	0
8000	226	100	300	4	25	20	16292	4.21197	5	1	0	5	0.2	5	0.2	1	0.09	-1.04576	0.01	-2	0.18	-0.744727
8000	229	100	300	4	25	26	23940	4.37912	5	1	0	7	0.142857	7	0.142857	1	0.3	-0.522879	0.03	-1.52288	0.2	-0.69897
8000	240	100	300	4	25	34	62060	4.79281	5	1	0	8	0.125	8	0.125	1	0.52	-0.283997	0.09	-1.04576	0.52	-0.283997
8000	245	100	300	4	25	29	56160	4.74943	5	1	0	9	0.111111	9	0.111111	1	0.66	-0.180456	0.06	-1.22185	0.48	-0.318759
8000	259	100	300	4	25	30	28514	4.45506	5	0	0	8	0.125	8	0.125	1	0.21	-0.677781	0.05	-1.30103	0	0
8000	260	100	300	4	25	25	14969	4.17519	5	0	0	11	0.0909091	11	0.0909091	1	0.06	-1.22185	0.02	-1.69897	0	0
8000	265	100	300	4	25	27	31601	4.4997	5	0	0	9	0.111111	9	0.111111	1	0.36	-0.443697	0.02	-1.69897	0	0
8000	271	100	300	4	25	28	69724	4.84338	5	1	0	6	0.166667	6	0.166667	1	0.53	-0.275724	0.07	-1.1549	0.45	-0.346787
8000	272	100	300	4	25	32	67753	4.83093	5	1	0	8	0.125	8	0.125	1	0.53	-0.275724	0.11	-0.958607	0.64	-0.19382
8000	273	100	300	4	25	26	38880	4.58973	5	1	0	7	0.142857	7	0.142857	1	0.31	-0.508638	0.05	-1.30103	0.36	-0.443697
8000	275	100	300	4	25	27	11483	4.06006	5	1	0	7	0.142857	7	0.142857	1	0.09	-1.04576	0.02	-1.69897	0.1	-1
8000	279	100	300	4	25	40	57802	4.76194	5	0	0	13	0.0769231	13	0.0769231	1	1.18	0.071882	0.08	-1.09691	0	0
8000	282	100	300	4	25	31	74935	4.87468	5	1	0	8	0.125	8	0.125	1	0.84	-0.0757207	0.08	-1.09691	0.65	-0.187087
8000	283	100	300	4	25	32	84761	4.9282	5	1	0	8	0.125	8	0.125	1	0.51	-0.29243	0.09	-1.04576	0.62	-0.207608
8000	291	100	300	4	25	30	81064	4.90883	5	1	0	10	0.1	10	0.1	1	0.9	-0.0457575	0.09	-1.04576	0.69	-0.161151
8000	302	100	300	4	25	24	77378	4.88862	5	1	0	5	0.2	5	0.2	1	0.46	-0.337242	0.12	-0.920819	4.41	0.644439
8000	304	100	300	4	25	29	40197	4.60419	5	1	0	7	0.142857	7	0.142857	1	0.35	-0.455932	0.06	-1.22185	1.74	0.240549
8000	306	100	300	4	25	38	56480	4.75189	5	1	0	11	0.0909091	11	0.0909091	1	1	0	0.09	-1.04576	1.78	0.25042
8000	310	100	300	4	25	28	36629	4.56383	5	0	0	8	0.125	8	0.125	1	0.35	-0.455932	0.05	-1.30103	0	0
8000	313	100	300	4	25	22	10585	4.02469	5	0	0	5	0.2	5	0.2	1	0.1	-1	0.01	-2	0	0
8000	314	100	300	4	25	31	50757	4.7055	5	1	0	9	0.111111	9	0.111111	1	0.48	-0.318759	0.06	-1.22185	0.47	-0.327902
8000	316	100	300	4	25	21	12766	4.10605	5	0	0	6	0.166667	6	0.166667	1	0.1	-1	0.01	-2	0	0
8000	322	100	300	4	25	24	78943	4.89731	5	0	0	6	0.166667	6	0.166667	1	0.57	-0.244125	0.11	-0.958607	0	0
8000	325	100	300	4	25	27	54382	4.73546	5	0	0	6	0.166667	6	0.166667	1	0.51	-0.29243	0.07	-1.1549	0	0
8000	327	100	300	4	25	28	26610	4.42504	5	0	0	10	0.1	10	0.1	1	0.2	-0.69897	0.03	-1.52288	0	0
8000	334	100	300	4	25	23	83512	4.92175	5	0	0	5	0.2	5	0.2	1	0.75	-0.124939	0.12	-0.920819	0	0
8000	335	100	300	4	25	26	40567	4.60817	5	1	0	7	0.142857	7	0.142857	1	0.47	-0.327902	0.05	-1.30103	0.37	-0.431798
8000	339	100	300	4	25	24	36653	4.56411	5	1	0	5	0.2	5	0.2	1	0.22	-0.657577	0.04	-1.39794	0.93	-0.0315171
8000	360	100	300	4	25	27	58940	4.77041	5	1	0	6	0.166667	6	0.166667	1	0.64	-0.19382	0.06	-1.22185	0.5	-0.30103
8000	367	100	300	4	25	30	17961	4.25433	5	0	0	13	0.0769231	13	0.0769231	1	0.31	-0.508638	0.01	-2	0	0
8000	374	100	300	4	25	31	56687	4.75348	5	0	0	7	0.142857	7	0.142857	1	0.47	-0.327902	0.07	-1.1549	0	0
8000	382	100	300	4	25	21	57981	4.76329	5	1	0	4	0.25	4	0.25	1	0.37	-0.431798	0.07	-1.1549	1.85	0.267172
8000	385	100	300	4	25	29	37741	4.57681	5	0	0	9	0.111111	9	0.111111	1	0.57	-0.244125	0.02	-1.69897	0	0
8000	388	100	300	4	25	25	11750	4.07004	5	0	0	6	0.166667	6	0.166667	1	0.09	-1.04576	0.01	-2	0	0
8000	391	100	300	4	25	25	60056	4.77856	5	1	0	7	0.142857	7	0.142857	1	0.61	-0.21467	0.11	-0.958607	0.87	-0.0604807
8000	396	100	300	4	25	36	48159	4.68268	5	1	0	10	0.1	10	0.1	1	0.89	-0.05061	0.05	-1.30103	1.65	0.217484
8000	399	100	300	4	25	26	74990	4.875	5	1	0	5	0.2	5	0.2	1	0.64	-0.19382	0.1	-1	2.93	0.466868
8000	401	100	300	4	25	28	99373	4.99727	5	1	0	6	0.166667	6	0.166667	1	0.62	-0.207608	0.11	-0.958607	0.66	-0.180456
8000	403	100	300	4	25	30	37333	4.57209	5	1	1	6.33333	0.157895	7	0.142857	0.904762	0.32	-0.49485	0.05	-1.30103	1.29	0.11059
8000	407	100	300	4	25	30	64465	4.80932	5	1	0	6	0.166667	6	0.166667	1	0.74	-0.130768	0.08	-1.09691	0.5	-0.30103
8000	409	100	300	4	25	30	39006	4.59113	5	1	0	10	0.1	10	0.1	1	0.45	-0.346787	0.05	-1.30103	0.27	-0.568636
8000	412	100	300	4	25	24	22854	4.35896	5	0	0	5	0.2	5	0.2	1	0.35	-0.455932	0.03	-1.52288	0	0
8000	413	100	300	4	25	25	60735	4.78344	5	1	0	5	0.2	5	0.2	1	0.34	-0.468521	0.06	-1.22185	7.03	0.846955
8000	415	100	300	4	25	28	69418	4.84147	5	0	0	6	0.166667	6	0.166667	1	0.53	-0.275724	0.07	-1.1549	0	0
8000	425	100	300	4	25	27	29932	4.47614	5	1	0	9	0.111111	9	0.111111	1	0.23	-0.638272	0.04	-1.39794	2.57	0.409933
8000	427	100	300	4	25	27	47896	4.6803	5	0	0	6	0.166667	6	0.166667	1	0.4	-0.39794	0.05	-1.30103	0	0
8000	429	100	300	4	25	25	99356	4.99719	5	1	0	5	0.2	5	0.2	1	0.87	-0.0604807	0.11	-0.958607	7.48	0.873902
8000	438	100	300	4	25	30	75140	4.87587	5	0	0	12	0.0833333	12	0.0833333	1	1.58	0.198657	0.03	-1.52288	0	0
8000	439	100	300	4	25	27	40564	4.60814	5	0	0	5	0.2	5	0.2	1	0.44	-0.356547	0.05	-1.30103	0	0
8000	443	100	300	4	25	30	76231	4.88213	5	0	0	11	0.0909091	11	0.0909091	1	1.03	0.0128372	0.07	-1.1549	0	0
8000	452	100	300	4	25	33	68984	4.83875	5	1	0	8	0.125	8	0.125	1	0.62	-0.207608	0.08	-1.09691	1.69	0.227887
8000	454	100	300	4	25	30	61519	4.78901	5	1	0	9	0.111111	9	0.111111	1	0.68	-0.167491	0.04	-1.39794	0.44	-0.356547
8000	468	100	300	4	25	34	71277	4.85295	5	1	0	9	0.111111	9	0.111111	1	0.7	-0.154902	0.07	-1.1549	0.45	-0.346787
8000	472	100	300	4	25	21	11319	4.05381	5	0	0	5	0.2	5	0.2	1	0.09	-1.04576	0	0	0	0
8000	475	100	300	4	25	29	46268	4.66528	5	1	0	9	0.111111	9	0.111111	1	0.41	-0.387216	0.05	-1.30103	0.33	-0.481486
8000	479	100	300	4	25	20	44609	4.64942	5	1	0	3	0.333333	3	0.333333	1	0.41	-0.387216	0.06	-1.22185	0.36	-0.443697
8000	484	100	300	4	25	26	55236	4.74222	5	1	0	7	0.142857	7	0.142857	1	0.46	-0.337242	0.07	-1.1549	0.42	-0.376751
8000	487	100	300	4	25	27	79445	4.90007	5	1	0	5	0.2	5	0.2	1	0.5	-0.30103	0.1	-1	2.82	0.450249
8000	492	100	300	4	25	23	16703	4.22279	5	0	0	7	0.142857	7	0.142857	1	0.21	-0.677781	0.02	-1.69897	0	0
8000	508	100	300	4	25	27	31188	4.49399	5	0	0	8	0.125	8	0.125	1	0.21	-0.677781	0.04	-1.39794	0	0
8000	511	100	300	4	25	26	28374	4.45292	5	0	0	7	0.142857	7	0.142857	1	0.24	-0.619789	0.03	-1.52288	0	0
8000	514	100	300	4	25	27	72520	4.86046	5	1	0	5	0.2	5	0.2	1	0.44	-0.356547	0.1	-1	2.52	0.401401
8000	518	100	300	4	25	24	22513	4.35243	5	0	0	6	0.166667	6	0.166667	1	0.18	-0.744727	0.02	-1.69897	0	0
8000	519	100	300	4	25	32	31552	4.49903	5	0	0	8	0.125	8	0.125	1	0.26	-0.585027	0.03	-1.52288	0	0
8000	527	100	300	4	25	34	35852	4.55451	5	1	0	10	0.1	10	0.1	1	0.22	-0.657577	0.05	-1.30103	0.21	-0.677781
8000	529	100	300	4	25	23	21693	4.33632	5	1	0	4	0.25	4	0.25	1	0.15	-0.823909	0.03	-1.52288	0.33	-0.481486
8000	533	100	300	4	25	27	93215	4.96949	5	0	0	5	0.2	5	0.2	1	0.88	-0.0555173	0.09	-1.04576	0	0
8000	536	100	300	4	25	28	63372	4.8019	5	0	0	9	0.111111	9	0.111111	1	0.45	-0.346787	0.09	-1.04576	0	0
8000	540	100	300	4	25	22	64107	4.80691	5	1	0	4	0.25	4	0.25	1	0.51	-0.29243	0.06	-1.22185	0.54	-0.267606
8000	544	100	300	4	25	33	91585	4.96182	5	1	0	9	0.111111	9	0.111111	1	0.65	-0.187087	0.07	-1.1549	3.55	0.550228
8000	546	100	300	4	25	25	29351	4.46762	5	0	0	5	0.2	5	0.2	1	0.21	-0.677781	0.04	-1.39794	0	0
8000	547	100	300	4	25	25	16205	4.20965	5	1	0	7	0.142857	7	0.142857	1	0.08	-1.09691	0.02	-1.69897	0.24	-0.619789
8000	550	100	300	4	25	29	23039	4.36246	5	1	0	6	0.166667	6	0.166667	1	0.19	-0.721246	0.02	-1.69897	0.15	-0.823909
8000	551	100	300	4	25	26	51254	4.70973	5	0	0	7	0.142857	7	0.142857	1	0.46	-0.337242	0.04	-1.39794	0	0
8000	558	100	300	4	25	31	76614	4.88431	5	1	0	7	0.142857	7	0.142857	1	0.51	-0.29243	0.11	-0.958607	2.28	0.357935
8000	566	100	300	4	25	24	14640	4.16554	5	1	0	6	0.166667	6	0.166667	1	0.15	-0.823909	0.02	-1.69897	0.08	-1.09691
8000	567	100	300	4	25	26	18277	4.2619	5	1	0	7	0.142857	7	0.142857	1	0.14	-0.853872	0.01	-2	0.15	-0.823909
8000	570	100	300	4	25	27	84304	4.92585	5	1	0	5	0.2	5	0.2	1	0.74	-0.130768	0.09	-1.04576	0.63	-0.200659
8000	571	100	300	4	25	29	91864	4.96315	5	0	0	8	0.125	8	0.125	1	1.21	0.0827854	0.14	-0.853872	0	0
8000	572	100	300	4	25	34	71105	4.8519	5	0	0	11	0.0909091	11	0.0909091	1	0.94	-0.0268721	0.07	-1.1549	0	0
8000	573	100	300	4	25	27	93053	4.96873	5	0	0	7	0.142857	7	0.142857	1	0.61	-0.21467	0.1	-1	0	0
8000	584	100	300	4	25	24	21443	4.33129	5	0	0	5	0.2	5	0.2	1	0.17	-0.769551	0.02	-1.69897	0	0
8000	586	100	300	4	25	26	54591	4.73712	5	0	0	6	0.166667	6	0.166667	1	0.48	-0.318759	0.06	-1.22185	0	0
8000	591	100	300	4	25	30	22040	4.34321	5	1	0	8	0.125	8	0.125	1	0.24	-0.619789	0.03	-1.52288	0.19	-0.721246
8000	599	100	300	4	25	25	51554	4.71226	5	0	0	5	0.2	5	0.2	1	0.5	-0.30103	0.06	-1.22185	0	0
8000	602	100	300	4	25	22	31615	4.49989	5	1	0	6	0.166667	6	0.166667	1	0.17	-0.769551	0.03	-1.52288	0.27	-0.568636
8000	608	100	300	4	25	21	22413	4.3505	5	1	0	5	0.2	5	0.2	1	0.12	-0.920819	0.01	-2	0.43	-0.366532
8000	612	100	300	4	25	27	58654	4.7683	5	0	0	6	0.166667	6	0.166667	1	0.71	-0.148742	0.07	-1.1549	0	0
8000	621	100	300	4	25	32	55749	4.74624	5	1	0	8	0.125	8	0.125	1	0.65	-0.187087	0.05	-1.30103	0.38	-0.420216
8000	635	100	300	4	25	25	79670	4.90129	5	0	0	8	0.125	8	0.125	1	0.44	-0.356547	0.04	-1.39794	0	0
8000	639	100	300	4	25	19	16720	4.22324	5	1	0	4	0.25	4	0.25	1	0.1	-1	0.01	-2	0.12	-0.920819
8000	664	100	300	4	25	30	30072	4.47816	5	1	0	9	0.111111	9	0.111111	1	0.33	-0.481486	0.03	-1.52288	0.21	-0.677781
8000	669	100	300	4	25	27	62283	4.79437	5	1	0	6	0.166667	6	0.166667	1	0.5	-0.30103	0.07	-1.1549	0.43	-0.366532
8000	674	100	300	4	25	19	24309	4.38577	5	0	0	4	0.25	4	0.25	1	0.14	-0.853872	0.03	-1.52288	0	0
8000	679	100	300	4	25	32	88328	4.9461	5	1	0	6	0.166667	6	0.166667	1	0.7	-0.154902	0.1	-1	10.72	1.03019
8000	692	100	300	4	25	23	43841	4.64188	5	1	1	4.5	0.222222	5	0.2	0.9	0.26	-0.585027	0.04	-1.39794	0.35	-0.455932
8000	693	100	300	4	25	37	66357	4.82189	5	1	0	13	0.0769231	13	0.0769231	1	0.48	-0.318759	0.09	-1.04576	0.54	-0.267606
8000	699	100	300	4	25	27	34885	4.54264	5	0	0	6	0.166667	6	0.166667	1	0.38	-0.420216	0.06	-1.22185	0	0
8000	702	100	300	4	25	26	49995	4.69893	5	0	0	7	0.142857	7	0.142857	1	0.22	-0.657577	0.05	-1.30103	0	0
8000	709	100	300	4	25	29	79463	4.90016	5	1	0	6	0.166667	6	0.166667	1	0.59	-0.229148	0.11	-0.958607	1.18	0.071882
8000	710	100	300	4	25	27	47623	4.67782	5	0	0	8	0.125	8	0.125	1	0.43	-0.366532	0.03	-1.52288	0	0
8000	720	100	300	4	25	27	20179	4.3049	5	1	0	6	0.166667	6	0.166667	1	0.2	-0.69897	0.02	-1.69897	0.13	-0.886057
8000	726	100	300	4	25	34	67505	4.82934	5	1	0	10	0.1	10	0.1	1	0.78	-0.107905	0.11	-0.958607	0.52	-0.283997
8000	727	100	300	4	25	25	88328	4.9461	5	0	0	6	0.166667	6	0.166667	1	0.48	-0.318759	0.11	-0.958607	0	0
8000	733	100	300	4	25	19	16061	4.20577	5	0	0	4	0.25	4	0.25	1	0.1	-1	0.01	-2	0	0
8000	738	100	300	4	25	28	30735	4.48763	5	0	0	8	0.125	8	0.125	1	0.42	-0.376751	0.03	-1.52288	0	0
8000	743	100	300	4	25	26	92991	4.96844	5	1	0	6	0.166667	6	0.166667	1	0.67	-0.173925	0.09	-1.04576	0.6	-0.221849
8000	744	100	300	4	25	28	78398	4.8943	5	1	0	6	0.166667	6	0.166667	1	0.52	-0.283997	0.07	-1.1549	2.65	0.423246
8000	747	100	300	4	25	24	18110	4.25792	5	1	0	8	0.125	8	0.125	1	0.27	-0.568636	0.03	-1.52288	0.59	-0.229148
8000	754	100	300	4	25	37	50391	4.70235	5	0	0	13	0.0769231	13	0.0769231	1	0.72	-0.142668	0.03	-1.52288	0	0
8000	764	100	300	4	25	24	50143	4.70021	5	1	0	5	0.2	5	0.2	1	0.49	-0.309804	0.06	-1.22185	0.33	-0.481486
8000	768	100	300	4	25	28	82933	4.91873	5	1	0	7	0.142857	7	0.142857	1	0.72	-0.142668	0.07	-1.1549	0.55	-0.259637
8000	771	100	300	4	25	19	16472	4.21675	5	0	0	3	0.333333	3	0.333333	1	0.1	-1	0.01	-2	0	0
8000	779	100	300	4	25	27	47005	4.67214	5	1	0	8	0.125	8	0.125	1	0.32	-0.49485	0.05	-1.30103	0.29	-0.537602
8000	781	100	300	4	25	32	94714	4.97641	5	1	0	10	0.1	10	0.1	1	1.2	0.0791812	0.14	-0.853872	0.7	-0.154902
8000	782	100	300	4	25	25	13086	4.11681	5	0	0	10	0.1	10	0.1	1	0.1	-1	0.01	-2	0	0
8000	789	100	300	4	25	29	58677	4.76847	5	1	0	9	0.111111	9	0.111111	1	0.64	-0.19382	0.06	-1.22185	0.46	-0.337242
8000	796	100	300	4	25	17	10161	4.00694	5	0	0	4	0.25	4	0.25	1	0.05	-1.30103	0	0	0	0
8000	797	100	300	4	25	27	74111	4.86988	5	0	0	7	0.142857	7	0.142857	1	0.79	-0.102373	0.08	-1.09691	0	0
8000	799	100	300	4	25	24	36101	4.55752	5	1	0	5	0.2	5	0.2	1	0.37	-0.431798	0.06	-1.22185	1.28	0.10721
8000	806	100	300	4	25	27	44363	4.64702	5	1	1	6.5	0.153846	7	0.142857	0.928571	0.33	-0.481486	0.04	-1.39794	0.4	-0.39794
8000	808	100	300	4	25	25	51889	4.71508	5	1	0	5	0.2	5	0.2	1	0.37	-0.431798	0.03	-1.52288	0.39	-0.408935
8000	821	100	300	4	25	30	49190	4.69188	5	0	0	9	0.111111	9	0.111111	1	0.41	-0.387216	0.08	-1.09691	0	0
8000	826	100	300	4	25	21	51680	4.71332	5	1	0	4	0.25	4	0.25	1	0.34	-0.468521	0.05	-1.30103	0.37	-0.431798
8000	827	100	300	4	25	20	10365	4.01557	5	0	0	4	0.25	4	0.25	1	0.07	-1.1549	0.01	-2	0	0
8000	829	100	300	4	25	28	84761	4.9282	5	1	0	5	0.2	5	0.2	1	0.68	-0.167491	0.12	-0.920819	1.56	0.193125
8000	830	100	300	4	25	25	29973	4.47673	5	0	0	6	0.166667	6	0.166667	1	0.22	-0.657577	0.03	-1.52288	0	0
8000	835	100	300	4	25	24	22135	4.34508	5	0	0	7	0.142857	7	0.142857	1	0.26	-0.585027	0.01	-2	0	0
8000	837	100	300	4	25	31	32722	4.51484	5	0	0	15	0.0666667	15	0.0666667	1	0.25	-0.60206	0.01	-2	0	0
8000	838	100	300	4	25	28	96578	4.98488	5	1	0	7	0.142857	7	0.142857	1	0.82	-0.0861861	0.1	-1	0.62	-0.207608
8000	840	100	300	4	25	29	99689	4.99865	5	1	0	8	0.125	8	0.125	1	0.94	-0.0268721	0.1	-1	0.63	-0.200659
8000	841	100	300	4	25	30	84783	4.92831	5	1	0	7	0.142857	7	0.142857	1	0.82	-0.0861861	0.07	-1.1549	0.6	-0.221849
8000	845	100	300	4	25	27	56375	4.75109	5	0	0	6	0.166667	6	0.166667	1	0.38	-0.420216	0.08	-1.09691	0	0
8000	859	100	300	4	25	32	24065	4.38139	5	0	0	13	0.0769231	13	0.0769231	1	0.26	-0.585027	0	0	0	0
8000	861	100	300	4	25	26	75753	4.8794	5	1	0	7	0.142857	7	0.142857	1	0.78	-0.107905	0.08	-1.09691	0.52	-0.283997
8000	866	100	300	4	25	27	34403	4.5366	5	1	0	6	0.166667	6	0.166667	1	0.33	-0.481486	0.04	-1.39794	0.24	-0.619789
8000	867	100	300	4	25	26	47208	4.67402	5	0	0	7	0.142857	7	0.142857	1	0.47	-0.327902	0.05	-1.30103	0	0
8000	878	100	300	4	25	20	13261	4.12258	5	0	0	3	0.333333	3	0.333333	1	0.09	-1.04576	0.02	-1.69897	0	0
8000	879	100	300	4	25	30	41593	4.61902	5	1	0	10	0.1	10	0.1	1	0.62	-0.207608	0.03	-1.52288	0.26	-0.585027
8000	881	100	300	4	25	28	93907	4.9727	5	1	0	6	0.166667	6	0.166667	1	0.91	-0.0409586	0.1	-1	0.68	-0.167491
8000	882	100	300	4	25	33	80088	4.90357	5	1	0	10	0.1	10	0.1	1	0.57	-0.244125	0.08	-1.09691	0.61	-0.21467
8000	885	100	300	4	25	27	28081	4.44841	5	0	0	9	0.111111	9	0.111111	1	2.17	0.33646	0.03	-1.52288	0	0
8000	886	100	300	4	25	23	12841	4.1086	5	0	0	5	0.2	5	0.2	1	0.08	-1.09691	0.01	-2	0	0
8000	888	100	300	4	25	27	20529	4.31237	5	0	0	6	0.166667	6	0.166667	1	0.22	-0.657577	0.03	-1.52288	0	0
8000	889	100	300	4	25	26	68061	4.8329	5	0	0	5	0.2	5	0.2	1	0.7	-0.154902	0.06	-1.22185	0	0
8000	892	100	300	4	25	28	19662	4.29363	5	1	0	11	0.0909091	11	0.0909091	1	0.21	-0.677781	0.02	-1.69897	0.17	-0.769551
8000	906	100	300	4	25	29	54401	4.73561	5	1	0	7	0.142857	7	0.142857	1	0.74	-0.130768	0.06	-1.22185	0.4	-0.39794
8000	907	100	300	4	25	32	63895	4.80547	5	1	0	8	0.125	8	0.125	1	0.84	-0.0757207	0.09	-1.04576	0.43	-0.366532
8000	908	100	300	4	25	23	37094	4.5693	5	1	0	5	0.2	5	0.2	1	0.19	-0.721246	0.04	-1.39794	0.28	-0.552842
8000	911	100	300	4	25	30	88439	4.94664	5	1	0	6	0.166667	6	0.166667	1	0.55	-0.259637	0.13	-0.886057	0.66	-0.180456
8000	922	100	300	4	25	22	17148	4.23421	5	0	0	6	0.166667	6	0.166667	1	0.14	-0.853872	0.02	-1.69897	0	0
8000	925	100	300	4	25	29	55446	4.74387	5	1	0	7	0.142857	7	0.142857	1	0.36	-0.443697	0.06	-1.22185	0.34	-0.468521
8000	927	100	300	4	25	28	15545	4.19159	5	1	0	8	0.125	8	0.125	1	0.16	-0.79588	0.02	-1.69897	0.12	-0.920819
8000	931	100	300	4	25	24	18337	4.26333	5	1	0	6	0.166667	6	0.166667	1	0.14	-0.853872	0.01	-2	0.66	-0.180456
8000	937	100	300	4	25	28	72232	4.85873	5	1	0	7	0.142857	7	0.142857	1	0.59	-0.229148	0.11	-0.958607	0.55	-0.259637
8000	938	100	300	4	25	25	55285	4.74261	5	0	0	5	0.2	5	0.2	1	0.39	-0.408935	0.08	-1.09691	0	0
8000	939	100	300	4	25	27	75685	4.87901	5	1	0	7	0.142857	7	0.142857	1	0.79	-0.102373	0.06	-1.22185	0.51	-0.29243
8000	942	100	300	4	25	23	53032	4.72454	5	1	0	5	0.2	5	0.2	1	0.37	-0.431798	0.06	-1.22185	0.42	-0.376751
8000	944	100	300	4	25	29	45757	4.66046	5	1	0	6	0.166667	6	0.166667	1	0.32	-0.49485	0.07	-1.1549	0.37	-0.431798
8000	958	100	300	4	25	28	66521	4.82296	5	0	0	11	0.0909091	11	0.0909091	1	1.22	0.0863598	0.05	-1.30103	0	0
8000	960	100	300	4	25	33	90541	4.95685	5	1	0	9	0.111111	9	0.111111	1	0.59	-0.229148	0.13	-0.886057	0.66	-0.180456
