9000	23	20	300	4	25	6	2	0	0	2	2	1	0	0	0	0
9000	105	20	300	4	25	4	2	0	0	2	2	1	0	0	0	0
9000	156	20	300	4	25	6	2	0	0	4	4	1	0	0	0	0
9000	274	20	300	4	25	8	2	0	0	6	6	1	0	0	0	0
9000	277	20	300	4	25	5	2	0	0	2	2	1	0	0	0	0
9000	312	20	300	4	25	6	2	0	0	3	3	1	0	0	0	0
9000	480	20	300	4	25	5	2	0	0	3	3	1	0	0	0	0
9000	499	20	300	4	25	6	2	0	0	2	2	1	0	0	0	0
9000	502	20	300	4	25	8	2	0	0	5	5	1	0	0	0	0
9000	593	20	300	4	25	5	2	0	0	2	2	1	0	0	0	0
9000	670	20	300	4	25	6	2	0	0	2	2	1	0	0	0	0
9000	680	20	300	4	25	6	2	0	0	3	3	1	0	0	0	0
9000	772	20	300	4	25	5	2	0	0	2	2	1	0	0	0	0
9000	777	20	300	4	25	4	2	0	0	2	2	1	0	0	0	0
9000	814	20	300	4	25	6	2	0	0	2	2	1	0	0	0	0
9000	831	20	300	4	25	4	2	0	0	2	2	1	0	0	0	0
9000	859	20	300	4	25	6	2	0	0	3	3	1	0	0	0	0
9000	917	20	300	4	25	4	2	0	0	2	2	1	0	0	0	0
9000	918	20	300	4	25	6	2	0	0	2	2	1	0	0	0	0
9000	931	20	300	4	25	4	2	0	0	2	2	1	0	0	0	0
9000	9	30	300	4	25	4	2	0	0	2	2	1	0	0	0	0
9000	17	30	300	4	25	4	2	0	0	2	2	1	0	0	0	0
9000	22	30	300	4	25	5	2	0	0	2	2	1	0	0	0	0
9000	33	30	300	4	25	4	2	0	0	2	2	1	0	0	0	0
9000	39	30	300	4	25	5	2	0	0	2	2	1	0	0	0	0
9000	45	30	300	4	25	5	2	0	0	3	3	1	0	0	0	0
9000	50	30	300	4	25	6	2	0	0	2	2	1	0	0	0	0
9000	62	30	300	4	25	5	2	0	0	2	2	1	0	0	0	0
9000	68	30	300	4	25	6	2	0	0	2	2	1	0	0	0	0
9000	82	30	300	4	25	5	2	0	0	2	2	1	0	0	0	0
9000	85	30	300	4	25	5	2	0	0	3	3	1	0	0	0	0
9000	91	30	300	4	25	7	2	0	0	2	2	1	0	0	0	0
9000	93	30	300	4	25	4	2	0	0	2	2	1	0	0	0	0
9000	94	30	300	4	25	5	2	0	0	2	2	1	0	0	0	0
9000	96	30	300	4	25	6	2	0	0	5	5	1	0	0	0	0
9000	98	30	300	4	25	5	2	0	0	2	2	1	0	0	0	0
9000	105	30	300	4	25	7	2	1	0	3	3	1	0	0	0	0
9000	142	30	300	4	25	4	2	0	0	2	2	1	0	0	0	0
9000	146	30	300	4	25	5	2	1	0	2	2	1	0	0	0	0
9000	147	30	300	4	25	5	2	0	0	2	2	1	0	0	0	0
9000	150	30	300	4	25	5	2	0	0	2	2	1	0	0	0	0
9000	156	30	300	4	25	7	2	0	0	5	5	1	0	0	0	0
9000	163	30	300	4	25	4	2	0	0	2	2	1	0	0	0	0
9000	171	30	300	4	25	4	2	0	0	2	2	1	0	0	0	0
9000	180	30	300	4	25	5	2	0	0	2	2	1	0	0	0	0
9000	190	30	300	4	25	5	2	0	0	3	3	1	0	0	0	0
9000	192	30	300	4	25	6	2	0	0	4	4	1	0	0	0	0
9000	196	30	300	4	25	6	2	0	0	2	2	1	0	0	0	0
9000	198	30	300	4	25	4	2	0	0	2	2	1	0	0	0	0
9000	207	30	300	4	25	4	2	0	0	2	2	1	0	0	0	0
9000	208	30	300	4	25	5	2	0	0	2	2	1	0	0	0	0
9000	213	30	300	4	25	4	2	0	0	2	2	1	0	0	0	0
9000	219	30	300	4	25	6	2	0	0	2	2	1	0	0	0	0
9000	220	30	300	4	25	4	2	0	0	2	2	1	0	0	0	0
9000	225	30	300	4	25	8	2	0	0	6	6	1	0	0	0	0
9000	227	30	300	4	25	5	2	0	0	2	2	1	0	0	0	0
9000	229	30	300	4	25	4	2	0	0	2	2	1	0	0	0	0
9000	240	30	300	4	25	4	2	0	0	2	2	1	0	0	0	0
9000	242	30	300	4	25	5	2	0	0	2	2	1	0	0	0	0
9000	244	30	300	4	25	4	2	0	0	2	2	1	0	0	0	0
9000	250	30	300	4	25	4	2	0	0	2	2	1	0	0	0	0
9000	256	30	300	4	25	6	2	0	0	4	4	1	0	0	0	0
9000	274	30	300	4	25	6	2	0	0	4	4	1	0	0	0	0
9000	277	30	300	4	25	5	2	0	0	3	3	1	0	0	0	0
9000	286	30	300	4	25	4	2	0	0	2	2	1	0	0	0	0
9000	293	30	300	4	25	5	2	0	0	2	2	1	0	0	0	0
9000	295	30	300	4	25	5	2	0	0	3	3	1	0	0	0	0
9000	297	30	300	4	25	7	2	0	0	4	4	1	0	0	0	0
9000	300	30	300	4	25	4	2	0	0	1	1	1	0	0	0	0
9000	301	30	300	4	25	5	2	0	0	2	2	1	0	0	0	0
9000	307	30	300	4	25	6	2	0	0	2	2	1	0	0	0	0
9000	309	30	300	4	25	5	2	0	0	3	3	1	0	0	0	0
9000	311	30	300	4	25	4	2	0	0	2	2	1	0	0	0	0
9000	312	30	300	4	25	6	2	0	0	2	2	1	0	0	0	0
9000	316	30	300	4	25	4	2	0	0	2	2	1	0	0	0	0
9000	323	30	300	4	25	5	2	0	0	2	2	1	0	0	0	0
9000	350	30	300	4	25	6	2	0	0	4	4	1	0	0	0	0
9000	357	30	300	4	25	6	2	0	0	3	3	1	0	0	0	0
9000	359	30	300	4	25	4	2	0	0	2	2	1	0	0	0	0
9000	382	30	300	4	25	5	2	0	0	3	3	1	0	0	0	0
9000	385	30	300	4	25	6	2	0	0	4	4	1	0	0	0	0
9000	390	30	300	4	25	4	2	0	0	2	2	1	0	0	0	0
9000	392	30	300	4	25	5	2	0	0	3	3	1	0	0	0	0
9000	398	30	300	4	25	4	2	0	0	1	1	1	0	0	0	0
9000	400	30	300	4	25	8	2	0	0	7	7	1	0	0	0	0
9000	410	30	300	4	25	5	2	0	0	2	2	1	0	0	0	0
9000	420	30	300	4	25	6	2	0	0	4	4	1	0	0	0	0
9000	421	30	300	4	25	6	2	0	0	2	2	1	0	0	0	0
9000	424	30	300	4	25	4	2	0	0	1	1	1	0	0	0	0
9000	425	30	300	4	25	4	2	0	0	2	2	1	0	0	0	0
9000	437	30	300	4	25	7	2	0	0	4	4	1	0	0	0	0
9000	440	30	300	4	25	5	2	0	0	3	3	1	0	0	0	0
9000	447	30	300	4	25	4	2	0	0	2	2	1	0	0	0	0
9000	468	30	300	4	25	4	2	0	0	2	2	1	0	0	0	0
9000	476	30	300	4	25	4	2	0	0	2	2	1	0	0	0	0
9000	477	30	300	4	25	6	2	0	0	3	3	1	0	0	0	0
9000	478	30	300	4	25	7	2	0	0	3	3	1	0	0	0	0
9000	480	30	300	4	25	5	2	0	0	3	3	1	0	0	0	0
9000	489	30	300	4	25	4	2	0	0	2	2	1	0	0	0	0
9000	491	30	300	4	25	4	2	0	0	2	2	1	0	0	0	0
9000	493	30	300	4	25	5	2	0	0	2	2	1	0	0	0	0
9000	495	30	300	4	25	6	2	0	0	2	2	1	0	0	0	0
9000	499	30	300	4	25	4	2	0	0	2	2	1	0	0	0	0
9000	502	30	300	4	25	7	2	0	0	4	4	1	0	0	0	0
9000	509	30	300	4	25	6	2	0	0	3	3	1	0	0	0	0
9000	512	30	300	4	25	8	2	0	0	4	4	1	0	0	0	0
9000	517	30	300	4	25	5	2	0	0	2	2	1	0	0	0	0
9000	521	30	300	4	25	4	2	0	0	2	2	1	0	0	0	0
9000	523	30	300	4	25	6	2	0	0	4	4	1	0	0	0	0
9000	525	30	300	4	25	7	2	0	0	6	6	1	0	0	0	0
9000	530	30	300	4	25	5	2	0	0	2	2	1	0	0	0	0
9000	534	30	300	4	25	6	2	0	0	3	3	1	0	0	0	0
9000	542	30	300	4	25	6	2	0	0	2	2	1	0	0	0	0
9000	545	30	300	4	25	4	2	0	0	2	2	1	0	0	0	0
9000	558	30	300	4	25	6	2	1	1	2.5	3	0.833333	0	0	0	0
9000	560	30	300	4	25	4	2	0	0	2	2	1	0	0	0	0
9000	563	30	300	4	25	6	2	0	0	4	4	1	0	0	0	0
9000	569	30	300	4	25	4	2	0	0	2	2	1	0	0	0	0
9000	581	30	300	4	25	5	2	0	0	2	2	1	0	0	0	0
9000	593	30	300	4	25	4	2	0	0	2	2	1	0	0	0	0
9000	594	30	300	4	25	4	2	0	0	2	2	1	0	0	0	0
9000	598	30	300	4	25	5	2	0	0	3	3	1	0	0	0	0
9000	600	30	300	4	25	4	2	0	0	2	2	1	0	0	0	0
9000	608	30	300	4	25	4	2	0	0	2	2	1	0	0	0	0
9000	611	30	300	4	25	5	2	0	0	2	2	1	0	0	0	0
9000	627	30	300	4	25	5	2	0	0	3	3	1	0	0	0	0
9000	633	30	300	4	25	4	2	0	0	2	2	1	0	0	0	0
9000	638	30	300	4	25	5	2	0	0	2	2	1	0	0	0	0
9000	643	30	300	4	25	5	2	1	0	2	2	1	0	0	0	0
9000	670	30	300	4	25	5	2	0	0	2	2	1	0	0	0	0
9000	687	30	300	4	25	4	2	0	0	2	2	1	0	0	0	0
9000	689	30	300	4	25	5	2	0	0	3	3	1	0	0	0	0
9000	694	30	300	4	25	6	2	0	0	4	4	1	0	0	0	0
9000	698	30	300	4	25	4	2	0	0	2	2	1	0	0	0	0
9000	708	30	300	4	25	5	2	0	0	2	2	1	0	0	0	0
9000	712	30	300	4	25	5	2	0	0	2	2	1	0	0	0	0
9000	717	30	300	4	25	6	2	0	0	2	2	1	0	0	0	0
9000	721	30	300	4	25	6	2	0	0	2	2	1	0	0	0	0
9000	724	30	300	4	25	4	2	0	0	2	2	1	0	0	0	0
9000	736	30	300	4	25	7	2	0	0	4	4	1	0	0	0	0
9000	757	30	300	4	25	4	2	0	0	2	2	1	0	0	0	0
9000	762	30	300	4	25	4	2	0	0	2	2	1	0	0	0	0
9000	766	30	300	4	25	7	2	0	0	3	3	1	0	0	0	0
9000	767	30	300	4	25	7	2	0	0	3	3	1	0	0	0	0
9000	777	30	300	4	25	7	2	0	0	2	2	1	0	0	0	0
9000	783	30	300	4	25	7	2	0	0	4	4	1	0	0	0	0
9000	786	30	300	4	25	4	2	0	0	2	2	1	0	0	0	0
9000	790	30	300	4	25	5	2	0	0	2	2	1	0	0	0	0
9000	792	30	300	4	25	5	2	0	0	2	2	1	0	0	0	0
9000	793	30	300	4	25	5	2	0	0	2	2	1	0	0	0	0
9000	799	30	300	4	25	5	2	0	0	2	2	1	0	0	0	0
9000	803	30	300	4	25	6	2	0	0	2	2	1	0	0	0	0
9000	811	30	300	4	25	7	2	0	0	5	5	1	0	0	0	0
9000	814	30	300	4	25	4	2	0	0	2	2	1	0	0	0	0
9000	831	30	300	4	25	4	2	0	0	2	2	1	0	0	0	0
9000	832	30	300	4	25	6	2	0	0	2	2	1	0	0	0	0
9000	833	30	300	4	25	6	2	0	0	3	3	1	0	0	0	0
9000	834	30	300	4	25	5	2	0	0	2	2	1	0	0	0	0
9000	836	30	300	4	25	5	2	0	0	2	2	1	0	0	0	0
9000	839	30	300	4	25	4	2	0	0	2	2	1	0	0	0	0
9000	848	30	300	4	25	6	2	0	0	2	2	1	0	0	0	0
9000	853	30	300	4	25	4	2	0	0	2	2	1	0	0	0	0
9000	859	30	300	4	25	9	2	0	0	4	4	1	0	0	0	0
9000	872	30	300	4	25	5	2	0	0	3	3	1	0	0	0	0
9000	882	30	300	4	25	4	2	0	0	2	2	1	0	0	0	0
9000	886	30	300	4	25	4	2	0	0	2	2	1	0	0	0	0
9000	896	30	300	4	25	6	2	0	0	3	3	1	0	0	0	0
9000	898	30	300	4	25	5	2	0	0	3	3	1	0	0	0	0
9000	899	30	300	4	25	6	2	0	0	3	3	1	0	0	0	0
9000	908	30	300	4	25	5	2	0	0	2	2	1	0	0	0	0
9000	909	30	300	4	25	5	2	0	0	2	2	1	0	0	0	0
9000	910	30	300	4	25	5	2	0	0	2	2	1	0	0	0	0
9000	916	30	300	4	25	7	2	0	0	4	4	1	0	0	0	0
9000	918	30	300	4	25	5	2	0	0	2	2	1	0	0	0	0
9000	928	30	300	4	25	6	2	0	0	3	3	1	0	0	0	0
9000	931	30	300	4	25	6	2	0	0	3	3	1	0	0	0	0
9000	940	30	300	4	25	7	2	0	0	2	2	1	0	0	0	0
9000	952	30	300	4	25	4	2	0	0	2	2	1	0	0	0	0
9000	953	30	300	4	25	6	2	0	0	2	2	1	0	0	0	0
9000	954	30	300	4	25	6	2	0	0	3	3	1	0	0	0	0
9000	957	30	300	4	25	4	2	0	0	2	2	1	0	0	0	0
9000	963	30	300	4	25	8	2	0	0	5	5	1	0	0	0	0
9000	980	30	300	4	25	9	2	0	0	6	6	1	0	0	0	0
9000	983	30	300	4	25	5	2	0	0	2	2	1	0	0	0	0
9000	999	30	300	4	25	5	2	0	0	2	2	1	0	0	0	0
9000	5	40	300	4	25	8	2	0	0	5	5	1	0	0	0	0
9000	6	40	300	4	25	5	2	0	0	3	3	1	0	0	0	0
9000	8	40	300	4	25	10	2	0	0	6	6	1	0	0	0	0
9000	9	40	300	4	25	7	2	0	0	4	4	1	0	0	0	0
9000	12	40	300	4	25	5	2	0	0	3	3	1	0	0	0	0
9000	13	40	300	4	25	5	2	0	0	2	2	1	0	0	0	0
9000	14	40	300	4	25	6	2	0	0	4	4	1	0	0	0	0
9000	22	40	300	4	25	4	2	0	0	2	2	1	0	0	0	0
9000	23	40	300	4	25	7	2	0	0	2	2	1	0	0	0	0
9000	25	40	300	4	25	6	2	0	0	2	2	1	0	0	0	0
9000	28	40	300	4	25	5	2	0	0	2	2	1	0	0	0	0
9000	29	40	300	4	25	4	2	0	0	2	2	1	0	0	0	0
9000	30	40	300	4	25	6	2	0	0	2	2	1	0	0	0	0
9000	33	40	300	4	25	6	2	0	0	4	4	1	0	0	0	0
9000	34	40	300	4	25	4	2	0	0	2	2	1	0	0	0	0
9000	35	40	300	4	25	5	2	0	0	2	2	1	0	0	0	0
9000	36	40	300	4	25	5	2	0	0	2	2	1	0	0	0	0
9000	39	40	300	4	25	6	2	0	0	2	2	1	0	0	0	0
9000	44	40	300	4	25	8	2	0	0	3	3	1	0	0	0	0
9000	45	40	300	4	25	7	2	0	0	3	3	1	0	0	0	0
9000	50	40	300	4	25	8	2	1	1	2.5	3	0.833333	0	0	0	0
9000	51	40	300	4	25	7	2	0	0	3	3	1	0	0	0	0
9000	55	40	300	4	25	5	2	0	0	3	3	1	0	0	0	0
9000	56	40	300	4	25	4	2	0	0	2	2	1	0	0	0	0
9000	60	40	300	4	25	7	2	0	0	2	2	1	0	0	0	0
9000	62	40	300	4	25	5	2	1	0	2	2	1	0	0	0	0
9000	63	40	300	4	25	6	2	0	0	4	4	1	0	0	0	0
9000	68	40	300	4	25	7	2	0	0	2	2	1	0	0	0	0
9000	69	40	300	4	25	5	2	0	0	2	2	1	0	0	0	0
9000	75	40	300	4	25	5	2	0	0	3	3	1	0	0	0	0
9000	77	40	300	4	25	7	2	0	0	2	2	1	0	0	0	0
9000	82	40	300	4	25	5	2	1	0	2	2	1	0	0	0	0
9000	84	40	300	4	25	5	2	0	0	2	2	1	0	0	0	0
9000	85	40	300	4	25	7	2	0	0	2	2	1	0	0	0	0
9000	86	40	300	4	25	4	2	0	0	2	2	1	0	0	0	0
9000	87	40	300	4	25	7	2	0	0	2	2	1	0	0	0	0
9000	89	40	300	4	25	6	2	0	0	2	2	1	0	0	0	0
9000	92	40	300	4	25	5	2	0	0	2	2	1	0	0	0	0
9000	93	40	300	4	25	5	2	0	0	2	2	1	0	0	0	0
9000	94	40	300	4	25	7	2	0	0	3	3	1	0	0	0	0
9000	96	40	300	4	25	11	2	0	0	8	8	1	0	0	0	0
9000	98	40	300	4	25	7	2	0	0	2	2	1	0	0	0	0
9000	102	40	300	4	25	4	2	0	0	2	2	1	0	0	0	0
9000	105	40	300	4	25	7	2	1	0	3	3	1	0	0	0	0
9000	106	40	300	4	25	4	2	0	0	2	2	1	0	0	0	0
9000	107	40	300	4	25	5	2	0	0	2	2	1	0	0	0	0
9000	108	40	300	4	25	5	2	0	0	2	2	1	0	0	0	0
9000	109	40	300	4	25	4	2	0	0	2	2	1	0	0	0	0
9000	117	40	300	4	25	4	2	0	0	2	2	1	0	0	0	0
9000	118	40	300	4	25	6	2	0	0	4	4	1	0	0	0	0
9000	121	40	300	4	25	4	2	0	0	2	2	1	0	0	0	0
9000	123	40	300	4	25	5	2	0	0	2	2	1	0	0	0	0
9000	124	40	300	4	25	11	2	0	0	11	11	1	0	0	0	0
9000	125	40	300	4	25	5	2	0	0	2	2	1	0	0	0	0
9000	126	40	300	4	25	4	2	0	0	2	2	1	0	0	0	0
9000	131	40	300	4	25	5	2	0	0	3	3	1	0	0	0	0
9000	134	40	300	4	25	5	2	0	0	2	2	1	0	0	0	0
9000	137	40	300	4	25	5	2	0	0	3	3	1	0	0	0	0
9000	140	40	300	4	25	6	2	0	0	4	4	1	0	0	0	0
9000	143	40	300	4	25	4	2	0	0	2	2	1	0	0	0	0
9000	146	40	300	4	25	5	2	0	0	2	2	1	0	0	0	0
9000	147	40	300	4	25	5	2	0	0	2	2	1	0	0	0	0
9000	149	40	300	4	25	5	2	0	0	2	2	1	0	0	0	0
9000	150	40	300	4	25	6	2	0	0	2	2	1	0	0	0	0
9000	152	40	300	4	25	6	2	0	0	3	3	1	0	0	0	0
9000	153	40	300	4	25	7	2	1	0	3	3	1	0	0	0	0
9000	160	40	300	4	25	5	2	0	0	2	2	1	0	0	0	0
9000	162	40	300	4	25	6	2	0	0	2	2	1	0	0	0	0
9000	165	40	300	4	25	6	2	0	0	3	3	1	0	0	0	0
9000	166	40	300	4	25	5	2	0	0	3	3	1	0	0	0	0
9000	167	40	300	4	25	8	2	0	0	3	3	1	0	0	0	0
9000	169	40	300	4	25	4	2	0	0	2	2	1	0	0	0	0
9000	170	40	300	4	25	5	2	0	0	2	2	1	0	0	0	0
9000	171	40	300	4	25	7	2	0	0	2	2	1	0	0	0	0
9000	173	40	300	4	25	4	2	0	0	2	2	1	0	0	0	0
9000	176	40	300	4	25	7	2	0	0	6	6	1	0	0	0	0
9000	177	40	300	4	25	7	2	0	0	2	2	1	0	0	0	0
9000	178	40	300	4	25	4	2	0	0	2	2	1	0	0	0	0
9000	180	40	300	4	25	5	2	0	0	2	2	1	0	0	0	0
9000	181	40	300	4	25	5	2	0	0	2	2	1	0	0	0	0
9000	183	40	300	4	25	5	2	0	0	2	2	1	0	0	0	0
9000	185	40	300	4	25	4	2	0	0	2	2	1	0	0	0	0
9000	188	40	300	4	25	4	2	0	0	2	2	1	0	0	0	0
9000	190	40	300	4	25	5	2	0	0	3	3	1	0	0	0	0
9000	192	40	300	4	25	7	2	0	0	5	5	1	0	0	0	0
9000	195	40	300	4	25	7	2	0	0	4	4	1	0	0	0	0
9000	197	40	300	4	25	4	2	0	0	2	2	1	0	0	0	0
9000	198	40	300	4	25	5	2	0	0	3	3	1	0	0	0	0
9000	199	40	300	4	25	4	2	0	0	2	2	1	0	0	0	0
9000	200	40	300	4	25	6	2	0	0	2	2	1	0	0	0	0
9000	202	40	300	4	25	5	2	0	0	2	2	1	0	0	0	0
9000	203	40	300	4	25	8	2	0	0	2	2	1	0	0	0	0
9000	207	40	300	4	25	5	2	0	0	3	3	1	0	0	0	0
9000	208	40	300	4	25	7	2	0	0	3	3	1	0	0	0	0
9000	210	40	300	4	25	7	2	0	0	4	4	1	0	0	0	0
9000	213	40	300	4	25	4	2	0	0	1	1	1	0	0	0	0
9000	214	40	300	4	25	4	2	0	0	2	2	1	0	0	0	0
9000	215	40	300	4	25	6	2	0	0	5	5	1	0	0	0	0
9000	217	40	300	4	25	5	2	0	0	2	2	1	0	0	0	0
9000	218	40	300	4	25	5	2	0	0	3	3	1	0	0	0	0
9000	222	40	300	4	25	4	2	0	0	2	2	1	0	0	0	0
9000	224	40	300	4	25	4	2	0	0	2	2	1	0	0	0	0
9000	225	40	300	4	25	6	2	0	0	5	5	1	0	0	0	0
9000	227	40	300	4	25	6	2	0	0	3	3	1	0	0	0	0
9000	228	40	300	4	25	4	2	0	0	2	2	1	0	0	0	0
9000	229	40	300	4	25	4	2	0	0	2	2	1	0	0	0	0
9000	232	40	300	4	25	6	2	0	0	2	2	1	0	0	0	0
9000	233	40	300	4	25	6	2	0	0	3	3	1	0	0	0	0
9000	234	40	300	4	25	4	2	0	0	2	2	1	0	0	0	0
9000	240	40	300	4	25	7	2	0	0	2	2	1	0	0	0	0
9000	242	40	300	4	25	5	2	0	0	2	2	1	0	0	0	0
9000	243	40	300	4	25	6	2	0	0	3	3	1	0	0	0	0
9000	244	40	300	4	25	6	2	0	0	2	2	1	0	0	0	0
9000	247	40	300	4	25	5	2	0	0	3	3	1	0	0	0	0
9000	249	40	300	4	25	5	2	0	0	2	2	1	0	0	0	0
9000	250	40	300	4	25	5	2	0	0	2	2	1	0	0	0	0
9000	251	40	300	4	25	4	2	0	0	2	2	1	0	0	0	0
9000	252	40	300	4	25	4	2	0	0	2	2	1	0	0	0	0
9000	255	40	300	4	25	4	2	0	0	2	2	1	0	0	0	0
9000	256	40	300	4	25	10	2	0	0	5	5	1	0	0	0	0
9000	257	40	300	4	25	5	2	0	0	2	2	1	0	0	0	0
9000	260	40	300	4	25	4	2	0	0	2	2	1	0	0	0	0
9000	262	40	300	4	25	5	2	0	0	3	3	1	0	0	0	0
9000	265	40	300	4	25	6	2	0	0	3	3	1	0	0	0	0
9000	266	40	300	4	25	6	2	0	0	2	2	1	0	0	0	0
9000	267	40	300	4	25	5	2	0	0	2	2	1	0	0	0	0
9000	268	40	300	4	25	6	2	0	0	3	3	1	0	0	0	0
9000	270	40	300	4	25	5	2	0	0	3	3	1	0	0	0	0
9000	274	40	300	4	25	6	2	0	0	3	3	1	0	0	0	0
9000	276	40	300	4	25	4	2	0	0	2	2	1	0	0	0	0
9000	277	40	300	4	25	7	2	0	0	4	4	1	0	0	0	0
9000	280	40	300	4	25	4	2	0	0	2	2	1	0	0	0	0
9000	281	40	300	4	25	4	2	0	0	2	2	1	0	0	0	0
9000	282	40	300	4	25	4	2	0	0	2	2	1	0	0	0	0
9000	285	40	300	4	25	5	2	0	0	3	3	1	0	0	0	0
9000	286	40	300	4	25	6	2	0	0	2	2	1	0	0	0	0
9000	287	40	300	4	25	8	2	0	0	6	6	1	0	0	0	0
9000	289	40	300	4	25	5	2	0	0	2	2	1	0	0	0	0
9000	290	40	300	4	25	7	2	0	0	3	3	1	0	0	0	0
9000	291	40	300	4	25	5	2	0	0	3	3	1	0	0	0	0
9000	293	40	300	4	25	7	2	0	0	3	3	1	0	0	0	0
9000	297	40	300	4	25	5	2	0	0	3	3	1	0	0	0	0
9000	298	40	300	4	25	6	2	0	0	2	2	1	0	0	0	0
9000	299	40	300	4	25	8	2	0	0	4	4	1	0	0	0	0
9000	300	40	300	4	25	7	2	0	0	2	2	1	0	0	0	0
9000	301	40	300	4	25	7	2	0	0	2	2	1	0	0	0	0
9000	303	40	300	4	25	4	2	0	0	2	2	1	0	0	0	0
9000	305	40	300	4	25	4	2	0	0	2	2	1	0	0	0	0
9000	309	40	300	4	25	7	2	0	0	3	3	1	0	0	0	0
9000	316	40	300	4	25	4	2	0	0	2	2	1	0	0	0	0
9000	322	40	300	4	25	8	2	1	0	2	2	1	0	0	0	0
9000	323	40	300	4	25	5	2	0	0	2	2	1	0	0	0	0
9000	324	40	300	4	25	4	2	0	0	2	2	1	0	0	0	0
9000	326	40	300	4	25	7	2	0	0	2	2	1	0	0	0	0
9000	327	40	300	4	25	7	2	0	0	4	4	1	0	0	0	0
9000	332	40	300	4	25	8	2	0	0	3	3	1	0	0	0	0
9000	340	40	300	4	25	5	2	0	0	2	2	1	0	0	0	0
9000	341	40	300	4	25	4	2	0	0	2	2	1	0	0	0	0
9000	342	40	300	4	25	5	2	0	0	2	2	1	0	0	0	0
9000	343	40	300	4	25	5	2	0	0	3	3	1	0	0	0	0
9000	344	40	300	4	25	5	2	0	0	2	2	1	0	0	0	0
9000	347	40	300	4	25	5	2	0	0	2	2	1	0	0	0	0
9000	348	40	300	4	25	5	2	0	0	3	3	1	0	0	0	0
9000	349	40	300	4	25	8	2	0	0	5	5	1	0	0	0	0
9000	350	40	300	4	25	7	2	0	0	5	5	1	0	0	0	0
9000	351	40	300	4	25	7	2	0	0	2	2	1	0	0	0	0
9000	356	40	300	4	25	5	2	0	0	2	2	1	0	0	0	0
9000	357	40	300	4	25	7	2	0	0	4	4	1	0	0	0	0
9000	359	40	300	4	25	7	2	0	0	2	2	1	0	0	0	0
9000	361	40	300	4	25	7	2	0	0	4	4	1	0	0	0	0
9000	364	40	300	4	25	6	2	0	0	3	3	1	0	0	0	0
9000	369	40	300	4	25	5	2	0	0	2	2	1	0	0	0	0
9000	373	40	300	4	25	5	2	0	0	2	2	1	0	0	0	0
9000	375	40	300	4	25	5	2	0	0	2	2	1	0	0	0	0
9000	376	40	300	4	25	7	2	0	0	3	3	1	0	0	0	0
9000	379	40	300	4	25	6	2	0	0	2	2	1	0	0	0	0
9000	380	40	300	4	25	7	2	0	0	2	2	1	0	0	0	0
9000	381	40	300	4	25	6	2	0	0	2	2	1	0	0	0	0
9000	382	40	300	4	25	5	2	0	0	2	2	1	0	0	0	0
9000	385	40	300	4	25	7	2	0	0	4	4	1	0	0	0	0
9000	386	40	300	4	25	5	2	0	0	3	3	1	0	0	0	0
9000	389	40	300	4	25	6	2	0	0	4	4	1	0	0	0	0
9000	392	40	300	4	25	7	2	0	0	3	3	1	0	0	0	0
9000	393	40	300	4	25	5	2	0	0	2	2	1	0	0	0	0
9000	394	40	300	4	25	4	2	0	0	2	2	1	0	0	0	0
9000	396	40	300	4	25	5	2	0	0	2	2	1	0	0	0	0
9000	398	40	300	4	25	5	2	0	0	2	2	1	0	0	0	0
9000	400	40	300	4	25	5	2	0	0	3	3	1	0	0	0	0
9000	401	40	300	4	25	6	2	0	0	2	2	1	0	0	0	0
9000	405	40	300	4	25	8	2	0	0	4	4	1	0	0	0	0
9000	410	40	300	4	25	5	2	0	0	2	2	1	0	0	0	0
9000	411	40	300	4	25	5	2	0	0	3	3	1	0	0	0	0
9000	415	40	300	4	25	7	2	0	0	4	4	1	0	0	0	0
9000	416	40	300	4	25	6	2	0	0	3	3	1	0	0	0	0
9000	425	40	300	4	25	6	2	0	0	3	3	1	0	0	0	0
9000	432	40	300	4	25	5	2	0	0	2	2	1	0	0	0	0
9000	433	40	300	4	25	6	2	0	0	4	4	1	0	0	0	0
9000	434	40	300	4	25	6	2	0	0	4	4	1	0	0	0	0
9000	435	40	300	4	25	7	2	0	0	2	2	1	0	0	0	0
9000	438	40	300	4	25	10	2	0	0	8	8	1	0	0	0	0
9000	440	40	300	4	25	7	2	0	0	3	3	1	0	0	0	0
9000	442	40	300	4	25	4	2	0	0	2	2	1	0	0	0	0
9000	446	40	300	4	25	5	2	0	0	3	3	1	0	0	0	0
9000	447	40	300	4	25	6	2	0	0	2	2	1	0	0	0	0
9000	449	40	300	4	25	4	2	0	0	2	2	1	0	0	0	0
9000	450	40	300	4	25	8	2	1	0	2	2	1	0	0	0	0
9000	452	40	300	4	25	5	2	0	0	2	2	1	0	0	0	0
9000	453	40	300	4	25	4	2	0	0	2	2	1	0	0	0	0
9000	456	40	300	4	25	5	2	0	0	2	2	1	0	0	0	0
9000	458	40	300	4	25	5	2	0	0	2	2	1	0	0	0	0
9000	459	40	300	4	25	4	2	0	0	2	2	1	0	0	0	0
9000	460	40	300	4	25	4	2	0	0	2	2	1	0	0	0	0
9000	464	40	300	4	25	6	2	0	0	2	2	1	0	0	0	0
9000	466	40	300	4	25	8	2	0	0	6	6	1	0	0	0	0
9000	467	40	300	4	25	4	2	0	0	2	2	1	0	0	0	0
9000	468	40	300	4	25	5	2	0	0	3	3	1	0	0	0	0
9000	469	40	300	4	25	6	2	0	0	2	2	1	0	0	0	0
9000	471	40	300	4	25	6	2	0	0	3	3	1	0	0	0	0
9000	472	40	300	4	25	4	2	0	0	2	2	1	0	0	0	0
9000	477	40	300	4	25	8	2	0	0	4	4	1	0	0	0	0
9000	478	40	300	4	25	5	2	0	0	3	3	1	0	0	0	0
9000	480	40	300	4	25	8	2	0	0	4	4	1	0	0	0	0
9000	485	40	300	4	25	4	2	0	0	2	2	1	0	0	0	0
9000	488	40	300	4	25	4	2	0	0	2	2	1	0	0	0	0
9000	489	40	300	4	25	5	2	0	0	2	2	1	0	0	0	0
9000	491	40	300	4	25	6	2	0	0	2	2	1	0	0	0	0
9000	493	40	300	4	25	4	2	0	0	2	2	1	0	0	0	0
9000	494	40	300	4	25	5	2	0	0	2	2	1	0	0	0	0
9000	495	40	300	4	25	5	2	0	0	1	1	1	0	0	0	0
9000	497	40	300	4	25	7	2	0	0	4	4	1	0	0	0	0
9000	499	40	300	4	25	6	2	0	0	2	2	1	0	0	0	0
9000	500	40	300	4	25	6	2	0	0	2	2	1	0	0	0	0
9000	505	40	300	4	25	4	2	0	0	2	2	1	0	0	0	0
9000	506	40	300	4	25	6	2	0	0	2	2	1	0	0	0	0
9000	507	40	300	4	25	5	2	0	0	2	2	1	0	0	0	0
9000	508	40	300	4	25	10	2	0	0	4	4	1	0	0	0	0
9000	509	40	300	4	25	8	2	0	0	4	4	1	0	0	0	0
9000	510	40	300	4	25	8	2	0	0	3	3	1	0	0	0	0
9000	511	40	300	4	25	4	2	0	0	2	2	1	0	0	0	0
9000	512	40	300	4	25	10	2	0	0	6	6	1	0	0	0	0
9000	514	40	300	4	25	4	2	0	0	2	2	1	0	0	0	0
9000	517	40	300	4	25	8	2	0	0	3	3	1	0	0	0	0
9000	520	40	300	4	25	5	2	0	0	2	2	1	0	0	0	0
9000	521	40	300	4	25	6	2	0	0	2	2	1	0	0	0	0
9000	522	40	300	4	25	6	2	0	0	2	2	1	0	0	0	0
9000	523	40	300	4	25	4	2	0	0	2	2	1	0	0	0	0
9000	524	40	300	4	25	6	2	0	0	2	2	1	0	0	0	0
9000	525	40	300	4	25	9	2	0	0	7	7	1	0	0	0	0
9000	529	40	300	4	25	5	2	0	0	3	3	1	0	0	0	0
9000	530	40	300	4	25	7	2	0	0	2	2	1	0	0	0	0
9000	531	40	300	4	25	6	2	0	0	3	3	1	0	0	0	0
9000	536	40	300	4	25	4	2	0	0	1	1	1	0	0	0	0
9000	546	40	300	4	25	7	2	0	0	3	3	1	0	0	0	0
9000	551	40	300	4	25	4	2	0	0	1	1	1	0	0	0	0
9000	556	40	300	4	25	5	2	0	0	2	2	1	0	0	0	0
9000	557	40	300	4	25	4	2	0	0	2	2	1	0	0	0	0
9000	559	40	300	4	25	5	2	0	0	2	2	1	0	0	0	0
9000	560	40	300	4	25	6	2	0	0	2	2	1	0	0	0	0
9000	562	40	300	4	25	4	2	0	0	2	2	1	0	0	0	0
9000	563	40	300	4	25	7	2	0	0	3	3	1	0	0	0	0
9000	564	40	300	4	25	6	2	0	0	3	3	1	0	0	0	0
9000	567	40	300	4	25	5	2	0	0	2	2	1	0	0	0	0
9000	568	40	300	4	25	7	2	0	0	3	3	1	0	0	0	0
9000	570	40	300	4	25	9	2	0	0	5	5	1	0	0	0	0
9000	572	40	300	4	25	4	2	0	0	1	1	1	0	0	0	0
9000	576	40	300	4	25	4	2	0	0	2	2	1	0	0	0	0
9000	577	40	300	4	25	4	2	0	0	2	2	1	0	0	0	0
9000	578	40	300	4	25	5	2	0	0	3	3	1	0	0	0	0
9000	579	40	300	4	25	6	2	0	0	2	2	1	0	0	0	0
9000	580	40	300	4	25	4	2	0	0	2	2	1	0	0	0	0
9000	581	40	300	4	25	9	2	0	0	3	3	1	0	0	0	0
9000	582	40	300	4	25	4	2	0	0	2	2	1	0	0	0	0
9000	586	40	300	4	25	5	2	0	0	2	2	1	0	0	0	0
9000	587	40	300	4	25	4	2	0	0	2	2	1	0	0	0	0
9000	590	40	300	4	25	6	2	0	0	2	2	1	0	0	0	0
9000	593	40	300	4	25	7	2	0	0	2	2	1	0	0	0	0
9000	594	40	300	4	25	4	2	0	0	2	2	1	0	0	0	0
9000	595	40	300	4	25	4	2	1	1	1.5	2	0.75	0	0	0	0
9000	598	40	300	4	25	6	2	0	0	2	2	1	0	0	0	0
9000	599	40	300	4	25	6	2	0	0	5	5	1	0	0	0	0
9000	600	40	300	4	25	7	2	0	0	2	2	1	0	0	0	0
9000	604	40	300	4	25	4	2	0	0	2	2	1	0	0	0	0
9000	606	40	300	4	25	4	2	0	0	2	2	1	0	0	0	0
9000	608	40	300	4	25	4	2	0	0	2	2	1	0	0	0	0
9000	610	40	300	4	25	5	2	0	0	2	2	1	0	0	0	0
9000	611	40	300	4	25	6	2	0	0	4	4	1	0	0	0	0
9000	619	40	300	4	25	4	2	0	0	1	1	1	0	0	0	0
9000	623	40	300	4	25	5	2	0	0	2	2	1	0	0	0	0
9000	625	40	300	4	25	6	2	0	0	3	3	1	0	0	0	0
9000	626	40	300	4	25	4	2	0	0	2	2	1	0	0	0	0
9000	627	40	300	4	25	8	2	0	0	4	4	1	0	0	0	0
9000	629	40	300	4	25	4	2	0	0	2	2	1	0	0	0	0
9000	630	40	300	4	25	6	2	0	0	3	3	1	0	0	0	0
9000	633	40	300	4	25	6	2	0	0	2	2	1	0	0	0	0
9000	634	40	300	4	25	4	2	0	0	2	2	1	0	0	0	0
9000	635	40	300	4	25	5	2	0	0	2	2	1	0	0	0	0
9000	638	40	300	4	25	6	2	0	0	2	2	1	0	0	0	0
9000	642	40	300	4	25	7	2	0	0	3	3	1	0	0	0	0
9000	643	40	300	4	25	6	2	0	0	3	3	1	0	0	0	0
9000	646	40	300	4	25	5	2	0	0	2	2	1	0	0	0	0
9000	648	40	300	4	25	5	2	0	0	2	2	1	0	0	0	0
9000	650	40	300	4	25	10	2	0	0	5	5	1	0	0	0	0
9000	653	40	300	4	25	4	2	0	0	1	1	1	0	0	0	0
9000	654	40	300	4	25	4	2	0	0	2	2	1	0	0	0	0
9000	655	40	300	4	25	5	2	0	0	2	2	1	0	0	0	0
9000	656	40	300	4	25	6	2	0	0	2	2	1	0	0	0	0
9000	659	40	300	4	25	4	2	0	0	2	2	1	0	0	0	0
9000	661	40	300	4	25	5	2	0	0	2	2	1	0	0	0	0
9000	662	40	300	4	25	7	2	0	0	4	4	1	0	0	0	0
9000	665	40	300	4	25	7	2	0	0	2	2	1	0	0	0	0
9000	666	40	300	4	25	5	2	0	0	2	2	1	0	0	0	0
9000	671	40	300	4	25	6	2	0	0	4	4	1	0	0	0	0
9000	672	40	300	4	25	5	2	0	0	2	2	1	0	0	0	0
9000	674	40	300	4	25	4	2	0	0	2	2	1	0	0	0	0
9000	675	40	300	4	25	6	2	0	0	3	3	1	0	0	0	0
9000	681	40	300	4	25	5	2	0	0	1	1	1	0	0	0	0
9000	682	40	300	4	25	5	2	0	0	1	1	1	0	0	0	0
9000	684	40	300	4	25	7	2	0	0	3	3	1	0	0	0	0
9000	687	40	300	4	25	5	2	0	0	2	2	1	0	0	0	0
9000	688	40	300	4	25	8	2	0	0	6	6	1	0	0	0	0
9000	689	40	300	4	25	4	2	0	0	2	2	1	0	0	0	0
9000	691	40	300	4	25	4	2	0	0	2	2	1	0	0	0	0
9000	694	40	300	4	25	7	2	0	0	6	6	1	0	0	0	0
9000	697	40	300	4	25	8	2	0	0	4	4	1	0	0	0	0
9000	698	40	300	4	25	6	2	0	0	2	2	1	0	0	0	0
9000	703	40	300	4	25	7	2	0	0	2	2	1	0	0	0	0
9000	705	40	300	4	25	5	2	0	0	2	2	1	0	0	0	0
9000	706	40	300	4	25	8	2	0	0	4	4	1	0	0	0	0
9000	708	40	300	4	25	7	2	0	0	2	2	1	0	0	0	0
9000	713	40	300	4	25	7	2	0	0	4	4	1	0	0	0	0
9000	718	40	300	4	25	4	2	0	0	2	2	1	0	0	0	0
9000	720	40	300	4	25	6	2	0	0	4	4	1	0	0	0	0
9000	721	40	300	4	25	5	2	0	0	2	2	1	0	0	0	0
9000	723	40	300	4	25	4	2	0	0	2	2	1	0	0	0	0
9000	724	40	300	4	25	6	2	0	0	2	2	1	0	0	0	0
9000	727	40	300	4	25	5	2	0	0	3	3	1	0	0	0	0
9000	729	40	300	4	25	6	2	0	0	2	2	1	0	0	0	0
9000	730	40	300	4	25	6	2	0	0	2	2	1	0	0	0	0
9000	731	40	300	4	25	5	2	0	0	2	2	1	0	0	0	0
9000	736	40	300	4	25	12	2	0	0	6	6	1	0	0	0	0
9000	739	40	300	4	25	5	2	0	0	2	2	1	0	0	0	0
9000	741	40	300	4	25	4	2	0	0	1	1	1	0	0	0	0
9000	742	40	300	4	25	4	2	0	0	2	2	1	0	0	0	0
9000	744	40	300	4	25	4	2	0	0	2	2	1	0	0	0	0
9000	756	40	300	4	25	5	2	0	0	2	2	1	0	0	0	0
9000	757	40	300	4	25	5	2	0	0	2	2	1	0	0	0	0
9000	759	40	300	4	25	4	2	0	0	2	2	1	0	0	0	0
9000	760	40	300	4	25	6	2	1	1	2.5	3	0.833333	0	0	0	0
9000	762	40	300	4	25	5	2	0	0	2	2	1	0	0	0	0
9000	764	40	300	4	25	6	2	0	0	3	3	1	0	0	0	0
9000	766	40	300	4	25	5	2	0	0	2	2	1	0	0	0	0
9000	767	40	300	4	25	6	2	0	0	2	2	1	0	0	0	0
9000	775	40	300	4	25	6	2	0	0	2	2	1	0	0	0	0
9000	779	40	300	4	25	4	2	0	0	2	2	1	0	0	0	0
9000	780	40	300	4	25	4	2	0	0	2	2	1	0	0	0	0
9000	783	40	300	4	25	5	2	0	0	3	3	1	0	0	0	0
9000	786	40	300	4	25	6	2	0	0	3	3	1	0	0	0	0
9000	790	40	300	4	25	4	2	0	0	2	2	1	0	0	0	0
9000	791	40	300	4	25	5	2	0	0	2	2	1	0	0	0	0
9000	792	40	300	4	25	7	2	0	0	3	3	1	0	0	0	0
9000	793	40	300	4	25	4	2	1	1	1.5	2	0.75	0	0	0	0
9000	797	40	300	4	25	4	2	0	0	2	2	1	0	0	0	0
9000	798	40	300	4	25	7	2	0	0	3	3	1	0	0	0	0
9000	799	40	300	4	25	4	2	0	0	1	1	1	0	0	0	0
9000	800	40	300	4	25	8	2	0	0	4	4	1	0	0	0	0
9000	801	40	300	4	25	5	2	0	0	2	2	1	0	0	0	0
9000	802	40	300	4	25	4	2	0	0	2	2	1	0	0	0	0
9000	803	40	300	4	25	6	2	0	0	1	1	1	0	0	0	0
9000	808	40	300	4	25	5	2	0	0	3	3	1	0	0	0	0
9000	810	40	300	4	25	8	2	0	0	6	6	1	0	0	0	0
9000	811	40	300	4	25	11	2	0	0	6	6	1	0	0	0	0
9000	814	40	300	4	25	8	2	0	0	4	4	1	0	0	0	0
9000	816	40	300	4	25	6	2	0	0	3	3	1	0	0	0	0
9000	817	40	300	4	25	5	2	0	0	2	2	1	0	0	0	0
9000	818	40	300	4	25	6	2	0	0	2	2	1	0	0	0	0
9000	821	40	300	4	25	4	2	0	0	2	2	1	0	0	0	0
9000	824	40	300	4	25	5	2	0	0	3	3	1	0	0	0	0
9000	825	40	300	4	25	4	2	0	0	2	2	1	0	0	0	0
9000	829	40	300	4	25	9	2	0	0	4	4	1	0	0	0	0
9000	831	40	300	4	25	4	2	0	0	2	2	1	0	0	0	0
9000	832	40	300	4	25	8	2	0	0	3	3	1	0	0	0	0
9000	833	40	300	4	25	6	2	0	0	2	2	1	0	0	0	0
9000	834	40	300	4	25	5	2	0	0	2	2	1	0	0	0	0
9000	836	40	300	4	25	7	2	0	0	5	5	1	0	0	0	0
9000	837	40	300	4	25	5	2	0	0	2	2	1	0	0	0	0
9000	838	40	300	4	25	4	2	0	0	2	2	1	0	0	0	0
9000	842	40	300	4	25	5	2	0	0	2	2	1	0	0	0	0
9000	843	40	300	4	25	7	2	0	0	2	2	1	0	0	0	0
9000	848	40	300	4	25	5	2	0	0	1	1	1	0	0	0	0
9000	849	40	300	4	25	5	2	0	0	2	2	1	0	0	0	0
9000	851	40	300	4	25	5	2	0	0	2	2	1	0	0	0	0
9000	853	40	300	4	25	7	2	0	0	2	2	1	0	0	0	0
9000	857	40	300	4	25	4	2	0	0	2	2	1	0	0	0	0
9000	858	40	300	4	25	9	2	0	0	6	6	1	0	0	0	0
9000	865	40	300	4	25	8	2	0	0	5	5	1	0	0	0	0
9000	867	40	300	4	25	5	2	0	0	2	2	1	0	0	0	0
9000	869	40	300	4	25	4	2	0	0	2	2	1	0	0	0	0
9000	872	40	300	4	25	6	2	0	0	3	3	1	0	0	0	0
9000	874	40	300	4	25	4	2	0	0	2	2	1	0	0	0	0
9000	876	40	300	4	25	5	2	0	0	2	2	1	0	0	0	0
9000	878	40	300	4	25	6	2	0	0	4	4	1	0	0	0	0
9000	881	40	300	4	25	6	2	0	0	2	2	1	0	0	0	0
9000	882	40	300	4	25	6	2	0	0	2	2	1	0	0	0	0
9000	884	40	300	4	25	6	2	0	0	3	3	1	0	0	0	0
9000	886	40	300	4	25	4	2	0	0	2	2	1	0	0	0	0
9000	887	40	300	4	25	4	2	0	0	2	2	1	0	0	0	0
9000	888	40	300	4	25	4	2	0	0	2	2	1	0	0	0	0
9000	889	40	300	4	25	5	2	0	0	2	2	1	0	0	0	0
9000	890	40	300	4	25	8	2	0	0	3	3	1	0	0	0	0
9000	891	40	300	4	25	6	2	0	0	4	4	1	0	0	0	0
9000	892	40	300	4	25	8	2	0	0	3	3	1	0	0	0	0
9000	895	40	300	4	25	6	2	0	0	2	2	1	0	0	0	0
9000	896	40	300	4	25	5	2	0	0	3	3	1	0	0	0	0
9000	897	40	300	4	25	6	2	0	0	5	5	1	0	0	0	0
9000	898	40	300	4	25	9	2	0	0	4	4	1	0	0	0	0
9000	899	40	300	4	25	6	2	0	0	2	2	1	0	0	0	0
9000	901	40	300	4	25	4	2	0	0	2	2	1	0	0	0	0
9000	907	40	300	4	25	4	2	0	0	2	2	1	0	0	0	0
9000	908	40	300	4	25	4	2	0	0	1	1	1	0	0	0	0
9000	909	40	300	4	25	5	2	0	0	3	3	1	0	0	0	0
9000	910	40	300	4	25	5	2	0	0	2	2	1	0	0	0	0
9000	914	40	300	4	25	4	2	0	0	2	2	1	0	0	0	0
9000	916	40	300	4	25	6	2	0	0	3	3	1	0	0	0	0
9000	918	40	300	4	25	4	2	0	0	1	1	1	0	0	0	0
9000	920	40	300	4	25	6	2	0	0	4	4	1	0	0	0	0
9000	922	40	300	4	25	4	2	0	0	2	2	1	0	0	0	0
9000	925	40	300	4	25	4	2	0	0	2	2	1	0	0	0	0
9000	926	40	300	4	25	4	2	0	0	2	2	1	0	0	0	0
9000	928	40	300	4	25	5	2	0	0	2	2	1	0	0	0	0
9000	931	40	300	4	25	5	2	0	0	2	2	1	0	0	0	0
9000	932	40	300	4	25	5	2	0	0	3	3	1	0	0	0	0
9000	933	40	300	4	25	4	2	0	0	2	2	1	0	0	0	0
9000	936	40	300	4	25	6	2	0	0	2	2	1	0	0	0	0
9000	937	40	300	4	25	5	2	0	0	2	2	1	0	0	0	0
9000	939	40	300	4	25	4	2	0	0	2	2	1	0	0	0	0
9000	940	40	300	4	25	4	2	0	0	1	1	1	0	0	0	0
9000	945	40	300	4	25	4	2	0	0	2	2	1	0	0	0	0
9000	952	40	300	4	25	6	2	0	0	2	2	1	0	0	0	0
9000	953	40	300	4	25	4	2	0	0	2	2	1	0	0	0	0
9000	954	40	300	4	25	6	2	0	0	3	3	1	0	0	0	0
9000	956	40	300	4	25	8	2	0	0	3	3	1	0	0	0	0
9000	957	40	300	4	25	8	2	0	0	4	4	1	0	0	0	0
9000	960	40	300	4	25	4	2	0	0	2	2	1	0	0	0	0
9000	961	40	300	4	25	5	2	0	0	2	2	1	0	0	0	0
9000	964	40	300	4	25	5	2	0	0	2	2	1	0	0	0	0
9000	965	40	300	4	25	7	2	0	0	3	3	1	0	0	0	0
9000	966	40	300	4	25	7	2	0	0	2	2	1	0	0	0	0
9000	967	40	300	4	25	7	2	0	0	2	2	1	0	0	0	0
9000	968	40	300	4	25	5	2	0	0	2	2	1	0	0	0	0
9000	969	40	300	4	25	6	2	0	0	2	2	1	0	0	0	0
9000	970	40	300	4	25	4	2	0	0	2	2	1	0	0	0	0
9000	971	40	300	4	25	6	2	0	0	3	3	1	0	0	0	0
9000	972	40	300	4	25	5	2	0	0	3	3	1	0	0	0	0
9000	975	40	300	4	25	5	2	0	0	3	3	1	0	0	0	0
9000	976	40	300	4	25	6	2	0	0	4	4	1	0	0	0	0
9000	980	40	300	4	25	8	2	0	0	5	5	1	0	0	0	0
9000	983	40	300	4	25	7	2	0	0	2	2	1	0	0	0	0
9000	984	40	300	4	25	5	2	0	0	2	2	1	0	0	0	0
9000	989	40	300	4	25	6	2	0	0	2	2	1	0	0	0	0
9000	990	40	300	4	25	5	2	0	0	3	3	1	0	0	0	0
9000	992	40	300	4	25	5	2	0	0	2	2	1	0	0	0	0
9000	995	40	300	4	25	6	2	0	0	2	2	1	0	0	0	0
9000	996	40	300	4	25	7	2	0	0	3	3	1	0	0	0	0
9000	998	40	300	4	25	5	2	0	0	2	2	1	0	0	0	0
9000	999	40	300	4	25	6	2	0	0	2	2	1	0	0	0	0
9000	2	50	300	4	25	5	2	0	0	2	2	1	0	0	0	0
9000	3	50	300	4	25	8	2	0	0	3	3	1	0	0	0	0
9000	5	50	300	4	25	9	2	0	0	4	4	1	0	0	0	0
9000	6	50	300	4	25	6	2	0	0	2	2	1	0	0	0	0
9000	7	50	300	4	25	7	2	1	1	2.33333	3	0.777778	0	0	0	0
9000	8	50	300	4	25	10	2	1	0	4	4	1	0	0	0	0
9000	9	50	300	4	25	6	2	0	0	4	4	1	0	0	0	0
9000	12	50	300	4	25	6	2	0	0	3	3	1	0	0	0	0
9000	14	50	300	4	25	7	2	0	0	2	2	1	0	0	0	0
9000	18	50	300	4	25	8	2	0	0	5	5	1	0	0	0	0
9000	19	50	300	4	25	7	2	0	0	2	2	1	0	0	0	0
9000	20	50	300	4	25	4	2	0	0	2	2	1	0	0	0	0
9000	21	50	300	4	25	7	2	0	0	3	3	1	0	0	0	0
9000	24	50	300	4	25	7	2	0	0	2	2	1	0	0	0	0
9000	26	50	300	4	25	4	2	0	0	2	2	1	0	0	0	0
9000	27	50	300	4	25	7	2	0	0	5	5	1	0	0	0	0
9000	28	50	300	4	25	8	2	1	0	3	3	1	0	0	0.01	0
9000	29	50	300	4	25	6	2	0	0	2	2	1	0	0	0	0
9000	31	50	300	4	25	4	2	0	0	1	1	1	0	0	0	0
9000	33	50	300	4	25	8	2	0	0	5	5	1	0	0	0	0
9000	34	50	300	4	25	5	2	0	0	3	3	1	0	0	0	0
9000	35	50	300	4	25	4	2	0	0	2	2	1	0	0	0	0
9000	36	50	300	4	25	6	2	0	0	2	2	1	0	0	0	0
9000	37	50	300	4	25	7	2	0	0	3	3	1	0	0	0	0
9000	40	50	300	4	25	5	2	0	0	3	3	1	0	0	0	0
9000	42	50	300	4	25	4	2	0	0	2	2	1	0	0	0	0
9000	47	50	300	4	25	4	2	0	0	2	2	1	0	0	0	0
9000	48	50	300	4	25	5	2	0	0	2	2	1	0	0	0	0
9000	51	50	300	4	25	6	2	0	0	2	2	1	0	0	0	0
9000	52	50	300	4	25	5	2	0	0	3	3	1	0	0	0	0
9000	53	50	300	4	25	5	2	0	0	2	2	1	0	0	0	0
9000	54	50	300	4	25	5	2	0	0	2	2	1	0	0	0	0
9000	56	50	300	4	25	5	2	0	0	3	3	1	0	0	0	0
9000	57	50	300	4	25	6	2	0	0	2	2	1	0	0	0	0
9000	61	50	300	4	25	8	2	0	0	3	3	1	0	0	0	0
9000	63	50	300	4	25	6	2	0	0	3	3	1	0	0	0	0
9000	66	50	300	4	25	8	2	0	0	3	3	1	0	0	0	0
9000	67	50	300	4	25	5	2	0	0	3	3	1	0	0	0	0
9000	68	50	300	4	25	6	2	0	0	2	2	1	0	0	0	0
9000	69	50	300	4	25	6	2	0	0	3	3	1	0	0	0	0
9000	70	50	300	4	25	7	2	0	0	5	5	1	0	0	0	0
9000	75	50	300	4	25	5	2	0	0	3	3	1	0	0	0	0
9000	76	50	300	4	25	4	2	0	0	2	2	1	0	0	0	0
9000	77	50	300	4	25	7	2	0	0	2	2	1	0	0	0	0
9000	80	50	300	4	25	8	2	0	0	3	3	1	0	0	0	0
9000	82	50	300	4	25	4	2	0	0	2	2	1	0	0	0	0
9000	83	50	300	4	25	7	2	0	0	3	3	1	0	0	0	0
9000	84	50	300	4	25	6	2	0	0	2	2	1	0	0	0	0
9000	86	50	300	4	25	8	2	0	0	3	3	1	0	0	0	0
9000	88	50	300	4	25	8	2	0	0	4	4	1	0	0	0	0
9000	89	50	300	4	25	7	2	0	0	2	2	1	0	0	0	0
9000	92	50	300	4	25	7	2	0	0	2	2	1	0	0	0	0
9000	93	50	300	4	25	6	2	0	0	2	2	1	0	0	0	0
9000	94	50	300	4	25	8	2	1	0	3	3	1	0	0	0	0
9000	95	50	300	4	25	9	2	0	0	4	4	1	0	0	0	0
9000	98	50	300	4	25	6	2	0	0	2	2	1	0	0	0	0
9000	100	50	300	4	25	6	2	0	0	2	2	1	0	0	0	0
9000	102	50	300	4	25	6	2	0	0	2	2	1	0	0	0	0
9000	103	50	300	4	25	8	2	0	0	3	3	1	0	0	0	0
9000	105	50	300	4	25	6	2	0	0	2	2	1	0	0	0	0
9000	106	50	300	4	25	6	2	0	0	2	2	1	0	0	0	0
9000	108	50	300	4	25	5	2	0	0	2	2	1	0	0	0	0
9000	109	50	300	4	25	6	2	0	0	3	3	1	0	0	0	0
9000	110	50	300	4	25	4	2	0	0	2	2	1	0	0	0	0
9000	111	50	300	4	25	7	2	0	0	2	2	1	0	0	0	0
9000	114	50	300	4	25	9	2	0	0	5	5	1	0	0	0	0
9000	115	50	300	4	25	5	2	0	0	2	2	1	0	0	0	0
9000	116	50	300	4	25	4	2	0	0	2	2	1	0	0	0	0
9000	117	50	300	4	25	5	2	0	0	3	3	1	0	0	0	0
9000	118	50	300	4	25	7	2	0	0	4	4	1	0	0	0	0
9000	119	50	300	4	25	5	2	0	0	3	3	1	0	0	0	0
9000	120	50	300	4	25	8	2	0	0	3	3	1	0	0	0	0
9000	123	50	300	4	25	6	2	0	0	2	2	1	0	0	0	0
9000	124	50	300	4	25	8	2	0	0	7	7	1	0	0	0	0
9000	125	50	300	4	25	8	2	0	0	3	3	1	0	0	0	0
9000	126	50	300	4	25	6	2	0	0	2	2	1	0	0	0	0
9000	127	50	300	4	25	5	2	0	0	3	3	1	0	0	0	0
9000	128	50	300	4	25	4	2	0	0	2	2	1	0	0	0	0
9000	131	50	300	4	25	10	2	0	0	6	6	1	0	0	0	0
9000	132	50	300	4	25	6	2	0	0	4	4	1	0	0	0	0
9000	133	50	300	4	25	4	2	0	0	2	2	1	0	0	0	0
9000	134	50	300	4	25	7	2	0	0	2	2	1	0	0	0	0
9000	137	50	300	4	25	7	2	0	0	3	3	1	0	0	0	0
9000	138	50	300	4	25	4	2	0	0	2	2	1	0	0	0	0
9000	139	50	300	4	25	5	2	0	0	2	2	1	0	0	0	0
9000	141	50	300	4	25	5	2	0	0	2	2	1	0	0	0	0
9000	143	50	300	4	25	5	2	0	0	2	2	1	0	0	0	0
9000	145	50	300	4	25	7	2	0	0	2	2	1	0	0	0	0
9000	146	50	300	4	25	9	2	0	0	4	4	1	0	0	0	0
9000	149	50	300	4	25	7	2	0	0	3	3	1	0	0	0	0
9000	152	50	300	4	25	10	2	0	0	6	6	1	0	0	0	0
9000	156	50	300	4	25	9	2	0	0	5	5	1	0	0	0	0
9000	158	50	300	4	25	7	2	0	0	2	2	1	0	0	0	0
9000	164	50	300	4	25	8	2	0	0	4	4	1	0	0	0	0
9000	166	50	300	4	25	6	2	0	0	3	3	1	0	0	0	0
9000	167	50	300	4	25	8	2	1	0	3	3	1	0	0	0	0
9000	170	50	300	4	25	4	2	0	0	2	2	1	0	0	0	0
9000	172	50	300	4	25	4	2	0	0	2	2	1	0	0	0	0
9000	174	50	300	4	25	5	2	0	0	2	2	1	0	0	0	0
9000	175	50	300	4	25	6	2	0	0	3	3	1	0	0	0	0
9000	176	50	300	4	25	8	2	0	0	7	7	1	0	0	0	0
9000	177	50	300	4	25	7	2	0	0	2	2	1	0	0	0	0
9000	178	50	300	4	25	7	2	0	0	2	2	1	0	0	0	0
9000	179	50	300	4	25	8	2	0	0	4	4	1	0	0	0	0
9000	180	50	300	4	25	6	2	0	0	2	2	1	0	0	0	0
9000	181	50	300	4	25	7	2	0	0	2	2	1	0	0	0	0
9000	185	50	300	4	25	7	2	0	0	3	3	1	0	0	0	0
9000	187	50	300	4	25	5	2	0	0	2	2	1	0	0	0	0
9000	188	50	300	4	25	4	2	0	0	1	1	1	0	0	0	0
9000	189	50	300	4	25	5	2	0	0	2	2	1	0	0	0	0
9000	190	50	300	4	25	7	2	0	0	5	5	1	0	0	0	0
9000	191	50	300	4	25	5	2	0	0	3	3	1	0	0	0	0
9000	192	50	300	4	25	11	2	0	0	7	7	1	0	0	0	0
9000	194	50	300	4	25	9	2	0	0	5	5	1	0	0	0	0
9000	195	50	300	4	25	8	2	0	0	3	3	1	0	0	0	0
9000	197	50	300	4	25	4	2	0	0	2	2	1	0	0	0	0
9000	198	50	300	4	25	8	2	0	0	5	5	1	0	0	0	0
9000	199	50	300	4	25	7	2	0	0	2	2	1	0	0	0	0
9000	201	50	300	4	25	5	2	1	0	2	2	1	0	0	0	0
9000	204	50	300	4	25	5	2	0	0	2	2	1	0	0	0	0
9000	207	50	300	4	25	8	2	0	0	4	4	1	0	0	0	0
9000	209	50	300	4	25	7	2	0	0	2	2	1	0	0	0	0
9000	210	50	300	4	25	6	2	0	0	3	3	1	0	0	0	0
9000	213	50	300	4	25	5	2	0	0	1	1	1	0	0	0	0
9000	214	50	300	4	25	5	2	0	0	3	3	1	0	0	0	0
9000	215	50	300	4	25	8	2	0	0	7	7	1	0	0	0	0
9000	216	50	300	4	25	6	2	0	0	2	2	1	0	0	0	0
9000	218	50	300	4	25	9	2	0	0	4	4	1	0	0	0	0
9000	221	50	300	4	25	6	2	0	0	2	2	1	0	0	0	0
9000	222	50	300	4	25	14	2	0	0	10	10	1	0	0	0	0
9000	223	50	300	4	25	9	2	1	0	4	4	1	0	0	0	0
9000	224	50	300	4	25	8	2	0	0	3	3	1	0	0	0	0
9000	225	50	300	4	25	7	2	0	0	5	5	1	0	0	0	0
9000	227	50	300	4	25	10	2	0	0	5	5	1	0	0	0	0
9000	228	50	300	4	25	4	2	0	0	2	2	1	0	0	0	0
9000	229	50	300	4	25	6	2	0	0	3	3	1	0	0	0	0
9000	230	50	300	4	25	5	2	0	0	3	3	1	0	0	0	0
9000	237	50	300	4	25	5	2	1	0	2	2	1	0	0	0	0
9000	239	50	300	4	25	6	2	0	0	2	2	1	0	0	0	0
9000	240	50	300	4	25	5	2	0	0	2	2	1	0	0	0	0
9000	241	50	300	4	25	6	2	0	0	3	3	1	0	0	0	0
9000	247	50	300	4	25	6	2	0	0	2	2	1	0	0	0	0
9000	248	50	300	4	25	5	2	0	0	2	2	1	0	0	0	0
9000	249	50	300	4	25	6	2	0	0	2	2	1	0	0	0	0
9000	252	50	300	4	25	7	2	0	0	3	3	1	0	0	0	0
9000	254	50	300	4	25	6	2	0	0	5	5	1	0	0	0	0
9000	257	50	300	4	25	6	2	0	0	2	2	1	0	0	0	0
9000	258	50	300	4	25	5	2	0	0	2	2	1	0	0	0	0
9000	260	50	300	4	25	7	2	0	0	3	3	1	0	0	0	0
9000	262	50	300	4	25	5	2	0	0	3	3	1	0	0	0	0
9000	264	50	300	4	25	4	2	0	0	2	2	1	0	0	0	0
9000	265	50	300	4	25	6	2	0	0	3	3	1	0	0	0	0
9000	266	50	300	4	25	4	2	0	0	1	1	1	0	0	0	0
9000	267	50	300	4	25	6	2	0	0	4	4	1	0	0	0	0
9000	269	50	300	4	25	7	2	0	0	4	4	1	0	0	0	0
9000	270	50	300	4	25	7	2	0	0	3	3	1	0	0	0	0
9000	276	50	300	4	25	4	2	0	0	2	2	1	0	0	0	0
9000	277	50	300	4	25	7	2	0	0	4	4	1	0	0	0	0
9000	278	50	300	4	25	5	2	0	0	2	2	1	0	0	0	0
9000	279	50	300	4	25	8	2	0	0	6	6	1	0	0	0	0
9000	280	50	300	4	25	8	2	1	0	3	3	1	0	0	0	0
9000	281	50	300	4	25	4	2	0	0	2	2	1	0	0	0	0
9000	282	50	300	4	25	4	2	0	0	2	2	1	0	0	0	0
9000	283	50	300	4	25	5	2	0	0	2	2	1	0	0	0	0
9000	284	50	300	4	25	7	2	0	0	3	3	1	0	0	0	0
9000	285	50	300	4	25	6	2	0	0	5	5	1	0	0	0	0
9000	288	50	300	4	25	6	2	0	0	2	2	1	0	0	0	0
9000	290	50	300	4	25	9	2	0	0	3	3	1	0	0	0	0
9000	291	50	300	4	25	8	2	0	0	4	4	1	0	0	0	0
9000	292	50	300	4	25	8	2	0	0	4	4	1	0	0	0	0
9000	293	50	300	4	25	6	2	0	0	2	2	1	0	0	0	0
9000	294	50	300	4	25	6	2	0	0	3	3	1	0	0	0	0
9000	295	50	300	4	25	5	2	0	0	2	2	1	0	0	0	0
9000	297	50	300	4	25	10	2	0	0	6	6	1	0	0	0	0
9000	298	50	300	4	25	4	2	0	0	1	1	1	0	0	0	0
9000	302	50	300	4	25	6	2	0	0	2	2	1	0	0	0	0
9000	303	50	300	4	25	5	2	0	0	2	2	1	0	0	0	0
9000	304	50	300	4	25	6	2	0	0	2	2	1	0	0	0	0
9000	305	50	300	4	25	4	2	0	0	1	1	1	0	0	0	0
9000	306	50	300	4	25	6	2	0	0	2	2	1	0	0	0	0
9000	311	50	300	4	25	7	2	0	0	2	2	1	0	0	0	0
9000	313	50	300	4	25	5	2	0	0	2	2	1	0	0	0	0
9000	314	50	300	4	25	6	2	0	0	2	2	1	0	0	0	0
9000	316	50	300	4	25	5	2	0	0	2	2	1	0	0	0	0
9000	317	50	300	4	25	8	2	0	0	4	4	1	0	0	0	0
9000	318	50	300	4	25	7	2	0	0	2	2	1	0	0	0	0
9000	319	50	300	4	25	7	2	0	0	4	4	1	0	0	0	0
9000	320	50	300	4	25	4	2	0	0	1	1	1	0	0	0	0
9000	321	50	300	4	25	6	2	0	0	2	2	1	0	0	0	0
9000	322	50	300	4	25	5	2	0	0	2	2	1	0	0	0	0
9000	323	50	300	4	25	8	2	1	0	3	3	1	0	0	0	0
9000	324	50	300	4	25	8	2	0	0	5	5	1	0	0	0	0
9000	327	50	300	4	25	6	2	0	0	3	3	1	0	0	0	0
9000	328	50	300	4	25	4	2	0	0	2	2	1	0	0	0	0
9000	329	50	300	4	25	6	2	0	0	2	2	1	0	0	0	0
9000	330	50	300	4	25	6	2	0	0	2	2	1	0	0	0	0
9000	332	50	300	4	25	6	2	0	0	2	2	1	0	0	0	0
9000	337	50	300	4	25	6	2	0	0	3	3	1	0	0	0	0
9000	340	50	300	4	25	6	2	0	0	2	2	1	0	0	0	0
9000	341	50	300	4	25	5	2	0	0	2	2	1	0	0	0	0
9000	342	50	300	4	25	6	2	0	0	2	2	1	0	0	0	0
9000	344	50	300	4	25	8	2	0	0	4	4	1	0	0	0	0
9000	346	50	300	4	25	8	2	0	0	5	5	1	0	0	0	0
9000	347	50	300	4	25	6	2	0	0	2	2	1	0	0	0	0
9000	350	50	300	4	25	7	2	0	0	5	5	1	0	0	0	0
9000	351	50	300	4	25	9	2	0	0	5	5	1	0	0	0	0
9000	354	50	300	4	25	8	2	0	0	5	5	1	0	0	0	0
9000	355	50	300	4	25	5	2	0	0	3	3	1	0	0	0	0
9000	356	50	300	4	25	6	2	0	0	2	2	1	0	0	0	0
9000	360	50	300	4	25	9	2	0	0	4	4	1	0	0	0	0
9000	361	50	300	4	25	7	2	0	0	4	4	1	0	0	0	0
9000	363	50	300	4	25	7	2	0	0	2	2	1	0	0	0	0
9000	364	50	300	4	25	11	2	0	0	6	6	1	0	0	0	0
9000	365	50	300	4	25	4	2	0	0	2	2	1	0	0	0	0
9000	366	50	300	4	25	4	2	0	0	1	1	1	0	0	0	0
9000	372	50	300	4	25	9	2	0	0	3	3	1	0	0	0	0
9000	373	50	300	4	25	8	2	0	0	4	4	1	0	0	0	0
9000	374	50	300	4	25	5	2	0	0	2	2	1	0	0	0	0
9000	376	50	300	4	25	9	2	0	0	4	4	1	0	0	0	0
9000	378	50	300	4	25	4	2	0	0	2	2	1	0	0	0	0
9000	379	50	300	4	25	8	2	0	0	3	3	1	0	0	0	0
9000	380	50	300	4	25	5	2	0	0	2	2	1	0	0	0	0
9000	383	50	300	4	25	4	2	0	0	1	1	1	0	0	0	0
9000	384	50	300	4	25	4	2	0	0	2	2	1	0	0	0	0
9000	385	50	300	4	25	8	2	0	0	4	4	1	0	0	0	0
9000	386	50	300	4	25	6	2	0	0	3	3	1	0	0	0	0
9000	387	50	300	4	25	4	2	0	0	2	2	1	0	0	0	0
9000	388	50	300	4	25	5	2	0	0	2	2	1	0	0	0	0
9000	392	50	300	4	25	8	2	0	0	4	4	1	0	0	0	0
9000	393	50	300	4	25	7	2	0	0	3	3	1	0	0	0	0
9000	395	50	300	4	25	4	2	0	0	2	2	1	0	0	0	0
9000	396	50	300	4	25	6	2	0	0	2	2	1	0	0	0	0
9000	397	50	300	4	25	4	2	0	0	2	2	1	0	0	0	0
9000	399	50	300	4	25	7	2	0	0	2	2	1	0	0	0	0
9000	400	50	300	4	25	7	2	0	0	5	5	1	0	0	0	0
9000	401	50	300	4	25	7	2	0	0	2	2	1	0	0	0	0
9000	406	50	300	4	25	4	2	0	0	2	2	1	0	0	0	0
9000	407	50	300	4	25	5	2	0	0	1	1	1	0	0	0	0
9000	408	50	300	4	25	6	2	0	0	2	2	1	0	0	0	0
9000	409	50	300	4	25	5	2	0	0	2	2	1	0	0	0	0
9000	414	50	300	4	25	6	2	0	0	2	2	1	0	0	0	0
9000	415	50	300	4	25	7	2	0	0	2	2	1	0	0	0	0
9000	416	50	300	4	25	8	2	0	0	5	5	1	0	0	0	0
9000	418	50	300	4	25	6	2	0	0	2	2	1	0	0	0	0
9000	423	50	300	4	25	7	2	0	0	2	2	1	0	0	0	0
9000	425	50	300	4	25	7	2	0	0	3	3	1	0	0	0	0
9000	428	50	300	4	25	8	2	0	0	5	5	1	0	0	0	0
9000	429	50	300	4	25	7	2	0	0	2	2	1	0	0	0	0
9000	430	50	300	4	25	6	2	0	0	2	2	1	0	0	0	0
9000	431	50	300	4	25	5	2	0	0	2	2	1	0	0	0	0
9000	432	50	300	4	25	7	2	0	0	2	2	1	0	0	0	0
9000	436	50	300	4	25	4	2	0	0	2	2	1	0	0	0	0
9000	437	50	300	4	25	7	2	0	0	3	3	1	0	0	0	0
9000	438	50	300	4	25	10	2	0	0	7	7	1	0	0	0	0
9000	440	50	300	4	25	8	2	0	0	3	3	1	0	0	0	0
9000	441	50	300	4	25	7	2	0	0	2	2	1	0	0	0	0
9000	442	50	300	4	25	5	2	0	0	2	2	1	0	0	0	0
9000	445	50	300	4	25	4	2	0	0	2	2	1	0	0	0	0
9000	446	50	300	4	25	6	2	0	0	2	2	1	0	0	0	0
9000	449	50	300	4	25	7	2	0	0	2	2	1	0	0	0	0
9000	452	50	300	4	25	4	2	0	0	1	1	1	0	0	0	0
9000	453	50	300	4	25	5	2	0	0	2	2	1	0	0	0	0
9000	454	50	300	4	25	5	2	0	0	2	2	1	0	0	0	0
9000	456	50	300	4	25	6	2	0	0	4	4	1	0	0	0	0
9000	458	50	300	4	25	7	2	0	0	2	2	1	0	0	0	0
9000	459	50	300	4	25	5	2	0	0	1	1	1	0	0	0	0
9000	460	50	300	4	25	7	2	0	0	2	2	1	0	0	0	0
9000	462	50	300	4	25	4	2	0	0	2	2	1	0	0	0	0
9000	463	50	300	4	25	7	2	0	0	4	4	1	0	0	0	0
9000	466	50	300	4	25	9	2	0	0	6	6	1	0	0	0	0
9000	467	50	300	4	25	5	2	0	0	3	3	1	0	0	0	0
9000	469	50	300	4	25	7	2	0	0	3	3	1	0	0	0	0
9000	473	50	300	4	25	7	2	0	0	4	4	1	0	0	0	0
9000	476	50	300	4	25	5	2	0	0	2	2	1	0	0	0	0
9000	478	50	300	4	25	7	2	0	0	2	2	1	0	0	0	0
9000	481	50	300	4	25	8	2	0	0	6	6	1	0	0	0	0
9000	484	50	300	4	25	5	2	0	0	2	2	1	0	0	0	0
9000	485	50	300	4	25	7	2	0	0	4	4	1	0	0	0	0
9000	486	50	300	4	25	6	2	0	0	4	4	1	0	0	0	0
9000	490	50	300	4	25	9	2	0	0	4	4	1	0	0	0	0
9000	491	50	300	4	25	7	2	0	0	2	2	1	0	0	0	0
9000	496	50	300	4	25	6	2	0	0	2	2	1	0	0	0	0
9000	497	50	300	4	25	7	2	0	0	3	3	1	0	0	0	0
9000	498	50	300	4	25	9	2	0	0	4	4	1	0	0	0	0
9000	499	50	300	4	25	5	2	0	0	2	2	1	0	0	0	0
9000	500	50	300	4	25	9	2	1	0	4	4	1	0	0	0	0
9000	504	50	300	4	25	6	2	0	0	2	2	1	0	0	0	0
9000	505	50	300	4	25	6	2	0	0	2	2	1	0	0	0	0
9000	506	50	300	4	25	4	2	0	0	1	1	1	0	0	0	0
9000	508	50	300	4	25	10	2	0	0	5	5	1	0	0	0	0
9000	511	50	300	4	25	6	2	0	0	3	3	1	0	0	0	0
9000	513	50	300	4	25	8	2	0	0	3	3	1	0	0	0	0
9000	514	50	300	4	25	7	2	0	0	2	2	1	0	0	0	0
9000	515	50	300	4	25	8	2	0	0	3	3	1	0	0	0	0
9000	516	50	300	4	25	4	2	0	0	1	1	1	0	0	0	0
9000	517	50	300	4	25	7	2	0	0	3	3	1	0	0	0	0
9000	519	50	300	4	25	6	2	0	0	4	4	1	0	0	0	0
9000	520	50	300	4	25	5	2	1	1	1.5	2	0.75	0	0	0	0
9000	522	50	300	4	25	8	2	0	0	3	3	1	0	0	0	0
9000	523	50	300	4	25	4	2	0	0	2	2	1	0	0	0	0
9000	527	50	300	4	25	4	2	0	0	2	2	1	0	0	0	0
9000	532	50	300	4	25	4	2	0	0	1	1	1	0	0	0	0
9000	536	50	300	4	25	7	2	0	0	3	3	1	0	0	0	0
9000	537	50	300	4	25	6	2	0	0	1	1	1	0	0	0	0
9000	543	50	300	4	25	4	2	0	0	2	2	1	0	0	0	0
9000	545	50	300	4	25	6	2	0	0	2	2	1	0	0	0	0
9000	546	50	300	4	25	7	2	0	0	3	3	1	0	0	0	0
9000	547	50	300	4	25	4	2	0	0	2	2	1	0	0	0	0
9000	548	50	300	4	25	6	2	0	0	2	2	1	0	0	0	0
9000	549	50	300	4	25	6	2	0	0	2	2	1	0	0	0	0
9000	550	50	300	4	25	4	2	0	0	2	2	1	0	0	0	0
9000	551	50	300	4	25	6	2	0	0	2	2	1	0	0	0	0
9000	554	50	300	4	25	6	2	1	0	2	2	1	0	0	0	0
9000	556	50	300	4	25	6	2	0	0	2	2	1	0	0	0	0
9000	558	50	300	4	25	8	2	0	0	4	4	1	0	0	0	0
9000	560	50	300	4	25	6	2	0	0	2	2	1	0	0	0	0
9000	561	50	300	4	25	6	2	0	0	3	3	1	0	0	0	0
9000	563	50	300	4	25	11	2	0	0	6	6	1	0	0	0	0
9000	564	50	300	4	25	8	2	0	0	3	3	1	0	0	0	0
9000	565	50	300	4	25	9	2	0	0	3	3	1	0	0	0	0
9000	567	50	300	4	25	6	2	0	0	3	3	1	0	0	0	0
9000	568	50	300	4	25	6	2	1	1	1.5	2	0.75	0	0	0	0
9000	569	50	300	4	25	4	2	0	0	2	2	1	0	0	0	0
9000	570	50	300	4	25	9	2	0	0	4	4	1	0	0	0	0
9000	572	50	300	4	25	7	2	0	0	3	3	1	0	0	0	0
9000	574	50	300	4	25	5	2	0	0	2	2	1	0	0	0	0
9000	575	50	300	4	25	4	2	0	0	1	1	1	0	0	0	0
9000	576	50	300	4	25	7	2	0	0	2	2	1	0	0	0	0
9000	577	50	300	4	25	7	2	0	0	3	3	1	0	0	0	0
9000	578	50	300	4	25	7	2	0	0	4	4	1	0	0	0	0
9000	580	50	300	4	25	6	2	0	0	3	3	1	0	0	0	0
9000	581	50	300	4	25	8	2	1	0	3	3	1	0	0	0	0
9000	582	50	300	4	25	6	2	0	0	2	2	1	0	0	0	0
9000	585	50	300	4	25	5	2	0	0	2	2	1	0	0	0	0
9000	586	50	300	4	25	8	2	1	1	2.5	3	0.833333	0	0	0	0
9000	588	50	300	4	25	5	2	0	0	3	3	1	0	0	0	0
9000	589	50	300	4	25	6	2	0	0	2	2	1	0	0	0	0
9000	590	50	300	4	25	6	2	0	0	2	2	1	0	0	0	0
9000	592	50	300	4	25	7	2	0	0	4	4	1	0	0	0	0
9000	594	50	300	4	25	7	2	0	0	3	3	1	0	0	0	0
9000	595	50	300	4	25	8	2	1	0	3	3	1	0	0	0	0
9000	596	50	300	4	25	7	2	0	0	3	3	1	0	0	0	0
9000	598	50	300	4	25	7	2	0	0	5	5	1	0	0	0	0
9000	600	50	300	4	25	7	2	0	0	2	2	1	0	0	0	0
9000	601	50	300	4	25	6	2	0	0	2	2	1	0	0	0	0
9000	604	50	300	4	25	5	2	0	0	2	2	1	0	0	0	0
9000	605	50	300	4	25	6	2	0	0	2	2	1	0	0	0	0
9000	606	50	300	4	25	4	2	0	0	1	1	1	0	0	0	0
9000	607	50	300	4	25	8	2	0	0	4	4	1	0	0	0	0
9000	608	50	300	4	25	6	2	0	0	2	2	1	0	0	0	0
9000	609	50	300	4	25	4	2	0	0	1	1	1	0	0	0	0
9000	611	50	300	4	25	6	2	0	0	3	3	1	0	0	0	0
9000	613	50	300	4	25	8	2	0	0	3	3	1	0	0	0	0
9000	614	50	300	4	25	7	2	0	0	3	3	1	0	0	0	0
9000	617	50	300	4	25	4	2	0	0	1	1	1	0	0	0	0
9000	618	50	300	4	25	5	2	0	0	2	2	1	0	0	0	0
9000	619	50	300	4	25	4	2	0	0	1	1	1	0	0	0	0
9000	620	50	300	4	25	4	2	0	0	2	2	1	0	0	0	0
9000	621	50	300	4	25	6	2	0	0	3	3	1	0	0	0	0
9000	623	50	300	4	25	10	2	0	0	4	4	1	0	0	0	0
9000	624	50	300	4	25	7	2	0	0	2	2	1	0	0	0	0
9000	626	50	300	4	25	4	2	0	0	2	2	1	0	0	0	0
9000	628	50	300	4	25	5	2	0	0	2	2	1	0	0	0	0
9000	629	50	300	4	25	4	2	0	0	1	1	1	0	0	0	0
9000	630	50	300	4	25	8	2	0	0	4	4	1	0	0	0	0
9000	633	50	300	4	25	7	2	0	0	2	2	1	0	0	0	0
9000	634	50	300	4	25	6	2	0	0	4	4	1	0	0	0	0
9000	635	50	300	4	25	4	2	0	0	2	2	1	0	0	0	0
9000	639	50	300	4	25	4	2	0	0	1	1	1	0	0	0	0
9000	640	50	300	4	25	7	2	0	0	5	5	1	0	0	0	0
9000	641	50	300	4	25	7	2	0	0	3	3	1	0	0	0	0
9000	644	50	300	4	25	7	2	0	0	4	4	1	0	0	0	0
9000	645	50	300	4	25	8	2	0	0	3	3	1	0	0	0	0
9000	646	50	300	4	25	8	2	0	0	4	4	1	0	0	0	0
9000	649	50	300	4	25	9	2	0	0	4	4	1	0	0	0	0
9000	652	50	300	4	25	4	2	0	0	2	2	1	0	0	0	0
9000	654	50	300	4	25	4	2	0	0	2	2	1	0	0	0	0
9000	655	50	300	4	25	6	2	0	0	3	3	1	0	0	0	0
9000	656	50	300	4	25	8	2	0	0	5	5	1	0	0	0	0
9000	657	50	300	4	25	5	2	0	0	2	2	1	0	0	0	0
9000	659	50	300	4	25	5	2	0	0	2	2	1	0	0	0	0
9000	660	50	300	4	25	5	2	0	0	2	2	1	0	0	0	0
9000	661	50	300	4	25	6	2	0	0	1	1	1	0	0	0	0
9000	662	50	300	4	25	10	2	0	0	4	4	1	0	0	0	0
9000	663	50	300	4	25	9	2	0	0	4	4	1	0	0	0	0
9000	664	50	300	4	25	4	2	0	0	2	2	1	0	0	0	0
9000	665	50	300	4	25	9	2	0	0	4	4	1	0	0	0	0
9000	667	50	300	4	25	4	2	0	0	2	2	1	0	0	0	0
9000	668	50	300	4	25	6	2	0	0	2	2	1	0	0	0	0
9000	671	50	300	4	25	7	2	0	0	3	3	1	0	0	0	0
9000	674	50	300	4	25	4	2	0	0	2	2	1	0	0	0	0
9000	677	50	300	4	25	7	2	0	0	2	2	1	0	0	0	0
9000	678	50	300	4	25	5	2	0	0	3	3	1	0	0	0	0
9000	681	50	300	4	25	6	2	0	0	1	1	1	0	0	0	0
9000	683	50	300	4	25	6	2	0	0	2	2	1	0	0	0	0
9000	685	50	300	4	25	4	2	0	0	2	2	1	0	0	0	0
9000	687	50	300	4	25	8	2	0	0	4	4	1	0	0	0	0
9000	688	50	300	4	25	9	2	0	0	5	5	1	0	0	0	0
9000	689	50	300	4	25	8	2	0	0	3	3	1	0	0	0	0
9000	691	50	300	4	25	8	2	0	0	3	3	1	0	0	0	0
9000	692	50	300	4	25	6	2	0	0	2	2	1	0	0	0	0
9000	693	50	300	4	25	6	2	0	0	4	4	1	0	0	0	0
9000	694	50	300	4	25	6	2	0	0	4	4	1	0	0	0	0
9000	695	50	300	4	25	6	2	0	0	2	2	1	0	0	0	0
9000	696	50	300	4	25	8	2	1	0	2	2	1	0	0	0	0
9000	697	50	300	4	25	7	2	0	0	3	3	1	0	0	0	0
9000	698	50	300	4	25	5	2	0	0	2	2	1	0	0	0	0
9000	702	50	300	4	25	8	2	1	0	2	2	1	0	0	0	0
9000	705	50	300	4	25	5	2	0	0	2	2	1	0	0	0	0
9000	709	50	300	4	25	6	2	0	0	2	2	1	0	0	0	0
9000	711	50	300	4	25	7	2	0	0	3	3	1	0	0	0	0
9000	713	50	300	4	25	6	2	0	0	3	3	1	0	0	0	0
9000	714	50	300	4	25	8	2	0	0	5	5	1	0	0	0	0
9000	716	50	300	4	25	10	2	0	0	5	5	1	0	0	0	0
9000	718	50	300	4	25	4	2	0	0	2	2	1	0	0	0	0
9000	719	50	300	4	25	5	2	0	0	2	2	1	0	0	0	0
9000	720	50	300	4	25	4	2	0	0	2	2	1	0	0	0	0
9000	721	50	300	4	25	8	2	0	0	3	3	1	0	0	0	0
9000	723	50	300	4	25	4	2	0	0	2	2	1	0	0	0	0
9000	724	50	300	4	25	7	2	0	0	2	2	1	0	0	0	0
9000	727	50	300	4	25	5	2	0	0	3	3	1	0	0	0	0
9000	728	50	300	4	25	7	2	0	0	3	3	1	0	0	0	0
9000	729	50	300	4	25	5	2	0	0	1	1	1	0	0	0	0
9000	730	50	300	4	25	5	2	0	0	1	1	1	0	0	0	0
9000	731	50	300	4	25	6	2	0	0	2	2	1	0	0	0	0
9000	733	50	300	4	25	5	2	0	0	2	2	1	0	0	0	0
9000	734	50	300	4	25	7	2	0	0	2	2	1	0	0	0	0
9000	735	50	300	4	25	10	2	0	0	6	6	1	0	0	0	0
9000	737	50	300	4	25	5	2	0	0	3	3	1	0	0	0	0
9000	741	50	300	4	25	5	2	0	0	2	2	1	0	0	0	0
9000	742	50	300	4	25	4	2	0	0	2	2	1	0	0	0	0
9000	743	50	300	4	25	8	2	0	0	4	4	1	0	0	0	0
9000	744	50	300	4	25	5	2	0	0	2	2	1	0	0	0	0
9000	747	50	300	4	25	6	2	0	0	4	4	1	0	0	0	0
9000	750	50	300	4	25	6	2	0	0	4	4	1	0	0	0	0
9000	751	50	300	4	25	6	2	0	0	3	3	1	0	0	0	0
9000	753	50	300	4	25	4	2	0	0	2	2	1	0	0	0	0
9000	754	50	300	4	25	7	2	0	0	4	4	1	0	0	0	0
9000	755	50	300	4	25	6	2	0	0	2	2	1	0	0	0	0
9000	756	50	300	4	25	5	2	0	0	2	2	1	0	0	0	0
9000	757	50	300	4	25	9	2	0	0	5	5	1	0	0	0	0
9000	758	50	300	4	25	7	2	0	0	5	5	1	0	0	0	0
9000	759	50	300	4	25	7	2	1	0	3	3	1	0	0	0	0
9000	761	50	300	4	25	7	2	0	0	3	3	1	0	0	0	0
9000	762	50	300	4	25	7	2	0	0	2	2	1	0	0	0	0
9000	764	50	300	4	25	5	2	0	0	3	3	1	0	0	0	0
9000	767	50	300	4	25	7	2	0	0	3	3	1	0	0	0	0
9000	769	50	300	4	25	4	2	0	0	1	1	1	0	0	0	0
9000	770	50	300	4	25	6	2	0	0	3	3	1	0	0	0	0
9000	773	50	300	4	25	4	2	0	0	2	2	1	0	0	0	0
9000	775	50	300	4	25	7	2	1	0	3	3	1	0	0	0	0
9000	776	50	300	4	25	5	2	0	0	2	2	1	0	0	0	0
9000	779	50	300	4	25	6	2	0	0	2	2	1	0	0	0	0
9000	781	50	300	4	25	5	2	0	0	2	2	1	0	0	0	0
9000	782	50	300	4	25	6	2	0	0	2	2	1	0	0	0	0
9000	783	50	300	4	25	8	2	0	0	3	3	1	0	0	0	0
9000	784	50	300	4	25	8	2	0	0	5	5	1	0	0	0	0
9000	785	50	300	4	25	10	2	0	0	6	6	1	0	0	0	0
9000	786	50	300	4	25	8	2	0	0	3	3	1	0	0	0	0
9000	787	50	300	4	25	8	2	0	0	2	2	1	0	0	0	0
9000	788	50	300	4	25	5	2	0	0	2	2	1	0	0	0	0
9000	789	50	300	4	25	4	2	0	0	2	2	1	0	0	0	0
9000	790	50	300	4	25	8	2	0	0	3	3	1	0	0	0	0
9000	791	50	300	4	25	11	2	0	0	5	5	1	0	0	0	0
9000	796	50	300	4	25	4	2	0	0	2	2	1	0	0	0	0
9000	797	50	300	4	25	5	2	0	0	2	2	1	0	0	0	0
9000	798	50	300	4	25	8	2	0	0	2	2	1	0	0	0	0
9000	799	50	300	4	25	7	2	1	1	2.5	3	0.833333	0	0	0	0
9000	800	50	300	4	25	8	2	0	0	4	4	1	0	0	0	0
9000	801	50	300	4	25	8	2	0	0	3	3	1	0	0	0	0
9000	805	50	300	4	25	7	2	0	0	3	3	1	0	0	0	0
9000	809	50	300	4	25	5	2	0	0	3	3	1	0	0	0	0
9000	813	50	300	4	25	4	2	0	0	2	2	1	0	0	0	0
9000	814	50	300	4	25	9	2	0	0	5	5	1	0	0	0	0
9000	817	50	300	4	25	5	2	0	0	2	2	1	0	0	0	0
9000	821	50	300	4	25	6	2	0	0	2	2	1	0	0	0	0
9000	822	50	300	4	25	4	2	0	0	2	2	1	0	0	0	0
9000	823	50	300	4	25	7	2	0	0	2	2	1	0	0	0	0
9000	824	50	300	4	25	7	2	0	0	3	3	1	0	0	0	0
9000	825	50	300	4	25	8	2	0	0	2	2	1	0	0	0	0
9000	828	50	300	4	25	5	2	0	0	2	2	1	0	0	0	0
9000	829	50	300	4	25	9	2	1	0	4	4	1	0	0	0	0
9000	834	50	300	4	25	6	2	0	0	3	3	1	0	0	0	0
9000	835	50	300	4	25	4	2	0	0	2	2	1	0	0	0	0
9000	838	50	300	4	25	5	2	0	0	2	2	1	0	0	0	0
9000	842	50	300	4	25	7	2	0	0	3	3	1	0	0	0	0
9000	844	50	300	4	25	6	2	0	0	4	4	1	0	0	0	0
9000	845	50	300	4	25	6	2	0	0	2	2	1	0	0	0	0
9000	846	50	300	4	25	7	2	0	0	2	2	1	0	0	0	0
9000	847	50	300	4	25	6	2	0	0	3	3	1	0	0	0	0
9000	850	50	300	4	25	10	2	0	0	5	5	1	0	0	0	0
9000	852	50	300	4	25	6	2	0	0	3	3	1	0	0	0	0
9000	854	50	300	4	25	9	2	0	0	5	5	1	0	0	0	0
9000	856	50	300	4	25	5	2	0	0	2	2	1	0	0	0	0
9000	857	50	300	4	25	4	2	0	0	1	1	1	0	0	0	0
9000	858	50	300	4	25	11	2	0	0	5	5	1	0	0	0	0
9000	862	50	300	4	25	12	2	0	0	5	5	1	0	0	0	0
9000	864	50	300	4	25	4	2	0	0	2	2	1	0	0	0	0
9000	865	50	300	4	25	7	2	0	0	3	3	1	0	0	0	0
9000	867	50	300	4	25	5	2	0	0	1	1	1	0	0	0	0
9000	869	50	300	4	25	5	2	0	0	2	2	1	0	0	0	0
9000	871	50	300	4	25	7	2	0	0	2	2	1	0	0	0	0
9000	873	50	300	4	25	4	2	0	0	1	1	1	0	0	0	0
9000	874	50	300	4	25	8	2	0	0	4	4	1	0	0	0	0
9000	875	50	300	4	25	6	2	0	0	3	3	1	0	0	0	0
9000	877	50	300	4	25	9	2	0	0	5	5	1	0	0	0	0
9000	878	50	300	4	25	5	2	0	0	2	2	1	0	0	0	0
9000	879	50	300	4	25	7	2	1	1	2.5	3	0.833333	0	0	0	0
9000	880	50	300	4	25	7	2	0	0	3	3	1	0	0	0	0
9000	881	50	300	4	25	6	2	0	0	3	3	1	0	0	0	0
9000	882	50	300	4	25	5	2	0	0	2	2	1	0	0	0	0
9000	884	50	300	4	25	7	2	0	0	2	2	1	0	0	0	0
9000	886	50	300	4	25	4	2	0	0	2	2	1	0	0	0	0
9000	887	50	300	4	25	6	2	0	0	2	2	1	0	0	0	0
9000	888	50	300	4	25	7	2	0	0	2	2	1	0	0	0	0
9000	889	50	300	4	25	8	2	0	0	4	4	1	0	0	0	0
9000	894	50	300	4	25	6	2	0	0	3	3	1	0	0	0	0
9000	895	50	300	4	25	7	2	0	0	2	2	1	0	0	0	0
9000	896	50	300	4	25	8	2	0	0	5	5	1	0	0	0	0
9000	897	50	300	4	25	6	2	0	0	4	4	1	0	0	0	0
9000	901	50	300	4	25	7	2	0	0	3	3	1	0	0	0	0
9000	903	50	300	4	25	5	2	0	0	2	2	1	0	0	0	0
9000	907	50	300	4	25	4	2	0	0	2	2	1	0	0	0	0
9000	908	50	300	4	25	8	2	0	0	3	3	1	0	0	0	0
9000	909	50	300	4	25	7	2	0	0	3	3	1	0	0	0	0
9000	910	50	300	4	25	6	2	0	0	2	2	1	0	0	0	0
9000	912	50	300	4	25	7	2	0	0	3	3	1	0	0	0	0
9000	913	50	300	4	25	6	2	0	0	4	4	1	0	0	0	0
9000	915	50	300	4	25	4	2	0	0	1	1	1	0	0	0	0
9000	916	50	300	4	25	9	2	0	0	4	4	1	0	0	0	0
9000	918	50	300	4	25	6	2	0	0	2	2	1	0	0	0	0
9000	919	50	300	4	25	6	2	0	0	2	2	1	0	0	0	0
9000	920	50	300	4	25	6	2	0	0	2	2	1	0	0	0	0
9000	923	50	300	4	25	5	2	0	0	3	3	1	0	0	0	0
9000	924	50	300	4	25	4	2	0	0	1	1	1	0	0	0	0
9000	925	50	300	4	25	4	2	0	0	1	1	1	0	0	0	0
9000	926	50	300	4	25	7	2	0	0	3	3	1	0	0	0	0
9000	928	50	300	4	25	7	2	0	0	3	3	1	0	0	0	0
9000	929	50	300	4	25	4	2	0	0	2	2	1	0	0	0	0
9000	930	50	300	4	25	4	2	0	0	2	2	1	0	0	0	0
9000	931	50	300	4	25	6	2	0	0	2	2	1	0	0	0	0
9000	932	50	300	4	25	7	2	0	0	3	3	1	0	0	0	0
9000	933	50	300	4	25	6	2	0	0	2	2	1	0	0	0	0
9000	937	50	300	4	25	5	2	0	0	2	2	1	0	0	0	0
9000	938	50	300	4	25	7	2	0	0	2	2	1	0	0	0	0
9000	939	50	300	4	25	8	2	1	0	3	3	1	0	0	0	0
9000	941	50	300	4	25	6	2	0	0	3	3	1	0	0	0	0
9000	942	50	300	4	25	8	2	0	0	4	4	1	0	0	0	0
9000	945	50	300	4	25	5	2	1	0	2	2	1	0	0	0	0
9000	946	50	300	4	25	5	2	0	0	2	2	1	0	0	0	0
9000	947	50	300	4	25	4	2	0	0	1	1	1	0	0	0	0
9000	948	50	300	4	25	5	2	0	0	2	2	1	0	0	0	0
9000	949	50	300	4	25	7	2	1	1	2.5	3	0.833333	0	0	0	0
9000	951	50	300	4	25	4	2	0	0	2	2	1	0	0	0	0
9000	953	50	300	4	25	7	2	0	0	2	2	1	0	0	0	0
9000	955	50	300	4	25	4	2	0	0	2	2	1	0	0	0	0
9000	959	50	300	4	25	7	2	0	0	4	4	1	0	0	0	0
9000	961	50	300	4	25	8	2	1	0	2	2	1	0	0	0	0
9000	962	50	300	4	25	6	2	0	0	2	2	1	0	0	0	0
9000	965	50	300	4	25	8	2	0	0	3	3	1	0	0	0	0
9000	968	50	300	4	25	7	2	0	0	2	2	1	0	0	0	0
9000	969	50	300	4	25	5	2	0	0	2	2	1	0	0	0	0
9000	970	50	300	4	25	7	2	0	0	3	3	1	0	0	0	0
9000	971	50	300	4	25	8	2	0	0	2	2	1	0	0	0	0
9000	972	50	300	4	25	6	2	0	0	3	3	1	0	0	0	0
9000	973	50	300	4	25	6	2	0	0	2	2	1	0	0	0	0
9000	974	50	300	4	25	5	2	0	0	3	3	1	0	0	0	0
9000	975	50	300	4	25	7	2	0	0	2	2	1	0	0	0	0
9000	976	50	300	4	25	7	2	0	0	6	6	1	0	0	0	0
9000	977	50	300	4	25	7	2	0	0	5	5	1	0	0	0	0
9000	978	50	300	4	25	6	2	0	0	3	3	1	0	0	0	0
9000	986	50	300	4	25	5	2	0	0	3	3	1	0	0	0	0
9000	988	50	300	4	25	6	2	0	0	2	2	1	0	0	0	0
9000	989	50	300	4	25	7	2	0	0	2	2	1	0	0	0	0
9000	991	50	300	4	25	7	2	0	0	3	3	1	0	0	0	0
9000	992	50	300	4	25	7	2	0	0	3	3	1	0	0	0	0
9000	993	50	300	4	25	8	2	0	0	4	4	1	0	0	0	0
9000	994	50	300	4	25	9	2	0	0	7	7	1	0	0	0	0
9000	996	50	300	4	25	10	2	0	0	5	5	1	0	0	0	0
9000	1000	50	300	4	25	4	2	0	0	2	2	1	0	0	0	0
9000	1	60	300	4	25	7	2	0	0	3	3	1	0	0	0	0
9000	4	60	300	4	25	5	2	0	0	2	2	1	0	0	0	0
9000	7	60	300	4	25	7	2	0	0	3	3	1	0	0	0	0
9000	9	60	300	4	25	9	2	0	0	4	4	1	0	0	0	0
9000	10	60	300	4	25	4	2	0	0	1	1	1	0	0	0	0
9000	11	60	300	4	25	7	2	0	0	4	4	1	0	0	0	0
9000	14	60	300	4	25	8	2	1	0	3	3	1	0	0	0	0
9000	15	60	300	4	25	5	2	0	0	2	2	1	0	0	0	0
9000	17	60	300	4	25	9	2	0	0	3	3	1	0	0	0	0
9000	20	60	300	4	25	5	2	0	0	2	2	1	0	0	0	0
9000	26	60	300	4	25	6	2	0	0	2	2	1	0	0	0	0
9000	29	60	300	4	25	7	2	0	0	2	2	1	0	0	0	0
9000	31	60	300	4	25	4	2	0	0	1	1	1	0	0	0	0
9000	32	60	300	4	25	7	2	0	0	3	3	1	0	0	0	0
9000	33	60	300	4	25	6	2	0	0	3	3	1	0	0	0	0
9000	37	60	300	4	25	7	2	0	0	3	3	1	0	0	0	0
9000	42	60	300	4	25	8	2	0	0	3	3	1	0	0	0	0
9000	43	60	300	4	25	7	2	0	0	3	3	1	0	0	0	0
9000	46	60	300	4	25	5	2	0	0	2	2	1	0	0	0	0
9000	48	60	300	4	25	8	2	0	0	3	3	1	0	0	0	0
9000	49	60	300	4	25	7	2	0	0	2	2	1	0	0	0	0
9000	52	60	300	4	25	7	2	0	0	3	3	1	0	0	0	0
9000	53	60	300	4	25	9	2	0	0	7	7	1	0	0	0	0
9000	54	60	300	4	25	7	2	0	0	2	2	1	0	0	0	0
9000	57	60	300	4	25	7	2	0	0	2	2	1	0	0	0	0
9000	58	60	300	4	25	7	2	0	0	3	3	1	0	0	0	0
9000	63	60	300	4	25	9	2	0	0	3	3	1	0	0	0	0
9000	67	60	300	4	25	6	2	0	0	2	2	1	0	0	0	0
9000	71	60	300	4	25	6	2	0	0	2	2	1	0	0	0	0
9000	72	60	300	4	25	5	2	0	0	2	2	1	0	0	0	0
9000	73	60	300	4	25	4	2	0	0	1	1	1	0	0	0	0
9000	76	60	300	4	25	8	2	0	0	3	3	1	0	0	0	0
9000	79	60	300	4	25	7	2	0	0	2	2	1	0	0	0	0
9000	84	60	300	4	25	7	2	0	0	2	2	1	0	0	0	0
9000	93	60	300	4	25	6	2	0	0	2	2	1	0	0	0	0
9000	97	60	300	4	25	5	2	0	0	1	1	1	0	0	0	0
9000	99	60	300	4	25	8	2	0	0	3	3	1	0	0	0	0
9000	101	60	300	4	25	8	2	0	0	4	4	1	0	0	0	0
9000	102	60	300	4	25	6	2	0	0	2	2	1	0	0	0	0
9000	105	60	300	4	25	8	2	0	0	3	3	1	0	0	0	0
9000	106	60	300	4	25	10	2	0	0	5	5	1	0	0	0	0
9000	108	60	300	4	25	7	2	0	0	2	2	1	0	0	0	0
9000	109	60	300	4	25	9	2	0	0	3	3	1	0	0	0	0
9000	110	60	300	4	25	5	2	0	0	2	2	1	0	0	0	0
9000	112	60	300	4	25	5	2	0	0	2	2	1	0	0	0	0
9000	113	60	300	4	25	4	2	0	0	1	1	1	0	0	0	0
9000	116	60	300	4	25	4	2	0	0	2	2	1	0	0	0	0
9000	119	60	300	4	25	5	2	0	0	3	3	1	0	0	0	0
9000	124	60	300	4	25	9	2	0	0	8	8	1	0	0	0	0
9000	132	60	300	4	25	8	2	0	0	5	5	1	0	0	0	0
9000	133	60	300	4	25	8	2	0	0	3	3	1	0	0	0	0
9000	135	60	300	4	25	6	2	0	0	4	4	1	0	0	0	0
9000	136	60	300	4	25	5	2	0	0	2	2	1	0	0	0	0
9000	138	60	300	4	25	8	2	1	0	4	4	1	0	0	0	0
9000	139	60	300	4	25	9	2	0	0	4	4	1	0	0	0	0
9000	141	60	300	4	25	6	2	0	0	2	2	1	0	0	0	0
9000	143	60	300	4	25	4	2	0	0	2	2	1	0	0	0	0
9000	144	60	300	4	25	7	2	0	0	3	3	1	0	0	0	0
9000	151	60	300	4	25	6	2	0	0	2	2	1	0	0	0	0
9000	156	60	300	4	25	8	2	0	0	3	3	1	0	0	0	0
9000	157	60	300	4	25	10	2	1	0	4	4	1	0	0	0	0
9000	159	60	300	4	25	7	2	0	0	4	4	1	0	0	0	0
9000	161	60	300	4	25	8	2	1	0	3	3	1	0	0	0	0
9000	164	60	300	4	25	6	2	0	0	3	3	1	0	0	0	0
9000	166	60	300	4	25	7	2	0	0	3	3	1	0	0	0	0
9000	172	60	300	4	25	5	2	0	0	2	2	1	0	0	0	0
9000	173	60	300	4	25	8	2	0	0	4	4	1	0	0	0	0
9000	175	60	300	4	25	8	2	0	0	3	3	1	0	0	0	0
9000	176	60	300	4	25	11	2	0	0	8	8	1	0	0	0	0
9000	179	60	300	4	25	7	2	0	0	3	3	1	0	0	0	0
9000	180	60	300	4	25	7	2	0	0	2	2	1	0	0	0	0
9000	182	60	300	4	25	7	2	0	0	2	2	1	0	0	0	0
9000	184	60	300	4	25	9	2	0	0	5	5	1	0	0	0	0
9000	189	60	300	4	25	5	2	0	0	3	3	1	0	0	0	0
9000	191	60	300	4	25	10	2	0	0	4	4	1	0	0	0	0
9000	193	60	300	4	25	7	2	0	0	5	5	1	0	0	0	0
9000	201	60	300	4	25	8	2	0	0	3	3	1	0	0	0	0
9000	202	60	300	4	25	7	2	0	0	2	2	1	0	0	0	0
9000	204	60	300	4	25	6	2	0	0	3	3	1	0	0	0	0
9000	207	60	300	4	25	8	2	0	0	3	3	1	0	0	0	0
9000	212	60	300	4	25	7	2	0	0	3	3	1	0	0	0	0
9000	213	60	300	4	25	8	2	0	0	3	3	1	0	0	0	0
9000	214	60	300	4	25	8	2	0	0	5	5	1	0	0	0	0
9000	215	60	300	4	25	10	2	0	0	8	8	1	0	0	0	0
9000	217	60	300	4	25	7	2	0	0	2	2	1	0	0	0	0
9000	225	60	300	4	25	9	2	0	0	4	4	1	0	0	0	0
9000	226	60	300	4	25	4	2	0	0	2	2	1	0	0	0	0
9000	228	60	300	4	25	5	2	0	0	3	3	1	0	0	0	0
9000	229	60	300	4	25	9	2	1	0	5	5	1	0	0	0	0
9000	230	60	300	4	25	7	2	0	0	2	2	1	0	0	0	0
9000	231	60	300	4	25	5	2	0	0	2	2	1	0	0	0	0
9000	235	60	300	4	25	5	2	0	0	3	3	1	0	0	0	0
9000	237	60	300	4	25	9	2	1	1	3.5	4	0.875	0	0	0	0
9000	240	60	300	4	25	7	2	0	0	2	2	1	0	0	0	0
9000	241	60	300	4	25	8	2	1	0	3	3	1	0	0	0	0
9000	244	60	300	4	25	6	2	0	0	2	2	1	0	0	0	0
9000	245	60	300	4	25	4	2	0	0	2	2	1	0	0	0	0
9000	253	60	300	4	25	4	2	0	0	2	2	1	0	0	0	0
9000	258	60	300	4	25	5	2	0	0	2	2	1	0	0	0	0
9000	260	60	300	4	25	8	2	0	0	4	4	1	0	0	0	0
9000	261	60	300	4	25	4	2	0	0	1	1	1	0	0	0	0
9000	262	60	300	4	25	9	2	0	0	3	3	1	0	0	0	0
9000	264	60	300	4	25	7	2	0	0	2	2	1	0	0	0	0
9000	266	60	300	4	25	5	2	0	0	1	1	1	0	0	0	0
9000	267	60	300	4	25	6	2	0	0	3	3	1	0	0	0	0
9000	269	60	300	4	25	7	2	0	0	5	5	1	0	0	0	0
9000	271	60	300	4	25	7	2	0	0	2	2	1	0	0	0	0
9000	273	60	300	4	25	4	2	0	0	2	2	1	0	0	0	0
9000	275	60	300	4	25	4	2	0	0	2	2	1	0	0	0	0
9000	276	60	300	4	25	8	2	1	0	4	4	1	0	0	0	0
9000	277	60	300	4	25	8	2	0	0	4	4	1	0	0	0	0
9000	279	60	300	4	25	8	2	0	0	4	4	1	0	0	0	0
9000	282	60	300	4	25	5	2	0	0	2	2	1	0	0	0	0
9000	283	60	300	4	25	4	2	0	0	1	1	1	0	0	0	0
9000	284	60	300	4	25	8	2	0	0	3	3	1	0	0	0	0
9000	285	60	300	4	25	11	2	0	0	7	7	1	0	0	0	0
9000	293	60	300	4	25	8	2	0	0	3	3	1	0	0	0	0
9000	295	60	300	4	25	10	2	0	0	6	6	1	0	0	0	0
9000	296	60	300	4	25	5	2	0	0	3	3	1	0	0	0	0
9000	297	60	300	4	25	10	2	1	0	5	5	1	0	0	0	0
9000	298	60	300	4	25	5	2	0	0	2	2	1	0	0	0	0
9000	302	60	300	4	25	6	2	0	0	2	2	1	0	0	0	0
9000	303	60	300	4	25	6	2	0	0	2	2	1	0	0	0	0
9000	304	60	300	4	25	7	2	0	0	2	2	1	0	0	0	0
9000	305	60	300	4	25	9	2	0	0	4	4	1	0	0	0	0
9000	306	60	300	4	25	7	2	0	0	2	2	1	0	0	0	0
9000	310	60	300	4	25	7	2	0	0	5	5	1	0	0	0	0
9000	313	60	300	4	25	6	2	0	0	2	2	1	0	0	0	0
9000	314	60	300	4	25	10	2	0	0	5	5	1	0	0	0	0
9000	316	60	300	4	25	4	2	0	0	1	1	1	0	0	0	0
9000	318	60	300	4	25	7	2	0	0	3	3	1	0	0	0	0
9000	319	60	300	4	25	5	2	0	0	3	3	1	0	0	0	0
9000	320	60	300	4	25	5	2	0	0	2	2	1	0	0	0	0
9000	325	60	300	4	25	6	2	0	0	4	4	1	0	0	0	0
9000	329	60	300	4	25	10	2	0	0	6	6	1	0	0	0	0
9000	332	60	300	4	25	9	2	0	0	4	4	1	0	0	0	0
9000	337	60	300	4	25	6	2	0	0	3	3	1	0	0	0	0
9000	339	60	300	4	25	6	2	0	0	2	2	1	0	0	0	0
9000	346	60	300	4	25	9	2	0	0	3	3	1	0	0	0	0
9000	347	60	300	4	25	4	2	0	0	1	1	1	0	0	0	0
9000	352	60	300	4	25	5	2	0	0	2	2	1	0	0	0	0
9000	353	60	300	4	25	5	2	0	0	2	2	1	0	0	0	0
9000	354	60	300	4	25	7	2	0	0	3	3	1	0	0	0	0
9000	361	60	300	4	25	9	2	0	0	4	4	1	0	0	0	0
9000	362	60	300	4	25	5	2	0	0	2	2	1	0	0	0	0
9000	363	60	300	4	25	7	2	0	0	2	2	1	0	0	0	0
9000	365	60	300	4	25	5	2	0	0	2	2	1	0	0	0	0
9000	366	60	300	4	25	5	2	0	0	2	2	1	0	0	0	0
9000	367	60	300	4	25	6	2	0	0	4	4	1	0	0	0	0
9000	368	60	300	4	25	7	2	0	0	3	3	1	0	0	0	0
9000	370	60	300	4	25	6	2	0	0	2	2	1	0	0	0	0
9000	378	60	300	4	25	4	2	0	0	1	1	1	0	0	0	0
9000	382	60	300	4	25	6	2	0	0	2	2	1	0	0	0	0
9000	384	60	300	4	25	7	2	0	0	2	2	1	0	0	0	0
9000	388	60	300	4	25	7	2	0	0	2	2	1	0	0	0	0
9000	391	60	300	4	25	5	2	0	0	2	2	1	0	0	0	0
9000	394	60	300	4	25	7	2	0	0	2	2	1	0	0	0	0
9000	395	60	300	4	25	6	2	0	0	2	2	1	0	0	0	0
9000	396	60	300	4	25	5	2	0	0	1	1	1	0	0	0	0
9000	397	60	300	4	25	7	2	0	0	2	2	1	0	0	0	0
9000	400	60	300	4	25	9	2	0	0	5	5	1	0	0	0	0
9000	402	60	300	4	25	7	2	0	0	3	3	1	0	0	0	0
9000	403	60	300	4	25	5	2	0	0	3	3	1	0	0	0	0
9000	406	60	300	4	25	5	2	0	0	2	2	1	0	0	0	0
9000	407	60	300	4	25	5	2	0	0	1	1	1	0	0	0	0
9000	408	60	300	4	25	7	2	0	0	2	2	1	0	0	0	0
9000	409	60	300	4	25	7	2	0	0	2	2	1	0	0	0	0
9000	414	60	300	4	25	9	2	0	0	3	3	1	0	0	0	0
9000	415	60	300	4	25	6	2	0	0	3	3	1	0	0	0	0
9000	416	60	300	4	25	9	2	0	0	4	4	1	0	0	0	0
9000	418	60	300	4	25	5	2	0	0	2	2	1	0	0	0	0
9000	422	60	300	4	25	8	2	0	0	3	3	1	0	0	0	0
9000	426	60	300	4	25	8	2	0	0	4	4	1	0	0	0	0
9000	427	60	300	4	25	8	2	0	0	2	2	1	0	0	0	0
9000	428	60	300	4	25	10	2	0	0	6	6	1	0	0	0	0
9000	430	60	300	4	25	6	2	0	0	2	2	1	0	0	0	0
9000	436	60	300	4	25	6	2	0	0	2	2	1	0	0	0	0
9000	438	60	300	4	25	11	2	0	0	6	6	1	0	0	0	0
9000	439	60	300	4	25	5	2	0	0	2	2	1	0	0	0	0
9000	442	60	300	4	25	6	2	0	0	2	2	1	0	0	0	0
9000	448	60	300	4	25	5	2	0	0	2	2	1	0	0	0	0
9000	453	60	300	4	25	6	2	0	0	2	2	1	0	0	0	0
9000	454	60	300	4	25	8	2	0	0	3	3	1	0	0	0	0
9000	457	60	300	4	25	7	2	0	0	3	3	1	0	0	0	0
9000	461	60	300	4	25	5	2	0	0	2	2	1	0	0	0	0
9000	462	60	300	4	25	8	2	1	0	3	3	1	0	0	0	0
9000	465	60	300	4	25	5	2	0	0	2	2	1	0	0	0	0
9000	466	60	300	4	25	12	2	0	0	8	8	1	0	0	0	0
9000	467	60	300	4	25	9	2	0	0	5	5	1	0	0	0	0
9000	472	60	300	4	25	6	2	0	0	2	2	1	0	0	0	0
9000	475	60	300	4	25	6	2	0	0	2	2	1	0	0	0	0
9000	479	60	300	4	25	7	2	0	0	2	2	1	0	0	0	0
9000	481	60	300	4	25	9	2	0	0	5	5	1	0	0	0	0
9000	482	60	300	4	25	8	2	0	0	3	3	1	0	0	0	0
9000	483	60	300	4	25	7	2	0	0	2	2	1	0	0	0	0
9000	484	60	300	4	25	5	2	0	0	2	2	1	0	0	0	0
9000	486	60	300	4	25	8	2	0	0	5	5	1	0	0	0	0
9000	490	60	300	4	25	11	2	0	0	5	5	1	0	0	0	0
9000	492	60	300	4	25	6	2	0	0	2	2	1	0	0	0	0
9000	493	60	300	4	25	5	2	0	0	2	2	1	0	0	0	0
9000	494	60	300	4	25	7	2	0	0	2	2	1	0	0	0	0
9000	496	60	300	4	25	5	2	0	0	1	1	1	0	0	0	0
9000	497	60	300	4	25	8	2	0	0	3	3	1	0	0	0	0
9000	501	60	300	4	25	7	2	0	0	2	2	1	0	0	0	0
9000	504	60	300	4	25	7	2	0	0	2	2	1	0	0	0	0
9000	516	60	300	4	25	7	2	0	0	2	2	1	0	0	0	0
9000	517	60	300	4	25	8	2	0	0	3	3	1	0	0	0	0
9000	519	60	300	4	25	6	2	0	0	4	4	1	0	0	0	0
9000	526	60	300	4	25	8	2	0	0	4	4	1	0	0	0	0
9000	529	60	300	4	25	5	2	0	0	3	3	1	0	0	0	0
9000	533	60	300	4	25	4	2	1	1	1.33333	2	0.666667	0	0	0	0
9000	535	60	300	4	25	6	2	0	0	2	2	1	0	0	0	0
9000	538	60	300	4	25	6	2	0	0	3	3	1	0	0	0	0
9000	539	60	300	4	25	8	2	1	0	4	4	1	0	0	0	0
9000	540	60	300	4	25	6	2	0	0	2	2	1	0	0	0	0
9000	541	60	300	4	25	7	2	0	0	2	2	1	0	0	0	0
9000	543	60	300	4	25	7	2	0	0	2	2	1	0	0	0	0
9000	544	60	300	4	25	10	2	0	0	5	5	1	0	0	0	0
9000	546	60	300	4	25	8	2	0	0	3	3	1	0	0	0	0
9000	547	60	300	4	25	7	2	0	0	5	5	1	0	0	0	0
9000	551	60	300	4	25	8	2	0	0	3	3	1	0	0	0	0
9000	552	60	300	4	25	7	2	0	0	4	4	1	0	0	0	0
9000	553	60	300	4	25	5	2	0	0	3	3	1	0	0	0	0
9000	555	60	300	4	25	4	2	0	0	2	2	1	0	0	0	0
9000	556	60	300	4	25	5	2	0	0	1	1	1	0	0	0	0
9000	558	60	300	4	25	10	2	0	0	6	6	1	0	0	0	0
9000	560	60	300	4	25	6	2	0	0	2	2	1	0	0	0	0
9000	570	60	300	4	25	8	2	0	0	3	3	1	0	0	0	0
9000	571	60	300	4	25	5	2	0	0	2	2	1	0	0	0	0
9000	573	60	300	4	25	9	2	0	0	3	3	1	0	0	0	0
9000	575	60	300	4	25	6	2	0	0	3	3	1	0	0	0	0
9000	582	60	300	4	25	7	2	0	0	2	2	1	0	0	0	0
9000	585	60	300	4	25	8	2	0	0	3	3	1	0	0	0	0
9000	588	60	300	4	25	6	2	0	0	3	3	1	0	0	0	0
9000	589	60	300	4	25	7	2	0	0	3	3	1	0	0	0	0
9000	591	60	300	4	25	6	2	0	0	3	3	1	0	0	0	0
9000	597	60	300	4	25	4	2	0	0	2	2	1	0	0	0	0
9000	598	60	300	4	25	7	2	0	0	4	4	1	0	0	0	0
9000	599	60	300	4	25	7	2	0	0	4	4	1	0	0	0	0
9000	603	60	300	4	25	6	2	0	0	2	2	1	0	0	0	0
9000	604	60	300	4	25	4	2	0	0	1	1	1	0	0	0	0
9000	608	60	300	4	25	4	2	1	1	1.5	2	0.75	0	0	0	0
9000	612	60	300	4	25	5	2	1	1	2.5	3	0.833333	0	0	0	0
9000	615	60	300	4	25	7	2	0	0	3	3	1	0	0	0	0
9000	616	60	300	4	25	5	2	0	0	2	2	1	0	0	0	0
9000	617	60	300	4	25	5	2	0	0	1	1	1	0	0	0	0
9000	621	60	300	4	25	9	2	0	0	3	3	1	0	0	0	0
9000	624	60	300	4	25	6	2	0	0	2	2	1	0	0	0	0
9000	626	60	300	4	25	5	2	0	0	2	2	1	0	0	0	0
9000	628	60	300	4	25	7	2	0	0	2	2	1	0	0	0	0
9000	629	60	300	4	25	6	2	0	0	1	1	1	0	0	0	0
9000	630	60	300	4	25	7	2	0	0	3	3	1	0	0	0	0
9000	631	60	300	4	25	6	2	0	0	4	4	1	0	0	0	0
9000	635	60	300	4	25	8	2	1	0	2	2	1	0	0	0	0
9000	637	60	300	4	25	4	2	0	0	2	2	1	0	0	0	0
9000	639	60	300	4	25	6	2	0	0	2	2	1	0	0	0	0
9000	641	60	300	4	25	6	2	0	0	3	3	1	0	0	0	0
9000	644	60	300	4	25	7	2	0	0	3	3	1	0	0	0	0
9000	645	60	300	4	25	10	2	0	0	5	5	1	0	0	0	0
9000	647	60	300	4	25	6	2	0	0	2	2	1	0	0	0	0
9000	651	60	300	4	25	7	2	0	0	3	3	1	0	0	0	0
9000	652	60	300	4	25	7	2	0	0	2	2	1	0	0	0	0
9000	654	60	300	4	25	6	2	0	0	2	2	1	0	0	0	0
9000	655	60	300	4	25	8	2	1	1	2.66667	3	0.888889	0	0	0	0
9000	658	60	300	4	25	7	2	0	0	4	4	1	0	0	0	0
9000	659	60	300	4	25	7	2	0	0	4	4	1	0	0	0	0
9000	660	60	300	4	25	6	2	0	0	2	2	1	0	0	0	0
9000	664	60	300	4	25	5	2	0	0	2	2	1	0	0	0	0
9000	667	60	300	4	25	10	2	0	0	5	5	1	0	0	0	0
9000	668	60	300	4	25	6	2	0	0	2	2	1	0	0	0	0
9000	673	60	300	4	25	5	2	0	0	2	2	1	0	0	0	0
9000	674	60	300	4	25	5	2	0	0	1	1	1	0	0	0	0
9000	685	60	300	4	25	6	2	0	0	2	2	1	0	0	0	0
9000	687	60	300	4	25	8	2	0	0	3	3	1	0	0	0	0
9000	688	60	300	4	25	10	2	0	0	6	6	1	0	0	0	0
9000	690	60	300	4	25	8	2	0	0	3	3	1	0	0	0	0
9000	692	60	300	4	25	7	2	0	0	2	2	1	0	0	0	0
9000	693	60	300	4	25	5	2	0	0	2	2	1	0	0	0	0
9000	694	60	300	4	25	11	2	0	0	5	5	1	0	0	0	0
9000	697	60	300	4	25	9	2	1	0	4	4	1	0	0	0	0
9000	698	60	300	4	25	7	2	0	0	3	3	1	0	0	0	0
9000	699	60	300	4	25	4	2	0	0	1	1	1	0	0	0	0
9000	701	60	300	4	25	4	2	0	0	2	2	1	0	0	0	0
9000	702	60	300	4	25	4	2	0	0	1	1	1	0	0	0	0
9000	704	60	300	4	25	7	2	0	0	4	4	1	0	0	0	0
9000	705	60	300	4	25	8	2	0	0	3	3	1	0	0	0	0
9000	707	60	300	4	25	6	2	0	0	2	2	1	0	0	0	0
9000	709	60	300	4	25	5	2	0	0	2	2	1	0	0	0	0
9000	710	60	300	4	25	10	2	0	0	5	5	1	0	0	0	0
9000	711	60	300	4	25	5	2	0	0	2	2	1	0	0	0	0
9000	713	60	300	4	25	8	2	0	0	3	3	1	0	0	0	0
9000	715	60	300	4	25	7	2	0	0	5	5	1	0	0	0	0
9000	718	60	300	4	25	5	2	0	0	2	2	1	0	0	0	0
9000	719	60	300	4	25	6	2	0	0	2	2	1	0	0	0	0
9000	720	60	300	4	25	5	2	0	0	2	2	1	0	0	0	0
9000	722	60	300	4	25	7	2	0	0	3	3	1	0	0	0	0
9000	728	60	300	4	25	8	2	0	0	4	4	1	0	0	0	0
9000	732	60	300	4	25	8	2	0	0	4	4	1	0	0	0	0
9000	734	60	300	4	25	7	2	0	0	3	3	1	0	0	0	0
9000	737	60	300	4	25	5	2	0	0	2	2	1	0	0	0	0
9000	740	60	300	4	25	5	2	0	0	2	2	1	0	0	0	0
9000	742	60	300	4	25	8	2	0	0	4	4	1	0	0	0	0
9000	744	60	300	4	25	8	2	0	0	3	3	1	0	0	0	0
9000	745	60	300	4	25	6	2	0	0	2	2	1	0	0	0	0
9000	751	60	300	4	25	8	2	0	0	3	3	1	0	0	0	0
9000	754	60	300	4	25	8	2	1	1	3.5	4	0.875	0	0	0	0
9000	755	60	300	4	25	5	2	0	0	2	2	1	0	0	0	0
9000	757	60	300	4	25	10	2	0	0	7	7	1	0	0	0	0
9000	758	60	300	4	25	11	2	0	0	4	4	1	0	0	0	0
9000	759	60	300	4	25	7	2	0	0	3	3	1	0	0	0	0
9000	763	60	300	4	25	5	2	0	0	1	1	1	0	0	0	0
9000	764	60	300	4	25	5	2	0	0	2	2	1	0	0	0	0
9000	771	60	300	4	25	4	2	0	0	2	2	1	0	0	0	0
9000	774	60	300	4	25	8	2	0	0	3	3	1	0	0	0	0
9000	775	60	300	4	25	7	2	0	0	2	2	1	0	0	0	0
9000	776	60	300	4	25	10	2	0	0	5	5	1	0	0	0	0
9000	779	60	300	4	25	7	2	0	0	3	3	1	0	0	0	0
9000	781	60	300	4	25	8	2	0	0	3	3	1	0	0	0	0
9000	787	60	300	4	25	9	2	0	0	3	3	1	0	0	0	0
9000	791	60	300	4	25	10	2	0	0	4	4	1	0	0	0	0
9000	795	60	300	4	25	7	2	0	0	2	2	1	0	0	0	0
9000	796	60	300	4	25	6	2	0	0	2	2	1	0	0	0	0
9000	797	60	300	4	25	8	2	0	0	5	5	1	0	0	0	0
9000	799	60	300	4	25	7	2	0	0	2	2	1	0	0	0	0
9000	800	60	300	4	25	8	2	0	0	3	3	1	0	0	0	0
9000	801	60	300	4	25	7	2	0	0	4	4	1	0	0	0	0
9000	804	60	300	4	25	6	2	0	0	2	2	1	0	0	0	0
9000	805	60	300	4	25	7	2	0	0	3	3	1	0	0	0	0
9000	806	60	300	4	25	7	2	0	0	3	3	1	0	0	0	0
9000	808	60	300	4	25	5	2	0	0	2	2	1	0	0	0	0
9000	809	60	300	4	25	8	2	0	0	3	3	1	0	0	0	0
9000	812	60	300	4	25	11	2	1	0	5	5	1	0	0	0	0
9000	813	60	300	4	25	8	2	0	0	2	2	1	0	0	0	0
9000	817	60	300	4	25	6	2	0	0	2	2	1	0	0	0	0
9000	820	60	300	4	25	5	2	0	0	3	3	1	0	0	0	0
9000	822	60	300	4	25	7	2	0	0	2	2	1	0	0	0	0
9000	826	60	300	4	25	4	2	0	0	1	1	1	0	0	0	0
9000	829	60	300	4	25	10	2	0	0	4	4	1	0	0	0	0
9000	830	60	300	4	25	5	2	0	0	2	2	1	0	0	0	0
9000	838	60	300	4	25	8	2	0	0	2	2	1	0	0	0	0
9000	840	60	300	4	25	4	2	0	0	2	2	1	0	0	0	0
9000	841	60	300	4	25	7	2	0	0	2	2	1	0	0	0	0
9000	842	60	300	4	25	9	2	0	0	4	4	1	0	0	0	0
9000	845	60	300	4	25	6	2	0	0	3	3	1	0	0	0	0
9000	846	60	300	4	25	7	2	0	0	2	2	1	0	0	0	0
9000	847	60	300	4	25	7	2	0	0	3	3	1	0	0	0	0
9000	852	60	300	4	25	8	2	0	0	4	4	1	0	0	0	0
9000	855	60	300	4	25	6	2	0	0	2	2	1	0	0	0	0
9000	858	60	300	4	25	10	2	0	0	5	5	1	0	0	0	0
9000	860	60	300	4	25	4	2	0	0	2	2	1	0	0	0	0
9000	861	60	300	4	25	5	2	0	0	3	3	1	0	0	0	0
9000	862	60	300	4	25	9	2	0	0	4	4	1	0	0	0	0
9000	864	60	300	4	25	9	2	1	0	5	5	1	0	0	0	0
9000	866	60	300	4	25	9	2	0	0	4	4	1	0	0	0	0
9000	868	60	300	4	25	6	2	0	0	3	3	1	0	0	0	0
9000	870	60	300	4	25	4	2	0	0	2	2	1	0	0	0	0
9000	873	60	300	4	25	5	2	0	0	1	1	1	0	0	0	0
9000	875	60	300	4	25	7	2	0	0	2	2	1	0	0	0	0
9000	878	60	300	4	25	8	2	0	0	3	3	1	0	0	0	0
9000	879	60	300	4	25	9	2	0	0	4	4	1	0	0	0	0
9000	880	60	300	4	25	8	2	0	0	3	3	1	0	0	0	0
9000	881	60	300	4	25	5	2	0	0	3	3	1	0	0	0	0
9000	886	60	300	4	25	5	2	0	0	2	2	1	0	0	0	0
9000	896	60	300	4	25	9	2	0	0	5	5	1	0	0	0	0
9000	897	60	300	4	25	9	2	0	0	4	4	1	0	0	0	0
9000	900	60	300	4	25	5	2	0	0	1	1	1	0	0	0	0
9000	901	60	300	4	25	7	2	0	0	2	2	1	0	0	0	0
9000	902	60	300	4	25	6	2	0	0	3	3	1	0	0	0	0
9000	903	60	300	4	25	6	2	0	0	2	2	1	0	0	0	0
9000	907	60	300	4	25	6	2	0	0	2	2	1	0	0	0	0
9000	909	60	300	4	25	10	2	0	0	5	5	1	0	0	0	0
9000	911	60	300	4	25	5	2	0	0	1	1	1	0	0	0	0
9000	913	60	300	4	25	7	2	0	0	4	4	1	0	0	0	0
9000	915	60	300	4	25	7	2	0	0	2	2	1	0	0	0	0
9000	918	60	300	4	25	8	2	0	0	3	3	1	0	0	0	0
9000	922	60	300	4	25	4	2	0	0	2	2	1	0	0	0	0
9000	924	60	300	4	25	7	2	0	0	2	2	1	0	0	0	0
9000	926	60	300	4	25	8	2	0	0	3	3	1	0	0	0	0
9000	927	60	300	4	25	7	2	0	0	2	2	1	0	0	0	0
9000	930	60	300	4	25	10	2	0	0	5	5	1	0	0	0	0
9000	932	60	300	4	25	6	2	0	0	2	2	1	0	0	0	0
9000	935	60	300	4	25	5	2	0	0	2	2	1	0	0	0	0
9000	937	60	300	4	25	4	2	0	0	1	1	1	0	0	0	0
9000	938	60	300	4	25	7	2	0	0	2	2	1	0	0	0	0
9000	941	60	300	4	25	6	2	0	0	3	3	1	0	0	0	0
9000	944	60	300	4	25	4	2	0	0	2	2	1	0	0	0	0
9000	951	60	300	4	25	6	2	0	0	2	2	1	0	0	0	0
9000	953	60	300	4	25	9	2	0	0	4	4	1	0	0	0	0
9000	958	60	300	4	25	6	2	0	0	2	2	1	0	0	0	0
9000	968	60	300	4	25	6	2	0	0	1	1	1	0	0	0	0
9000	969	60	300	4	25	6	2	0	0	2	2	1	0	0	0	0
9000	970	60	300	4	25	7	2	0	0	2	2	1	0	0	0	0
9000	973	60	300	4	25	5	2	0	0	2	2	1	0	0	0	0
9000	976	60	300	4	25	10	2	0	0	7	7	1	0	0	0	0
9000	978	60	300	4	25	7	2	0	0	2	2	1	0	0	0	0
9000	979	60	300	4	25	7	2	0	0	4	4	1	0	0	0	0
9000	981	60	300	4	25	8	2	0	0	4	4	1	0	0	0	0
9000	984	60	300	4	25	5	2	0	0	2	2	1	0	0	0	0
9000	986	60	300	4	25	6	2	0	0	2	2	1	0	0	0	0
9000	987	60	300	4	25	6	2	0	0	3	3	1	0	0	0	0
9000	988	60	300	4	25	7	2	0	0	2	2	1	0	0	0	0
9000	990	60	300	4	25	8	2	0	0	3	3	1	0	0	0	0
9000	991	60	300	4	25	7	2	0	0	3	3	1	0	0	0	0
9000	4	70	300	4	25	7	2	0	0	2	2	1	0	0	0	0
9000	9	70	300	4	25	12	2	0	0	7	7	1	0	0	0	0
9000	16	70	300	4	25	7	2	0	0	2	2	1	0	0	0	0
9000	26	70	300	4	25	8	2	0	0	4	4	1	0	0	0	0
9000	27	70	300	4	25	8	2	0	0	5	5	1	0	0	0	0
9000	41	70	300	4	25	6	2	0	0	2	2	1	0	0	0	0
9000	46	70	300	4	25	7	2	0	0	2	2	1	0	0	0	0
9000	52	70	300	4	25	8	2	0	0	3	3	1	0	0	0	0
9000	59	70	300	4	25	4	2	0	0	1	1	1	0	0	0	0
9000	65	70	300	4	25	8	2	0	0	3	3	1	0	0	0	0
9000	67	70	300	4	25	7	2	0	0	3	3	1	0	0	0	0
9000	70	70	300	4	25	8	2	0	0	4	4	1	0	0	0	0
9000	72	70	300	4	25	5	2	0	0	2	2	1	0	0	0	0
9000	104	70	300	4	25	6	2	0	0	2	2	1	0	0	0	0
9000	110	70	300	4	25	6	2	0	0	2	2	1	0	0	0	0
9000	116	70	300	4	25	6	2	0	0	1	1	1	0	0	0	0
9000	119	70	300	4	25	6	2	0	0	3	3	1	0	0	0	0
9000	132	70	300	4	25	10	2	0	0	4	4	1	0	0	0	0
9000	135	70	300	4	25	6	2	0	0	4	4	1	0	0.01	0	0
9000	136	70	300	4	25	7	2	0	0	2	2	1	0	0	0	0
9000	143	70	300	4	25	6	2	0	0	2	2	1	0	0	0	0
9000	144	70	300	4	25	8	2	1	0	4	4	1	0	0	0	0
9000	148	70	300	4	25	7	2	0	0	2	2	1	0	0	0	0
9000	154	70	300	4	25	5	2	0	0	1	1	1	0	0	0	0
9000	157	70	300	4	25	9	2	0	0	4	4	1	0	0	0	0
9000	168	70	300	4	25	4	2	0	0	1	1	1	0	0	0	0
9000	189	70	300	4	25	6	2	1	0	2	2	1	0	0	0	0
9000	193	70	300	4	25	8	2	0	0	4	4	1	0	0	0	0
9000	204	70	300	4	25	7	2	0	0	2	2	1	0	0	0	0
9000	205	70	300	4	25	5	2	1	0	2	2	1	0	0	0	0
9000	206	70	300	4	25	6	2	0	0	3	3	1	0	0	0	0
9000	207	70	300	4	25	8	2	0	0	3	3	1	0	0	0	0
9000	212	70	300	4	25	9	2	0	0	5	5	1	0	0	0	0
9000	215	70	300	4	25	13	2	0	0	9	9	1	0	0	0	0
9000	228	70	300	4	25	10	2	0	0	6	6	1	0	0	0	0
9000	231	70	300	4	25	4	2	0	0	2	2	1	0	0	0	0
9000	245	70	300	4	25	8	2	1	1	2.33333	3	0.777778	0	0	0	0
9000	248	70	300	4	25	7	2	0	0	2	2	1	0	0	0	0
9000	258	70	300	4	25	9	2	0	0	3	3	1	0	0	0	0
9000	263	70	300	4	25	10	2	0	0	7	7	1	0	0	0	0
9000	264	70	300	4	25	6	2	0	0	2	2	1	0	0	0	0
9000	269	70	300	4	25	8	2	0	0	6	6	1	0	0	0	0
9000	273	70	300	4	25	6	2	0	0	2	2	1	0	0	0	0
9000	275	70	300	4	25	5	2	0	0	2	2	1	0	0	0	0
9000	310	70	300	4	25	7	2	0	0	4	4	1	0	0	0	0
9000	313	70	300	4	25	7	2	0	0	2	2	1	0	0	0	0
9000	319	70	300	4	25	8	2	0	0	5	5	1	0	0	0	0
9000	347	70	300	4	25	7	2	0	0	2	2	1	0	0	0	0
9000	366	70	300	4	25	7	2	0	0	2	2	1	0	0	0	0
9000	367	70	300	4	25	8	2	1	0	3	3	1	0	0	0	0
9000	368	70	300	4	25	10	2	0	0	5	5	1	0	0	0	0
9000	378	70	300	4	25	7	2	0	0	2	2	1	0	0	0	0
9000	403	70	300	4	25	7	2	0	0	4	4	1	0	0	0	0
9000	407	70	300	4	25	6	2	0	0	1	1	1	0	0	0	0
9000	412	70	300	4	25	6	2	0	0	3	3	1	0	0	0	0
9000	413	70	300	4	25	7	2	0	0	2	2	1	0	0	0	0
9000	426	70	300	4	25	6	2	0	0	3	3	1	0	0	0	0
9000	436	70	300	4	25	8	2	0	0	3	3	1	0	0	0	0
9000	439	70	300	4	25	7	2	0	0	2	2	1	0	0	0	0
9000	448	70	300	4	25	7	2	0	0	2	2	1	0	0	0	0
9000	453	70	300	4	25	7	2	0	0	2	2	1	0	0	0	0
9000	455	70	300	4	25	7	2	0	0	2	2	1	0	0	0	0
9000	457	70	300	4	25	7	2	0	0	3	3	1	0	0	0	0
9000	466	70	300	4	25	11	2	0	0	7	7	1	0	0	0	0
9000	474	70	300	4	25	8	2	0	0	3	3	1	0	0	0	0
9000	475	70	300	4	25	6	2	0	0	2	2	1	0	0	0	0
9000	486	70	300	4	25	9	2	0	0	5	5	1	0	0	0	0
9000	487	70	300	4	25	7	2	0	0	2	2	1	0	0	0	0
9000	519	70	300	4	25	10	2	0	0	5	5	1	0	0	0	0
9000	529	70	300	4	25	8	2	0	0	3	3	1	0	0	0	0
9000	538	70	300	4	25	8	2	0	0	3	3	1	0	0	0	0
9000	546	70	300	4	25	7	2	0	0	3	3	1	0	0	0	0
9000	547	70	300	4	25	9	2	1	0	5	5	1	0	0	0	0
9000	551	70	300	4	25	8	2	0	0	3	3	1	0	0	0	0
9000	558	70	300	4	25	11	2	0	0	6	6	1	0	0	0	0
9000	560	70	300	4	25	8	2	0	0	3	3	1	0	0	0	0
9000	566	70	300	4	25	7	2	0	0	4	4	1	0	0	0	0
9000	578	70	300	4	25	10	2	0	0	4	4	1	0	0	0	0
9000	583	70	300	4	25	5	2	1	1	2.5	3	0.833333	0	0	0	0
9000	584	70	300	4	25	4	2	0	0	1	1	1	0	0	0	0
9000	588	70	300	4	25	9	2	1	0	4	4	1	0	0	0	0
9000	597	70	300	4	25	8	2	0	0	3	3	1	0	0	0	0
9000	598	70	300	4	25	7	2	0	0	3	3	1	0	0	0	0
9000	599	70	300	4	25	8	2	0	0	4	4	1	0	0	0	0
9000	602	70	300	4	25	8	2	1	0	3	3	1	0	0	0	0
9000	620	70	300	4	25	7	2	0	0	3	3	1	0	0	0	0
9000	626	70	300	4	25	6	2	0	0	2	2	1	0	0	0	0
9000	631	70	300	4	25	7	2	0	0	3	3	1	0	0	0	0
9000	635	70	300	4	25	8	2	0	0	3	3	1	0	0	0	0
9000	645	70	300	4	25	8	2	0	0	4	4	1	0	0	0	0
9000	651	70	300	4	25	9	2	0	0	4	4	1	0	0	0	0
9000	659	70	300	4	25	8	2	0	0	4	4	1	0	0	0	0
9000	664	70	300	4	25	7	2	0	0	2	2	1	0	0	0	0
9000	669	70	300	4	25	8	2	0	0	4	4	1	0	0	0	0
9000	679	70	300	4	25	4	2	0	0	1	1	1	0	0	0	0
9000	688	70	300	4	25	12	2	0	0	8	8	1	0	0	0	0
9000	690	70	300	4	25	7	2	0	0	2	2	1	0	0	0	0
9000	692	70	300	4	25	6	2	0	0	2	2	1	0	0	0	0
9000	693	70	300	4	25	7	2	0	0	2	2	1	0	0	0	0
9000	699	70	300	4	25	5	2	0	0	2	2	1	0	0	0	0
9000	702	70	300	4	25	7	2	0	0	3	3	1	0	0	0	0
9000	704	70	300	4	25	9	2	0	0	5	5	1	0	0	0	0
9000	709	70	300	4	25	7	2	0	0	2	2	1	0	0	0	0
9000	710	70	300	4	25	10	2	0	0	5	5	1	0	0	0	0
9000	725	70	300	4	25	12	2	0	0	6	6	1	0	0	0	0
9000	726	70	300	4	25	6	2	0	0	3	3	1	0	0	0	0
9000	728	70	300	4	25	8	2	0	0	3	3	1	0	0	0	0
9000	732	70	300	4	25	8	2	0	0	4	4	1	0	0	0	0
9000	733	70	300	4	25	7	2	1	0	2	2	1	0	0	0.01	0
9000	737	70	300	4	25	7	2	0	0	4	4	1	0	0	0	0
9000	738	70	300	4	25	8	2	0	0	4	4	1	0	0	0	0
9000	748	70	300	4	25	6	2	0	0	3	3	1	0	0	0	0
9000	751	70	300	4	25	8	2	0	0	3	3	1	0	0	0	0
9000	754	70	300	4	25	11	2	0	0	5	5	1	0	0	0	0
9000	768	70	300	4	25	5	2	0	0	2	2	1	0	0	0	0
9000	769	70	300	4	25	8	2	0	0	3	3	1	0	0	0	0
9000	774	70	300	4	25	8	2	0	0	3	3	1	0	0	0	0
9000	779	70	300	4	25	9	2	0	0	3	3	1	0	0	0	0
9000	795	70	300	4	25	7	2	0	0	2	2	1	0	0	0	0
9000	796	70	300	4	25	6	2	0	0	2	2	1	0	0	0	0
9000	808	70	300	4	25	8	2	0	0	3	3	1	0	0	0	0
9000	819	70	300	4	25	5	2	0	0	3	3	1	0	0	0	0
9000	820	70	300	4	25	8	2	0	0	3	3	1	0	0	0	0
9000	826	70	300	4	25	5	2	0	0	2	2	1	0	0	0	0
9000	827	70	300	4	25	6	2	0	0	2	2	1	0	0	0	0
9000	841	70	300	4	25	6	2	0	0	2	2	1	0	0	0	0
9000	852	70	300	4	25	8	2	0	0	4	4	1	0	0	0	0
9000	861	70	300	4	25	6	2	0	0	2	2	1	0	0	0	0
9000	866	70	300	4	25	8	2	0	0	4	4	1	0	0	0	0
9000	870	70	300	4	25	4	2	0	0	2	2	1	0	0	0	0
9000	878	70	300	4	25	8	2	0	0	4	4	1	0	0	0	0
9000	886	70	300	4	25	6	2	0	0	2	2	1	0	0	0	0
9000	893	70	300	4	25	6	2	0	0	3	3	1	0	0	0	0
9000	904	70	300	4	25	9	2	0	0	3	3	1	0	0	0	0
9000	907	70	300	4	25	7	2	0	0	2	2	1	0	0	0	0
9000	927	70	300	4	25	7	2	0	0	2	2	1	0	0	0	0
9000	942	70	300	4	25	7	2	0	0	2	2	1	0	0	0	0
9000	944	70	300	4	25	8	2	1	0	3	3	1	0	0	0	0
9000	950	70	300	4	25	5	2	0	0	1	1	1	0	0	0	0
9000	969	70	300	4	25	7	2	0	0	3	3	1	0	0	0	0
9000	977	70	300	4	25	9	2	0	0	5	5	1	0	0	0	0
9000	981	70	300	4	25	8	2	1	0	3	3	1	0	0	0	0
9000	991	70	300	4	25	7	2	0	0	2	2	1	0	0	0	0
9000	27	80	300	4	25	9	2	0	0	6	6	1	0	0	0	0
9000	59	80	300	4	25	8	2	0	0	3	3	1	0	0	0	0
9000	72	80	300	4	25	5	2	0	0	2	2	1	0	0	0	0
9000	104	80	300	4	25	7	2	0	0	3	3	1	0	0	0	0
9000	110	80	300	4	25	5	2	0	0	1	1	1	0	0	0	0
9000	130	80	300	4	25	5	2	0	0	3	3	1	0	0	0	0
9000	135	80	300	4	25	6	2	0	0	3	3	1	0	0	0	0
9000	189	80	300	4	25	9	2	0	0	4	4	1	0	0	0	0
9000	205	80	300	4	25	6	2	0	0	3	3	1	0	0	0	0
9000	226	80	300	4	25	8	2	0	0	3	3	1	0	0	0	0
9000	229	80	300	4	25	9	2	0	0	4	4	1	0	0	0	0
9000	273	80	300	4	25	7	2	0	0	3	3	1	0	0	0	0
9000	313	80	300	4	25	8	2	0	0	3	3	1	0.01	0	0	0
9000	362	80	300	4	25	7	2	0	0	2	2	1	0	0	0	0
9000	403	80	300	4	25	9	2	0	0	4	4	1	0	0	0	0
9000	413	80	300	4	25	7	2	0	0	2	2	1	0	0	0	0
9000	475	80	300	4	25	12	2	0	0	6	6	1	0	0	0	0
9000	518	80	300	4	25	7	2	0	0	2	2	1	0	0	0	0
9000	566	80	300	4	25	9	2	0	0	4	4	1	0	0	0	0
9000	583	80	300	4	25	6	2	1	1	1.5	2	0.75	0	0	0	0
9000	591	80	300	4	25	8	2	0	0	3	3	1	0	0	0	0
9000	599	80	300	4	25	8	2	0	0	4	4	1	0	0	0	0
9000	637	80	300	4	25	4	2	0	0	2	2	1	0	0	0	0
9000	679	80	300	4	25	6	2	0	0	3	3	1	0	0	0	0
9000	702	80	300	4	25	7	2	0	0	3	3	1	0	0	0	0
9000	779	80	300	4	25	8	2	0	0	3	3	1	0	0	0	0
9000	893	80	300	4	25	7	2	0	0	2	2	1	0	0	0	0
9000	944	80	300	4	25	9	2	1	0	4	4	1	0	0	0	0
9000	130	90	300	4	25	8	2	0	0	4	4	1	0	0	0	0
9000	637	90	300	4	25	8	2	0	0	2	2	1	0	0	0	0
9000	852	90	300	4	25	8	2	0	0	4	4	1	0	0	0	0
9000	893	90	300	4	25	6	2	0	0	2	2	1	0	0	0	0
