4000.0000000000	369.5000000000	 685.0074125967	20.0000000000	 0.0000000000	300.0000000000	 0.0000000000	4.0000000000	 0.0000000000	25.0000000000	 0.0000000000	3.0000000000	 0.0000000000	6.0000000000	 0.0000000000	1.0000000000	 0.0000000000	1.0000000000	 0.0000000000	1.5000000000	 0.0000000000	2.0000000000	 0.0000000000	0.7500000000	 0.0000000000	0.0000000000	 0.0000000000	0.0000000000	 0.0000000000	0.0000000000	 0.0000000000	
4000.0000000000	330.2000000000	 346.0684825027	20.0000000000	 0.0000000000	300.0000000000	 0.0000000000	4.0000000000	 0.0000000000	25.0000000000	 0.0000000000	5.0000000000	 0.0000000000	14.2000000000	 2.3519567814	1.0000000000	 0.0000000000	0.6000000000	 0.4800911676	2.2333320000	 0.1959957451	2.6000000000	 0.4800911676	0.8777778000	 0.0997964243	0.0000000000	 0.0000000000	0.0000000000	 0.0000000000	0.0000000000	 0.0000000000	
4000.0000000000	494.7500000000	 310.0590081547	22.5000000000	 4.8999099614	300.0000000000	 0.0000000000	4.0000000000	 0.0000000000	25.0000000000	 0.0000000000	6.0000000000	 0.0000000000	21.0000000000	 1.6003038921	1.0000000000	 0.0000000000	1.0000000000	 0.0000000000	2.5000000000	 0.1333613248	3.0000000000	 0.0000000000	0.8333332500	 0.0444528414	0.0000000000	 0.0000000000	0.0000000000	 0.0000000000	0.0000000000	 0.0000000000	
4000.0000000000	455.5000000000	 209.4821415855	23.7500000000	 3.5863668665	300.0000000000	 0.0000000000	4.0000000000	 0.0000000000	25.0000000000	 0.0000000000	7.0000000000	 0.0000000000	32.5000000000	 10.2313123725	1.0000000000	 0.0000000000	0.5000000000	 0.3703983773	3.0000000000	 0.5238224086	3.2500000000	 0.6142362202	0.9322916250	 0.0510407731	0.0000000000	 0.0000000000	0.0000000000	 0.0000000000	0.0000000000	 0.0000000000	
4000.0000000000	436.6666666667	 225.2075472683	26.6666666667	 4.1319668820	300.0000000000	 0.0000000000	4.0000000000	 0.0000000000	25.0000000000	 0.0000000000	8.0000000000	 0.0000000000	34.1666666667	 12.6961364361	1.0000000000	 0.0000000000	0.3333333333	 0.4131966882	4.0000000000	 0.9123135852	4.1666666667	 0.9354137874	0.9583333333	 0.0557879928	0.0000000000	 0.0000000000	0.0000000000	 0.0000000000	0.0000000000	 0.0000000000	
4000.0000000000	490.7500000000	 187.3402163361	27.5000000000	 3.2077440423	300.0000000000	 0.0000000000	4.0000000000	 0.0000000000	25.0000000000	 0.0000000000	9.0000000000	 0.0000000000	81.7500000000	 44.7120859222	1.0000000000	 0.0000000000	0.6250000000	 0.3586366867	3.7500000000	 0.8486893006	4.0000000000	 0.9072870259	0.9406250000	 0.0469575110	0.0000000000	 0.0000000000	0.0000000000	 0.0000000000	0.0000000000	 0.0000000000	
4000.0000000000	425.6000000000	 148.5820884681	28.6666666667	 1.7806537888	300.0000000000	 0.0000000000	4.0000000000	 0.0000000000	25.0000000000	 0.0000000000	10.0000000000	 0.0000000000	68.2000000000	 14.8235880140	1.0000000000	 0.0000000000	0.5333333333	 0.2613285313	4.8555553333	 0.5008798702	5.0666666667	 0.4472133281	0.9541269333	 0.0310089054	0.0000000000	 0.0000000000	0.0000000000	 0.0000000000	0.0006666667	 0.0013066427	
4000.0000000000	552.3750000000	 153.3833667411	28.7500000000	 2.4499549807	300.0000000000	 0.0000000000	4.0000000000	 0.0000000000	25.0000000000	 0.0000000000	11.0000000000	 0.0000000000	83.7500000000	 16.6421849895	1.0000000000	 0.0000000000	0.1250000000	 0.2449954981	5.5625000000	 0.9340632662	5.6250000000	 0.9025492022	0.9875000000	 0.0244995498	0.0000000000	 0.0000000000	0.0000000000	 0.0000000000	0.0000000000	 0.0000000000	
4000.0000000000	420.5000000000	 158.3460740320	32.0000000000	 3.9199279691	300.0000000000	 0.0000000000	4.0000000000	 0.0000000000	25.0000000000	 0.0000000000	12.0000000000	 0.0000000000	177.4000000000	 45.2928410364	1.0000000000	 0.0000000000	0.1000000000	 0.1959963985	4.7500000000	 0.6734282109	4.8000000000	 0.6401215568	0.9875000000	 0.0244995498	0.0000000000	 0.0000000000	0.0000000000	 0.0000000000	0.0000000000	 0.0000000000	
4000.0000000000	536.9000000000	 223.9723205577	30.0000000000	 0.0000000000	300.0000000000	 0.0000000000	4.0000000000	 0.0000000000	25.0000000000	 0.0000000000	13.0000000000	 0.0000000000	204.0000000000	 112.8658685262	1.0000000000	 0.0000000000	0.5000000000	 0.3266606641	5.7000000000	 0.7757760944	5.9000000000	 0.7420303886	0.9636905000	 0.0302453780	0.0000000000	 0.0000000000	0.0000000000	 0.0000000000	0.0020000000	 0.0026132853	
4000.0000000000	378.1538461538	 149.9660397854	38.4615384615	 2.0413875233	300.0000000000	 0.0000000000	4.0000000000	 0.0000000000	25.0000000000	 0.0000000000	14.0000000000	 0.0000000000	251.3076923077	 68.0601060587	1.0000000000	 0.0000000000	0.3846153846	 0.2752606375	5.4807692308	 0.7243592330	5.5384615385	 0.7563409020	0.9913461538	 0.0115662705	0.0000000000	 0.0000000000	0.0000000000	 0.0000000000	0.0023076923	 0.0023838270	
4000.0000000000	419.5000000000	 117.6503712453	34.2857142857	 2.6901035517	300.0000000000	 0.0000000000	4.0000000000	 0.0000000000	25.0000000000	 0.0000000000	15.0000000000	 0.0000000000	319.7857142857	 108.7010245228	1.0000000000	 0.0000000000	0.1428571429	 0.1902190464	6.2500000000	 0.5696655534	6.2857142857	 0.5599897099	0.9940476429	 0.0116664056	0.0000000000	 0.0000000000	0.0000000000	 0.0000000000	0.0028571429	 0.0032018637	
4000.0000000000	647.4500000000	 119.2004061865	38.0000000000	 1.7985863035	300.0000000000	 0.0000000000	4.0000000000	 0.0000000000	25.0000000000	 0.0000000000	16.0000000000	 0.0000000000	516.8500000000	 179.5324124059	1.0000000000	 0.0000000000	0.3000000000	 0.2060539470	6.0916665000	 0.8333217266	6.2000000000	 0.8363909788	0.9824603000	 0.0162134613	0.0005000000	 0.0009799820	0.0000000000	 0.0000000000	0.0065000000	 0.0029399460	
4000.0000000000	463.3076923077	 122.4257388163	38.4615384615	 2.0413875233	300.0000000000	 0.0000000000	4.0000000000	 0.0000000000	25.0000000000	 0.0000000000	17.0000000000	 0.0000000000	547.4615384615	 275.8366988627	1.0000000000	 0.0000000000	0.3076923077	 0.2611351694	6.6025638462	 0.5901008963	6.7692307692	 0.5935681480	0.9755800000	 0.0212241372	0.0007692308	 0.0015076646	0.0000000000	 0.0000000000	0.0069230769	 0.0034269673	
4000.0000000000	489.7857142857	 157.3048882026	39.2857142857	 1.3999742747	300.0000000000	 0.0000000000	4.0000000000	 0.0000000000	25.0000000000	 0.0000000000	18.0000000000	 0.0000000000	855.8571428571	 266.9690601779	1.0000000000	 0.0000000000	0.2142857143	 0.2230516032	6.2380950000	 0.6440246812	6.2857142857	 0.6308852047	0.9920635000	 0.0155552542	0.0014285714	 0.0019021905	0.0000000000	 0.0000000000	0.0121428571	 0.0041999228	
4000.0000000000	459.1875000000	 145.7065729267	41.2500000000	 1.6736378711	300.0000000000	 0.0000000000	4.0000000000	 0.0000000000	25.0000000000	 0.0000000000	19.0000000000	 0.0000000000	498.8750000000	 189.4240276067	1.0000000000	 0.0000000000	0.2500000000	 0.2191306351	8.2343750000	 0.8143643845	8.3750000000	 0.8174679040	0.9836371250	 0.0149683402	0.0006250000	 0.0012249775	0.0000000000	 0.0000000000	0.0062500000	 0.0046913066	
4000.0000000000	407.7857142857	 173.3044495126	42.8571428571	 2.4557173288	300.0000000000	 0.0000000000	4.0000000000	 0.0000000000	25.0000000000	 0.0000000000	20.0000000000	 0.0000000000	925.0000000000	 353.6507676246	1.0000000000	 0.0000000000	0.2857142857	 0.2455717329	7.5714285714	 0.7814044692	7.6428571429	 0.7852537756	0.9910714286	 0.0118886904	0.0028571429	 0.0024557173	0.0014285714	 0.0019021905	0.0121428571	 0.0046755465	
4000.0000000000	450.0000000000	 99.1661525221	41.6666666667	 2.2590677994	300.0000000000	 0.0000000000	4.0000000000	 0.0000000000	25.0000000000	 0.0000000000	21.0000000000	 0.0000000000	1187.5000000000	 332.0611504895	1.0000000000	 0.0000000000	0.4583333333	 0.2036296196	7.5647320833	 0.6147391898	7.8333333333	 0.5859341119	0.9637730417	 0.0172229561	0.0050000000	 0.0031213507	0.0016666667	 0.0015230632	0.0179166667	 0.0050023990	
4000.0000000000	551.1904761905	 134.2789306804	41.9047619048	 2.1888204671	300.0000000000	 0.0000000000	4.0000000000	 0.0000000000	25.0000000000	 0.0000000000	22.0000000000	 0.0000000000	1514.3333333333	 616.1264448376	1.0000000000	 0.0000000000	0.2857142857	 0.1979862606	8.9880952381	 1.1000666509	9.1428571429	 1.0928172047	0.9814734286	 0.0145483460	0.0080952381	 0.0051712792	0.0009523810	 0.0012864876	0.0171428571	 0.0057609126	
4000.0000000000	608.6086956522	 112.4197410241	44.3478260870	 2.0714792663	300.0000000000	 0.0000000000	4.0000000000	 0.0000000000	25.0000000000	 0.0000000000	23.0000000000	 0.0000000000	2318.3478260870	 873.2315213940	1.0000000000	 0.0000000000	0.0869565217	 0.1177425832	8.3913043478	 0.7594820375	8.4347826087	 0.7477658333	0.9941770000	 0.0079037416	0.0169565217	 0.0094996624	0.0021739130	 0.0021187434	0.0256521739	 0.0092067516	
4000.0000000000	517.2941176471	 132.3717155969	42.9411764706	 3.2609501749	300.0000000000	 0.0000000000	4.0000000000	 0.0000000000	25.0000000000	 0.0000000000	24.0000000000	 0.0000000000	2041.8235294118	 549.4913135493	1.0000000000	 0.0000000000	0.1176470588	 0.1578700715	9.0490194118	 0.6249416558	9.1176470588	 0.6032206962	0.9919662353	 0.0108242576	0.0152941176	 0.0079040212	0.0017647059	 0.0018679439	0.0229411765	 0.0052518005	
4000.0000000000	537.8421052632	 117.8411752254	47.3684210526	 2.5267956191	300.0000000000	 0.0000000000	4.0000000000	 0.0000000000	25.0000000000	 0.0000000000	25.0000000000	 0.0000000000	2964.0000000000	 2126.6138210489	1.0000000000	 0.0000000000	0.2631578947	 0.2034263738	8.8859652632	 0.7744123160	9.0000000000	 0.7494109598	0.9861424211	 0.0107973658	0.0252631579	 0.0197349047	0.0021052632	 0.0032072504	0.0757894737	 0.0782453346	
4000.0000000000	489.9444444444	 127.8298593691	46.6666666667	 2.2408736685	300.0000000000	 0.0000000000	4.0000000000	 0.0000000000	25.0000000000	 0.0000000000	26.0000000000	 0.0000000000	4971.8888888889	 1800.3770632813	1.0000000000	 0.0000000000	0.3888888889	 0.2317375909	9.0925905556	 0.7223799900	9.2222222222	 0.7525392216	0.9869808889	 0.0120393868	0.0477777778	 0.0202024148	0.0050000000	 0.0028565646	0.0661111111	 0.0325944642	
4000.0000000000	484.3000000000	 124.5881410761	47.0000000000	 2.0605394699	300.0000000000	 0.0000000000	4.0000000000	 0.0000000000	25.0000000000	 0.0000000000	27.0000000000	 0.0000000000	6641.3500000000	 2793.8024195488	1.0000000000	 0.0000000000	0.3000000000	 0.2060539470	8.9050000000	 0.8950649650	9.0000000000	 0.8765225406	0.9884623000	 0.0095645978	0.0575000000	 0.0234883854	0.0085000000	 0.0055572752	0.0690000000	 0.0249503209	
4000.0000000000	540.1904761905	 128.5607623165	47.6190476190	 2.3051209287	300.0000000000	 0.0000000000	4.0000000000	 0.0000000000	25.0000000000	 0.0000000000	28.0000000000	 0.0000000000	4962.8095238095	 3067.2311844080	1.0000000000	 0.0000000000	0.1904761905	 0.1720950009	10.9523809524	 0.9343655739	11.0000000000	 0.9370420110	0.9957875238	 0.0057435094	0.0390476190	 0.0279776996	0.0057142857	 0.0056694637	0.0661904762	 0.0429933698	
4000.0000000000	422.0416666667	 142.4136811997	48.3333333333	 1.9265394925	300.0000000000	 0.0000000000	4.0000000000	 0.0000000000	25.0000000000	 0.0000000000	29.0000000000	 0.0000000000	6516.8333333333	 1579.8196283411	1.0000000000	 0.0000000000	0.2916666667	 0.1857575233	9.5777779167	 0.7822938908	9.7083333333	 0.7956092050	0.9870740833	 0.0094300993	0.0579166667	 0.0181613712	0.0079166667	 0.0033325166	0.1016666667	 0.0586527663	
4000.0000000000	539.0454545455	 128.4351897502	48.6363636364	 2.3409911073	300.0000000000	 0.0000000000	4.0000000000	 0.0000000000	25.0000000000	 0.0000000000	30.0000000000	 0.0000000000	5165.5454545455	 1442.8353404500	1.0000000000	 0.0000000000	0.1363636364	 0.1467753723	12.0227272727	 1.0836869940	12.0454545455	 1.0748886626	0.9977272727	 0.0044544636	0.0595454545	 0.0161312393	0.0050000000	 0.0021384960	0.0754545455	 0.0426087880	
4000.0000000000	463.0500000000	 131.7950452528	52.5000000000	 2.4109611656	300.0000000000	 0.0000000000	4.0000000000	 0.0000000000	25.0000000000	 0.0000000000	31.0000000000	 0.0000000000	9426.3000000000	 4245.5098303321	1.0000000000	 0.0000000000	0.3000000000	 0.2060539470	11.3066650000	 1.1321973120	11.4000000000	 1.0866200496	0.9894697000	 0.0133785321	0.0960000000	 0.0412206003	0.0120000000	 0.0069076018	0.5360000000	 0.7556462885	
4000.0000000000	484.9090909091	 98.9492289856	52.1212121212	 1.4164291502	300.0000000000	 0.0000000000	4.0000000000	 0.0000000000	25.0000000000	 0.0000000000	32.0000000000	 0.0000000000	9027.2727272727	 2145.2662487235	1.0000000000	 0.0000000000	0.2424242424	 0.1484821200	11.2408703030	 0.7482201042	11.2727272727	 0.7497979523	0.9972628182	 0.0034853448	0.0975757576	 0.0226000323	0.0112121212	 0.0040690603	0.1130303030	 0.0437637038	
4000.0000000000	544.0666666667	 108.6464935850	52.0000000000	 1.9711959618	300.0000000000	 0.0000000000	4.0000000000	 0.0000000000	25.0000000000	 0.0000000000	33.0000000000	 0.0000000000	11992.8333333333	 3496.3686725162	1.0000000000	 0.0000000000	0.3666666667	 0.1753884461	11.1424603333	 0.9420536002	11.2000000000	 0.9274338458	0.9939602333	 0.0054115415	0.1413333333	 0.0637060786	0.0163333333	 0.0059048704	0.7803333333	 1.0207857945	
4000.0000000000	598.7142857143	 120.5171169904	53.8095238095	 2.1282883517	300.0000000000	 0.0000000000	4.0000000000	 0.0000000000	25.0000000000	 0.0000000000	34.0000000000	 0.0000000000	11011.2380952381	 3201.3314967317	1.0000000000	 0.0000000000	0.2857142857	 0.1979862606	11.8571428571	 0.8258661716	11.9523809524	 0.7941418429	0.9909774762	 0.0082394156	0.1257142857	 0.0533780163	0.0147619048	 0.0046102419	0.2619047619	 0.1984248643	
4000.0000000000	573.8571428571	 104.9313760755	52.8571428571	 1.9798626062	300.0000000000	 0.0000000000	4.0000000000	 0.0000000000	25.0000000000	 0.0000000000	35.0000000000	 0.0000000000	14050.7500000000	 3912.0432805936	1.0000000000	 0.0000000000	0.1785714286	 0.1444631558	12.9285714286	 1.0001445715	13.0000000000	 0.9877290060	0.9939123214	 0.0056918239	0.1571428571	 0.0483556270	0.0167857143	 0.0056176926	0.2325000000	 0.1387099476	
4000.0000000000	465.7857142857	 103.2269533335	54.2857142857	 1.8666323662	300.0000000000	 0.0000000000	4.0000000000	 0.0000000000	25.0000000000	 0.0000000000	36.0000000000	 0.0000000000	19491.8571428571	 5720.5471009817	1.0000000000	 0.0000000000	0.2857142857	 0.1703994423	12.5535714286	 0.7781619876	12.6071428571	 0.7765570168	0.9957482857	 0.0046425066	0.2296428571	 0.0829797828	0.0271428571	 0.0098183206	0.2089285714	 0.0667580728	
4000.0000000000	560.4358974359	 90.0087117751	53.5897435897	 1.6866057251	300.0000000000	 0.0000000000	4.0000000000	 0.0000000000	25.0000000000	 0.0000000000	37.0000000000	 0.0000000000	22162.6153846154	 6813.6144944745	1.0000000000	 0.0000000000	0.2820512821	 0.1430760837	12.9978633333	 0.8235761984	13.1025641026	 0.8107553655	0.9911714103	 0.0058850360	0.2589743590	 0.0786124976	0.0289743590	 0.0097080007	0.6233333333	 0.4159807776	
4000.0000000000	447.6562500000	 109.9629757645	54.3750000000	 1.7462947010	300.0000000000	 0.0000000000	4.0000000000	 0.0000000000	25.0000000000	 0.0000000000	38.0000000000	 0.0000000000	27811.7187500000	 9179.9830455868	1.0000000000	 0.0000000000	0.3125000000	 0.1631656015	12.7040368750	 0.5780239376	12.7812500000	 0.5547412310	0.9932764687	 0.0065530824	0.3490625000	 0.1135515257	0.0346875000	 0.0125691441	0.6200000000	 0.4254301318	
4000.0000000000	384.5357142857	 100.4349431029	55.3571428571	 1.8811589072	300.0000000000	 0.0000000000	4.0000000000	 0.0000000000	25.0000000000	 0.0000000000	39.0000000000	 0.0000000000	32852.6785714286	 13530.9237615037	1.0000000000	 0.0000000000	0.2857142857	 0.1703994423	12.7404750000	 0.9338333265	12.8214285714	 0.9242304584	0.9933857500	 0.0061528484	0.4182142857	 0.1509422531	0.0482142857	 0.0186716700	0.3757142857	 0.2336337301	
4000.0000000000	551.6153846154	 79.4774678668	56.6666666667	 1.6627936258	300.0000000000	 0.0000000000	4.0000000000	 0.0000000000	25.0000000000	 0.0000000000	40.0000000000	 0.0000000000	26845.0000000000	 8297.9172761525	1.0000000000	 0.0000000000	0.3589743590	 0.1525196176	13.9955435897	 0.6956202687	14.1025641026	 0.6669137198	0.9914158462	 0.0061038196	0.3710256410	 0.1334077060	0.0358974359	 0.0124025474	0.3989743590	 0.2061002283	
4000.0000000000	361.9411764706	 98.4016572648	56.7647058824	 1.7978966377	300.0000000000	 0.0000000000	4.0000000000	 0.0000000000	25.0000000000	 0.0000000000	41.0000000000	 0.0000000000	45576.4117647059	 14050.0403483060	1.0000000000	 0.0000000000	0.3235294118	 0.1596145451	13.6960794118	 0.7764717352	13.7647058824	 0.7676519594	0.9947126765	 0.0046070273	0.6723529412	 0.2652397922	0.0732352941	 0.0276280143	0.5605882353	 0.1805840243	
4000.0000000000	447.8108108108	 87.1748163867	60.0000000000	 1.5189412348	300.0000000000	 0.0000000000	4.0000000000	 0.0000000000	25.0000000000	 0.0000000000	42.0000000000	 0.0000000000	54716.6486486486	 25360.7387291219	1.0000000000	 0.0000000000	0.1891891892	 0.1279395338	14.4549559459	 1.0593825615	14.4864864865	 1.0485691021	0.9971775946	 0.0031951814	0.7348648649	 0.2943069877	0.0754054054	 0.0331619573	0.6643243243	 0.2628037655	
4000.0000000000	531.5882352941	 104.0230482597	58.2352941176	 1.7496411962	300.0000000000	 0.0000000000	4.0000000000	 0.0000000000	25.0000000000	 0.0000000000	43.0000000000	 0.0000000000	46384.2941176471	 15466.9656442909	1.0000000000	 0.0000000000	0.2647058824	 0.1505232071	14.6201352941	 1.0239842900	14.7058823529	 1.0186268722	0.9937272059	 0.0058447371	0.6752941176	 0.2454199434	0.0670588235	 0.0235877331	0.5379411765	 0.2292299049	
4000.0000000000	453.9750000000	 83.7455334348	59.0000000000	 1.6901092803	300.0000000000	 0.0000000000	4.0000000000	 0.0000000000	25.0000000000	 0.0000000000	44.0000000000	 0.0000000000	68782.0250000000	 23604.2572480960	1.0000000000	 0.0000000000	0.4250000000	 0.1551472832	14.2843350000	 0.8292077078	14.4000000000	 0.8117622412	0.9911711000	 0.0058752591	0.9565000000	 0.3648772173	0.1075000000	 0.0421871165	0.8407500000	 0.2996725683	
4000.0000000000	599.6562500000	 91.6528932259	61.5625000000	 1.7840011912	300.0000000000	 0.0000000000	4.0000000000	 0.0000000000	25.0000000000	 0.0000000000	45.0000000000	 0.0000000000	58926.2500000000	 19921.3650109910	1.0000000000	 0.0000000000	0.2812500000	 0.1582713980	15.3531250000	 0.9598500883	15.4687500000	 0.9599579721	0.9925413438	 0.0052640288	0.8403125000	 0.2672548907	0.0856250000	 0.0282842245	0.6787500000	 0.2394329924	
4000.0000000000	441.1714285714	 77.0859861309	59.4285714286	 1.7863997017	300.0000000000	 0.0000000000	4.0000000000	 0.0000000000	25.0000000000	 0.0000000000	46.0000000000	 0.0000000000	60008.2285714286	 11750.0239700906	1.0000000000	 0.0000000000	0.3428571429	 0.1595493830	15.7485714286	 0.8466470003	15.8571428571	 0.8432721882	0.9930814000	 0.0049008451	0.8328571429	 0.1764911107	0.0891428571	 0.0170898083	0.6548571429	 0.1619188440	
4000.0000000000	502.6538461538	 86.6590164589	60.5769230769	 1.2523157908	300.0000000000	 0.0000000000	4.0000000000	 0.0000000000	25.0000000000	 0.0000000000	47.0000000000	 0.0000000000	75825.1538461538	 18339.1935784253	1.0000000000	 0.0000000000	0.2692307692	 0.1217350043	15.8942307692	 0.7337899787	15.9423076923	 0.7388091973	0.9970831538	 0.0026506662	1.1794230769	 0.3161265406	0.1184615385	 0.0349706569	0.8886538462	 0.2475795056	
4000.0000000000	567.4102564103	 88.6988008921	61.5384615385	 1.5338868233	300.0000000000	 0.0000000000	4.0000000000	 0.0000000000	25.0000000000	 0.0000000000	48.0000000000	 0.0000000000	104426.1538461538	 38276.8477780035	1.0000000000	 0.0000000000	0.3333333333	 0.1498821920	16.5811974359	 0.7762057646	16.6153846154	 0.7808561832	0.9980706410	 0.0021473378	1.6089743590	 0.6716252482	0.1464102564	 0.0725586791	1.0423076923	 0.3220963623	
4000.0000000000	536.5750000000	 83.9741744776	62.7500000000	 1.7172105694	300.0000000000	 0.0000000000	4.0000000000	 0.0000000000	25.0000000000	 0.0000000000	49.0000000000	 0.0000000000	138617.7000000000	 43999.5719731457	1.0000000000	 0.0000000000	0.4000000000	 0.1537522247	15.7875000000	 0.9203269282	15.8750000000	 0.9101178815	0.9939922750	 0.0041518731	2.0165000000	 0.5435919226	0.2565000000	 0.1250380573	1.8000000000	 0.8596858380	
4000.0000000000	457.3529411765	 80.0709377504	63.9215686275	 1.3532834091	300.0000000000	 0.0000000000	4.0000000000	 0.0000000000	25.0000000000	 0.0000000000	50.0000000000	 0.0000000000	131296.8039215686	 42803.8784173050	1.0000000000	 0.0000000000	0.4313725490	 0.1372787298	16.6150333333	 0.8187099243	16.7058823529	 0.8146938708	0.9943367843	 0.0034934230	2.0780392157	 0.6494156325	0.2254901961	 0.0988451083	1.4201960784	 0.4495513697	
4000.0000000000	549.4545454545	 90.4768323699	63.4090909091	 1.4167910843	300.0000000000	 0.0000000000	4.0000000000	 0.0000000000	25.0000000000	 0.0000000000	51.0000000000	 0.0000000000	142099.3636363636	 44655.9144442516	1.0000000000	 0.0000000000	0.3636363636	 0.1437805676	17.1382590909	 0.9696390429	17.2272727273	 0.9491734598	0.9939452500	 0.0037721767	2.7179545455	 0.9131128440	0.2990909091	 0.1676530566	1.6086363636	 0.5036091775	
4000.0000000000	579.8510638298	 75.1683998992	64.0425531915	 1.4181662099	300.0000000000	 0.0000000000	4.0000000000	 0.0000000000	25.0000000000	 0.0000000000	52.0000000000	 0.0000000000	170401.3191489362	 61692.8196461722	1.0000000000	 0.0000000000	0.3829787234	 0.1404774350	17.3262425532	 1.0611303524	17.4042553191	 1.0540740224	0.9951305745	 0.0031606592	2.7938297872	 1.0115568208	0.3268085106	 0.1550411624	1.6721276596	 0.6424152758	
4000.0000000000	491.2857142857	 79.1148985105	65.9183673469	 1.3904180246	300.0000000000	 0.0000000000	4.0000000000	 0.0000000000	25.0000000000	 0.0000000000	53.0000000000	 0.0000000000	188595.8979591837	 84043.5216062016	1.0000000000	 0.0000000000	0.3469387755	 0.1346575914	17.3326530612	 0.6760437880	17.4081632653	 0.6589264322	0.9951831633	 0.0038588628	3.4891836735	 1.6325975980	0.5208163265	 0.3978587302	2.8697959184	 1.8618281941	
4000.0000000000	444.9767441860	 85.3296743507	62.5581395349	 1.7370803508	300.0000000000	 0.0000000000	4.0000000000	 0.0000000000	25.0000000000	 0.0000000000	54.0000000000	 0.0000000000	130240.8837209302	 38574.0988429341	1.0000000000	 0.0000000000	0.3255813953	 0.1417157133	19.4212162791	 1.2072416661	19.4883720930	 1.1980054495	0.9961381860	 0.0030319255	2.3483720930	 0.8307768380	0.1941860465	 0.0597008372	1.3074418605	 0.4015497346	
4000.0000000000	433.6041666667	 83.4014681169	65.8333333333	 1.5254916836	300.0000000000	 0.0000000000	4.0000000000	 0.0000000000	25.0000000000	 0.0000000000	55.0000000000	 0.0000000000	280839.1666666667	 99782.3928036710	1.0000000000	 0.0000000000	0.3333333333	 0.1347698997	18.0190979167	 0.8907718974	18.0625000000	 0.8800244521	0.9972083750	 0.0027349860	5.4658333333	 2.1113522281	0.7533333333	 0.4329030712	3.8845833333	 2.0448988902	
4000.0000000000	538.1521739130	 91.7985650526	67.1739130435	 1.3155660232	300.0000000000	 0.0000000000	4.0000000000	 0.0000000000	25.0000000000	 0.0000000000	56.0000000000	 0.0000000000	252225.2391304348	 78201.1335431504	1.0000000000	 0.0000000000	0.4565217391	 0.1455337279	18.0543608696	 0.9731579600	18.0869565217	 0.9667813740	0.9978626957	 0.0021830136	4.7334782609	 1.4746737057	0.5095652174	 0.2306502744	2.4254347826	 0.8439082402	
4000.0000000000	536.8297872340	 86.8355847376	66.5957446809	 1.3693427145	300.0000000000	 0.0000000000	4.0000000000	 0.0000000000	25.0000000000	 0.0000000000	57.0000000000	 0.0000000000	310577.8723404256	 117514.6162781957	1.0000000000	 0.0000000000	0.3829787234	 0.1404774350	19.2004744681	 1.1317979909	19.2553191489	 1.1207541292	0.9966246596	 0.0031623784	5.6151063830	 2.1748754176	0.7706382979	 0.4194198568	4.4623404255	 2.2806835081	
4000.0000000000	555.7931034483	 75.0712733132	66.2068965517	 1.2596365693	300.0000000000	 0.0000000000	4.0000000000	 0.0000000000	25.0000000000	 0.0000000000	58.0000000000	 0.0000000000	298442.7931034483	 114215.8573589282	1.0000000000	 0.0000000000	0.2758620690	 0.1160292022	20.3017241379	 1.0528439015	20.3448275862	 1.0523657054	0.9977626034	 0.0019423120	6.4975862069	 2.8718483470	0.7008620690	 0.4377140392	4.6158620690	 2.5086721983	
4000.0000000000	497.5714285714	 95.5937622810	67.1428571429	 1.7179700063	300.0000000000	 0.0000000000	4.0000000000	 0.0000000000	25.0000000000	 0.0000000000	59.0000000000	 0.0000000000	307476.8571428572	 110617.3919345507	1.0000000000	 0.0000000000	0.3714285714	 0.1624140532	19.8428571429	 1.2626641281	19.8857142857	 1.2519540664	0.9974271429	 0.0028893716	6.0305714286	 2.1095421199	0.5937142857	 0.2751434358	2.9700000000	 1.1222422921	
4000.0000000000	461.8510638298	 82.4236228768	67.8723404255	 1.1826934164	300.0000000000	 0.0000000000	4.0000000000	 0.0000000000	25.0000000000	 0.0000000000	60.0000000000	 0.0000000000	260177.9148936170	 61783.0507922266	1.0000000000	 0.0000000000	0.3829787234	 0.1404774350	20.6369638298	 1.0632666043	20.6808510638	 1.0463707521	0.9972511702	 0.0027581119	5.2923404255	 1.3118524785	0.4765957447	 0.1389057643	2.4919148936	 0.8946521472	
4000.0000000000	486.9117647059	 93.6337533128	67.6470588235	 1.4472510440	300.0000000000	 0.0000000000	4.0000000000	 0.0000000000	25.0000000000	 0.0000000000	61.0000000000	 0.0000000000	407765.3823529412	 153929.4514500410	1.0000000000	 0.0000000000	0.3823529412	 0.1658034365	20.8963235294	 1.1108211840	20.9705882353	 1.0961929997	0.9960937647	 0.0040151816	8.8617647059	 3.5082313513	1.1776470588	 0.6389856055	7.1952941176	 6.1625409230	
4000.0000000000	486.4871794872	 84.2376241427	68.7179487179	 1.0629581016	300.0000000000	 0.0000000000	4.0000000000	 0.0000000000	25.0000000000	 0.0000000000	62.0000000000	 0.0000000000	482487.3076923077	 224489.9871671368	1.0000000000	 0.0000000000	0.3846153846	 0.1546831245	20.6837615385	 0.8877531579	20.7179487179	 0.8933610741	0.9984585641	 0.0017051680	10.1835897436	 4.7148580416	0.9966666667	 0.4001940887	7.2653846154	 6.1170078921	
4000.0000000000	518.3913043478	 76.1881331369	68.6956521739	 0.9839875948	300.0000000000	 0.0000000000	4.0000000000	 0.0000000000	25.0000000000	 0.0000000000	63.0000000000	 0.0000000000	590857.6521739131	 222423.2190354422	1.0000000000	 0.0000000000	0.4130434783	 0.1438608709	20.8731891304	 1.0520870472	20.9130434783	 1.0425161659	0.9977835217	 0.0021639904	12.6830434783	 5.1141902225	1.5054347826	 0.7649244222	9.7454347826	 4.8082461230	
4000.0000000000	480.8750000000	 94.2461681310	68.7500000000	 1.0379461457	300.0000000000	 0.0000000000	4.0000000000	 0.0000000000	25.0000000000	 0.0000000000	64.0000000000	 0.0000000000	666434.7750000000	 239226.8867456259	1.0000000000	 0.0000000000	0.4000000000	 0.1537522247	21.2104150000	 1.2174721586	21.2750000000	 1.2032759105	0.9965615250	 0.0033068385	13.4397500000	 4.2061347977	1.5467500000	 0.6392328434	10.8200000000	 9.3381774180	
4000.0000000000	548.7948717949	 88.9186814547	69.7435897436	 0.5025548678	300.0000000000	 0.0000000000	4.0000000000	 0.0000000000	25.0000000000	 0.0000000000	65.0000000000	 0.0000000000	534390.0000000000	 129726.4968332108	1.0000000000	 0.0000000000	0.4615384615	 0.1585030361	22.3049871795	 1.4060593706	22.3846153846	 1.3917183792	0.9959705128	 0.0032418892	11.1871794872	 2.9998924060	1.6289743590	 0.7207857213	5.6471794872	 1.8955923840	
4000.0000000000	450.3611111111	 100.3562306671	68.8888888889	 1.0411577900	300.0000000000	 0.0000000000	4.0000000000	 0.0000000000	25.0000000000	 0.0000000000	66.0000000000	 0.0000000000	600938.6944444445	 259720.4851202951	1.0000000000	 0.0000000000	0.5555555556	 0.1646215010	21.5902777778	 1.2210282957	21.6944444444	 1.1991337382	0.9946452222	 0.0037190253	13.9358333333	 7.2001076254	1.3297222222	 0.7076823663	9.9769444444	 8.0691910360	
4000.0000000000	594.6285714286	 92.5627418695	68.0000000000	 1.3445242011	300.0000000000	 0.0000000000	4.0000000000	 0.0000000000	25.0000000000	 0.0000000000	67.0000000000	 0.0000000000	679653.4857142858	 333005.5502017516	1.0000000000	 0.0000000000	0.3142857143	 0.1560423749	22.0582428571	 1.2792668261	22.0857142857	 1.2688578030	0.9984724286	 0.0020859699	16.0460000000	 9.0469255713	3.0020000000	 2.3695149695	13.5237142857	 9.8810033353	
4000.0000000000	538.2666666667	 115.1198207686	69.3333333333	 0.9078662069	300.0000000000	 0.0000000000	4.0000000000	 0.0000000000	25.0000000000	 0.0000000000	68.0000000000	 0.0000000000	964401.0000000000	 578229.3147785885	1.0000000000	 0.0000000000	0.2333333333	 0.1539362049	22.2277766667	 1.3012330346	22.2666666667	 1.2779417580	0.9976543333	 0.0031990648	27.7966666667	 16.4665156650	4.3993333333	 3.5530914623	14.2370000000	 9.1013662351	
4000.0000000000	505.0416666667	 88.5394101287	69.5833333333	 0.8166516602	300.0000000000	 0.0000000000	4.0000000000	 0.0000000000	25.0000000000	 0.0000000000	69.0000000000	 0.0000000000	1434868.5416666667	 573686.3615987522	1.0000000000	 0.0000000000	0.4166666667	 0.2014823229	22.0000000000	 1.2637753992	22.0416666667	 1.2677843039	0.9981884167	 0.0024554937	32.8787500000	 13.4587358987	6.1020833333	 3.9679460851	28.8237500000	 13.8112778852	
4000.0000000000	432.1379310345	 115.0769226286	68.9655172414	 1.1280241011	300.0000000000	 0.0000000000	4.0000000000	 0.0000000000	25.0000000000	 0.0000000000	70.0000000000	 0.0000000000	715731.5517241380	 323231.6796692092	1.0000000000	 0.0000000000	0.4827586207	 0.1850890494	25.7097689655	 2.2118791961	25.7241379310	 2.2114997352	0.9994153793	 0.0007957514	18.7048275862	 8.1897073655	2.5906896552	 2.1981788522	20.0006896552	 23.0638856350	
4000.0000000000	485.5833333333	 123.3895483127	70.0000000000	 0.0000000000	300.0000000000	 0.0000000000	4.0000000000	 0.0000000000	25.0000000000	 0.0000000000	71.0000000000	 0.0000000000	1195658.9583333333	 676895.4762063914	1.0000000000	 0.0000000000	0.4166666667	 0.2014823229	22.6096250000	 2.1666339387	22.6250000000	 2.1619317468	0.9991805000	 0.0012691616	28.3208333333	 14.3893065543	5.3208333333	 3.7485799512	18.1287500000	 11.4285436581	
4000.0000000000	475.4400000000	 116.4199402971	69.6000000000	 0.7839855938	300.0000000000	 0.0000000000	4.0000000000	 0.0000000000	25.0000000000	 0.0000000000	72.0000000000	 0.0000000000	1153999.2400000000	 583913.4193208998	1.0000000000	 0.0000000000	0.5200000000	 0.1998778921	24.4533320000	 1.3785086403	24.5200000000	 1.3490096708	0.9968079600	 0.0035044431	25.7964000000	 13.2072950241	5.0152000000	 4.5989366528	20.3700000000	 13.6099319996	
4000.0000000000	462.1000000000	 133.6463467585	69.5000000000	 0.9799819923	300.0000000000	 0.0000000000	4.0000000000	 0.0000000000	25.0000000000	 0.0000000000	73.0000000000	 0.0000000000	1161972.5500000000	 739485.5980823048	1.0000000000	 0.0000000000	0.3000000000	 0.2060539470	24.9336600000	 2.1730582557	25.0000000000	 2.1423193927	0.9967237000	 0.0044879433	29.6200000000	 20.4834382152	6.5345000000	 6.2235779719	21.6680000000	 14.8400577287	
4000.0000000000	538.3529411765	 116.1876178381	70.0000000000	 0.0000000000	300.0000000000	 0.0000000000	4.0000000000	 0.0000000000	25.0000000000	 0.0000000000	74.0000000000	 0.0000000000	1036988.1176470588	 536794.7670929682	1.0000000000	 0.0000000000	0.5882352941	 0.2411505175	24.5568647059	 2.3133064713	24.6470588235	 2.2978999865	0.9960932353	 0.0036307717	23.3129411765	 15.4371803893	3.8935294118	 2.6288370532	16.3900000000	 10.6632554807	
4000.0000000000	553.0588235294	 117.5325453288	69.4117647059	 1.1529199909	300.0000000000	 0.0000000000	4.0000000000	 0.0000000000	25.0000000000	 0.0000000000	75.0000000000	 0.0000000000	845835.9411764706	 470920.1911844315	1.0000000000	 0.0000000000	0.2941176471	 0.2232619962	27.8235294118	 2.6850291267	27.8235294118	 2.6850291267	1.0000000000	 0.0000000000	17.7747058824	 9.4040037162	3.0758823529	 2.4311920278	10.5388235294	 6.7915636138	
4000.0000000000	495.5238095238	 121.9554581862	70.0000000000	 0.0000000000	300.0000000000	 0.0000000000	4.0000000000	 0.0000000000	25.0000000000	 0.0000000000	76.0000000000	 0.0000000000	1004504.3333333334	 361779.9707467164	1.0000000000	 0.0000000000	0.3809523810	 0.2128288352	27.1904761905	 1.8916640646	27.1904761905	 1.8916640646	1.0000000000	 0.0000000000	24.0485714286	 8.3665907389	4.2304761905	 2.7274611663	14.1119047619	 5.9297177316	
4000.0000000000	486.8235294118	 146.3840338302	69.4117647059	 1.1529199909	300.0000000000	 0.0000000000	4.0000000000	 0.0000000000	25.0000000000	 0.0000000000	77.0000000000	 0.0000000000	1280452.3529411764	 1154436.8071178722	1.0000000000	 0.0000000000	0.4117647059	 0.2411505175	27.4888000000	 3.6083066996	27.5882352941	 3.6048344027	0.9962759412	 0.0050855426	31.2594117647	 24.1265927958	6.1964705882	 5.2103467833	14.7905882353	 13.8986455493	
4000.0000000000	579.0000000000	 176.6884181085	70.0000000000	 0.0000000000	300.0000000000	 0.0000000000	4.0000000000	 0.0000000000	25.0000000000	 0.0000000000	78.0000000000	 0.0000000000	751673.4615384615	 263269.8058693583	1.0000000000	 0.0000000000	0.3846153846	 0.2752606375	25.9140000000	 1.9817031529	26.0000000000	 1.9473595838	0.9963596923	 0.0049294068	21.4684615385	 8.6841331965	2.2476923077	 1.2351465010	7.6853846154	 3.2288986194	
4000.0000000000	499.5714285714	 152.9290548107	70.0000000000	 0.0000000000	300.0000000000	 0.0000000000	4.0000000000	 0.0000000000	25.0000000000	 0.0000000000	79.0000000000	 0.0000000000	863921.8571428572	 285764.0956453285	1.0000000000	 0.0000000000	0.5000000000	 0.2717981017	26.6250000000	 3.4113291468	26.7142857143	 3.3662143335	0.9957686429	 0.0058622271	19.4964285714	 9.2410972251	3.6157142857	 1.8103522498	23.9757142857	 24.8142897131	
4000.0000000000	460.3750000000	 272.3566589383	70.0000000000	 0.0000000000	300.0000000000	 0.0000000000	4.0000000000	 0.0000000000	25.0000000000	 0.0000000000	80.0000000000	 0.0000000000	1554167.7500000000	 1021705.5767698085	1.0000000000	 0.0000000000	0.3750000000	 0.3586366867	26.5000000000	 1.6145290954	26.5000000000	 1.6145290954	1.0000000000	 0.0000000000	42.1775000000	 30.1031627369	8.0437500000	 5.3981734683	22.5487500000	 14.6125969099	
4000.0000000000	468.0000000000	 230.6767226863	70.0000000000	 0.0000000000	300.0000000000	 0.0000000000	4.0000000000	 0.0000000000	25.0000000000	 0.0000000000	81.0000000000	 0.0000000000	514070.3750000000	 255928.2109283948	1.0000000000	 0.0000000000	0.3750000000	 0.3586366867	31.2500000000	 3.0711811009	31.2500000000	 3.0711811009	1.0000000000	 0.0000000000	12.5862500000	 6.2459644084	1.5250000000	 1.2557979941	4.5287500000	 3.0998127401	
4000.0000000000	429.5000000000	 281.8238067767	70.0000000000	 0.0000000000	300.0000000000	 0.0000000000	4.0000000000	 0.0000000000	25.0000000000	 0.0000000000	82.0000000000	 0.0000000000	392310.5000000000	 257538.7760102952	1.0000000000	 0.0000000000	0.3333333333	 0.4131966882	31.5555500000	 6.3266944637	31.6666666667	 6.3139374390	0.9964158333	 0.0070248376	10.9283333333	 8.6047202122	1.4150000000	 1.2986517850	4.4333333333	 4.4950074183	
4000.0000000000	689.7142857143	 234.9535579673	70.0000000000	 0.0000000000	300.0000000000	 0.0000000000	4.0000000000	 0.0000000000	25.0000000000	 0.0000000000	83.0000000000	 0.0000000000	706388.2857142857	 675349.1224857897	1.0000000000	 0.0000000000	0.1428571429	 0.2799948549	32.0000000000	 4.7626567904	32.0000000000	 4.7626567904	1.0000000000	 0.0000000000	17.9771428571	 17.4549876491	2.0242857143	 2.7347605511	7.9614285714	 8.8517271013	
4000.0000000000	325.0000000000	 207.7561823612	70.0000000000	 0.0000000000	300.0000000000	 0.0000000000	4.0000000000	 0.0000000000	25.0000000000	 0.0000000000	84.0000000000	 0.0000000000	2619890.5000000000	 3984335.3255580715	1.0000000000	 0.0000000000	0.0000000000	 0.0000000000	28.5000000000	 16.6596938686	28.5000000000	 16.6596938686	1.0000000000	 0.0000000000	38.9650000000	 50.7140681000	18.5300000000	 32.3982046644	38.1800000000	 61.8760629919	
4000.0000000000	279.3333333333	 155.4970640815	70.0000000000	 0.0000000000	300.0000000000	 0.0000000000	4.0000000000	 0.0000000000	25.0000000000	 0.0000000000	85.0000000000	 0.0000000000	1083951.0000000000	 680737.2065672897	1.0000000000	 0.0000000000	0.1666666667	 0.3266606641	31.5000000000	 7.1701829742	31.5000000000	 7.1701829742	1.0000000000	 0.0000000000	27.9616666667	 18.9605632832	6.7850000000	 8.3167590810	22.5100000000	 17.9823671052	
4000.0000000000	424.7142857143	 203.8720198279	70.0000000000	 0.0000000000	300.0000000000	 0.0000000000	4.0000000000	 0.0000000000	25.0000000000	 0.0000000000	86.0000000000	 0.0000000000	1267578.7142857143	 1342919.2315057560	1.0000000000	 0.0000000000	0.1428571429	 0.2799948549	37.8571428571	 5.5341793496	37.8571428571	 5.5341793496	1.0000000000	 0.0000000000	49.3528571429	 61.2275382859	4.8142857143	 5.7022905080	14.2642857143	 16.3576276483	
4000.0000000000	661.2500000000	 182.1226950035	70.0000000000	 0.0000000000	300.0000000000	 0.0000000000	4.0000000000	 0.0000000000	25.0000000000	 0.0000000000	88.0000000000	 0.0000000000	1796748.2500000000	 1457930.7205852186	1.0000000000	 0.0000000000	0.2500000000	 0.4899909961	30.7500000000	 5.0842714963	30.7500000000	 5.0842714963	1.0000000000	 0.0000000000	58.2200000000	 51.8671631685	7.4050000000	 11.2824077349	21.9600000000	 25.9249638008	
4000.0000000000	685.0000000000	 550.7498796558	70.0000000000	 0.0000000000	300.0000000000	 0.0000000000	4.0000000000	 0.0000000000	25.0000000000	 0.0000000000	89.0000000000	 0.0000000000	2769866.0000000000	 2594167.1706935409	1.0000000000	 0.0000000000	0.5000000000	 0.9799819923	26.0000000000	 1.9599639845	26.0000000000	 1.9599639845	1.0000000000	 0.0000000000	97.1450000000	 100.3599558284	24.2400000000	 44.1579885717	64.1250000000	 50.1064792648	
4000.0000000000	465.0000000000	 426.7218655427	70.0000000000	 0.0000000000	300.0000000000	 0.0000000000	4.0000000000	 0.0000000000	25.0000000000	 0.0000000000	90.0000000000	 0.0000000000	2213665.2500000000	 2571399.1875447212	1.0000000000	 0.0000000000	0.5000000000	 0.5657928670	34.7500000000	 5.5652279146	34.7500000000	 5.5652279146	1.0000000000	 0.0000000000	35.2000000000	 34.8232984777	8.3875000000	 9.7483578353	27.0775000000	 36.7482335384	
4000.0000000000	338.0000000000	 246.2614997445	70.0000000000	 0.0000000000	300.0000000000	 0.0000000000	4.0000000000	 0.0000000000	25.0000000000	 0.0000000000	91.0000000000	 0.0000000000	1305756.8000000000	 1121582.4657368755	1.0000000000	 0.0000000000	0.2000000000	 0.3919927969	37.8000000000	 11.0941579498	37.8000000000	 11.0941579498	1.0000000000	 0.0000000000	31.0060000000	 28.0214280357	12.0860000000	 12.5533965798	23.2760000000	 21.9643148588	
4000.0000000000	586.0000000000	 674.2276106818	70.0000000000	 0.0000000000	300.0000000000	 0.0000000000	4.0000000000	 0.0000000000	25.0000000000	 0.0000000000	94.0000000000	 0.0000000000	1132342.5000000000	 2083795.4890652874	1.0000000000	 0.0000000000	0.5000000000	 0.9799819923	36.5000000000	 0.9799819923	36.5000000000	 0.9799819923	1.0000000000	 0.0000000000	18.4700000000	 34.0445744115	4.6150000000	 8.8688370300	15.9900000000	 30.3598421205	
4000.0000000000	589.0000000000	 719.3067823262	70.0000000000	 0.0000000000	300.0000000000	 0.0000000000	4.0000000000	 0.0000000000	25.0000000000	 0.0000000000	95.0000000000	 0.0000000000	14001950.5000000000	 14284657.5312424451	1.0000000000	 0.0000000000	0.5000000000	 0.9799819923	36.5000000000	 2.9399459768	36.5000000000	 2.9399459768	1.0000000000	 0.0000000000	551.6900000000	 598.8081965567	74.2900000000	 127.6524543131	1674.1300000000	 3152.3472738147	
