2000.0000000000	667.5000000000	 151.8972088019	20.0000000000	 0.0000000000	300.0000000000	 0.0000000000	4.0000000000	 0.0000000000	25.0000000000	 0.0000000000	11.0000000000	 0.0000000000	23.5000000000	 4.8999099614	1.0000000000	 0.0000000000	1.0000000000	 0.0000000000	7.0000000000	 0.9799819923	7.5000000000	 0.9799819923	0.9330355000	 0.0087502592	0.0000000000	 0.0000000000	0.0000000000	 0.0000000000	0.0000000000	 0.0000000000	
2000.0000000000	561.0000000000	 127.3976589951	20.0000000000	 0.0000000000	300.0000000000	 0.0000000000	4.0000000000	 0.0000000000	25.0000000000	 0.0000000000	12.0000000000	 0.0000000000	34.0000000000	 25.4795317990	1.0000000000	 0.0000000000	1.0000000000	 0.0000000000	7.9166650000	 3.1032795755	8.5000000000	 2.9399459768	0.9273810000	 0.0443324254	0.0000000000	 0.0000000000	0.0000000000	 0.0000000000	0.0000000000	 0.0000000000	
2000.0000000000	544.6666666667	 359.5280158764	20.0000000000	 0.0000000000	300.0000000000	 0.0000000000	4.0000000000	 0.0000000000	25.0000000000	 0.0000000000	13.0000000000	 0.0000000000	58.3333333333	 32.4891907898	1.0000000000	 0.0000000000	1.0000000000	 0.0000000000	7.1111100000	 1.3643500131	7.6666666667	 1.3066426564	0.9259256667	 0.0226009605	0.0000000000	 0.0000000000	0.0000000000	 0.0000000000	0.0000000000	 0.0000000000	
2000.0000000000	620.0000000000	 7.8398559382	20.0000000000	 0.0000000000	300.0000000000	 0.0000000000	4.0000000000	 0.0000000000	25.0000000000	 0.0000000000	17.0000000000	 0.0000000000	81.5000000000	 10.7798019150	1.0000000000	 0.0000000000	1.0000000000	 0.0000000000	8.9166650000	 0.8166483936	9.5000000000	 0.9799819923	0.9388885000	 0.0108885799	0.0000000000	 0.0000000000	0.0000000000	 0.0000000000	0.0000000000	 0.0000000000	
2000.0000000000	208.0000000000	 107.4082914941	20.0000000000	 0.0000000000	300.0000000000	 0.0000000000	4.0000000000	 0.0000000000	25.0000000000	 0.0000000000	18.0000000000	 0.0000000000	77.7500000000	 47.0757006064	1.0000000000	 0.0000000000	1.0000000000	 0.0000000000	11.7916675000	 2.6348870650	12.2500000000	 2.6986599787	0.9621152500	 0.0051688190	0.0000000000	 0.0000000000	0.0000000000	 0.0000000000	0.0050000000	 0.0056579287	
2000.0000000000	738.5000000000	 138.1774609101	20.0000000000	 0.0000000000	300.0000000000	 0.0000000000	4.0000000000	 0.0000000000	25.0000000000	 0.0000000000	19.0000000000	 0.0000000000	90.0000000000	 7.8398559382	1.0000000000	 0.0000000000	1.0000000000	 0.0000000000	10.4166500000	 0.1633629981	11.0000000000	 0.0000000000	0.9469695000	 0.0148477072	0.0000000000	 0.0000000000	0.0000000000	 0.0000000000	0.0000000000	 0.0000000000	
2000.0000000000	584.5000000000	 757.5260800247	20.0000000000	 0.0000000000	300.0000000000	 0.0000000000	4.0000000000	 0.0000000000	25.0000000000	 0.0000000000	22.0000000000	 0.0000000000	270.0000000000	 270.4750298665	1.0000000000	 0.0000000000	1.0000000000	 0.0000000000	10.8750000000	 3.1849414749	11.5000000000	 2.9399459768	0.9432690000	 0.0358065820	0.0000000000	 0.0000000000	0.0000000000	 0.0000000000	0.0050000000	 0.0097998199	
2000.0000000000	547.0000000000	 444.7750952735	20.0000000000	 0.0000000000	300.0000000000	 0.0000000000	4.0000000000	 0.0000000000	25.0000000000	 0.0000000000	23.0000000000	 0.0000000000	136.3333333333	 106.6355706976	1.0000000000	 0.0000000000	1.0000000000	 0.0000000000	15.5000000000	 3.3947572022	16.0000000000	 3.3947572022	0.9679906667	 0.0069122912	0.0000000000	 0.0000000000	0.0000000000	 0.0000000000	0.0000000000	 0.0000000000	
2000.0000000000	423.3333333333	 468.1132799055	23.3333333333	 6.5332132818	300.0000000000	 0.0000000000	4.0000000000	 0.0000000000	25.0000000000	 0.0000000000	27.0000000000	 0.0000000000	369.6666666667	 325.0278532224	1.0000000000	 0.0000000000	1.0000000000	 0.0000000000	15.8333333333	 7.5344691117	16.3333333333	 7.5344691117	0.9663460000	 0.0126945329	0.0000000000	 0.0000000000	0.0000000000	 0.0000000000	0.0100000000	 0.0000000000	
2000.0000000000	938.3333333333	 86.9801111345	23.3333333333	 6.5332132818	300.0000000000	 0.0000000000	4.0000000000	 0.0000000000	25.0000000000	 0.0000000000	28.0000000000	 0.0000000000	305.0000000000	 133.3975927209	1.0000000000	 0.0000000000	1.0000000000	 0.0000000000	14.0039666667	 1.6610506185	14.6666666667	 1.7285257606	0.9547923333	 0.0048716999	0.0000000000	 0.0000000000	0.0000000000	 0.0000000000	0.0000000000	 0.0000000000	
2000.0000000000	613.0000000000	 558.9334831560	30.0000000000	 0.0000000000	300.0000000000	 0.0000000000	4.0000000000	 0.0000000000	25.0000000000	 0.0000000000	33.0000000000	 0.0000000000	520.3333333333	 376.6418705423	1.0000000000	 0.0000000000	1.0000000000	 0.0000000000	17.5000000000	 1.1315857341	18.0000000000	 1.1315857341	0.9721646667	 0.0017525956	0.0000000000	 0.0000000000	0.0000000000	 0.0000000000	0.0133333333	 0.0065332133	
2000.0000000000	337.3333333333	 490.9600023802	30.0000000000	 0.0000000000	300.0000000000	 0.0000000000	4.0000000000	 0.0000000000	25.0000000000	 0.0000000000	36.0000000000	 0.0000000000	1954.3333333333	 2908.8322719154	1.0000000000	 0.0000000000	1.0000000000	 0.0000000000	18.9343666667	 7.6098434170	19.3333333333	 7.7025448614	0.9786330000	 0.0045566271	0.0166666667	 0.0235558355	0.0033333333	 0.0065332133	0.0200000000	 0.0299389444	
2000.0000000000	414.2000000000	 355.0562260138	30.0000000000	 0.0000000000	300.0000000000	 0.0000000000	4.0000000000	 0.0000000000	25.0000000000	 0.0000000000	38.0000000000	 0.0000000000	484.2000000000	 193.2880270969	1.0000000000	 0.0000000000	1.0000000000	 0.0000000000	20.8666600000	 3.1406914198	21.4000000000	 3.1966045209	0.9748952000	 0.0019660220	0.0020000000	 0.0039199280	0.0020000000	 0.0039199280	0.0080000000	 0.0073335137	
2000.0000000000	310.6666666667	 206.4023959478	30.0000000000	 0.0000000000	300.0000000000	 0.0000000000	4.0000000000	 0.0000000000	25.0000000000	 0.0000000000	39.0000000000	 0.0000000000	486.0000000000	 61.9443715552	1.0000000000	 0.0000000000	1.0000000000	 0.0000000000	23.0944333333	 1.7016081724	23.6666666667	 1.6527867528	0.9754563333	 0.0044223661	0.0016666667	 0.0032666066	0.0033333333	 0.0041319669	0.0116666667	 0.0060233250	
2000.0000000000	552.5000000000	 153.8571727864	30.0000000000	 0.0000000000	300.0000000000	 0.0000000000	4.0000000000	 0.0000000000	25.0000000000	 0.0000000000	40.0000000000	 0.0000000000	525.5000000000	 30.3794417604	1.0000000000	 0.0000000000	1.0000000000	 0.0000000000	20.8500000000	 4.6059153637	21.5000000000	 4.8999099614	0.9701755000	 0.0068765336	0.0000000000	 0.0000000000	0.0000000000	 0.0000000000	0.0150000000	 0.0097998199	
2000.0000000000	678.7500000000	 213.8762521687	30.0000000000	 0.0000000000	300.0000000000	 0.0000000000	4.0000000000	 0.0000000000	25.0000000000	 0.0000000000	41.0000000000	 0.0000000000	468.7500000000	 143.8102009439	1.0000000000	 0.0000000000	1.0000000000	 0.0000000000	24.7500000000	 3.3352997619	25.2500000000	 3.3352997619	0.9799432500	 0.0024808856	0.0025000000	 0.0048999100	0.0000000000	 0.0000000000	0.0125000000	 0.0048999100	
2000.0000000000	448.0000000000	 240.8231390508	30.0000000000	 0.0000000000	300.0000000000	 0.0000000000	4.0000000000	 0.0000000000	25.0000000000	 0.0000000000	42.0000000000	 0.0000000000	577.6666666667	 85.5401975442	1.0000000000	 0.0000000000	1.0000000000	 0.0000000000	24.8333333333	 4.7111670962	25.3333333333	 4.7111670962	0.9799243333	 0.0035081102	0.0066666667	 0.0065332133	0.0033333333	 0.0065332133	0.0166666667	 0.0235558355	
2000.0000000000	606.0000000000	 72.5186674280	30.0000000000	 0.0000000000	300.0000000000	 0.0000000000	4.0000000000	 0.0000000000	25.0000000000	 0.0000000000	43.0000000000	 0.0000000000	588.5000000000	 114.6578930956	1.0000000000	 0.0000000000	1.0000000000	 0.0000000000	26.8125000000	 3.3074392239	27.5000000000	 2.9399459768	0.9745525000	 0.0160844444	0.0100000000	 0.0000000000	0.0000000000	 0.0000000000	0.0050000000	 0.0097998199	
2000.0000000000	689.5000000000	 367.4932471013	30.0000000000	 0.0000000000	300.0000000000	 0.0000000000	4.0000000000	 0.0000000000	25.0000000000	 0.0000000000	46.0000000000	 0.0000000000	2367.0000000000	 415.5123647225	1.0000000000	 0.0000000000	1.0000000000	 0.0000000000	23.0000000000	 0.9799819923	23.5000000000	 0.9799819923	0.9787140000	 0.0008878637	0.0300000000	 0.0195996398	0.0000000000	 0.0000000000	0.0800000000	 0.0587989195	
2000.0000000000	270.5000000000	 145.5078018933	30.0000000000	 0.0000000000	300.0000000000	 0.0000000000	4.0000000000	 0.0000000000	25.0000000000	 0.0000000000	47.0000000000	 0.0000000000	783.0000000000	 439.5813702971	1.0000000000	 0.0000000000	1.0000000000	 0.0000000000	26.7250000000	 5.9234892426	27.2500000000	 5.9002729227	0.9799147500	 0.0052077816	0.0050000000	 0.0056579287	0.0050000000	 0.0056579287	0.0150000000	 0.0097998199	
2000.0000000000	154.0000000000	 237.1556421293	30.0000000000	 0.0000000000	300.0000000000	 0.0000000000	4.0000000000	 0.0000000000	25.0000000000	 0.0000000000	51.0000000000	 0.0000000000	259.0000000000	 17.6396758609	1.0000000000	 0.0000000000	1.0000000000	 0.0000000000	35.5000000000	 1.9599639845	36.0000000000	 1.9599639845	0.9861000000	 0.0007565461	0.0000000000	 0.0000000000	0.0000000000	 0.0000000000	0.0100000000	 0.0000000000	
2000.0000000000	570.0000000000	 215.5960382994	30.0000000000	 0.0000000000	300.0000000000	 0.0000000000	4.0000000000	 0.0000000000	25.0000000000	 0.0000000000	52.0000000000	 0.0000000000	9339.0000000000	 13900.0645783581	1.0000000000	 0.0000000000	1.0000000000	 0.0000000000	22.0000000000	 8.8198379304	22.5000000000	 8.8198379304	0.9768515000	 0.0090736533	0.1650000000	 0.2449954981	0.0150000000	 0.0293994598	0.1000000000	 0.1371974789	
2000.0000000000	290.0000000000	 168.5569026704	30.0000000000	 0.0000000000	300.0000000000	 0.0000000000	4.0000000000	 0.0000000000	25.0000000000	 0.0000000000	55.0000000000	 0.0000000000	2867.0000000000	 4229.6022786374	1.0000000000	 0.0000000000	1.0000000000	 0.0000000000	27.9166500000	 7.0232369440	28.5000000000	 6.8598739459	0.9788540000	 0.0108209612	0.0650000000	 0.1077980191	0.0000000000	 0.0000000000	0.0300000000	 0.0391992797	
2000.0000000000	374.0000000000	 411.5924367534	40.0000000000	 0.0000000000	300.0000000000	 0.0000000000	4.0000000000	 0.0000000000	25.0000000000	 0.0000000000	59.0000000000	 0.0000000000	3784.5000000000	 2664.5710369822	1.0000000000	 0.0000000000	1.0000000000	 0.0000000000	28.8750000000	 0.7349864942	29.5000000000	 0.9799819923	0.9788795000	 0.0076036803	0.0950000000	 0.0489990996	0.0000000000	 0.0000000000	0.0450000000	 0.0293994598	
2000.0000000000	269.0000000000	 171.7067163766	37.5000000000	 4.8999099614	300.0000000000	 0.0000000000	4.0000000000	 0.0000000000	25.0000000000	 0.0000000000	63.0000000000	 0.0000000000	3568.2500000000	 2602.7564548290	1.0000000000	 0.0000000000	1.0000000000	 0.0000000000	36.6875000000	 10.8157026471	37.2500000000	 10.7760892226	0.9838455000	 0.0058319356	0.0700000000	 0.0650046514	0.0050000000	 0.0056579287	0.0400000000	 0.0211700306	
2000.0000000000	436.6000000000	 277.4152991627	40.0000000000	 0.0000000000	300.0000000000	 0.0000000000	4.0000000000	 0.0000000000	25.0000000000	 0.0000000000	65.0000000000	 0.0000000000	2959.2000000000	 1462.3941837218	1.0000000000	 0.0000000000	1.0000000000	 0.0000000000	35.3200000000	 5.5199520722	35.8000000000	 5.5227876146	0.9863220000	 0.0037452012	0.0420000000	 0.0130009303	0.0020000000	 0.0039199280	0.0480000000	 0.0286718013	
2000.0000000000	778.0000000000	 187.5874283736	40.0000000000	 0.0000000000	300.0000000000	 0.0000000000	4.0000000000	 0.0000000000	25.0000000000	 0.0000000000	66.0000000000	 0.0000000000	5003.6666666667	 1940.2459953364	1.0000000000	 0.0000000000	1.0000000000	 0.0000000000	33.8235333333	 6.9286340689	34.3333333333	 6.9141030423	0.9847990000	 0.0034296067	0.1000000000	 0.0565792867	0.0033333333	 0.0065332133	0.0600000000	 0.0000000000	
2000.0000000000	284.0000000000	 238.2868079200	40.0000000000	 0.0000000000	300.0000000000	 0.0000000000	4.0000000000	 0.0000000000	25.0000000000	 0.0000000000	67.0000000000	 0.0000000000	2798.6666666667	 2323.6967249564	1.0000000000	 0.0000000000	1.0000000000	 0.0000000000	36.5714333333	 1.1402140880	37.0000000000	 1.1315857341	0.9884103333	 0.0038127428	0.0666666667	 0.0727507842	0.0033333333	 0.0065332133	0.0300000000	 0.0299389444	
2000.0000000000	520.0000000000	 117.5978390724	40.0000000000	 0.0000000000	300.0000000000	 0.0000000000	4.0000000000	 0.0000000000	25.0000000000	 0.0000000000	68.0000000000	 0.0000000000	4744.0000000000	 3069.3035997897	1.0000000000	 0.0000000000	1.0000000000	 0.0000000000	41.3500000000	 12.0537785049	42.0000000000	 11.7597839072	0.9836805000	 0.0115686874	0.0950000000	 0.0881983793	0.0050000000	 0.0097998199	0.0600000000	 0.0587989195	
2000.0000000000	327.5000000000	 465.4914463283	40.0000000000	 0.0000000000	300.0000000000	 0.0000000000	4.0000000000	 0.0000000000	25.0000000000	 0.0000000000	69.0000000000	 0.0000000000	5205.0000000000	 1909.0049209420	1.0000000000	 0.0000000000	1.0000000000	 0.0000000000	34.5000000000	 3.5932019729	35.0000000000	 3.9199279691	0.9859405000	 0.0077585174	0.1350000000	 0.0489990996	0.0100000000	 0.0000000000	0.0600000000	 0.0195996398	
2000.0000000000	678.3333333333	 438.4253440737	40.0000000000	 0.0000000000	300.0000000000	 0.0000000000	4.0000000000	 0.0000000000	25.0000000000	 0.0000000000	70.0000000000	 0.0000000000	5179.3333333333	 4366.7863177257	1.0000000000	 0.0000000000	1.0000000000	 0.0000000000	38.3725333333	 8.1684457567	39.0000000000	 7.9211001385	0.9827560000	 0.0109986781	0.0866666667	 0.0643446886	0.0066666667	 0.0065332133	0.0633333333	 0.0663048732	
2000.0000000000	289.1428571429	 233.7513811219	40.0000000000	 0.0000000000	300.0000000000	 0.0000000000	4.0000000000	 0.0000000000	25.0000000000	 0.0000000000	71.0000000000	 0.0000000000	5603.7142857143	 2286.5230634783	1.0000000000	 0.0000000000	1.0000000000	 0.0000000000	38.9142857143	 4.1184907337	39.4285714286	 4.0316666482	0.9863620000	 0.0055618361	0.1157142857	 0.0420924564	0.0085714286	 0.0051119833	0.0628571429	 0.0322095515	
2000.0000000000	530.6666666667	 492.9615723623	40.0000000000	 0.0000000000	300.0000000000	 0.0000000000	4.0000000000	 0.0000000000	25.0000000000	 0.0000000000	72.0000000000	 0.0000000000	6005.6666666667	 7843.7344280562	1.0000000000	 0.0000000000	1.0000000000	 0.0000000000	38.5000000000	 4.0799903868	39.0000000000	 4.0799903868	0.9871030000	 0.0014022064	0.0966666667	 0.1051421173	0.0066666667	 0.0065332133	0.0666666667	 0.0818609278	
2000.0000000000	426.0000000000	 507.6306719959	40.0000000000	 0.0000000000	300.0000000000	 0.0000000000	4.0000000000	 0.0000000000	25.0000000000	 0.0000000000	73.0000000000	 0.0000000000	3387.5000000000	 3356.4383235248	1.0000000000	 0.0000000000	1.0000000000	 0.0000000000	41.5000000000	 7.8398559382	42.0000000000	 7.8398559382	0.9879860000	 0.0022421988	0.0800000000	 0.0783985594	0.0050000000	 0.0097998199	0.0350000000	 0.0293994598	
2000.0000000000	387.6666666667	 327.8114877332	40.0000000000	 0.0000000000	300.0000000000	 0.0000000000	4.0000000000	 0.0000000000	25.0000000000	 0.0000000000	74.0000000000	 0.0000000000	5273.6666666667	 2931.9197553315	1.0000000000	 0.0000000000	1.0000000000	 0.0000000000	39.7777833333	 5.8892053759	40.3333333333	 5.8507833988	0.9856816667	 0.0046700160	0.1083333333	 0.0666419780	0.0100000000	 0.0050606052	0.1050000000	 0.1035570980	
2000.0000000000	177.0000000000	 127.9567807384	40.0000000000	 0.0000000000	300.0000000000	 0.0000000000	4.0000000000	 0.0000000000	25.0000000000	 0.0000000000	75.0000000000	 0.0000000000	5038.5000000000	 1983.1661464266	1.0000000000	 0.0000000000	1.0000000000	 0.0000000000	39.9583250000	 4.1904493571	40.5000000000	 4.2716424708	0.9866697500	 0.0005790925	0.0925000000	 0.0244995498	0.0075000000	 0.0048999100	0.0600000000	 0.0178919414	
2000.0000000000	674.5000000000	 215.8609161713	40.0000000000	 0.0000000000	300.0000000000	 0.0000000000	4.0000000000	 0.0000000000	25.0000000000	 0.0000000000	76.0000000000	 0.0000000000	16179.5000000000	 16848.3953149198	1.0000000000	 0.0000000000	1.0000000000	 0.0000000000	35.3166750000	 4.3043584982	36.0000000000	 4.1577114730	0.9804832500	 0.0062312360	0.3625000000	 0.3773779044	0.0350000000	 0.0304688784	0.2050000000	 0.2364851750	
2000.0000000000	104.0000000000	 176.3967586086	40.0000000000	 0.0000000000	300.0000000000	 0.0000000000	4.0000000000	 0.0000000000	25.0000000000	 0.0000000000	77.0000000000	 0.0000000000	7915.5000000000	 8526.8233147415	1.0000000000	 0.0000000000	1.0000000000	 0.0000000000	37.3333000000	 1.9599639845	38.0000000000	 1.9599639845	0.9824440000	 0.0009055034	0.2150000000	 0.2841947778	0.0150000000	 0.0293994598	0.0900000000	 0.0979981992	
2000.0000000000	632.0000000000	 581.3443928985	40.0000000000	 0.0000000000	300.0000000000	 0.0000000000	4.0000000000	 0.0000000000	25.0000000000	 0.0000000000	79.0000000000	 0.0000000000	5692.0000000000	 4859.0307232859	1.0000000000	 0.0000000000	1.0000000000	 0.0000000000	43.1111000000	 11.4071828841	43.6666666667	 11.3347014127	0.9866300000	 0.0054020001	0.1333333333	 0.1209968032	0.0066666667	 0.0065332133	0.0633333333	 0.0569552329	
2000.0000000000	430.0000000000	 276.0129907973	40.0000000000	 0.0000000000	300.0000000000	 0.0000000000	4.0000000000	 0.0000000000	25.0000000000	 0.0000000000	80.0000000000	 0.0000000000	7405.0000000000	 7473.0399082540	1.0000000000	 0.0000000000	1.0000000000	 0.0000000000	40.5625000000	 1.4476863932	41.0000000000	 1.3859038243	0.9892817500	 0.0031363437	0.2875000000	 0.4081853419	0.0150000000	 0.0097998199	0.0750000000	 0.0699847126	
2000.0000000000	620.3333333333	 558.4858058078	40.0000000000	 0.0000000000	300.0000000000	 0.0000000000	4.0000000000	 0.0000000000	25.0000000000	 0.0000000000	81.0000000000	 0.0000000000	6391.3333333333	 7237.3373595432	1.0000000000	 0.0000000000	1.0000000000	 0.0000000000	44.7698666667	 8.8855504675	45.3333333333	 8.6426288029	0.9867090000	 0.0097820401	0.1733333333	 0.2124048015	0.0066666667	 0.0130664266	0.0800000000	 0.0883796711	
2000.0000000000	179.5000000000	 159.7370647400	45.0000000000	 9.7998199227	300.0000000000	 0.0000000000	4.0000000000	 0.0000000000	25.0000000000	 0.0000000000	82.0000000000	 0.0000000000	10047.5000000000	 9457.8062073980	1.0000000000	 0.0000000000	1.0000000000	 0.0000000000	42.4673000000	 9.1016807514	43.0000000000	 9.7998199227	0.9884185000	 0.0135972501	0.2750000000	 0.1861965785	0.0250000000	 0.0293994598	0.3700000000	 0.6075888352	
2000.0000000000	518.6666666667	 486.1900388751	40.0000000000	 0.0000000000	300.0000000000	 0.0000000000	4.0000000000	 0.0000000000	25.0000000000	 0.0000000000	86.0000000000	 0.0000000000	4663.0000000000	 4208.5206950748	1.0000000000	 0.0000000000	1.0000000000	 0.0000000000	50.8518666667	 5.7987813061	51.3333333333	 5.8068469818	0.9905670000	 0.0011827323	0.1466666667	 0.1797524324	0.0033333333	 0.0065332133	0.0566666667	 0.0428411445	
2000.0000000000	337.0000000000	 234.2404335827	40.0000000000	 0.0000000000	300.0000000000	 0.0000000000	4.0000000000	 0.0000000000	25.0000000000	 0.0000000000	88.0000000000	 0.0000000000	3677.3333333333	 995.2933925721	1.0000000000	 0.0000000000	1.0000000000	 0.0000000000	48.7074000000	 3.1278131685	49.1666666667	 3.2567920770	0.9908263333	 0.0040173700	0.1000000000	 0.0272521933	0.0066666667	 0.0041319669	0.0383333333	 0.0117779177	
2000.0000000000	150.0000000000	 290.0746697119	45.0000000000	 9.7998199227	300.0000000000	 0.0000000000	4.0000000000	 0.0000000000	25.0000000000	 0.0000000000	91.0000000000	 0.0000000000	51540.5000000000	 90178.9229106802	1.0000000000	 0.0000000000	1.0000000000	 0.0000000000	43.5833500000	 15.5163488782	44.0000000000	 15.6797118763	0.9905630000	 0.0003488736	1.7900000000	 3.1947412948	0.1100000000	 0.2155960383	0.6400000000	 1.1367791110	
2000.0000000000	591.3333333333	 517.1350931589	43.3333333333	 6.5332132818	300.0000000000	 0.0000000000	4.0000000000	 0.0000000000	25.0000000000	 0.0000000000	93.0000000000	 0.0000000000	24456.6666666667	 31819.4268986640	1.0000000000	 0.0000000000	1.0000000000	 0.0000000000	46.6190333333	 10.5616666365	47.0000000000	 10.7946399150	0.9923276667	 0.0036316242	0.7333333333	 0.8888051896	0.0500000000	 0.0883796711	0.3366666667	 0.5128884513	
2000.0000000000	578.0000000000	 782.0256298315	40.0000000000	 0.0000000000	300.0000000000	 0.0000000000	4.0000000000	 0.0000000000	25.0000000000	 0.0000000000	96.0000000000	 0.0000000000	5444.5000000000	 3495.5957664272	1.0000000000	 0.0000000000	1.0000000000	 0.0000000000	52.0666500000	 3.3973035726	52.5000000000	 2.9399459768	0.9916120000	 0.0091804713	0.1650000000	 0.0293994598	0.0100000000	 0.0000000000	0.0600000000	 0.0587989195	
2000.0000000000	564.0000000000	 538.1746089619	46.6666666667	 6.5332132818	300.0000000000	 0.0000000000	4.0000000000	 0.0000000000	25.0000000000	 0.0000000000	97.0000000000	 0.0000000000	12886.3333333333	 10000.1145289324	1.0000000000	 0.0000000000	1.0000000000	 0.0000000000	51.8555666667	 6.8454626827	52.3333333333	 6.9141030423	0.9908893333	 0.0027163447	0.3800000000	 0.3867309100	0.0200000000	 0.0226317147	0.1533333333	 0.1051421173	
2000.0000000000	124.0000000000	 109.7579831342	50.0000000000	 0.0000000000	300.0000000000	 0.0000000000	4.0000000000	 0.0000000000	25.0000000000	 0.0000000000	99.0000000000	 0.0000000000	22261.5000000000	 20457.1240886368	1.0000000000	 0.0000000000	1.0000000000	 0.0000000000	48.9444500000	 0.3266279980	49.5000000000	 0.9799819923	0.9888435000	 0.0129779015	0.9950000000	 1.3229756896	0.0450000000	 0.0489990996	0.2650000000	 0.2645951379	
2000.0000000000	393.3333333333	 196.3760460021	46.6666666667	 6.5332132818	300.0000000000	 0.0000000000	4.0000000000	 0.0000000000	25.0000000000	 0.0000000000	100.0000000000	 0.0000000000	74622.0000000000	 116265.2109070470	1.0000000000	 0.0000000000	1.0000000000	 0.0000000000	53.5992000000	 14.5409491451	54.0000000000	 14.7974035824	0.9929270000	 0.0026180162	3.6500000000	 6.1344159181	0.1300000000	 0.1989146195	0.7133333333	 0.9523040805	
2000.0000000000	345.5000000000	 342.0137153022	45.0000000000	 9.7998199227	300.0000000000	 0.0000000000	4.0000000000	 0.0000000000	25.0000000000	 0.0000000000	101.0000000000	 0.0000000000	18321.5000000000	 32046.3911292222	1.0000000000	 0.0000000000	1.0000000000	 0.0000000000	57.9423000000	 28.5325676977	58.5000000000	 28.4194777758	0.9895825000	 0.0069941315	0.7950000000	 1.4797728083	0.0500000000	 0.0979981992	0.2400000000	 0.4115924368	
2000.0000000000	305.5000000000	 592.8891053234	50.0000000000	 0.0000000000	300.0000000000	 0.0000000000	4.0000000000	 0.0000000000	25.0000000000	 0.0000000000	103.0000000000	 0.0000000000	30417.0000000000	 8018.2126607534	1.0000000000	 0.0000000000	1.0000000000	 0.0000000000	49.4044000000	 7.5372374989	50.0000000000	 7.8398559382	0.9882600000	 0.0042119626	1.3550000000	 0.2449954981	0.0650000000	 0.0097998199	0.3800000000	 0.0979981992	
2000.0000000000	481.5000000000	 428.2521306220	50.0000000000	 0.0000000000	300.0000000000	 0.0000000000	4.0000000000	 0.0000000000	25.0000000000	 0.0000000000	104.0000000000	 0.0000000000	39502.5000000000	 9620.4832181149	1.0000000000	 0.0000000000	1.0000000000	 0.0000000000	51.2563500000	 0.4775452248	52.0000000000	 0.0000000000	0.9856990000	 0.0091843912	1.4000000000	 0.8427845134	0.0900000000	 0.0587989195	0.4950000000	 0.2057962184	
2000.0000000000	185.6666666667	 152.7989955944	50.0000000000	 0.0000000000	300.0000000000	 0.0000000000	4.0000000000	 0.0000000000	25.0000000000	 0.0000000000	105.0000000000	 0.0000000000	23026.0000000000	 6745.6399674677	1.0000000000	 0.0000000000	1.0000000000	 0.0000000000	52.8174666667	 7.3815982954	53.3333333333	 7.1865346100	0.9899506667	 0.0056181021	0.7433333333	 0.3078939219	0.0533333333	 0.0284776165	0.2600000000	 0.1018427161	
2000.0000000000	454.2500000000	 416.6828231875	47.5000000000	 4.8999099614	300.0000000000	 0.0000000000	4.0000000000	 0.0000000000	25.0000000000	 0.0000000000	106.0000000000	 0.0000000000	24396.5000000000	 22312.6492904502	1.0000000000	 0.0000000000	1.0000000000	 0.0000000000	53.4981500000	 4.2664249230	54.0000000000	 4.0799903868	0.9904527500	 0.0063420466	0.7250000000	 0.5947287793	0.0475000000	 0.0544897013	0.4050000000	 0.2736355877	
2000.0000000000	465.0000000000	 443.9754672206	50.0000000000	 0.0000000000	300.0000000000	 0.0000000000	4.0000000000	 0.0000000000	25.0000000000	 0.0000000000	107.0000000000	 0.0000000000	51949.0000000000	 20226.6836333181	1.0000000000	 0.0000000000	1.0000000000	 0.0000000000	52.7981333333	 7.4394120075	53.3333333333	 7.2750784170	0.9896210000	 0.0051298194	1.2200000000	 0.4614594969	0.1233333333	 0.0691410304	0.5700000000	 0.2520161089	
2000.0000000000	413.4000000000	 306.0209963417	50.0000000000	 0.0000000000	300.0000000000	 0.0000000000	4.0000000000	 0.0000000000	25.0000000000	 0.0000000000	108.0000000000	 0.0000000000	46214.2000000000	 59223.5530701048	1.0000000000	 0.0000000000	1.0000000000	 0.0000000000	56.1000000000	 6.1760386799	56.6000000000	 6.2165163666	0.9911570000	 0.0016904610	1.8840000000	 2.4753468324	0.0680000000	 0.0794692286	0.8220000000	 1.2490738374	
2000.0000000000	387.5000000000	 186.3730635766	50.0000000000	 0.0000000000	300.0000000000	 0.0000000000	4.0000000000	 0.0000000000	25.0000000000	 0.0000000000	109.0000000000	 0.0000000000	52661.9000000000	 20247.7446339183	1.0000000000	 0.0000000000	1.0000000000	 0.0000000000	50.5108300000	 2.5486350454	51.0000000000	 2.5471154507	0.9903583000	 0.0018410404	1.7980000000	 0.5993759435	0.1060000000	 0.0392210510	1.2080000000	 0.7143034298	
2000.0000000000	787.5000000000	 236.1756601371	50.0000000000	 0.0000000000	300.0000000000	 0.0000000000	4.0000000000	 0.0000000000	25.0000000000	 0.0000000000	110.0000000000	 0.0000000000	30866.0000000000	 43620.9584399235	1.0000000000	 0.0000000000	1.0000000000	 0.0000000000	54.7916500000	 6.7782414459	55.5000000000	 6.8598739459	0.9872335000	 0.0001068180	0.8550000000	 1.1073796513	0.0650000000	 0.1077980191	0.3350000000	 0.4605915364	
2000.0000000000	637.0000000000	 454.4454506972	50.0000000000	 0.0000000000	300.0000000000	 0.0000000000	4.0000000000	 0.0000000000	25.0000000000	 0.0000000000	111.0000000000	 0.0000000000	38616.6666666667	 5665.1843099107	1.0000000000	 0.0000000000	1.0000000000	 0.0000000000	62.1805666667	 6.3964279156	62.6666666667	 6.2322882607	0.9920653333	 0.0034304029	1.2333333333	 0.0907622996	0.0700000000	 0.0339475720	0.7100000000	 0.4021509870	
2000.0000000000	567.5000000000	 514.4905459418	50.0000000000	 0.0000000000	300.0000000000	 0.0000000000	4.0000000000	 0.0000000000	25.0000000000	 0.0000000000	112.0000000000	 0.0000000000	47190.0000000000	 45077.2116804367	1.0000000000	 0.0000000000	1.0000000000	 0.0000000000	57.5512000000	 9.6994697667	58.0000000000	 9.7998199227	0.9922805000	 0.0004262922	2.3100000000	 3.2339405745	0.1050000000	 0.0685987395	0.8000000000	 0.9799819923	
2000.0000000000	913.2500000000	 49.1776211178	50.0000000000	 0.0000000000	300.0000000000	 0.0000000000	4.0000000000	 0.0000000000	25.0000000000	 0.0000000000	113.0000000000	 0.0000000000	37829.5000000000	 20741.1474710886	1.0000000000	 0.0000000000	1.0000000000	 0.0000000000	55.7228250000	 6.5247902927	56.0000000000	 6.5982219803	0.9951322500	 0.0023990971	1.3250000000	 0.9343123165	0.0950000000	 0.0794128132	0.7100000000	 0.7480029928	
2000.0000000000	698.0000000000	 515.4705279340	50.0000000000	 0.0000000000	300.0000000000	 0.0000000000	4.0000000000	 0.0000000000	25.0000000000	 0.0000000000	114.0000000000	 0.0000000000	28801.5000000000	 13552.1709711022	1.0000000000	 0.0000000000	1.0000000000	 0.0000000000	59.3750000000	 10.0448154208	60.0000000000	 9.7998199227	0.9893360000	 0.0058250130	1.2250000000	 0.7937854137	0.0500000000	 0.0391992797	0.3050000000	 0.1861965785	
2000.0000000000	456.5000000000	 242.4546219919	50.0000000000	 0.0000000000	300.0000000000	 0.0000000000	4.0000000000	 0.0000000000	25.0000000000	 0.0000000000	115.0000000000	 0.0000000000	30253.6666666667	 12602.5958708963	1.0000000000	 0.0000000000	1.0000000000	 0.0000000000	60.2162666667	 3.2986493515	60.8333333333	 3.2567920770	0.9897756667	 0.0015517014	1.3150000000	 0.5104881624	0.0583333333	 0.0301166252	0.3216666667	 0.1192646987	
2000.0000000000	456.7500000000	 267.6736992783	50.0000000000	 0.0000000000	300.0000000000	 0.0000000000	4.0000000000	 0.0000000000	25.0000000000	 0.0000000000	116.0000000000	 0.0000000000	65103.2500000000	 48008.8611768379	1.0000000000	 0.0000000000	1.0000000000	 0.0000000000	54.8918500000	 9.0572778334	55.5000000000	 8.9280608493	0.9885367500	 0.0048337024	2.2575000000	 1.6531684315	0.1750000000	 0.1487292855	0.9275000000	 0.6700466377	
2000.0000000000	851.3333333333	 46.4547758547	50.0000000000	 0.0000000000	300.0000000000	 0.0000000000	4.0000000000	 0.0000000000	25.0000000000	 0.0000000000	117.0000000000	 0.0000000000	105850.6666666667	 54992.7254118594	1.0000000000	 0.0000000000	1.0000000000	 0.0000000000	52.0555333333	 2.5043766473	52.6666666667	 2.6132853127	0.9884360000	 0.0015326918	4.8500000000	 2.2664506911	0.2566666667	 0.1209968032	1.2666666667	 0.7050726589	
2000.0000000000	375.8571428571	 108.3147107374	50.0000000000	 0.0000000000	300.0000000000	 0.0000000000	4.0000000000	 0.0000000000	25.0000000000	 0.0000000000	118.0000000000	 0.0000000000	15445.4285714286	 4331.6232564178	1.0000000000	 0.0000000000	1.0000000000	 0.0000000000	67.2987571429	 4.6532821006	67.8571428571	 4.6740414814	0.9917428571	 0.0011693905	0.6600000000	 0.2201716416	0.0300000000	 0.0176344900	0.1771428571	 0.0611945181	
2000.0000000000	532.2857142857	 205.9746774019	50.0000000000	 0.0000000000	300.0000000000	 0.0000000000	4.0000000000	 0.0000000000	25.0000000000	 0.0000000000	119.0000000000	 0.0000000000	82103.5714285714	 69823.3915634897	1.0000000000	 0.0000000000	1.0000000000	 0.0000000000	63.5023857143	 9.5682633374	64.0000000000	 9.6018233527	0.9921212857	 0.0014080496	3.6500000000	 3.1046514175	0.1785714286	 0.1672095266	1.0857142857	 0.8446583647	
2000.0000000000	859.0000000000	 146.9972988405	50.0000000000	 0.0000000000	300.0000000000	 0.0000000000	4.0000000000	 0.0000000000	25.0000000000	 0.0000000000	120.0000000000	 0.0000000000	47688.0000000000	 32841.1565249532	1.0000000000	 0.0000000000	1.0000000000	 0.0000000000	65.3500000000	 0.2939945977	66.0000000000	 0.0000000000	0.9901515000	 0.0044540182	1.3700000000	 1.0975798313	0.0900000000	 0.0783985594	0.5300000000	 0.4311920766	
2000.0000000000	524.0000000000	 758.5060620170	50.0000000000	 0.0000000000	300.0000000000	 0.0000000000	4.0000000000	 0.0000000000	25.0000000000	 0.0000000000	121.0000000000	 0.0000000000	10595.0000000000	 9680.2621196433	1.0000000000	 0.0000000000	1.0000000000	 0.0000000000	73.2254500000	 11.9711660230	74.0000000000	 11.7597839072	0.9893455000	 0.0045500564	0.4200000000	 0.3919927969	0.0200000000	 0.0195996398	0.1200000000	 0.1175978391	
2000.0000000000	629.0000000000	 84.2784513352	50.0000000000	 0.0000000000	300.0000000000	 0.0000000000	4.0000000000	 0.0000000000	25.0000000000	 0.0000000000	122.0000000000	 0.0000000000	124146.5000000000	 177171.9243644905	1.0000000000	 0.0000000000	1.0000000000	 0.0000000000	58.4166500000	 11.5964209091	59.0000000000	 11.7597839072	0.9901550000	 0.0008055452	3.1650000000	 4.4393184250	0.2650000000	 0.3821929770	1.0350000000	 0.8721839731	
2000.0000000000	457.5000000000	 700.6871244731	50.0000000000	 0.0000000000	300.0000000000	 0.0000000000	4.0000000000	 0.0000000000	25.0000000000	 0.0000000000	123.0000000000	 0.0000000000	65787.5000000000	 109853.0413874932	1.0000000000	 0.0000000000	1.0000000000	 0.0000000000	63.9166500000	 14.8630928822	64.5000000000	 14.6997298841	0.9906800000	 0.0046568744	3.2300000000	 5.5466980762	0.1450000000	 0.2449954981	0.7350000000	 1.2445771302	
2000.0000000000	184.6666666667	 139.9892451562	50.0000000000	 0.0000000000	300.0000000000	 0.0000000000	4.0000000000	 0.0000000000	25.0000000000	 0.0000000000	124.0000000000	 0.0000000000	28439.0000000000	 17678.0743329900	1.0000000000	 0.0000000000	1.0000000000	 0.0000000000	71.2777666667	 17.4260001053	71.6666666667	 17.5790790625	0.9946980000	 0.0026423564	0.9400000000	 0.2185455056	0.0533333333	 0.0558197987	0.3000000000	 0.2646556237	
2000.0000000000	621.0000000000	 470.3913562896	50.0000000000	 0.0000000000	300.0000000000	 0.0000000000	4.0000000000	 0.0000000000	25.0000000000	 0.0000000000	125.0000000000	 0.0000000000	21105.5000000000	 24929.7619013572	1.0000000000	 0.0000000000	1.0000000000	 0.0000000000	78.5000000000	 11.7597839072	79.0000000000	 11.7597839072	0.9936345000	 0.0009476426	0.8250000000	 0.6173886551	0.0300000000	 0.0391992797	0.1900000000	 0.2155960383	
2000.0000000000	622.3333333333	 350.2259370371	50.0000000000	 0.0000000000	300.0000000000	 0.0000000000	4.0000000000	 0.0000000000	25.0000000000	 0.0000000000	126.0000000000	 0.0000000000	39082.6666666667	 24331.6513301660	1.0000000000	 0.0000000000	1.0000000000	 0.0000000000	66.1277666667	 11.5385174975	66.6666666667	 11.6136939637	0.9919396667	 0.0063619986	1.1200000000	 0.4205177218	0.0833333333	 0.0663048732	0.4633333333	 0.3299757811	
2000.0000000000	413.0000000000	 162.5273864226	50.0000000000	 0.0000000000	300.0000000000	 0.0000000000	4.0000000000	 0.0000000000	25.0000000000	 0.0000000000	127.0000000000	 0.0000000000	26295.6666666667	 29694.7283222304	1.0000000000	 0.0000000000	1.0000000000	 0.0000000000	69.1666666667	 7.3625574529	69.6666666667	 7.3625574529	0.9927803333	 0.0007720113	0.8766666667	 0.8092486411	0.0533333333	 0.0753446911	0.3000000000	 0.3626374778	
2000.0000000000	495.4285714286	 182.8642231874	50.0000000000	 0.0000000000	300.0000000000	 0.0000000000	4.0000000000	 0.0000000000	25.0000000000	 0.0000000000	128.0000000000	 0.0000000000	41602.5714285714	 24879.4108575226	1.0000000000	 0.0000000000	1.0000000000	 0.0000000000	70.3008714286	 5.9350480974	70.7142857143	 5.9834230098	0.9941835714	 0.0017683582	3.2985714286	 2.8683201000	0.0785714286	 0.0417808869	0.5614285714	 0.4108012146	
