5000	1	40	300	4	25	13	79	1.89763	2	0	0	6	0.166667	6	0.166667	1	0	0	0	0	0	0
5000	2	40	300	4	25	14	264	2.4216	3	0	0	5	0.2	5	0.2	1	0	0	0	0	0	0
5000	3	40	300	4	25	22	1670	3.22272	4	0	0	8	0.125	8	0.125	1	0.01	-2	0	0	0	0
5000	4	40	300	4	25	11	159	2.2014	3	0	0	4	0.25	4	0.25	1	0	0	0	0	0	0
5000	7	40	300	4	25	10	243	2.38561	3	0	0	3	0.333333	3	0.333333	1	0	0	0	0	0	0
5000	8	40	300	4	25	19	1439	3.15806	4	0	0	7	0.142857	7	0.142857	1	0	0	0	0	0	0
5000	9	40	300	4	25	14	319	2.50379	3	0	0	6	0.166667	6	0.166667	1	0	0	0	0	0	0
5000	10	40	300	4	25	8	20	1.30103	2	0	0	5	0.2	5	0.2	1	0	0	0	0	0	0
5000	11	40	300	4	25	9	52	1.716	2	0	0	3	0.333333	3	0.333333	1	0	0	0	0	0	0
5000	12	40	300	4	25	13	202	2.30535	3	0	0	5	0.2	5	0.2	1	0	0	0	0	0	0
5000	13	40	300	4	25	15	405	2.60746	3	0	0	8	0.125	8	0.125	1	0	0	0	0	0	0
5000	14	40	300	4	25	14	639	2.8055	3	0	0	4	0.25	4	0.25	1	0	0	0	0	0	0
5000	15	40	300	4	25	9	95	1.97772	2	0	0	3	0.333333	3	0.333333	1	0	0	0	0	0	0
5000	16	40	300	4	25	9	55	1.74036	2	0	0	6	0.166667	6	0.166667	1	0	0	0	0	0	0
5000	17	40	300	4	25	26	1947	3.28937	4	0	0	9	0.111111	9	0.111111	1	0.01	-2	0.01	-2	0	0
5000	18	40	300	4	25	21	1544	3.18865	4	0	0	7	0.142857	7	0.142857	1	0.01	-2	0	0	0	0
5000	19	40	300	4	25	8	119	2.07555	3	0	0	2	0.5	2	0.5	1	0	0	0	0	0	0
5000	21	40	300	4	25	12	251	2.39967	3	0	0	5	0.2	5	0.2	1	0	0	0	0	0	0
5000	22	40	300	4	25	9	63	1.79934	2	0	0	4	0.25	4	0.25	1	0	0	0	0	0	0
5000	23	40	300	4	25	12	340	2.53148	3	0	0	4	0.25	4	0.25	1	0	0	0	0	0	0
5000	24	40	300	4	25	4	5	0.69897	1	0	0	3	0.333333	3	0.333333	1	0	0	0	0	0	0
5000	25	40	300	4	25	16	1137	3.05576	4	0	0	5	0.2	5	0.2	1	0.01	-2	0	0	0	0
5000	26	40	300	4	25	6	35	1.54407	2	0	0	2	0.5	2	0.5	1	0	0	0	0	0	0
5000	27	40	300	4	25	31	207	2.31597	3	0	0	25	0.04	25	0.04	1	0	0	0	0	0	0
5000	28	40	300	4	25	13	247	2.3927	3	0	0	6	0.166667	6	0.166667	1	0	0	0	0	0	0
5000	30	40	300	4	25	23	3055	3.48501	4	0	0	6	0.166667	6	0.166667	1	0.01	-2	0.01	-2	0	0
5000	31	40	300	4	25	15	161	2.20683	3	0	0	10	0.1	10	0.1	1	0	0	0	0	0	0
5000	32	40	300	4	25	12	283	2.45179	3	0	0	4	0.25	4	0.25	1	0	0	0	0	0	0
5000	33	40	300	4	25	22	503	2.70157	3	0	0	9	0.111111	9	0.111111	1	0	0	0	0	0	0
5000	34	40	300	4	25	9	47	1.6721	2	0	0	5	0.2	5	0.2	1	0	0	0	0	0	0
5000	35	40	300	4	25	11	227	2.35603	3	0	0	4	0.25	4	0.25	1	0	0	0	0	0	0
5000	36	40	300	4	25	19	204	2.30963	3	0	0	11	0.0909091	11	0.0909091	1	0	0	0	0	0	0
5000	37	40	300	4	25	16	553	2.74273	3	0	0	5	0.2	5	0.2	1	0	0	0	0	0	0
5000	38	40	300	4	25	9	51	1.70757	2	0	0	4	0.25	4	0.25	1	0	0	0	0	0	0
5000	39	40	300	4	25	17	474	2.67578	3	0	0	6	0.166667	6	0.166667	1	0	0	0	0	0	0
5000	40	40	300	4	25	12	260	2.41497	3	0	0	4	0.25	4	0.25	1	0	0	0	0	0	0
5000	41	40	300	4	25	15	175	2.24304	3	0	0	7	0.142857	7	0.142857	1	0	0	0	0	0	0
5000	42	40	300	4	25	11	149	2.17319	3	0	0	4	0.25	4	0.25	1	0	0	0	0	0	0
5000	43	40	300	4	25	10	74	1.86923	2	0	0	4	0.25	4	0.25	1	0	0	0	0	0	0
5000	45	40	300	4	25	14	479	2.68034	3	0	0	4	0.25	4	0.25	1	0	0	0	0	0	0
5000	46	40	300	4	25	11	71	1.85126	2	0	0	7	0.142857	7	0.142857	1	0	0	0	0	0	0
5000	47	40	300	4	25	11	115	2.0607	3	0	0	6	0.166667	6	0.166667	1	0	0	0	0	0	0
5000	48	40	300	4	25	9	65	1.81291	2	0	0	5	0.2	5	0.2	1	0	0	0	0	0	0
5000	49	40	300	4	25	11	83	1.91908	2	0	0	5	0.2	5	0.2	1	0	0	0	0	0	0
5000	50	40	300	4	25	23	5556	3.74476	4	0	0	6	0.166667	6	0.166667	1	0.04	-1.39794	0.01	-2	0	0
5000	51	40	300	4	25	21	3203	3.50556	4	0	0	7	0.142857	7	0.142857	1	0.02	-1.69897	0	0	0	0
5000	52	40	300	4	25	9	39	1.59106	2	0	0	4	0.25	4	0.25	1	0	0	0	0	0	0
5000	53	40	300	4	25	5	17	1.23045	2	0	0	2	0.5	2	0.5	1	0	0	0	0	0	0
5000	54	40	300	4	25	10	128	2.10721	3	0	0	3	0.333333	3	0.333333	1	0	0	0	0	0	0
5000	55	40	300	4	25	10	47	1.6721	2	0	0	7	0.142857	7	0.142857	1	0	0	0	0	0	0
5000	56	40	300	4	25	9	81	1.90849	2	0	0	3	0.333333	3	0.333333	1	0	0	0	0	0	0
5000	57	40	300	4	25	8	95	1.97772	2	0	0	3	0.333333	3	0.333333	1	0	0	0	0	0	0
5000	59	40	300	4	25	19	241	2.38202	3	0	0	12	0.0833333	12	0.0833333	1	0	0	0	0	0	0
5000	61	40	300	4	25	20	670	2.82607	3	0	0	12	0.0833333	12	0.0833333	1	0.01	-2	0	0	0	0
5000	62	40	300	4	25	12	203	2.3075	3	0	0	6	0.166667	6	0.166667	1	0	0	0	0	0	0
5000	64	40	300	4	25	24	1079	3.03302	4	0	0	12	0.0833333	12	0.0833333	1	0.01	-2	0	0	0	0
5000	65	40	300	4	25	9	143	2.15534	3	0	0	3	0.333333	3	0.333333	1	0	0	0	0	0	0
5000	67	40	300	4	25	18	522	2.71767	3	0	0	7	0.142857	7	0.142857	1	0	0	0	0	0	0
5000	68	40	300	4	25	12	451	2.65418	3	0	0	4	0.25	4	0.25	1	0	0	0	0	0	0
5000	69	40	300	4	25	10	195	2.29003	3	0	0	4	0.25	4	0.25	1	0	0	0	0	0	0
5000	70	40	300	4	25	9	79	1.89763	2	0	0	3	0.333333	3	0.333333	1	0	0	0	0	0	0
5000	71	40	300	4	25	7	24	1.38021	2	0	0	4	0.25	4	0.25	1	0	0	0	0	0	0
5000	72	40	300	4	25	11	91	1.95904	2	0	0	6	0.166667	6	0.166667	1	0	0	0	0	0	0
5000	73	40	300	4	25	9	119	2.07555	3	0	0	3	0.333333	3	0.333333	1	0	0	0	0	0	0
5000	76	40	300	4	25	13	462	2.66464	3	0	0	4	0.25	4	0.25	1	0	0	0	0	0	0
5000	77	40	300	4	25	13	642	2.80754	3	0	0	4	0.25	4	0.25	1	0	0	0	0	0	0
5000	78	40	300	4	25	8	62	1.79239	2	0	0	3	0.333333	3	0.333333	1	0	0	0	0	0	0
5000	79	40	300	4	25	16	259	2.4133	3	0	0	9	0.111111	9	0.111111	1	0	0	0	0	0	0
5000	80	40	300	4	25	11	161	2.20683	3	0	0	4	0.25	4	0.25	1	0	0	0	0	0	0
5000	81	40	300	4	25	17	725	2.86034	3	0	0	6	0.166667	6	0.166667	1	0	0	0	0	0	0
5000	82	40	300	4	25	15	396	2.5977	3	0	0	8	0.125	8	0.125	1	0	0	0	0	0	0
5000	83	40	300	4	25	5	23	1.36173	2	0	0	2	0.5	2	0.5	1	0	0	0	0	0	0
5000	84	40	300	4	25	18	645	2.80956	3	0	0	8	0.125	8	0.125	1	0	0	0	0	0	0
5000	85	40	300	4	25	17	769	2.88593	3	0	0	6	0.166667	6	0.166667	1	0	0	0	0	0	0
5000	86	40	300	4	25	12	143	2.15534	3	0	0	7	0.142857	7	0.142857	1	0	0	0	0	0	0
5000	87	40	300	4	25	11	198	2.29667	3	0	0	4	0.25	4	0.25	1	0	0	0	0	0	0
5000	88	40	300	4	25	16	327	2.51455	3	0	0	8	0.125	8	0.125	1	0	0	0	0	0	0
5000	89	40	300	4	25	14	213	2.32838	3	0	0	6	0.166667	6	0.166667	1	0	0	0	0	0	0
5000	90	40	300	4	25	14	167	2.22272	3	0	0	7	0.142857	7	0.142857	1	0	0	0	0	0	0
5000	91	40	300	4	25	22	627	2.79727	3	0	0	14	0.0714286	14	0.0714286	1	0	0	0	0	0	0
5000	94	40	300	4	25	10	209	2.32015	3	0	0	3	0.333333	3	0.333333	1	0	0	0	0	0	0
5000	95	40	300	4	25	12	89	1.94939	2	0	0	8	0.125	8	0.125	1	0	0	0	0	0	0
5000	96	40	300	4	25	20	632	2.80072	3	0	0	11	0.0909091	11	0.0909091	1	0	0	0	0	0	0
5000	97	40	300	4	25	11	228	2.35793	3	0	0	4	0.25	4	0.25	1	0	0	0	0	0	0
5000	98	40	300	4	25	18	600	2.77815	3	0	0	7	0.142857	7	0.142857	1	0	0	0	0	0	0
5000	101	40	300	4	25	8	42	1.62325	2	0	0	4	0.25	4	0.25	1	0	0	0	0	0	0
5000	102	40	300	4	25	13	269	2.42975	3	0	0	5	0.2	5	0.2	1	0	0	0	0	0	0
5000	103	40	300	4	25	7	59	1.77085	2	0	0	2	0.5	2	0.5	1	0	0	0	0	0	0
5000	104	40	300	4	25	2	3	0.477121	1	0	0	1	1	1	1	1	0	0	0	0	0	0
5000	105	40	300	4	25	23	1496	3.17493	4	0	0	11	0.0909091	11	0.0909091	1	0	0	0	0	0	0
5000	106	40	300	4	25	12	174	2.24055	3	0	0	4	0.25	4	0.25	1	0	0	0	0	0	0
5000	107	40	300	4	25	9	99	1.99564	2	0	0	4	0.25	4	0.25	1	0	0	0	0	0	0
5000	109	40	300	4	25	12	339	2.5302	3	0	0	3	0.333333	3	0.333333	1	0	0	0	0	0	0
5000	110	40	300	4	25	8	41	1.61278	2	0	0	4	0.25	4	0.25	1	0	0	0	0	0	0
5000	111	40	300	4	25	14	363	2.55991	3	0	0	6	0.166667	6	0.166667	1	0	0	0	0	0	0
5000	112	40	300	4	25	9	83	1.91908	2	0	0	4	0.25	4	0.25	1	0	0	0	0	0	0
5000	113	40	300	4	25	8	35	1.54407	2	0	0	5	0.2	5	0.2	1	0	0	0	0	0	0
5000	114	40	300	4	25	17	123	2.08991	3	0	0	10	0.1	10	0.1	1	0	0	0	0	0	0
5000	115	40	300	4	25	11	125	2.09691	3	0	0	5	0.2	5	0.2	1	0	0	0	0	0	0
5000	116	40	300	4	25	15	229	2.35984	3	0	0	6	0.166667	6	0.166667	1	0	0	0	0	0	0
5000	117	40	300	4	25	17	556	2.74507	3	0	0	7	0.142857	7	0.142857	1	0	0	0	0	0	0
5000	118	40	300	4	25	19	430	2.63347	3	0	0	7	0.142857	7	0.142857	1	0	0	0	0	0	0
5000	119	40	300	4	25	14	633	2.8014	3	0	0	4	0.25	4	0.25	1	0	0	0	0	0	0
5000	120	40	300	4	25	9	143	2.15534	3	0	0	3	0.333333	3	0.333333	1	0	0	0	0	0	0
5000	121	40	300	4	25	13	129	2.11059	3	0	0	5	0.2	5	0.2	1	0	0	0	0	0	0
5000	122	40	300	4	25	16	273	2.43616	3	0	0	6	0.166667	6	0.166667	1	0	0	0	0	0	0
5000	123	40	300	4	25	12	419	2.62221	3	0	0	4	0.25	4	0.25	1	0	0	0	0	0	0
5000	124	40	300	4	25	31	217	2.33646	3	0	0	26	0.0384615	26	0.0384615	1	0	0	0	0	0	0
5000	125	40	300	4	25	14	219	2.34044	3	0	0	6	0.166667	6	0.166667	1	0	0	0	0	0	0
5000	126	40	300	4	25	15	164	2.21484	3	0	0	8	0.125	8	0.125	1	0	0	0	0	0	0
5000	129	40	300	4	25	15	527	2.72181	3	0	0	5	0.2	5	0.2	1	0	0	0	0	0	0
5000	130	40	300	4	25	8	53	1.72428	2	0	0	3	0.333333	3	0.333333	1	0	0	0	0	0	0
5000	132	40	300	4	25	13	287	2.45788	3	0	0	7	0.142857	7	0.142857	1	0	0	0	0	0	0
5000	133	40	300	4	25	8	63	1.79934	2	0	0	4	0.25	4	0.25	1	0	0	0	0	0	0
5000	134	40	300	4	25	19	3103	3.49178	4	0	0	7	0.142857	7	0.142857	1	0.02	-1.69897	0	0	0	0
5000	135	40	300	4	25	11	108	2.03342	3	0	0	6	0.166667	6	0.166667	1	0	0	0	0	0	0
5000	136	40	300	4	25	8	71	1.85126	2	0	0	3	0.333333	3	0.333333	1	0	0	0	0	0	0
5000	137	40	300	4	25	12	109	2.03743	3	0	0	5	0.2	5	0.2	1	0	0	0	0	0	0
5000	138	40	300	4	25	10	39	1.59106	2	0	0	5	0.2	5	0.2	1	0	0	0	0	0	0
5000	139	40	300	4	25	13	75	1.87506	2	0	0	7	0.142857	7	0.142857	1	0	0	0	0	0	0
5000	140	40	300	4	25	16	374	2.57287	3	0	0	8	0.125	8	0.125	1	0	0	0	0	0	0
5000	141	40	300	4	25	11	260	2.41497	3	0	0	3	0.333333	3	0.333333	1	0	0	0	0	0	0
5000	142	40	300	4	25	17	1667	3.22194	4	0	0	5	0.2	5	0.2	1	0.01	-2	0	0	0	0
5000	144	40	300	4	25	9	47	1.6721	2	0	0	5	0.2	5	0.2	1	0	0	0	0	0	0
5000	146	40	300	4	25	11	78	1.89209	2	0	0	5	0.2	5	0.2	1	0	0	0	0	0	0
5000	147	40	300	4	25	19	1124	3.05077	4	0	0	8	0.125	8	0.125	1	0.01	-2	0	0	0	0
5000	148	40	300	4	25	9	47	1.6721	2	0	0	5	0.2	5	0.2	1	0	0	0	0	0	0
5000	149	40	300	4	25	13	130	2.11394	3	0	0	9	0.111111	9	0.111111	1	0	0	0	0	0	0
5000	150	40	300	4	25	15	364	2.5611	3	0	0	7	0.142857	7	0.142857	1	0	0	0	0	0	0
5000	151	40	300	4	25	8	33	1.51851	2	0	0	5	0.2	5	0.2	1	0	0	0	0	0	0
5000	152	40	300	4	25	14	254	2.40483	3	0	0	6	0.166667	6	0.166667	1	0	0	0	0	0	0
5000	153	40	300	4	25	12	208	2.31806	3	0	0	5	0.2	5	0.2	1	0	0	0	0	0	0
5000	154	40	300	4	25	6	23	1.36173	2	0	0	3	0.333333	3	0.333333	1	0	0	0	0	0	0
5000	155	40	300	4	25	23	629	2.79865	3	0	0	14	0.0714286	14	0.0714286	1	0	0	0	0	0	0
5000	156	40	300	4	25	17	1316	3.11926	4	0	0	6	0.166667	6	0.166667	1	0.01	-2	0	0	0	0
5000	157	40	300	4	25	19	419	2.62221	3	0	0	8	0.125	8	0.125	1	0	0	0	0	0	0
5000	158	40	300	4	25	9	39	1.59106	2	0	0	6	0.166667	6	0.166667	1	0	0	0	0	0	0
5000	159	40	300	4	25	7	23	1.36173	2	0	0	5	0.2	5	0.2	1	0	0	0	0	0	0
5000	160	40	300	4	25	19	857	2.93298	3	0	0	11	0.0909091	11	0.0909091	1	0	0	0	0	0	0
5000	161	40	300	4	25	13	236	2.37291	3	0	0	5	0.2	5	0.2	1	0	0	0	0	0	0
5000	162	40	300	4	25	16	721	2.85794	3	0	0	7	0.142857	7	0.142857	1	0	0	0	0	0	0
5000	163	40	300	4	25	31	11656	4.06655	5	0	0	12	0.0833333	12	0.0833333	1	0.11	-0.958607	0.01	-2	0	0
5000	164	40	300	4	25	7	20	1.30103	2	0	0	5	0.2	5	0.2	1	0	0	0	0	0	0
5000	165	40	300	4	25	12	175	2.24304	3	0	0	5	0.2	5	0.2	1	0	0	0	0	0	0
5000	166	40	300	4	25	9	51	1.70757	2	0	0	4	0.25	4	0.25	1	0	0	0	0	0	0
5000	167	40	300	4	25	19	447	2.65031	3	0	0	8	0.125	8	0.125	1	0	0	0	0	0	0
5000	168	40	300	4	25	8	47	1.6721	2	0	0	3	0.333333	3	0.333333	1	0	0	0	0	0	0
5000	169	40	300	4	25	14	215	2.33244	3	0	0	8	0.125	8	0.125	1	0	0	0	0	0	0
5000	170	40	300	4	25	10	73	1.86332	2	0	0	6	0.166667	6	0.166667	1	0	0	0	0	0	0
5000	171	40	300	4	25	18	1056	3.02366	4	0	0	7	0.142857	7	0.142857	1	0	0	0	0	0	0
5000	172	40	300	4	25	13	143	2.15534	3	0	0	6	0.166667	6	0.166667	1	0	0	0	0	0	0
5000	173	40	300	4	25	10	68	1.83251	2	0	0	5	0.2	5	0.2	1	0	0	0	0	0	0
5000	175	40	300	4	25	15	56	1.74819	2	0	0	11	0.0909091	11	0.0909091	1	0	0	0	0	0	0
5000	176	40	300	4	25	16	261	2.41664	3	0	0	8	0.125	8	0.125	1	0	0	0	0	0	0
5000	177	40	300	4	25	14	186	2.26951	3	0	0	6	0.166667	6	0.166667	1	0	0	0	0	0	0
5000	179	40	300	4	25	7	35	1.54407	2	0	0	3	0.333333	3	0.333333	1	0	0	0	0	0	0
5000	180	40	300	4	25	12	234	2.36922	3	0	0	4	0.25	4	0.25	1	0	0	0	0	0	0
5000	181	40	300	4	25	17	601	2.77887	3	0	0	7	0.142857	7	0.142857	1	0	0	0	0	0	0
5000	182	40	300	4	25	4	11	1.04139	2	0	0	2	0.5	2	0.5	1	0	0	0	0	0	0
5000	183	40	300	4	25	13	124	2.09342	3	0	0	7	0.142857	7	0.142857	1	0	0	0	0	0	0
5000	185	40	300	4	25	15	297	2.47276	3	0	0	6	0.166667	6	0.166667	1	0	0	0	0	0	0
5000	186	40	300	4	25	13	122	2.08636	3	0	0	5	0.2	5	0.2	1	0	0	0	0	0	0
5000	187	40	300	4	25	8	35	1.54407	2	0	0	5	0.2	5	0.2	1	0	0	0	0	0	0
5000	188	40	300	4	25	14	244	2.38739	3	0	0	6	0.166667	6	0.166667	1	0	0	0	0	0	0
5000	189	40	300	4	25	11	191	2.28103	3	0	0	5	0.2	5	0.2	1	0	0	0	0	0	0
5000	190	40	300	4	25	21	237	2.37475	3	0	0	13	0.0769231	13	0.0769231	1	0	0	0	0	0	0
5000	191	40	300	4	25	13	91	1.95904	2	0	0	7	0.142857	7	0.142857	1	0	0	0	0	0	0
5000	192	40	300	4	25	18	238	2.37658	3	0	0	10	0.1	10	0.1	1	0	0	0	0	0	0
5000	193	40	300	4	25	8	24	1.38021	2	0	0	4	0.25	4	0.25	1	0	0	0	0	0	0
5000	194	40	300	4	25	16	426	2.62941	3	0	0	7	0.142857	7	0.142857	1	0	0	0	0	0	0
5000	195	40	300	4	25	16	434	2.63749	3	0	0	6	0.166667	6	0.166667	1	0	0	0	0	0	0
5000	196	40	300	4	25	14	319	2.50379	3	0	0	8	0.125	8	0.125	1	0	0	0	0	0	0
5000	197	40	300	4	25	10	64	1.80618	2	0	0	4	0.25	4	0.25	1	0	0	0	0	0	0
5000	198	40	300	4	25	13	578	2.76193	3	0	0	4	0.25	4	0.25	1	0	0	0	0	0	0
5000	199	40	300	4	25	18	788	2.89653	3	0	0	8	0.125	8	0.125	1	0	0	0	0	0	0
5000	201	40	300	4	25	14	269	2.42975	3	0	0	7	0.142857	7	0.142857	1	0	0	0	0	0	0
5000	204	40	300	4	25	20	294	2.46835	3	0	0	11	0.0909091	11	0.0909091	1	0	0	0	0	0	0
5000	205	40	300	4	25	13	272	2.43457	3	0	0	5	0.2	5	0.2	1	0	0	0	0	0	0
5000	206	40	300	4	25	12	215	2.33244	3	0	0	5	0.2	5	0.2	1	0	0	0	0	0	0
5000	207	40	300	4	25	9	81	1.90849	2	0	0	3	0.333333	3	0.333333	1	0	0	0	0	0	0
5000	208	40	300	4	25	15	733	2.8651	3	0	0	4	0.25	4	0.25	1	0	0	0	0	0	0
5000	209	40	300	4	25	10	33	1.51851	2	0	0	7	0.142857	7	0.142857	1	0	0	0	0	0	0
5000	210	40	300	4	25	13	575	2.75967	3	0	0	4	0.25	4	0.25	1	0	0	0	0	0	0
5000	211	40	300	4	25	15	479	2.68034	3	0	0	7	0.142857	7	0.142857	1	0	0	0	0	0	0
5000	212	40	300	4	25	8	33	1.51851	2	0	0	4	0.25	4	0.25	1	0	0	0	0	0	0
5000	213	40	300	4	25	12	188	2.27416	3	0	0	4	0.25	4	0.25	1	0	0	0	0	0	0
5000	214	40	300	4	25	15	126	2.10037	3	0	0	8	0.125	8	0.125	1	0	0	0	0	0	0
5000	215	40	300	4	25	14	158	2.19866	3	0	0	7	0.142857	7	0.142857	1	0	0	0	0	0	0
5000	217	40	300	4	25	16	279	2.4456	3	0	0	8	0.125	8	0.125	1	0	0	0	0	0	0
5000	218	40	300	4	25	11	106	2.02531	3	0	0	5	0.2	5	0.2	1	0	0	0	0	0	0
5000	219	40	300	4	25	21	1648	3.21696	4	0	0	8	0.125	8	0.125	1	0.01	-2	0	0	0	0
5000	220	40	300	4	25	17	671	2.82672	3	0	0	6	0.166667	6	0.166667	1	0	0	0	0	0	0
5000	221	40	300	4	25	17	321	2.50651	3	0	0	7	0.142857	7	0.142857	1	0	0	0	0	0	0
5000	222	40	300	4	25	21	1145	3.05881	4	0	0	7	0.142857	7	0.142857	1	0	0	0	0	0	0
5000	223	40	300	4	25	12	162	2.20952	3	0	0	6	0.166667	6	0.166667	1	0	0	0	0	0	0
5000	224	40	300	4	25	15	356	2.55145	3	0	0	6	0.166667	6	0.166667	1	0	0	0	0	0	0
5000	225	40	300	4	25	18	278	2.44404	3	0	0	9	0.111111	9	0.111111	1	0	0	0	0	0	0
5000	226	40	300	4	25	11	143	2.15534	3	0	0	4	0.25	4	0.25	1	0	0	0	0	0	0
5000	227	40	300	4	25	12	172	2.23553	3	0	0	5	0.2	5	0.2	1	0	0	0	0	0	0
5000	228	40	300	4	25	8	107	2.02938	3	0	0	2	0.5	2	0.5	1	0	0	0	0	0	0
5000	229	40	300	4	25	14	752	2.87622	3	0	0	5	0.2	5	0.2	1	0	0	0	0	0	0
5000	230	40	300	4	25	8	29	1.4624	2	0	0	5	0.2	5	0.2	1	0	0	0	0	0	0
5000	232	40	300	4	25	12	305	2.4843	3	0	0	4	0.25	4	0.25	1	0	0	0	0	0	0
5000	234	40	300	4	25	17	959	2.98182	3	0	0	7	0.142857	7	0.142857	1	0	0	0	0	0	0
5000	235	40	300	4	25	7	71	1.85126	2	0	0	2	0.5	2	0.5	1	0	0	0	0	0	0
5000	236	40	300	4	25	16	920	2.96379	3	0	0	7	0.142857	7	0.142857	1	0	0	0	0	0	0
5000	237	40	300	4	25	12	98	1.99123	2	0	0	8	0.125	8	0.125	1	0	0	0	0	0	0
5000	238	40	300	4	25	12	142	2.15229	3	0	0	5	0.2	5	0.2	1	0	0	0	0	0	0
5000	239	40	300	4	25	12	160	2.20412	3	0	0	7	0.142857	7	0.142857	1	0	0	0	0	0	0
5000	240	40	300	4	25	13	214	2.33041	3	0	0	5	0.2	5	0.2	1	0	0	0	0	0	0
5000	241	40	300	4	25	14	215	2.33244	3	0	0	8	0.125	8	0.125	1	0	0	0	0	0	0
5000	242	40	300	4	25	17	700	2.8451	3	0	0	6	0.166667	6	0.166667	1	0	0	0	0	0	0
5000	243	40	300	4	25	12	499	2.6981	3	0	0	3	0.333333	3	0.333333	1	0	0	0	0	0	0
5000	244	40	300	4	25	16	945	2.97543	3	0	0	6	0.166667	6	0.166667	1	0	0	0	0	0	0
5000	245	40	300	4	25	9	71	1.85126	2	0	0	4	0.25	4	0.25	1	0	0	0	0	0	0
5000	246	40	300	4	25	10	53	1.72428	2	0	0	5	0.2	5	0.2	1	0	0	0	0	0	0
5000	248	40	300	4	25	9	79	1.89763	2	0	0	4	0.25	4	0.25	1	0	0	0	0	0	0
5000	249	40	300	4	25	19	242	2.38382	3	0	0	10	0.1	10	0.1	1	0	0	0	0	0	0
5000	250	40	300	4	25	11	226	2.35411	3	0	0	3	0.333333	3	0.333333	1	0	0	0	0	0	0
5000	251	40	300	4	25	6	39	1.59106	2	0	0	2	0.5	2	0.5	1	0	0	0	0	0	0
5000	252	40	300	4	25	12	170	2.23045	3	0	0	6	0.166667	6	0.166667	1	0	0	0	0	0	0
5000	253	40	300	4	25	10	122	2.08636	3	0	0	4	0.25	4	0.25	1	0	0	0	0	0	0
5000	254	40	300	4	25	14	505	2.70329	3	0	0	4	0.25	4	0.25	1	0	0	0	0	0	0
5000	257	40	300	4	25	14	348	2.54158	3	0	0	6	0.166667	6	0.166667	1	0	0	0	0	0	0
5000	258	40	300	4	25	5	17	1.23045	2	0	0	2	0.5	2	0.5	1	0	0	0	0	0	0
5000	259	40	300	4	25	8	95	1.97772	2	0	0	3	0.333333	3	0.333333	1	0	0	0	0	0	0
5000	260	40	300	4	25	13	75	1.87506	2	0	0	8	0.125	8	0.125	1	0	0	0	0	0	0
5000	261	40	300	4	25	16	674	2.82866	3	0	0	6	0.166667	6	0.166667	1	0	0	0	0	0	0
5000	262	40	300	4	25	13	168	2.22531	3	0	0	6	0.166667	6	0.166667	1	0	0	0	0	0	0
5000	264	40	300	4	25	7	35	1.54407	2	0	0	3	0.333333	3	0.333333	1	0	0	0	0	0	0
5000	265	40	300	4	25	14	135	2.13033	3	0	0	7	0.142857	7	0.142857	1	0	0	0	0	0	0
5000	266	40	300	4	25	9	107	2.02938	3	0	0	3	0.333333	3	0.333333	1	0	0	0	0	0	0
5000	267	40	300	4	25	15	255	2.40654	3	0	0	6	0.166667	6	0.166667	1	0	0	0	0	0	0
5000	268	40	300	4	25	12	151	2.17898	3	0	0	5	0.2	5	0.2	1	0	0	0	0	0	0
5000	269	40	300	4	25	7	66	1.81954	2	0	0	2	0.5	2	0.5	1	0	0	0	0	0	0
5000	270	40	300	4	25	10	104	2.01703	3	0	0	4	0.25	4	0.25	1	0	0	0	0	0	0
5000	272	40	300	4	25	14	71	1.85126	2	0	0	11	0.0909091	11	0.0909091	1	0	0	0	0	0	0
5000	273	40	300	4	25	18	333	2.52244	3	0	0	9	0.111111	9	0.111111	1	0	0	0	0	0	0
5000	274	40	300	4	25	11	134	2.1271	3	0	0	6	0.166667	6	0.166667	1	0	0	0	0	0	0
5000	275	40	300	4	25	7	23	1.36173	2	0	0	5	0.2	5	0.2	1	0	0	0	0	0	0
5000	276	40	300	4	25	27	1318	3.11992	4	0	0	10	0.1	10	0.1	1	0.01	-2	0	0	0	0
5000	277	40	300	4	25	15	247	2.3927	3	0	0	9	0.111111	9	0.111111	1	0	0	0	0	0	0
5000	278	40	300	4	25	10	50	1.69897	2	0	0	5	0.2	5	0.2	1	0	0	0	0	0	0
5000	279	40	300	4	25	13	76	1.88081	2	0	0	10	0.1	10	0.1	1	0	0	0	0	0	0
5000	280	40	300	4	25	11	61	1.78533	2	0	0	7	0.142857	7	0.142857	1	0	0	0	0	0	0
5000	281	40	300	4	25	18	306	2.48572	3	0	0	10	0.1	10	0.1	1	0	0	0	0	0	0
5000	282	40	300	4	25	18	418	2.62118	3	0	0	10	0.1	10	0.1	1	0	0	0	0	0	0
5000	284	40	300	4	25	7	29	1.4624	2	0	0	4	0.25	4	0.25	1	0	0	0	0	0	0
5000	285	40	300	4	25	11	167	2.22272	3	0	0	4	0.25	4	0.25	1	0	0	0	0	0	0
5000	286	40	300	4	25	11	270	2.43136	3	0	0	4	0.25	4	0.25	1	0	0	0	0	0	0
5000	287	40	300	4	25	15	301	2.47857	3	0	0	7	0.142857	7	0.142857	1	0	0	0	0	0	0
5000	289	40	300	4	25	15	1184	3.07335	4	0	0	4	0.25	4	0.25	1	0	0	0	0	0	0
5000	290	40	300	4	25	13	269	2.42975	3	0	0	5	0.2	5	0.2	1	0	0	0	0	0	0
5000	291	40	300	4	25	15	252	2.4014	3	0	0	8	0.125	8	0.125	1	0	0	0	0	0	0
5000	292	40	300	4	25	12	68	1.83251	2	0	0	8	0.125	8	0.125	1	0	0	0	0	0	0
5000	293	40	300	4	25	18	858	2.93349	3	0	0	6	0.166667	6	0.166667	1	0	0	0	0	0	0
5000	294	40	300	4	25	15	255	2.40654	3	0	0	9	0.111111	9	0.111111	1	0	0	0	0	0	0
5000	295	40	300	4	25	13	149	2.17319	3	0	0	5	0.2	5	0.2	1	0	0	0	0	0	0
5000	296	40	300	4	25	20	495	2.69461	3	0	0	10	0.1	10	0.1	1	0	0	0	0	0	0
5000	297	40	300	4	25	12	351	2.54531	3	0	0	5	0.2	5	0.2	1	0	0	0	0	0	0
5000	298	40	300	4	25	11	383	2.5832	3	0	0	3	0.333333	3	0.333333	1	0	0	0	0	0	0
5000	299	40	300	4	25	14	121	2.08279	3	0	0	9	0.111111	9	0.111111	1	0	0	0	0	0	0
5000	301	40	300	4	25	10	145	2.16137	3	0	0	4	0.25	4	0.25	1	0	0	0	0	0	0
5000	302	40	300	4	25	12	137	2.13672	3	0	0	6	0.166667	6	0.166667	1	0	0	0	0	0	0
5000	303	40	300	4	25	7	38	1.57978	2	0	0	4	0.25	4	0.25	1	0	0	0	0	0	0
5000	304	40	300	4	25	10	80	1.90309	2	0	0	4	0.25	4	0.25	1	0	0	0	0	0	0
5000	305	40	300	4	25	12	153	2.18469	3	0	0	5	0.2	5	0.2	1	0	0	0	0	0	0
5000	306	40	300	4	25	17	333	2.52244	3	0	0	9	0.111111	9	0.111111	1	0	0	0	0	0	0
5000	308	40	300	4	25	8	22	1.34242	2	0	0	4	0.25	4	0.25	1	0	0	0	0	0	0
5000	309	40	300	4	25	13	469	2.67117	3	0	0	4	0.25	4	0.25	1	0	0	0	0	0	0
5000	310	40	300	4	25	11	112	2.04922	3	0	0	5	0.2	5	0.2	1	0	0	0	0	0	0
5000	311	40	300	4	25	17	650	2.81291	3	0	0	6	0.166667	6	0.166667	1	0	0	0	0	0	0
5000	312	40	300	4	25	24	1117	3.04805	4	0	0	14	0.0714286	14	0.0714286	1	0.01	-2	0	0	0	0
5000	313	40	300	4	25	9	59	1.77085	2	0	0	5	0.2	5	0.2	1	0	0	0	0	0	0
5000	314	40	300	4	25	11	179	2.25285	3	0	0	4	0.25	4	0.25	1	0	0	0	0	0	0
5000	315	40	300	4	25	14	827	2.91751	3	0	0	4	0.25	4	0.25	1	0	0	0	0	0	0
5000	316	40	300	4	25	14	524	2.71933	3	0	0	5	0.2	5	0.2	1	0	0	0	0	0	0
5000	317	40	300	4	25	13	124	2.09342	3	0	0	6	0.166667	6	0.166667	1	0	0	0	0	0	0
5000	318	40	300	4	25	6	19	1.27875	2	0	0	3	0.333333	3	0.333333	1	0	0	0	0	0	0
5000	319	40	300	4	25	9	39	1.59106	2	0	0	4	0.25	4	0.25	1	0	0	0	0	0	0
5000	320	40	300	4	25	12	221	2.34439	3	0	0	4	0.25	4	0.25	1	0	0	0	0	0	0
5000	321	40	300	4	25	18	352	2.54654	3	0	0	7	0.142857	7	0.142857	1	0	0	0	0	0	0
5000	322	40	300	4	25	26	2334	3.3681	4	0	0	11	0.0909091	11	0.0909091	1	0.01	-2	0	0	0	0
5000	323	40	300	4	25	14	99	1.99564	2	0	0	8	0.125	8	0.125	1	0	0	0	0	0	0
5000	324	40	300	4	25	9	83	1.91908	2	0	0	3	0.333333	3	0.333333	1	0	0	0	0	0	0
5000	325	40	300	4	25	9	71	1.85126	2	0	0	4	0.25	4	0.25	1	0	0	0	0	0	0
5000	326	40	300	4	25	23	2722	3.43489	4	0	0	7	0.142857	7	0.142857	1	0.02	-1.69897	0	0	0	0
5000	327	40	300	4	25	13	554	2.74351	3	0	0	5	0.2	5	0.2	1	0	0	0	0	0	0
5000	328	40	300	4	25	9	81	1.90849	2	0	0	3	0.333333	3	0.333333	1	0	0	0	0	0	0
5000	329	40	300	4	25	6	35	1.54407	2	0	0	2	0.5	2	0.5	1	0	0	0	0	0	0
5000	330	40	300	4	25	11	159	2.2014	3	0	0	4	0.25	4	0.25	1	0	0	0	0	0	0
5000	331	40	300	4	25	19	2288	3.35946	4	0	0	9	0.111111	9	0.111111	1	0.01	-2	0	0	0	0
5000	332	40	300	4	25	23	1258	3.09968	4	0	0	8	0.125	8	0.125	1	0	0	0.01	-2	0	0
5000	333	40	300	4	25	10	128	2.10721	3	0	0	4	0.25	4	0.25	1	0	0	0	0	0	0
5000	334	40	300	4	25	9	99	1.99564	2	0	0	3	0.333333	3	0.333333	1	0	0	0	0	0	0
5000	335	40	300	4	25	14	168	2.22531	3	0	0	7	0.142857	7	0.142857	1	0	0	0	0	0	0
5000	336	40	300	4	25	10	206	2.31387	3	0	0	3	0.333333	3	0.333333	1	0	0	0	0	0	0
5000	337	40	300	4	25	13	235	2.37107	3	0	0	6	0.166667	6	0.166667	1	0	0	0	0	0	0
5000	338	40	300	4	25	12	125	2.09691	3	0	0	5	0.2	5	0.2	1	0	0	0	0	0	0
5000	339	40	300	4	25	13	79	1.89763	2	0	0	7	0.142857	7	0.142857	1	0	0	0	0	0	0
5000	340	40	300	4	25	15	206	2.31387	3	0	0	9	0.111111	9	0.111111	1	0	0	0	0	0	0
5000	341	40	300	4	25	14	449	2.65225	3	0	0	4	0.25	4	0.25	1	0	0	0	0	0	0
5000	342	40	300	4	25	11	347	2.54033	3	0	0	3	0.333333	3	0.333333	1	0	0	0	0	0	0
5000	343	40	300	4	25	13	100	2	3	0	0	7	0.142857	7	0.142857	1	0	0	0	0	0	0
5000	345	40	300	4	25	17	988	2.99476	3	0	0	6	0.166667	6	0.166667	1	0	0	0	0	0	0
5000	346	40	300	4	25	12	86	1.9345	2	0	0	5	0.2	5	0.2	1	0	0	0	0	0	0
5000	349	40	300	4	25	12	192	2.2833	3	0	0	6	0.166667	6	0.166667	1	0	0	0	0	0	0
5000	350	40	300	4	25	18	207	2.31597	3	0	0	10	0.1	10	0.1	1	0	0	0	0	0	0
5000	352	40	300	4	25	12	76	1.88081	2	0	0	5	0.2	5	0.2	1	0	0	0	0	0	0
5000	354	40	300	4	25	12	139	2.14301	3	0	0	6	0.166667	6	0.166667	1	0	0	0	0	0	0
5000	355	40	300	4	25	13	64	1.80618	2	0	0	9	0.111111	9	0.111111	1	0	0	0	0	0	0
5000	356	40	300	4	25	13	138	2.13988	3	0	0	6	0.166667	6	0.166667	1	0	0	0	0	0	0
5000	357	40	300	4	25	14	143	2.15534	3	0	0	7	0.142857	7	0.142857	1	0	0	0	0	0	0
5000	358	40	300	4	25	12	102	2.0086	3	0	0	5	0.2	5	0.2	1	0	0	0	0	0	0
5000	359	40	300	4	25	13	591	2.77159	3	0	0	5	0.2	5	0.2	1	0	0	0	0	0	0
5000	360	40	300	4	25	12	130	2.11394	3	0	0	5	0.2	5	0.2	1	0	0	0	0	0	0
5000	361	40	300	4	25	21	421	2.62428	3	0	0	12	0.0833333	12	0.0833333	1	0	0	0	0	0	0
5000	362	40	300	4	25	6	11	1.04139	2	0	0	5	0.2	5	0.2	1	0	0	0	0	0	0
5000	364	40	300	4	25	13	66	1.81954	2	0	0	7	0.142857	7	0.142857	1	0	0	0	0	0	0
5000	365	40	300	4	25	13	295	2.46982	3	0	0	5	0.2	5	0.2	1	0	0	0	0	0	0
5000	366	40	300	4	25	9	49	1.6902	2	0	0	5	0.2	5	0.2	1	0	0	0	0	0	0
5000	367	40	300	4	25	11	92	1.96379	2	0	0	6	0.166667	6	0.166667	1	0	0	0	0	0	0
5000	368	40	300	4	25	11	40	1.60206	2	0	0	6	0.166667	6	0.166667	1	0	0	0	0	0	0
5000	369	40	300	4	25	16	428	2.63144	3	0	0	5	0.2	5	0.2	1	0	0	0	0	0	0
5000	370	40	300	4	25	11	59	1.77085	2	0	0	6	0.166667	6	0.166667	1	0	0	0	0	0	0
5000	371	40	300	4	25	6	23	1.36173	2	0	0	3	0.333333	3	0.333333	1	0	0	0	0	0	0
5000	372	40	300	4	25	16	587	2.76864	3	0	0	6	0.166667	6	0.166667	1	0	0	0	0	0	0
5000	373	40	300	4	25	15	519	2.71517	3	0	0	7	0.142857	7	0.142857	1	0	0	0	0	0	0
5000	374	40	300	4	25	12	216	2.33445	3	0	0	4	0.25	4	0.25	1	0	0	0	0	0	0
5000	377	40	300	4	25	12	193	2.28556	3	0	0	5	0.2	5	0.2	1	0	0	0	0	0	0
5000	378	40	300	4	25	7	41	1.61278	2	0	0	3	0.333333	3	0.333333	1	0	0	0	0	0	0
5000	379	40	300	4	25	17	550	2.74036	3	0	0	6	0.166667	6	0.166667	1	0	0	0	0	0	0
5000	380	40	300	4	25	11	247	2.3927	3	0	0	3	0.333333	3	0.333333	1	0	0	0	0	0	0
5000	381	40	300	4	25	15	311	2.49276	3	0	0	8	0.125	8	0.125	1	0	0	0	0	0	0
5000	382	40	300	4	25	20	408	2.61066	3	0	0	8	0.125	8	0.125	1	0	0	0	0	0	0
5000	383	40	300	4	25	13	163	2.21219	3	0	0	4	0.25	4	0.25	1	0	0	0	0	0	0
5000	384	40	300	4	25	17	347	2.54033	3	0	0	8	0.125	8	0.125	1	0	0	0	0	0	0
5000	385	40	300	4	25	15	131	2.11727	3	0	0	10	0.1	10	0.1	1	0	0	0	0	0	0
5000	387	40	300	4	25	15	690	2.83885	3	0	0	5	0.2	5	0.2	1	0	0	0	0	0	0
5000	388	40	300	4	25	14	479	2.68034	3	0	0	6	0.166667	6	0.166667	1	0	0	0	0	0	0
5000	389	40	300	4	25	16	271	2.43297	3	0	0	9	0.111111	9	0.111111	1	0	0	0	0	0	0
5000	390	40	300	4	25	18	3143	3.49734	4	0	0	6	0.166667	6	0.166667	1	0.01	-2	0	0	0	0
5000	391	40	300	4	25	14	276	2.44091	3	0	0	6	0.166667	6	0.166667	1	0	0	0	0	0	0
5000	392	40	300	4	25	19	1203	3.08027	4	0	0	9	0.111111	9	0.111111	1	0.01	-2	0	0	0	0
5000	393	40	300	4	25	13	479	2.68034	3	0	0	4	0.25	4	0.25	1	0	0	0	0	0	0
5000	395	40	300	4	25	9	107	2.02938	3	0	0	3	0.333333	3	0.333333	1	0	0	0	0	0	0
5000	396	40	300	4	25	15	277	2.44248	3	0	0	7	0.142857	7	0.142857	1	0	0	0	0	0	0
5000	398	40	300	4	25	7	39	1.59106	2	0	0	4	0.25	4	0.25	1	0	0	0	0	0	0
5000	399	40	300	4	25	17	213	2.32838	3	0	0	10	0.1	10	0.1	1	0	0	0	0	0	0
5000	400	40	300	4	25	27	1555	3.19173	4	0	0	13	0.0769231	13	0.0769231	1	0.01	-2	0	0	0	0
5000	401	40	300	4	25	10	119	2.07555	3	0	0	3	0.333333	3	0.333333	1	0	0	0	0	0	0
5000	402	40	300	4	25	9	89	1.94939	2	0	0	4	0.25	4	0.25	1	0	0	0	0	0	0
5000	403	40	300	4	25	17	807	2.90687	3	0	0	6	0.166667	6	0.166667	1	0	0	0	0	0	0
5000	406	40	300	4	25	11	49	1.6902	2	0	0	8	0.125	8	0.125	1	0	0	0	0	0	0
5000	407	40	300	4	25	11	88	1.94448	2	0	0	6	0.166667	6	0.166667	1	0	0	0	0	0	0
5000	408	40	300	4	25	11	110	2.04139	3	0	0	5	0.2	5	0.2	1	0	0	0	0	0	0
5000	409	40	300	4	25	15	383	2.5832	3	0	0	5	0.2	5	0.2	1	0	0	0	0	0	0
5000	410	40	300	4	25	15	422	2.62531	3	0	0	7	0.142857	7	0.142857	1	0	0	0	0	0	0
5000	411	40	300	4	25	20	446	2.64933	3	0	0	10	0.1	10	0.1	1	0	0	0	0	0	0
5000	412	40	300	4	25	14	211	2.32428	3	0	0	6	0.166667	6	0.166667	1	0	0	0	0	0	0
5000	413	40	300	4	25	14	472	2.67394	3	0	0	5	0.2	5	0.2	1	0	0	0	0	0	0
5000	414	40	300	4	25	13	156	2.19312	3	0	0	7	0.142857	7	0.142857	1	0	0	0	0	0	0
5000	415	40	300	4	25	14	633	2.8014	3	0	0	5	0.2	5	0.2	1	0	0	0	0	0	0
5000	416	40	300	4	25	14	146	2.16435	3	0	0	7	0.142857	7	0.142857	1	0	0	0	0	0	0
5000	417	40	300	4	25	12	119	2.07555	3	0	0	6	0.166667	6	0.166667	1	0	0	0	0	0	0
5000	420	40	300	4	25	21	1539	3.18724	4	0	0	6	0.166667	6	0.166667	1	0.01	-2	0	0	0	0
5000	421	40	300	4	25	17	754	2.87737	3	0	0	6	0.166667	6	0.166667	1	0	0	0	0	0	0
5000	422	40	300	4	25	10	153	2.18469	3	0	0	3	0.333333	3	0.333333	1	0	0	0	0	0	0
5000	423	40	300	4	25	9	143	2.15534	3	0	0	3	0.333333	3	0.333333	1	0	0	0	0	0	0
5000	424	40	300	4	25	20	1337	3.12613	4	0	0	7	0.142857	7	0.142857	1	0	0	0	0	0	0
5000	425	40	300	4	25	14	335	2.52504	3	0	0	5	0.2	5	0.2	1	0	0	0	0	0	0
5000	428	40	300	4	25	16	1151	3.06108	4	0	0	5	0.2	5	0.2	1	0	0	0	0	0	0
5000	429	40	300	4	25	8	28	1.44716	2	0	0	5	0.2	5	0.2	1	0	0	0	0	0	0
5000	430	40	300	4	25	12	64	1.80618	2	0	0	7	0.142857	7	0.142857	1	0	0	0	0	0	0
5000	431	40	300	4	25	14	96	1.98227	2	0	0	8	0.125	8	0.125	1	0	0	0	0	0	0
5000	432	40	300	4	25	15	1047	3.01995	4	0	0	5	0.2	5	0.2	1	0	0	0	0	0	0
5000	433	40	300	4	25	20	135	2.13033	3	0	0	14	0.0714286	14	0.0714286	1	0	0	0	0	0	0
5000	434	40	300	4	25	18	639	2.8055	3	0	0	8	0.125	8	0.125	1	0	0	0	0	0	0
5000	435	40	300	4	25	12	251	2.39967	3	0	0	5	0.2	5	0.2	1	0	0	0	0	0	0
5000	436	40	300	4	25	12	138	2.13988	3	0	0	6	0.166667	6	0.166667	1	0	0	0	0	0	0
5000	437	40	300	4	25	17	1013	3.00561	4	0	0	6	0.166667	6	0.166667	1	0	0	0	0	0	0
5000	438	40	300	4	25	27	761	2.88138	3	0	0	19	0.0526316	19	0.0526316	1	0.01	-2	0	0	0	0
5000	439	40	300	4	25	8	45	1.65321	2	0	0	5	0.2	5	0.2	1	0	0	0	0	0	0
5000	440	40	300	4	25	14	372	2.57054	3	0	0	6	0.166667	6	0.166667	1	0	0	0	0	0	0
5000	441	40	300	4	25	16	348	2.54158	3	0	0	7	0.142857	7	0.142857	1	0	0	0	0	0	0
5000	442	40	300	4	25	15	261	2.41664	3	0	0	7	0.142857	7	0.142857	1	0	0	0	0	0	0
5000	443	40	300	4	25	9	104	2.01703	3	0	0	3	0.333333	3	0.333333	1	0	0	0	0	0	0
5000	444	40	300	4	25	12	215	2.33244	3	0	0	6	0.166667	6	0.166667	1	0	0	0	0	0	0
5000	445	40	300	4	25	15	454	2.65706	3	0	0	7	0.142857	7	0.142857	1	0	0	0	0	0	0
5000	447	40	300	4	25	12	361	2.55751	3	0	0	5	0.2	5	0.2	1	0	0	0	0	0	0
5000	448	40	300	4	25	10	53	1.72428	2	0	0	6	0.166667	6	0.166667	1	0	0	0	0	0	0
5000	449	40	300	4	25	13	156	2.19312	3	0	0	5	0.2	5	0.2	1	0	0	0	0	0	0
5000	450	40	300	4	25	16	417	2.62014	3	0	0	7	0.142857	7	0.142857	1	0	0	0	0	0	0
5000	451	40	300	4	25	10	97	1.98677	2	0	0	4	0.25	4	0.25	1	0	0	0	0	0	0
5000	452	40	300	4	25	14	266	2.42488	3	0	0	5	0.2	5	0.2	1	0	0	0	0	0	0
5000	453	40	300	4	25	11	427	2.63043	3	0	0	3	0.333333	3	0.333333	1	0	0	0	0	0	0
5000	454	40	300	4	25	15	267	2.42651	3	0	0	5	0.2	5	0.2	1	0	0	0	0	0	0
5000	455	40	300	4	25	14	134	2.1271	3	0	0	7	0.142857	7	0.142857	1	0	0	0	0	0	0
5000	456	40	300	4	25	16	163	2.21219	3	0	0	10	0.1	10	0.1	1	0	0	0	0	0	0
5000	458	40	300	4	25	10	119	2.07555	3	0	0	4	0.25	4	0.25	1	0	0	0	0	0	0
5000	459	40	300	4	25	10	102	2.0086	3	0	0	4	0.25	4	0.25	1	0	0	0	0	0	0
5000	460	40	300	4	25	18	2147	3.33183	4	0	0	4	0.25	4	0.25	1	0.01	-2	0	0	0	0
5000	461	40	300	4	25	6	25	1.39794	2	0	0	3	0.333333	3	0.333333	1	0	0	0	0	0	0
5000	462	40	300	4	25	12	301	2.47857	3	0	0	4	0.25	4	0.25	1	0	0	0	0	0	0
5000	463	40	300	4	25	14	176	2.24551	3	0	0	6	0.166667	6	0.166667	1	0	0	0	0	0	0
5000	464	40	300	4	25	19	1085	3.03543	4	0	0	7	0.142857	7	0.142857	1	0	0	0	0	0	0
5000	466	40	300	4	25	24	2199	3.34223	4	0	0	14	0.0714286	14	0.0714286	1	0	0	0.01	-2	0	0
5000	467	40	300	4	25	16	109	2.03743	3	0	0	10	0.1	10	0.1	1	0	0	0	0	0	0
5000	468	40	300	4	25	12	194	2.2878	3	0	0	4	0.25	4	0.25	1	0	0	0	0	0	0
5000	469	40	300	4	25	17	1319	3.12024	4	0	0	4	0.25	4	0.25	1	0.01	-2	0	0	0	0
5000	470	40	300	4	25	10	66	1.81954	2	0	0	4	0.25	4	0.25	1	0	0	0	0	0	0
5000	471	40	300	4	25	9	25	1.39794	2	0	0	6	0.166667	6	0.166667	1	0	0	0	0	0	0
5000	472	40	300	4	25	9	45	1.65321	2	0	0	4	0.25	4	0.25	1	0	0	0	0	0	0
5000	473	40	300	4	25	15	446	2.64933	3	0	0	5	0.2	5	0.2	1	0.03	-1.52288	0	0	0	0
5000	474	40	300	4	25	13	293	2.46687	3	0	0	5	0.2	5	0.2	1	0	0	0	0	0	0
5000	476	40	300	4	25	15	145	2.16137	3	0	0	8	0.125	8	0.125	1	0	0	0	0	0	0
5000	477	40	300	4	25	15	284	2.45332	3	0	0	7	0.142857	7	0.142857	1	0	0	0	0	0	0
5000	478	40	300	4	25	15	255	2.40654	3	0	0	9	0.111111	9	0.111111	1	0	0	0	0	0	0
5000	479	40	300	4	25	15	540	2.73239	3	0	0	5	0.2	5	0.2	1	0	0	0	0	0	0
5000	480	40	300	4	25	19	2373	3.3753	4	0	0	6	0.166667	6	0.166667	1	0.01	-2	0	0	0	0
5000	481	40	300	4	25	10	41	1.61278	2	0	0	6	0.166667	6	0.166667	1	0	0	0	0	0	0
5000	482	40	300	4	25	10	94	1.97313	2	0	0	4	0.25	4	0.25	1	0	0	0	0	0	0
5000	483	40	300	4	25	8	47	1.6721	2	0	0	3	0.333333	3	0.333333	1	0	0	0	0	0	0
5000	484	40	300	4	25	8	43	1.63347	2	0	0	4	0.25	4	0.25	1	0	0	0	0	0	0
5000	485	40	300	4	25	16	383	2.5832	3	0	0	5	0.2	5	0.2	1	0	0	0	0	0	0
5000	486	40	300	4	25	13	163	2.21219	3	0	0	6	0.166667	6	0.166667	1	0	0	0	0	0	0
5000	487	40	300	4	25	10	90	1.95424	2	0	0	4	0.25	4	0.25	1	0	0	0	0	0	0
5000	488	40	300	4	25	17	284	2.45332	3	0	0	7	0.142857	7	0.142857	1	0	0	0	0	0	0
5000	489	40	300	4	25	8	71	1.85126	2	0	0	3	0.333333	3	0.333333	1	0	0	0	0	0	0
5000	490	40	300	4	25	12	265	2.42325	3	0	0	4	0.25	4	0.25	1	0	0	0	0	0	0
5000	492	40	300	4	25	9	101	2.00432	3	0	0	3	0.333333	3	0.333333	1	0	0	0	0	0	0
5000	493	40	300	4	25	13	134	2.1271	3	0	0	5	0.2	5	0.2	1	0	0	0	0	0	0
5000	494	40	300	4	25	12	403	2.60531	3	0	0	3	0.333333	3	0.333333	1	0	0	0	0	0	0
5000	495	40	300	4	25	12	155	2.19033	3	0	0	5	0.2	5	0.2	1	0	0	0	0	0	0
5000	497	40	300	4	25	11	77	1.88649	2	0	0	6	0.166667	6	0.166667	1	0	0	0	0	0	0
5000	498	40	300	4	25	11	59	1.77085	2	0	0	6	0.166667	6	0.166667	1	0	0	0	0	0	0
5000	499	40	300	4	25	16	281	2.44871	3	0	0	7	0.142857	7	0.142857	1	0	0	0	0	0	0
5000	501	40	300	4	25	9	77	1.88649	2	0	0	3	0.333333	3	0.333333	1	0	0	0	0	0	0
5000	504	40	300	4	25	13	119	2.07555	3	0	0	7	0.142857	7	0.142857	1	0	0	0	0	0	0
5000	505	40	300	4	25	13	214	2.33041	3	0	0	5	0.2	5	0.2	1	0	0	0	0	0	0
5000	506	40	300	4	25	19	1023	3.00988	4	0	0	6	0.166667	6	0.166667	1	0	0	0	0	0	0
5000	507	40	300	4	25	18	470	2.6721	3	0	0	8	0.125	8	0.125	1	0	0	0	0	0	0
5000	508	40	300	4	25	19	339	2.5302	3	0	0	10	0.1	10	0.1	1	0	0	0	0	0	0
5000	509	40	300	4	25	13	116	2.06446	3	0	0	6	0.166667	6	0.166667	1	0	0	0	0	0	0
5000	510	40	300	4	25	18	771	2.88705	3	0	0	8	0.125	8	0.125	1	0	0	0	0	0	0
5000	511	40	300	4	25	13	80	1.90309	2	0	0	8	0.125	8	0.125	1	0	0	0	0	0	0
5000	512	40	300	4	25	23	1190	3.07555	4	0	0	9	0.111111	9	0.111111	1	0	0	0	0	0	0
5000	513	40	300	4	25	12	53	1.72428	2	0	0	8	0.125	8	0.125	1	0	0	0	0	0	0
5000	514	40	300	4	25	16	93	1.96848	2	0	0	11	0.0909091	11	0.0909091	1	0	0	0	0	0	0
5000	515	40	300	4	25	10	77	1.88649	2	0	0	6	0.166667	6	0.166667	1	0	0	0	0	0	0
5000	516	40	300	4	25	14	1666	3.22167	4	0	0	4	0.25	4	0.25	1	0	0	0.01	-2	0	0
5000	518	40	300	4	25	9	41	1.61278	2	0	0	4	0.25	4	0.25	1	0	0	0	0	0	0
5000	521	40	300	4	25	23	1259	3.10003	4	0	0	12	0.0833333	12	0.0833333	1	0.01	-2	0	0	0	0
5000	522	40	300	4	25	15	944	2.97497	3	0	0	4	0.25	4	0.25	1	0	0	0	0	0	0
5000	523	40	300	4	25	13	205	2.31175	3	0	0	4	0.25	4	0.25	1	0	0	0	0	0	0
5000	524	40	300	4	25	16	1021	3.00903	4	0	0	5	0.2	5	0.2	1	0	0	0	0	0	0
5000	525	40	300	4	25	26	1448	3.16077	4	0	0	13	0.0769231	13	0.0769231	1	0.01	-2	0	0	0	0
5000	526	40	300	4	25	8	21	1.32222	2	0	0	5	0.2	5	0.2	1	0	0	0	0	0	0
5000	527	40	300	4	25	10	22	1.34242	2	0	0	8	0.125	8	0.125	1	0	0	0	0	0	0
5000	528	40	300	4	25	13	203	2.3075	3	0	0	5	0.2	5	0.2	1	0	0	0	0	0	0
5000	530	40	300	4	25	12	209	2.32015	3	0	0	5	0.2	5	0.2	1	0	0	0	0	0	0
5000	531	40	300	4	25	14	295	2.46982	3	0	0	6	0.166667	6	0.166667	1	0	0	0	0	0	0
5000	532	40	300	4	25	13	368	2.56585	3	0	0	6	0.166667	6	0.166667	1	0	0	0	0	0	0
5000	534	40	300	4	25	23	4571	3.66001	4	0	0	8	0.125	8	0.125	1	0.03	-1.52288	0	0	0	0
5000	535	40	300	4	25	10	111	2.04532	3	0	0	4	0.25	4	0.25	1	0	0	0	0	0	0
5000	536	40	300	4	25	16	630	2.79934	3	0	0	6	0.166667	6	0.166667	1	0	0	0	0	0	0
5000	537	40	300	4	25	11	89	1.94939	2	0	0	5	0.2	5	0.2	1	0	0	0	0	0	0
5000	538	40	300	4	25	18	249	2.3962	3	0	0	10	0.1	10	0.1	1	0	0	0	0	0	0
5000	539	40	300	4	25	8	50	1.69897	2	0	0	4	0.25	4	0.25	1	0	0	0	0	0	0
5000	540	40	300	4	25	8	25	1.39794	2	0	0	6	0.166667	6	0.166667	1	0	0	0	0	0	0
5000	541	40	300	4	25	3	4	0.60206	1	0	0	2	0.5	2	0.5	1	0	0	0	0	0	0
5000	542	40	300	4	25	15	739	2.86864	3	0	0	5	0.2	5	0.2	1	0	0	0	0	0	0
5000	543	40	300	4	25	8	63	1.79934	2	0	0	3	0.333333	3	0.333333	1	0	0	0	0	0	0
5000	544	40	300	4	25	7	21	1.32222	2	0	0	5	0.2	5	0.2	1	0	0	0	0	0	0
5000	545	40	300	4	25	16	599	2.77743	3	0	0	8	0.125	8	0.125	1	0	0	0	0	0	0
5000	546	40	300	4	25	18	792	2.89873	3	0	0	8	0.125	8	0.125	1	0	0	0	0	0	0
5000	547	40	300	4	25	11	41	1.61278	2	0	0	7	0.142857	7	0.142857	1	0	0	0	0	0	0
5000	548	40	300	4	25	14	259	2.4133	3	0	0	6	0.166667	6	0.166667	1	0	0	0	0	0	0
5000	549	40	300	4	25	7	47	1.6721	2	0	0	3	0.333333	3	0.333333	1	0	0	0	0	0	0
5000	550	40	300	4	25	8	34	1.53148	2	0	0	4	0.25	4	0.25	1	0	0	0	0	0	0
5000	551	40	300	4	25	14	462	2.66464	3	0	0	5	0.2	5	0.2	1	0	0	0	0	0	0
5000	552	40	300	4	25	14	97	1.98677	2	0	0	7	0.142857	7	0.142857	1	0	0	0	0	0	0
5000	553	40	300	4	25	9	54	1.73239	2	0	0	4	0.25	4	0.25	1	0	0	0	0	0	0
5000	554	40	300	4	25	8	59	1.77085	2	0	0	3	0.333333	3	0.333333	1	0	0	0	0	0	0
5000	556	40	300	4	25	24	1383	3.14082	4	0	0	12	0.0833333	12	0.0833333	1	0.02	-1.69897	0	0	0	0
5000	557	40	300	4	25	15	313	2.49554	3	0	0	7	0.142857	7	0.142857	1	0	0	0	0	0	0
5000	558	40	300	4	25	19	3682	3.56608	4	0	0	6	0.166667	6	0.166667	1	0.02	-1.69897	0	0	0	0
5000	559	40	300	4	25	16	284	2.45332	3	0	0	8	0.125	8	0.125	1	0	0	0	0	0	0
5000	560	40	300	4	25	15	230	2.36173	3	0	0	6	0.166667	6	0.166667	1	0	0	0	0	0	0
5000	561	40	300	4	25	11	131	2.11727	3	0	0	4	0.25	4	0.25	1	0	0	0	0	0	0
5000	562	40	300	4	25	8	95	1.97772	2	0	0	3	0.333333	3	0.333333	1	0	0	0	0	0	0
5000	563	40	300	4	25	16	1346	3.12905	4	0	0	6	0.166667	6	0.166667	1	0	0	0	0	0	0
5000	564	40	300	4	25	12	91	1.95904	2	0	0	8	0.125	8	0.125	1	0	0	0	0	0	0
5000	565	40	300	4	25	10	63	1.79934	2	0	0	7	0.142857	7	0.142857	1	0	0	0	0	0	0
5000	567	40	300	4	25	13	994	2.99739	3	0	0	3	0.333333	3	0.333333	1	0	0	0.01	-2	0	0
5000	569	40	300	4	25	7	25	1.39794	2	0	0	4	0.25	4	0.25	1	0	0	0	0	0	0
5000	570	40	300	4	25	15	1007	3.00303	4	0	0	4	0.25	4	0.25	1	0	0	0	0	0	0
5000	571	40	300	4	25	16	727	2.86153	3	0	0	6	0.166667	6	0.166667	1	0	0	0	0	0	0
5000	572	40	300	4	25	15	850	2.92942	3	0	0	6	0.166667	6	0.166667	1	0	0	0	0	0	0
5000	573	40	300	4	25	5	15	1.17609	2	0	0	3	0.333333	3	0.333333	1	0	0	0	0	0	0
5000	574	40	300	4	25	5	17	1.23045	2	0	0	2	0.5	2	0.5	1	0	0	0	0	0	0
5000	575	40	300	4	25	12	279	2.4456	3	0	0	4	0.25	4	0.25	1	0	0	0	0	0	0
5000	576	40	300	4	25	11	143	2.15534	3	0	0	5	0.2	5	0.2	1	0	0	0	0	0	0
5000	577	40	300	4	25	13	639	2.8055	3	0	0	4	0.25	4	0.25	1	0	0	0	0	0	0
5000	578	40	300	4	25	16	709	2.85065	3	0	0	9	0.111111	9	0.111111	1	0	0	0	0	0	0
5000	580	40	300	4	25	11	63	1.79934	2	0	0	7	0.142857	7	0.142857	1	0	0	0	0	0	0
5000	581	40	300	4	25	17	2104	3.32305	4	0	0	6	0.166667	6	0.166667	1	0.01	-2	0	0	0	0
5000	582	40	300	4	25	12	215	2.33244	3	0	0	5	0.2	5	0.2	1	0	0	0	0	0	0
5000	583	40	300	4	25	4	11	1.04139	2	0	0	2	0.5	2	0.5	1	0	0	0	0	0	0
5000	584	40	300	4	25	6	20	1.30103	2	0	0	3	0.333333	3	0.333333	1	0	0	0	0	0	0
5000	585	40	300	4	25	11	95	1.97772	2	0	0	5	0.2	5	0.2	1	0	0	0	0	0	0
5000	586	40	300	4	25	15	479	2.68034	3	0	0	5	0.2	5	0.2	1	0	0	0	0	0	0
5000	587	40	300	4	25	12	198	2.29667	3	0	0	5	0.2	5	0.2	1	0	0	0	0	0	0
5000	588	40	300	4	25	8	62	1.79239	2	0	0	3	0.333333	3	0.333333	1	0	0	0	0	0	0
5000	589	40	300	4	25	15	146	2.16435	3	0	0	9	0.111111	9	0.111111	1	0	0	0	0	0	0
5000	590	40	300	4	25	10	150	2.17609	3	0	0	4	0.25	4	0.25	1	0	0	0	0	0	0
5000	592	40	300	4	25	12	295	2.46982	3	0	0	4	0.25	4	0.25	1	0	0	0	0	0	0
5000	593	40	300	4	25	16	418	2.62118	3	0	0	9	0.111111	9	0.111111	1	0	0	0	0	0	0
5000	594	40	300	4	25	17	278	2.44404	3	0	0	7	0.142857	7	0.142857	1	0	0	0	0	0	0
5000	595	40	300	4	25	16	369	2.56703	3	0	0	7	0.142857	7	0.142857	1	0	0	0	0	0	0
5000	596	40	300	4	25	14	185	2.26717	3	0	0	6	0.166667	6	0.166667	1	0	0	0	0	0	0
5000	597	40	300	4	25	10	143	2.15534	3	0	0	3	0.333333	3	0.333333	1	0	0	0	0	0	0
5000	598	40	300	4	25	17	1155	3.06258	4	0	0	6	0.166667	6	0.166667	1	0	0	0	0	0	0
5000	599	40	300	4	25	20	1651	3.21775	4	0	0	8	0.125	8	0.125	1	0.01	-2	0	0	0	0
5000	601	40	300	4	25	20	1446	3.16017	4	0	0	8	0.125	8	0.125	1	0.01	-2	0	0	0	0
5000	602	40	300	4	25	13	99	1.99564	2	0	0	7	0.142857	7	0.142857	1	0	0	0	0	0	0
5000	603	40	300	4	25	9	41	1.61278	2	0	0	5	0.2	5	0.2	1	0	0	0	0	0	0
5000	604	40	300	4	25	8	107	2.02938	3	0	0	2	0.5	2	0.5	1	0	0	0	0	0	0
5000	605	40	300	4	25	9	43	1.63347	2	0	0	4	0.25	4	0.25	1	0	0	0	0	0	0
5000	606	40	300	4	25	14	471	2.67302	3	0	0	5	0.2	5	0.2	1	0	0	0	0	0	0
5000	607	40	300	4	25	12	119	2.07555	3	0	0	6	0.166667	6	0.166667	1	0	0	0	0	0	0
5000	608	40	300	4	25	13	193	2.28556	3	0	0	6	0.166667	6	0.166667	1	0	0	0	0	0	0
5000	609	40	300	4	25	13	160	2.20412	3	0	0	7	0.142857	7	0.142857	1	0	0	0	0	0	0
5000	610	40	300	4	25	17	441	2.64444	3	0	0	5	0.2	5	0.2	1	0	0	0	0	0	0
5000	612	40	300	4	25	9	48	1.68124	2	0	0	4	0.25	4	0.25	1	0	0	0	0	0	0
5000	613	40	300	4	25	15	131	2.11727	3	0	0	7	0.142857	7	0.142857	1	0	0	0	0	0	0
5000	614	40	300	4	25	15	156	2.19312	3	0	0	8	0.125	8	0.125	1	0	0	0	0	0	0
5000	615	40	300	4	25	7	17	1.23045	2	0	0	5	0.2	5	0.2	1	0	0	0	0	0	0
5000	616	40	300	4	25	14	373	2.57171	3	0	0	4	0.25	4	0.25	1	0	0	0	0	0	0
5000	617	40	300	4	25	9	45	1.65321	2	0	0	4	0.25	4	0.25	1	0	0	0	0	0	0
5000	618	40	300	4	25	8	30	1.47712	2	0	0	5	0.2	5	0.2	1	0	0	0	0	0	0
5000	619	40	300	4	25	9	79	1.89763	2	0	0	4	0.25	4	0.25	1	0	0	0	0	0	0
5000	620	40	300	4	25	11	89	1.94939	2	0	0	5	0.2	5	0.2	1	0	0	0	0	0	0
5000	621	40	300	4	25	17	393	2.59439	3	0	0	8	0.125	8	0.125	1	0	0	0	0	0	0
5000	622	40	300	4	25	23	2105	3.32325	4	0	0	8	0.125	8	0.125	1	0.01	-2	0	0	0	0
5000	623	40	300	4	25	12	108	2.03342	3	0	0	5	0.2	5	0.2	1	0	0	0	0	0	0
5000	624	40	300	4	25	13	436	2.63949	3	0	0	4	0.25	4	0.25	1	0	0	0	0	0	0
5000	625	40	300	4	25	11	153	2.18469	3	0	0	5	0.2	5	0.2	1	0	0	0	0	0	0
5000	626	40	300	4	25	16	498	2.69723	3	0	0	5	0.2	5	0.2	1	0	0	0	0	0	0
5000	627	40	300	4	25	21	863	2.93601	3	0	0	8	0.125	8	0.125	1	0	0	0	0	0	0
5000	628	40	300	4	25	13	153	2.18469	3	0	0	6	0.166667	6	0.166667	1	0	0	0	0	0	0
5000	629	40	300	4	25	14	190	2.27875	3	0	0	6	0.166667	6	0.166667	1	0	0	0	0	0	0
5000	630	40	300	4	25	15	456	2.65896	3	0	0	7	0.142857	7	0.142857	1	0	0	0	0	0	0
5000	631	40	300	4	25	11	128	2.10721	3	0	0	4	0.25	4	0.25	1	0	0	0	0	0	0
5000	632	40	300	4	25	16	858	2.93349	3	0	0	6	0.166667	6	0.166667	1	0	0	0	0	0	0
5000	633	40	300	4	25	14	1079	3.03302	4	0	0	4	0.25	4	0.25	1	0	0	0	0	0	0
5000	634	40	300	4	25	22	1216	3.08493	4	0	0	12	0.0833333	12	0.0833333	1	0.01	-2	0	0	0	0
5000	635	40	300	4	25	11	57	1.75587	2	0	0	5	0.2	5	0.2	1	0	0	0	0	0	0
5000	637	40	300	4	25	13	207	2.31597	3	0	0	5	0.2	5	0.2	1	0	0	0	0	0	0
5000	638	40	300	4	25	16	689	2.83822	3	0	0	6	0.166667	6	0.166667	1	0	0	0	0	0	0
5000	639	40	300	4	25	5	15	1.17609	2	0	0	3	0.333333	3	0.333333	1	0	0	0	0	0	0
5000	641	40	300	4	25	17	167	2.22272	3	0	0	9	0.111111	9	0.111111	1	0	0	0	0	0	0
5000	642	40	300	4	25	17	455	2.65801	3	0	0	7	0.142857	7	0.142857	1	0	0	0	0	0	0
5000	643	40	300	4	25	17	503	2.70157	3	0	0	6	0.166667	6	0.166667	1	0	0	0	0	0	0
5000	644	40	300	4	25	14	179	2.25285	3	0	0	9	0.111111	9	0.111111	1	0	0	0	0	0	0
5000	645	40	300	4	25	9	79	1.89763	2	0	0	4	0.25	4	0.25	1	0	0	0	0	0	0
5000	646	40	300	4	25	11	191	2.28103	3	0	0	4	0.25	4	0.25	1	0	0	0	0	0	0
5000	647	40	300	4	25	16	611	2.78604	3	0	0	6	0.166667	6	0.166667	1	0	0	0	0	0	0
5000	650	40	300	4	25	20	1407	3.14829	4	0	0	8	0.125	8	0.125	1	0	0	0	0	0	0
5000	651	40	300	4	25	11	99	1.99564	2	0	0	5	0.2	5	0.2	1	0	0	0	0	0	0
5000	652	40	300	4	25	9	101	2.00432	3	0	0	4	0.25	4	0.25	1	0	0	0	0	0	0
5000	653	40	300	4	25	12	328	2.51587	3	0	0	3	0.333333	3	0.333333	1	0	0	0	0	0	0
5000	655	40	300	4	25	18	2151	3.33264	4	0	0	6	0.166667	6	0.166667	1	0	0	0	0	0	0
5000	656	40	300	4	25	23	265	2.42325	3	0	0	11	0.0909091	11	0.0909091	1	0	0	0	0	0	0
5000	657	40	300	4	25	6	47	1.6721	2	0	0	2	0.5	2	0.5	1	0	0	0	0	0	0
5000	659	40	300	4	25	13	218	2.33846	3	0	0	5	0.2	5	0.2	1	0	0	0	0	0	0
5000	660	40	300	4	25	14	179	2.25285	3	0	0	6	0.166667	6	0.166667	1	0	0	0	0	0	0
5000	662	40	300	4	25	15	68	1.83251	2	0	0	8	0.125	8	0.125	1	0	0	0	0	0	0
5000	663	40	300	4	25	20	1639	3.21458	4	0	0	7	0.142857	7	0.142857	1	0.01	-2	0	0	0	0
5000	664	40	300	4	25	19	458	2.66087	3	0	0	9	0.111111	9	0.111111	1	0	0	0	0	0	0
5000	665	40	300	4	25	16	450	2.65321	3	0	0	8	0.125	8	0.125	1	0	0	0	0	0	0
5000	666	40	300	4	25	13	389	2.58995	3	0	0	4	0.25	4	0.25	1	0	0	0	0	0	0
5000	667	40	300	4	25	7	35	1.54407	2	0	0	3	0.333333	3	0.333333	1	0	0	0	0	0	0
5000	668	40	300	4	25	10	144	2.15836	3	0	0	4	0.25	4	0.25	1	0	0	0	0	0	0
5000	670	40	300	4	25	25	10257	4.01102	5	0	0	7	0.142857	7	0.142857	1	0.07	-1.1549	0.02	-1.69897	0	0
5000	671	40	300	4	25	15	339	2.5302	3	0	0	6	0.166667	6	0.166667	1	0	0	0	0	0	0
5000	672	40	300	4	25	12	371	2.56937	3	0	0	3	0.333333	3	0.333333	1	0	0	0	0	0	0
5000	674	40	300	4	25	14	91	1.95904	2	0	0	8	0.125	8	0.125	1	0	0	0	0	0	0
5000	675	40	300	4	25	14	567	2.75358	3	0	0	4	0.25	4	0.25	1	0	0	0	0	0	0
5000	676	40	300	4	25	14	363	2.55991	3	0	0	6	0.166667	6	0.166667	1	0	0	0	0	0	0
5000	677	40	300	4	25	15	238	2.37658	3	0	0	8	0.125	8	0.125	1	0	0	0	0	0	0
5000	679	40	300	4	25	15	120	2.07918	3	0	0	9	0.111111	9	0.111111	1	0	0	0	0	0	0
5000	680	40	300	4	25	26	7155	3.85461	4	0	0	7	0.142857	7	0.142857	1	0.05	-1.30103	0	0	0	0
5000	682	40	300	4	25	14	507	2.70501	3	0	0	5	0.2	5	0.2	1	0	0	0	0	0	0
5000	684	40	300	4	25	20	805	2.9058	3	0	0	9	0.111111	9	0.111111	1	0	0	0	0	0	0
5000	685	40	300	4	25	12	113	2.05308	3	0	0	5	0.2	5	0.2	1	0	0	0	0	0	0
5000	686	40	300	4	25	12	183	2.26245	3	0	0	6	0.166667	6	0.166667	1	0	0	0	0	0	0
5000	687	40	300	4	25	14	458	2.66087	3	0	0	5	0.2	5	0.2	1	0	0	0	0	0	0
5000	688	40	300	4	25	15	144	2.15836	3	0	0	8	0.125	8	0.125	1	0	0	0	0	0	0
5000	689	40	300	4	25	14	81	1.90849	2	0	0	8	0.125	8	0.125	1	0	0	0	0	0	0
5000	691	40	300	4	25	10	54	1.73239	2	0	0	5	0.2	5	0.2	1	0	0	0	0	0	0
5000	692	40	300	4	25	13	539	2.73159	3	0	0	5	0.2	5	0.2	1	0	0	0	0	0	0
5000	693	40	300	4	25	16	360	2.5563	3	0	0	5	0.2	5	0.2	1	0	0	0	0	0	0
5000	694	40	300	4	25	19	1407	3.14829	4	0	0	6	0.166667	6	0.166667	1	0.01	-2	0	0	0	0
5000	696	40	300	4	25	13	539	2.73159	3	0	0	4	0.25	4	0.25	1	0	0	0	0	0	0
5000	699	40	300	4	25	20	602	2.7796	3	0	0	8	0.125	8	0.125	1	0	0	0	0	0	0
5000	700	40	300	4	25	10	38	1.57978	2	0	0	6	0.166667	6	0.166667	1	0	0	0	0	0	0
5000	702	40	300	4	25	9	39	1.59106	2	0	0	4	0.25	4	0.25	1	0	0	0	0	0	0
5000	703	40	300	4	25	15	938	2.9722	3	0	0	5	0.2	5	0.2	1	0	0	0	0	0	0
5000	705	40	300	4	25	18	551	2.74115	3	0	0	7	0.142857	7	0.142857	1	0	0	0	0	0	0
5000	706	40	300	4	25	13	201	2.3032	3	0	0	6	0.166667	6	0.166667	1	0	0	0	0	0	0
5000	707	40	300	4	25	13	119	2.07555	3	0	0	7	0.142857	7	0.142857	1	0	0	0	0	0	0
5000	709	40	300	4	25	11	85	1.92942	2	0	0	6	0.166667	6	0.166667	1	0	0	0	0	0	0
5000	710	40	300	4	25	17	258	2.41162	3	0	0	10	0.1	10	0.1	1	0	0	0	0	0	0
5000	711	40	300	4	25	15	188	2.27416	3	0	0	8	0.125	8	0.125	1	0	0	0	0	0	0
5000	712	40	300	4	25	16	1343	3.12808	4	0	0	5	0.2	5	0.2	1	0.01	-2	0	0	0	0
5000	713	40	300	4	25	15	185	2.26717	3	0	0	6	0.166667	6	0.166667	1	0	0	0	0	0	0
5000	714	40	300	4	25	11	149	2.17319	3	0	0	4	0.25	4	0.25	1	0	0	0	0	0	0
5000	715	40	300	4	25	14	179	2.25285	3	0	0	8	0.125	8	0.125	1	0	0	0	0	0	0
5000	716	40	300	4	25	16	601	2.77887	3	0	0	6	0.166667	6	0.166667	1	0	0	0	0	0	0
5000	717	40	300	4	25	19	401	2.60314	3	0	0	10	0.1	10	0.1	1	0	0	0	0	0	0
5000	718	40	300	4	25	7	28	1.44716	2	0	0	3	0.333333	3	0.333333	1	0	0	0	0	0	0
5000	719	40	300	4	25	11	285	2.45484	3	0	0	3	0.333333	3	0.333333	1	0	0	0	0	0	0
5000	720	40	300	4	25	20	2003	3.30168	4	0	0	6	0.166667	6	0.166667	1	0.01	-2	0	0	0	0
5000	721	40	300	4	25	9	119	2.07555	3	0	0	3	0.333333	3	0.333333	1	0	0	0	0	0	0
5000	722	40	300	4	25	12	171	2.233	3	0	0	6	0.166667	6	0.166667	1	0	0	0	0	0	0
5000	723	40	300	4	25	11	158	2.19866	3	0	0	5	0.2	5	0.2	1	0	0	0	0	0	0
5000	724	40	300	4	25	21	708	2.85003	3	0	0	8	0.125	8	0.125	1	0	0	0	0	0	0
5000	726	40	300	4	25	11	122	2.08636	3	0	0	5	0.2	5	0.2	1	0	0	0	0	0	0
5000	728	40	300	4	25	14	287	2.45788	3	0	0	5	0.2	5	0.2	1	0	0	0	0	0	0
5000	729	40	300	4	25	19	1641	3.21511	4	0	0	7	0.142857	7	0.142857	1	0.01	-2	0	0	0	0
5000	730	40	300	4	25	18	1083	3.03463	4	0	0	7	0.142857	7	0.142857	1	0	0	0	0	0	0
5000	731	40	300	4	25	12	131	2.11727	3	0	0	5	0.2	5	0.2	1	0	0	0	0	0	0
5000	732	40	300	4	25	10	91	1.95904	2	0	0	5	0.2	5	0.2	1	0	0	0	0	0	0
5000	733	40	300	4	25	9	90	1.95424	2	0	0	3	0.333333	3	0.333333	1	0	0	0	0	0	0
5000	734	40	300	4	25	12	217	2.33646	3	0	0	5	0.2	5	0.2	1	0	0	0	0	0	0
5000	735	40	300	4	25	14	46	1.66276	2	0	0	11	0.0909091	11	0.0909091	1	0	0	0	0	0	0
5000	736	40	300	4	25	24	1362	3.13418	4	0	0	11	0.0909091	11	0.0909091	1	0.01	-2	0	0	0	0
5000	737	40	300	4	25	16	685	2.83569	3	0	0	5	0.2	5	0.2	1	0	0	0	0	0	0
5000	738	40	300	4	25	6	26	1.41497	2	0	0	2	0.5	2	0.5	1	0	0	0	0	0	0
5000	739	40	300	4	25	13	278	2.44404	3	0	0	6	0.166667	6	0.166667	1	0	0	0	0	0	0
5000	740	40	300	4	25	11	108	2.03342	3	0	0	5	0.2	5	0.2	1	0	0	0	0	0	0
5000	741	40	300	4	25	12	329	2.5172	3	0	0	4	0.25	4	0.25	1	0	0	0	0	0	0
5000	742	40	300	4	25	10	76	1.88081	2	0	0	4	0.25	4	0.25	1	0	0	0	0	0	0
5000	743	40	300	4	25	10	24	1.38021	2	0	0	8	0.125	8	0.125	1	0	0	0	0	0	0
5000	744	40	300	4	25	10	107	2.02938	3	0	0	5	0.2	5	0.2	1	0	0	0	0	0	0
5000	745	40	300	4	25	11	92	1.96379	2	0	0	6	0.166667	6	0.166667	1	0	0	0	0	0	0
5000	746	40	300	4	25	15	469	2.67117	3	0	0	5	0.2	5	0.2	1	0	0	0	0	0	0
5000	748	40	300	4	25	8	47	1.6721	2	0	0	4	0.25	4	0.25	1	0	0	0	0	0	0
5000	749	40	300	4	25	13	25	1.39794	2	0	0	12	0.0833333	12	0.0833333	1	0	0	0	0	0	0
5000	750	40	300	4	25	14	671	2.82672	3	0	0	4	0.25	4	0.25	1	0	0	0	0	0	0
5000	751	40	300	4	25	12	141	2.14922	3	0	0	5	0.2	5	0.2	1	0	0	0	0	0	0
5000	752	40	300	4	25	12	98	1.99123	2	0	0	5	0.2	5	0.2	1	0	0	0	0	0	0
5000	753	40	300	4	25	18	1951	3.29026	4	0	0	5	0.2	5	0.2	1	0.01	-2	0	0	0	0
5000	754	40	300	4	25	22	653	2.81491	3	0	0	10	0.1	10	0.1	1	0	0	0	0	0	0
5000	755	40	300	4	25	19	2063	3.3145	4	0	0	5	0.2	5	0.2	1	0	0	0.01	-2	0	0
5000	756	40	300	4	25	11	323	2.5092	3	0	0	4	0.25	4	0.25	1	0	0	0	0	0	0
5000	757	40	300	4	25	10	87	1.93952	2	0	0	6	0.166667	6	0.166667	1	0	0	0	0	0	0
5000	760	40	300	4	25	18	633	2.8014	3	0	0	7	0.142857	7	0.142857	1	0	0	0	0	0	0
5000	761	40	300	4	25	6	19	1.27875	2	0	0	4	0.25	4	0.25	1	0	0	0	0	0	0
5000	762	40	300	4	25	14	423	2.62634	3	0	0	6	0.166667	6	0.166667	1	0	0	0	0	0	0
5000	763	40	300	4	25	9	191	2.28103	3	0	0	3	0.333333	3	0.333333	1	0	0	0	0	0	0
5000	765	40	300	4	25	9	103	2.01284	3	0	0	4	0.25	4	0.25	1	0	0	0	0	0	0
5000	766	40	300	4	25	12	102	2.0086	3	0	0	8	0.125	8	0.125	1	0	0	0	0	0	0
5000	767	40	300	4	25	12	299	2.47567	3	0	0	4	0.25	4	0.25	1	0	0	0	0	0	0
5000	768	40	300	4	25	9	125	2.09691	3	0	0	2	0.5	2	0.5	1	0	0	0	0	0	0
5000	769	40	300	4	25	11	92	1.96379	2	0	0	5	0.2	5	0.2	1	0	0	0	0	0	0
5000	770	40	300	4	25	14	118	2.07188	3	0	0	6	0.166667	6	0.166667	1	0	0	0	0	0	0
5000	771	40	300	4	25	14	460	2.66276	3	0	0	3	0.333333	3	0.333333	1	0	0	0	0	0	0
5000	772	40	300	4	25	14	486	2.68664	3	0	0	4	0.25	4	0.25	1	0	0	0	0	0	0
5000	773	40	300	4	25	4	11	1.04139	2	0	0	2	0.5	2	0.5	1	0	0	0	0	0	0
5000	774	40	300	4	25	3	5	0.69897	1	0	0	2	0.5	2	0.5	1	0	0	0	0	0	0
5000	775	40	300	4	25	12	287	2.45788	3	0	0	6	0.166667	6	0.166667	1	0	0	0	0	0	0
5000	776	40	300	4	25	7	17	1.23045	2	0	0	5	0.2	5	0.2	1	0	0	0	0	0	0
5000	777	40	300	4	25	20	743	2.87099	3	0	0	11	0.0909091	11	0.0909091	1	0	0	0	0	0	0
5000	778	40	300	4	25	9	61	1.78533	2	0	0	5	0.2	5	0.2	1	0	0	0	0	0	0
5000	779	40	300	4	25	8	44	1.64345	2	0	0	4	0.25	4	0.25	1	0	0	0	0	0	0
5000	783	40	300	4	25	10	119	2.07555	3	0	0	4	0.25	4	0.25	1	0	0	0	0	0	0
5000	784	40	300	4	25	14	345	2.53782	3	0	0	5	0.2	5	0.2	1	0	0	0	0	0	0
5000	785	40	300	4	25	24	309	2.48996	3	0	0	19	0.0526316	19	0.0526316	1	0	0	0	0	0	0
5000	786	40	300	4	25	19	744	2.87157	3	0	0	8	0.125	8	0.125	1	0	0	0	0	0	0
5000	787	40	300	4	25	9	61	1.78533	2	0	0	4	0.25	4	0.25	1	0	0	0	0	0	0
5000	788	40	300	4	25	14	598	2.7767	3	0	0	5	0.2	5	0.2	1	0	0	0	0	0	0
5000	789	40	300	4	25	8	27	1.43136	2	0	0	6	0.166667	6	0.166667	1	0	0	0	0	0	0
5000	790	40	300	4	25	15	771	2.88705	3	0	0	5	0.2	5	0.2	1	0	0	0	0	0	0
5000	791	40	300	4	25	17	632	2.80072	3	0	0	6	0.166667	6	0.166667	1	0	0	0	0	0	0
5000	793	40	300	4	25	17	1375	3.1383	4	0	0	6	0.166667	6	0.166667	1	0	0	0	0	0	0
5000	798	40	300	4	25	15	426	2.62941	3	0	0	6	0.166667	6	0.166667	1	0	0	0	0	0	0
5000	799	40	300	4	25	13	275	2.43933	3	0	0	6	0.166667	6	0.166667	1	0	0	0	0	0	0
5000	800	40	300	4	25	18	2657	3.42439	4	0	0	5	0.2	5	0.2	1	0.01	-2	0.01	-2	0	0
5000	801	40	300	4	25	21	3206	3.50596	4	0	0	8	0.125	8	0.125	1	0.03	-1.52288	0	0	0	0
5000	802	40	300	4	25	18	2237	3.34967	4	0	0	6	0.166667	6	0.166667	1	0.01	-2	0	0	0	0
5000	804	40	300	4	25	12	322	2.50786	3	0	0	5	0.2	5	0.2	1	0	0	0	0	0	0
5000	805	40	300	4	25	13	96	1.98227	2	0	0	7	0.142857	7	0.142857	1	0	0	0	0	0	0
5000	807	40	300	4	25	21	1093	3.03862	4	0	0	7	0.142857	7	0.142857	1	0.01	-2	0	0	0	0
5000	808	40	300	4	25	10	44	1.64345	2	0	0	7	0.142857	7	0.142857	1	0	0	0	0	0	0
5000	809	40	300	4	25	4	8	0.90309	1	0	0	2	0.5	2	0.5	1	0	0	0	0	0	0
5000	810	40	300	4	25	23	608	2.7839	3	0	0	11	0.0909091	11	0.0909091	1	0	0	0	0	0	0
5000	811	40	300	4	25	17	123	2.08991	3	0	0	12	0.0833333	12	0.0833333	1	0	0	0	0	0	0
5000	812	40	300	4	25	8	71	1.85126	2	0	0	2	0.5	2	0.5	1	0	0	0	0	0	0
5000	813	40	300	4	25	3	5	0.69897	1	0	0	2	0.5	2	0.5	1	0	0	0	0	0	0
5000	814	40	300	4	25	23	2682	3.42846	4	0	0	9	0.111111	9	0.111111	1	0.01	-2	0	0	0	0
5000	815	40	300	4	25	14	390	2.59106	3	0	0	4	0.25	4	0.25	1	0	0	0	0	0	0
5000	816	40	300	4	25	13	199	2.29885	3	0	0	5	0.2	5	0.2	1	0	0	0	0	0	0
5000	817	40	300	4	25	10	138	2.13988	3	0	0	4	0.25	4	0.25	1	0	0	0	0	0	0
5000	820	40	300	4	25	11	207	2.31597	3	0	0	3	0.333333	3	0.333333	1	0	0	0	0	0	0
5000	821	40	300	4	25	9	56	1.74819	2	0	0	4	0.25	4	0.25	1	0	0	0	0	0	0
5000	822	40	300	4	25	7	39	1.59106	2	0	0	3	0.333333	3	0.333333	1	0	0	0	0	0	0
5000	823	40	300	4	25	5	10	1	2	0	0	3	0.333333	3	0.333333	1	0	0	0	0	0	0
5000	825	40	300	4	25	15	233	2.36736	3	0	0	7	0.142857	7	0.142857	1	0	0	0	0	0	0
5000	826	40	300	4	25	9	19	1.27875	2	0	0	7	0.142857	7	0.142857	1	0	0	0	0	0	0
5000	827	40	300	4	25	8	16	1.20412	2	0	0	6	0.166667	6	0.166667	1	0	0	0	0	0	0
5000	828	40	300	4	25	11	431	2.63448	3	0	0	3	0.333333	3	0.333333	1	0	0	0	0	0	0
5000	830	40	300	4	25	21	586	2.7679	3	0	0	10	0.1	10	0.1	1	0	0	0	0	0	0
5000	831	40	300	4	25	15	529	2.72346	3	0	0	6	0.166667	6	0.166667	1	0	0	0	0	0	0
5000	832	40	300	4	25	12	270	2.43136	3	0	0	4	0.25	4	0.25	1	0	0	0	0	0	0
5000	833	40	300	4	25	21	2170	3.33646	4	0	0	8	0.125	8	0.125	1	0.01	-2	0	0	0	0
5000	834	40	300	4	25	14	599	2.77743	3	0	0	4	0.25	4	0.25	1	0	0	0	0	0	0
5000	836	40	300	4	25	24	1250	3.09691	4	0	0	10	0.1	10	0.1	1	0.01	-2	0	0	0	0
5000	837	40	300	4	25	13	119	2.07555	3	0	0	6	0.166667	6	0.166667	1	0	0	0	0	0	0
5000	838	40	300	4	25	13	395	2.5966	3	0	0	5	0.2	5	0.2	1	0	0	0	0	0	0
5000	839	40	300	4	25	22	832	2.92012	3	0	0	8	0.125	8	0.125	1	0	0	0	0	0	0
5000	840	40	300	4	25	11	175	2.24304	3	0	0	4	0.25	4	0.25	1	0	0	0	0	0	0
5000	842	40	300	4	25	14	415	2.61805	3	0	0	6	0.166667	6	0.166667	1	0	0	0	0	0	0
5000	843	40	300	4	25	15	210	2.32222	3	0	0	6	0.166667	6	0.166667	1	0	0	0	0	0	0
5000	844	40	300	4	25	19	331	2.51983	3	0	0	12	0.0833333	12	0.0833333	1	0	0	0	0	0	0
5000	846	40	300	4	25	21	623	2.79449	3	0	0	9	0.111111	9	0.111111	1	0	0	0	0	0	0
5000	847	40	300	4	25	8	53	1.72428	2	0	0	3	0.333333	3	0.333333	1	0	0	0	0	0	0
5000	849	40	300	4	25	25	1365	3.13513	4	0	0	13	0.0769231	13	0.0769231	1	0.01	-2	0	0	0	0
5000	850	40	300	4	25	19	227	2.35603	3	0	0	9	0.111111	9	0.111111	1	0	0	0	0	0	0
5000	851	40	300	4	25	12	314	2.49693	3	0	0	3	0.333333	3	0.333333	1	0	0	0	0	0	0
5000	852	40	300	4	25	13	200	2.30103	3	0	0	5	0.2	5	0.2	1	0	0	0	0	0	0
5000	853	40	300	4	25	11	149	2.17319	3	0	0	4	0.25	4	0.25	1	0	0	0	0	0	0
5000	854	40	300	4	25	8	41	1.61278	2	0	0	4	0.25	4	0.25	1	0	0	0	0	0	0
5000	856	40	300	4	25	16	99	1.99564	2	0	0	8	0.125	8	0.125	1	0	0	0	0	0	0
5000	858	40	300	4	25	18	489	2.68931	3	0	0	11	0.0909091	11	0.0909091	1	0	0	0	0	0	0
5000	859	40	300	4	25	18	1241	3.09377	4	0	0	7	0.142857	7	0.142857	1	0.01	-2	0	0	0	0
5000	860	40	300	4	25	7	22	1.34242	2	0	0	4	0.25	4	0.25	1	0	0	0	0	0	0
5000	861	40	300	4	25	9	20	1.30103	2	0	0	6	0.166667	6	0.166667	1	0	0	0	0	0	0
5000	862	40	300	4	25	18	855	2.93197	3	0	0	8	0.125	8	0.125	1	0	0	0	0	0	0
5000	863	40	300	4	25	8	19	1.27875	2	0	0	6	0.166667	6	0.166667	1	0	0	0	0	0	0
5000	864	40	300	4	25	6	15	1.17609	2	0	0	3	0.333333	3	0.333333	1	0	0	0	0	0	0
5000	865	40	300	4	25	27	600	2.77815	3	0	0	17	0.0588235	17	0.0588235	1	0	0	0	0	0	0
5000	866	40	300	4	25	16	554	2.74351	3	0	0	5	0.2	5	0.2	1	0	0	0	0	0	0
5000	867	40	300	4	25	17	1046	3.01953	4	0	0	5	0.2	5	0.2	1	0.01	-2	0	0	0	0
5000	868	40	300	4	25	14	546	2.73719	3	0	0	4	0.25	4	0.25	1	0	0	0	0	0	0
5000	869	40	300	4	25	9	58	1.76343	2	0	0	3	0.333333	3	0.333333	1	0	0	0	0	0	0
5000	870	40	300	4	25	12	97	1.98677	2	0	0	5	0.2	5	0.2	1	0	0	0	0	0	0
5000	871	40	300	4	25	19	499	2.6981	3	0	0	8	0.125	8	0.125	1	0	0	0	0	0	0
5000	872	40	300	4	25	20	790	2.89763	3	0	0	7	0.142857	7	0.142857	1	0.01	-2	0	0	0	0
5000	873	40	300	4	25	13	161	2.20683	3	0	0	5	0.2	5	0.2	1	0	0	0	0	0	0
5000	874	40	300	4	25	15	232	2.36549	3	0	0	6	0.166667	6	0.166667	1	0	0	0	0	0	0
5000	875	40	300	4	25	16	239	2.3784	3	0	0	7	0.142857	7	0.142857	1	0	0	0	0	0	0
5000	876	40	300	4	25	18	659	2.81889	3	0	0	7	0.142857	7	0.142857	1	0	0	0	0	0	0
5000	877	40	300	4	25	14	411	2.61384	3	0	0	4	0.25	4	0.25	1	0	0	0	0	0	0
5000	878	40	300	4	25	13	545	2.7364	3	0	0	4	0.25	4	0.25	1	0	0	0	0	0	0
5000	880	40	300	4	25	16	880	2.94448	3	0	0	7	0.142857	7	0.142857	1	0	0	0	0	0	0
5000	882	40	300	4	25	17	399	2.60097	3	0	0	9	0.111111	9	0.111111	1	0	0	0	0	0	0
5000	884	40	300	4	25	12	179	2.25285	3	0	0	5	0.2	5	0.2	1	0	0	0	0	0	0
5000	885	40	300	4	25	9	59	1.77085	2	0	0	5	0.2	5	0.2	1	0	0	0	0	0	0
5000	887	40	300	4	25	12	97	1.98677	2	0	0	6	0.166667	6	0.166667	1	0	0	0	0	0	0
5000	888	40	300	4	25	12	128	2.10721	3	0	0	6	0.166667	6	0.166667	1	0	0	0	0	0	0
5000	889	40	300	4	25	17	418	2.62118	3	0	0	6	0.166667	6	0.166667	1	0	0	0	0	0	0
5000	890	40	300	4	25	19	367	2.56467	3	0	0	9	0.111111	9	0.111111	1	0	0	0	0	0	0
5000	892	40	300	4	25	16	406	2.60853	3	0	0	8	0.125	8	0.125	1	0	0	0	0	0	0
5000	893	40	300	4	25	10	49	1.6902	2	0	0	5	0.2	5	0.2	1	0	0	0	0	0	0
5000	894	40	300	4	25	9	48	1.68124	2	0	0	4	0.25	4	0.25	1	0	0	0	0	0	0
5000	895	40	300	4	25	8	92	1.96379	2	0	0	3	0.333333	3	0.333333	1	0	0	0	0	0	0
5000	896	40	300	4	25	12	231	2.36361	3	0	0	5	0.2	5	0.2	1	0	0	0	0	0	0
5000	898	40	300	4	25	22	592	2.77232	3	0	0	10	0.1	10	0.1	1	0	0	0	0	0	0
5000	899	40	300	4	25	17	741	2.86982	3	0	0	5	0.2	5	0.2	1	0	0	0	0	0	0
5000	900	40	300	4	25	11	70	1.8451	2	0	0	5	0.2	5	0.2	1	0	0	0	0	0	0
5000	901	40	300	4	25	14	204	2.30963	3	0	0	5	0.2	5	0.2	1	0	0	0	0	0	0
5000	902	40	300	4	25	15	52	1.716	2	0	0	10	0.1	10	0.1	1	0	0	0	0	0	0
5000	904	40	300	4	25	12	96	1.98227	2	0	0	5	0.2	5	0.2	1	0	0	0	0	0	0
5000	905	40	300	4	25	10	57	1.75587	2	0	0	5	0.2	5	0.2	1	0	0	0	0	0	0
5000	906	40	300	4	25	10	86	1.9345	2	0	0	5	0.2	5	0.2	1	0	0	0	0	0	0
5000	907	40	300	4	25	17	579	2.76268	3	0	0	8	0.125	8	0.125	1	0	0	0	0	0	0
5000	908	40	300	4	25	10	89	1.94939	2	0	0	5	0.2	5	0.2	1	0	0	0	0	0	0
5000	909	40	300	4	25	14	331	2.51983	3	0	0	6	0.166667	6	0.166667	1	0	0	0	0	0	0
5000	910	40	300	4	25	13	204	2.30963	3	0	0	4	0.25	4	0.25	1	0	0	0	0	0	0
5000	911	40	300	4	25	10	116	2.06446	3	0	0	4	0.25	4	0.25	1	0	0	0	0	0	0
5000	912	40	300	4	25	8	60	1.77815	2	0	0	3	0.333333	3	0.333333	1	0	0	0	0	0	0
5000	913	40	300	4	25	11	125	2.09691	3	0	0	4	0.25	4	0.25	1	0	0	0	0	0	0
5000	914	40	300	4	25	11	176	2.24551	3	0	0	4	0.25	4	0.25	1	0	0	0	0	0	0
5000	916	40	300	4	25	16	1376	3.13862	4	0	0	4	0.25	4	0.25	1	0	0	0	0	0	0
5000	917	40	300	4	25	13	587	2.76864	3	0	0	3	0.333333	3	0.333333	1	0	0	0	0	0	0
5000	918	40	300	4	25	15	572	2.7574	3	0	0	5	0.2	5	0.2	1	0	0	0	0	0	0
5000	919	40	300	4	25	13	199	2.29885	3	0	0	5	0.2	5	0.2	1	0	0	0	0	0	0
5000	920	40	300	4	25	14	847	2.92788	3	0	0	4	0.25	4	0.25	1	0	0	0	0	0	0
5000	921	40	300	4	25	18	1273	3.10483	4	0	0	5	0.2	5	0.2	1	0	0	0	0	0	0
5000	922	40	300	4	25	15	323	2.5092	3	0	0	8	0.125	8	0.125	1	0	0	0	0	0	0
5000	923	40	300	4	25	12	136	2.13354	3	0	0	6	0.166667	6	0.166667	1	0	0	0	0	0	0
5000	924	40	300	4	25	12	250	2.39794	3	0	0	4	0.25	4	0.25	1	0	0	0	0	0	0
5000	925	40	300	4	25	15	437	2.64048	3	0	0	5	0.2	5	0.2	1	0	0	0	0	0	0
5000	926	40	300	4	25	15	181	2.25768	3	0	0	10	0.1	10	0.1	1	0	0	0	0	0	0
5000	927	40	300	4	25	11	79	1.89763	2	0	0	5	0.2	5	0.2	1	0	0	0	0	0	0
5000	928	40	300	4	25	11	78	1.89209	2	0	0	7	0.142857	7	0.142857	1	0	0	0	0	0	0
5000	929	40	300	4	25	10	47	1.6721	2	0	0	6	0.166667	6	0.166667	1	0	0	0	0	0	0
5000	930	40	300	4	25	14	40	1.60206	2	0	0	11	0.0909091	11	0.0909091	1	0	0	0	0	0	0
5000	931	40	300	4	25	12	323	2.5092	3	0	0	4	0.25	4	0.25	1	0	0	0	0	0	0
5000	932	40	300	4	25	21	973	2.98811	3	0	0	9	0.111111	9	0.111111	1	0	0	0	0	0	0
5000	933	40	300	4	25	13	118	2.07188	3	0	0	6	0.166667	6	0.166667	1	0.01	-2	0	0	0	0
5000	934	40	300	4	25	11	149	2.17319	3	0	0	4	0.25	4	0.25	1	0	0	0	0	0	0
5000	935	40	300	4	25	13	152	2.18184	3	0	0	7	0.142857	7	0.142857	1	0	0	0	0	0	0
5000	936	40	300	4	25	20	3624	3.55919	4	0	0	6	0.166667	6	0.166667	1	0.02	-1.69897	0.01	-2	0	0
5000	937	40	300	4	25	14	331	2.51983	3	0	0	5	0.2	5	0.2	1	0	0	0	0	0	0
5000	938	40	300	4	25	10	58	1.76343	2	0	0	4	0.25	4	0.25	1	0	0	0	0	0	0
5000	939	40	300	4	25	10	136	2.13354	3	0	0	4	0.25	4	0.25	1	0	0	0	0	0	0
5000	940	40	300	4	25	8	107	2.02938	3	0	0	2	0.5	2	0.5	1	0	0	0	0	0	0
5000	941	40	300	4	25	10	159	2.2014	3	0	0	3	0.333333	3	0.333333	1	0	0	0	0	0	0
5000	942	40	300	4	25	17	558	2.74663	3	0	0	5	0.2	5	0.2	1	0	0	0	0	0	0
5000	944	40	300	4	25	13	275	2.43933	3	0	0	4	0.25	4	0.25	1	0	0	0	0	0	0
5000	945	40	300	4	25	12	205	2.31175	3	0	0	5	0.2	5	0.2	1	0	0	0	0	0	0
5000	946	40	300	4	25	8	16	1.20412	2	0	0	6	0.166667	6	0.166667	1	0	0	0	0	0	0
5000	947	40	300	4	25	7	41	1.61278	2	0	0	3	0.333333	3	0.333333	1	0	0	0	0	0	0
5000	948	40	300	4	25	12	83	1.91908	2	0	0	5	0.2	5	0.2	1	0	0	0	0	0	0
5000	949	40	300	4	25	10	91	1.95904	2	0	0	4	0.25	4	0.25	1	0	0	0	0	0	0
5000	950	40	300	4	25	7	35	1.54407	2	0	0	3	0.333333	3	0.333333	1	0	0	0	0	0	0
5000	951	40	300	4	25	8	61	1.78533	2	0	0	4	0.25	4	0.25	1	0	0	0	0	0	0
5000	952	40	300	4	25	16	314	2.49693	3	0	0	6	0.166667	6	0.166667	1	0	0	0	0	0	0
5000	953	40	300	4	25	18	641	2.80686	3	0	0	6	0.166667	6	0.166667	1	0	0	0	0	0	0
5000	954	40	300	4	25	19	2422	3.38417	4	0	0	5	0.2	5	0.2	1	0.01	-2	0.01	-2	0	0
5000	955	40	300	4	25	15	344	2.53656	3	0	0	7	0.142857	7	0.142857	1	0	0	0	0	0	0
5000	957	40	300	4	25	18	647	2.8109	3	0	0	8	0.125	8	0.125	1	0	0	0	0	0	0
5000	958	40	300	4	25	12	54	1.73239	2	0	0	7	0.142857	7	0.142857	1	0	0	0	0	0	0
5000	960	40	300	4	25	13	350	2.54407	3	0	0	5	0.2	5	0.2	1	0	0	0	0	0	0
5000	962	40	300	4	25	14	124	2.09342	3	0	0	7	0.142857	7	0.142857	1	0	0	0	0	0	0
5000	963	40	300	4	25	17	1359	3.13322	4	0	0	5	0.2	5	0.2	1	0.01	-2	0	0	0	0
5000	965	40	300	4	25	20	2886	3.4603	4	0	0	6	0.166667	6	0.166667	1	0.02	-1.69897	0	0	0	0
5000	966	40	300	4	25	24	2073	3.3166	4	0	0	7	0.142857	7	0.142857	1	0.01	-2	0	0	0	0
5000	967	40	300	4	25	12	579	2.76268	3	0	0	3	0.333333	3	0.333333	1	0	0	0	0	0	0
5000	968	40	300	4	25	6	47	1.6721	2	0	0	2	0.5	2	0.5	1	0	0	0	0	0	0
5000	969	40	300	4	25	16	131	2.11727	3	0	0	10	0.1	10	0.1	1	0	0	0	0	0	0
5000	970	40	300	4	25	16	266	2.42488	3	0	0	7	0.142857	7	0.142857	1	0	0	0	0	0	0
5000	971	40	300	4	25	20	959	2.98182	3	0	0	8	0.125	8	0.125	1	0	0	0	0	0	0
5000	972	40	300	4	25	18	181	2.25768	3	0	0	13	0.0769231	13	0.0769231	1	0	0	0	0	0	0
5000	973	40	300	4	25	8	77	1.88649	2	0	0	3	0.333333	3	0.333333	1	0	0	0	0	0	0
5000	975	40	300	4	25	10	70	1.8451	2	0	0	5	0.2	5	0.2	1	0	0	0	0	0	0
5000	976	40	300	4	25	10	139	2.14301	3	0	0	3	0.333333	3	0.333333	1	0	0	0	0	0	0
5000	977	40	300	4	25	8	48	1.68124	2	0	0	4	0.25	4	0.25	1	0	0	0	0	0	0
5000	978	40	300	4	25	9	51	1.70757	2	0	0	4	0.25	4	0.25	1	0	0	0	0	0	0
5000	980	40	300	4	25	17	377	2.57634	3	0	0	8	0.125	8	0.125	1	0	0	0	0	0	0
5000	981	40	300	4	25	11	86	1.9345	2	0	0	6	0.166667	6	0.166667	1	0	0	0	0	0	0
5000	982	40	300	4	25	15	671	2.82672	3	0	0	6	0.166667	6	0.166667	1	0	0	0	0	0	0
5000	983	40	300	4	25	15	134	2.1271	3	0	0	8	0.125	8	0.125	1	0	0	0	0	0	0
5000	984	40	300	4	25	17	835	2.92169	3	0	0	6	0.166667	6	0.166667	1	0	0	0	0	0	0
5000	985	40	300	4	25	16	571	2.75664	3	0	0	7	0.142857	7	0.142857	1	0	0	0	0	0	0
5000	986	40	300	4	25	14	343	2.53529	3	0	0	6	0.166667	6	0.166667	1	0	0	0	0	0	0
5000	987	40	300	4	25	17	213	2.32838	3	0	0	8	0.125	8	0.125	1	0	0	0	0	0	0
5000	988	40	300	4	25	9	26	1.41497	2	0	0	5	0.2	5	0.2	1	0	0	0	0	0	0
5000	990	40	300	4	25	20	1088	3.03663	4	0	0	7	0.142857	7	0.142857	1	0	0	0.01	-2	0	0
5000	991	40	300	4	25	14	80	1.90309	2	0	0	7	0.142857	7	0.142857	1	0	0	0	0	0	0
5000	992	40	300	4	25	19	1084	3.03503	4	0	0	8	0.125	8	0.125	1	0	0	0	0	0	0
5000	993	40	300	4	25	12	271	2.43297	3	0	0	6	0.166667	6	0.166667	1	0	0	0	0	0	0
5000	994	40	300	4	25	20	208	2.31806	3	0	0	10	0.1	10	0.1	1	0	0	0	0	0	0
5000	995	40	300	4	25	24	4354	3.63889	4	0	0	9	0.111111	9	0.111111	1	0.02	-1.69897	0	0	0	0
5000	996	40	300	4	25	18	748	2.8739	3	0	0	8	0.125	8	0.125	1	0	0	0	0	0	0
5000	997	40	300	4	25	21	3563	3.55182	4	0	0	8	0.125	8	0.125	1	0.02	-1.69897	0.01	-2	0	0
5000	998	40	300	4	25	20	608	2.7839	3	0	0	9	0.111111	9	0.111111	1	0	0	0	0	0	0
5000	999	40	300	4	25	7	63	1.79934	2	0	0	3	0.333333	3	0.333333	1	0	0	0	0	0	0
5000	1000	40	300	4	25	11	69	1.83885	2	0	0	6	0.166667	6	0.166667	1	0	0	0	0	0	0
