6000	1	60	300	4	25	21	1251	0	0	11	11	1	0	0	0	0
6000	2	60	300	4	25	24	3680	0	0	9	9	1	0.03	0	0	0
6000	3	60	300	4	25	20	2307	0	0	5	5	1	0.01	0	0	0
6000	4	60	300	4	25	18	797	0	0	7	7	1	0	0	0	0
6000	6	60	300	4	25	21	8360	0	0	7	7	1	0.07	0.01	0	0
6000	7	60	300	4	25	17	896	0	0	6	6	1	0.02	0	0	0
6000	8	60	300	4	25	34	20082	0	0	15	15	1	0.27	0.01	0	0
6000	9	60	300	4	25	21	2910	0	0	7	7	1	0.07	0	0	0
6000	11	60	300	4	25	21	4790	0	0	7	7	1	0.07	0	0	0
6000	12	60	300	4	25	18	1224	0	0	6	6	1	0	0	0	0
6000	13	60	300	4	25	25	21525	0	0	6	6	1	0.18	0.02	0	0
6000	15	60	300	4	25	18	1422	0	0	6	6	1	0.01	0	0	0
6000	16	60	300	4	25	20	1647	0	0	7	7	1	0.01	0	0	0
6000	19	60	300	4	25	19	5821	0	0	6	6	1	0.04	0	0	0
6000	20	60	300	4	25	18	623	0	0	6	6	1	0	0	0	0
6000	21	60	300	4	25	23	2493	0	0	12	12	1	0.02	0	0	0
6000	26	60	300	4	25	15	694	0	0	6	6	1	0	0	0	0
6000	27	60	300	4	25	23	381	0	0	17	17	1	0	0	0	0
6000	29	60	300	4	25	22	1648	0	0	7	7	1	0.01	0	0	0
6000	30	60	300	4	25	28	8473	0	0	8	8	1	0.05	0.01	0	0
6000	31	60	300	4	25	14	823	0	0	3	3	1	0	0	0	0
6000	32	60	300	4	25	21	2451	0	0	7	7	1	0.01	0	0	0
6000	33	60	300	4	25	17	1357	0	0	5	5	1	0.01	0	0	0
6000	34	60	300	4	25	24	9177	0	0	7	7	1	0.07	0.01	0	0
6000	35	60	300	4	25	25	7413	0	0	8	8	1	0.05	0	0	0
6000	36	60	300	4	25	24	4690	0	0	11	11	1	0.03	0	0	0
6000	37	60	300	4	25	24	7598	0	0	6	6	1	0.06	0	0	0
6000	38	60	300	4	25	24	2663	0	0	7	7	1	0.01	0.01	0	0
6000	39	60	300	4	25	21	6648	0	0	6	6	1	0.03	0	0	0
6000	40	60	300	4	25	15	1029	0	0	4	4	1	0	0	0	0
6000	41	60	300	4	25	15	543	0	0	5	5	1	0	0	0	0
6000	42	60	300	4	25	23	5709	0	0	7	7	1	0.05	0	0	0
6000	43	60	300	4	25	21	2057	0	0	9	9	1	0.01	0	0	0
6000	46	60	300	4	25	13	558	0	0	5	5	1	0	0	0	0
6000	47	60	300	4	25	18	4949	0	0	4	4	1	0.02	0	0	0
6000	48	60	300	4	25	13	611	0	0	4	4	1	0	0	0	0
6000	49	60	300	4	25	19	2302	0	0	7	7	1	0.01	0	0	0
6000	50	60	300	4	25	31	53319	0	0	9	9	1	0.45	0.06	0	0
6000	51	60	300	4	25	21	5421	0	0	5	5	1	0.05	0	0	0
6000	52	60	300	4	25	16	375	0	0	6	6	1	0	0	0	0
6000	53	60	300	4	25	24	1328	0	0	13	13	1	0	0	0	0
6000	54	60	300	4	25	21	6414	0	0	5	5	1	0.03	0.01	0	0
6000	57	60	300	4	25	13	1295	0	0	3	3	1	0	0	0	0
6000	58	60	300	4	25	14	705	0	0	4	4	1	0	0	0	0
6000	59	60	300	4	25	12	863	0	0	3	3	1	0	0	0	0
6000	61	60	300	4	25	23	24360	0	0	6	6	1	0.18	0.03	0	0
6000	63	60	300	4	25	20	571	0	0	10	10	1	0	0.01	0	0
6000	65	60	300	4	25	19	1603	0	0	6	6	1	0.01	0	0	0
6000	68	60	300	4	25	16	838	0	0	5	5	1	0	0	0	0
6000	69	60	300	4	25	26	23638	0	0	6	6	1	0.21	0.04	0	0
6000	71	60	300	4	25	17	611	0	0	7	7	1	0	0	0	0
6000	72	60	300	4	25	20	1707	0	0	9	9	1	0	0.01	0	0
6000	74	60	300	4	25	11	244	0	0	3	3	1	0	0	0	0
6000	75	60	300	4	25	20	1370	0	0	7	7	1	0.01	0	0	0
6000	76	60	300	4	25	25	6233	0	0	6	6	1	0.06	0	0	0
6000	77	60	300	4	25	22	9637	0	0	7	7	1	0.08	0	0	0
6000	78	60	300	4	25	19	4415	0	0	6	6	1	0.04	0	0	0
6000	83	60	300	4	25	27	17354	0	0	8	8	1	0.16	0.02	0	0
6000	84	60	300	4	25	24	3232	0	0	13	13	1	0.02	0	0	0
6000	85	60	300	4	25	24	12694	0	0	6	6	1	0.1	0.02	0	0
6000	86	60	300	4	25	18	1107	0	0	8	8	1	0	0	0	0
6000	87	60	300	4	25	14	3695	0	0	3	3	1	0.01	0.01	0	0
6000	88	60	300	4	25	36	23286	0	0	10	10	1	0.28	0.03	0	0
6000	89	60	300	4	25	13	804	0	0	4	4	1	0	0	0	0
6000	91	60	300	4	25	25	8868	0	0	8	8	1	0.04	0.01	0	0
6000	92	60	300	4	25	19	3743	0	0	8	8	1	0.01	0	0	0
6000	93	60	300	4	25	16	893	0	0	5	5	1	0	0	0	0
6000	95	60	300	4	25	28	3039	0	0	12	12	1	0.02	0.01	0	0
6000	96	60	300	4	25	21	4126	0	0	7	7	1	0.03	0	0	0
6000	101	60	300	4	25	13	287	0	0	7	7	1	0	0	0	0
6000	102	60	300	4	25	17	864	0	0	6	6	1	0	0	0	0
6000	103	60	300	4	25	22	4591	0	0	7	7	1	0.01	0.01	0	0
6000	105	60	300	4	25	24	1974	0	0	11	11	1	0.01	0	0	0
6000	106	60	300	4	25	18	1834	0	0	5	5	1	0.01	0	0	0
6000	107	60	300	4	25	19	3100	0	0	4	4	1	0.01	0.01	0	0
6000	108	60	300	4	25	14	993	0	0	4	4	1	0	0	0	0
6000	109	60	300	4	25	24	7495	0	0	7	7	1	0.05	0	0	0
6000	110	60	300	4	25	14	515	0	0	4	4	1	0	0	0	0
6000	112	60	300	4	25	17	1852	0	0	4	4	1	0.01	0	0	0
6000	113	60	300	4	25	17	1338	0	0	5	5	1	0	0	0	0
6000	114	60	300	4	25	17	460	0	0	8	8	1	0	0	0	0
6000	116	60	300	4	25	14	168	0	0	6	6	1	0	0	0	0
6000	117	60	300	4	25	24	2286	0	0	10	10	1	0.02	0	0	0
6000	118	60	300	4	25	22	3282	0	0	8	8	1	0.02	0	0	0
6000	119	60	300	4	25	21	4159	0	0	6	6	1	0.02	0	0	0
6000	120	60	300	4	25	23	3562	0	0	9	9	1	0.03	0	0	0
6000	121	60	300	4	25	18	1758	0	0	6	6	1	0	0.01	0	0
6000	122	60	300	4	25	13	350	0	0	5	5	1	0	0	0	0
6000	124	60	300	4	25	28	6178	0	0	11	11	1	0.06	0	0	0
6000	127	60	300	4	25	14	1192	0	0	4	4	1	0	0	0	0
6000	129	60	300	4	25	29	18389	0	0	10	10	1	0.16	0.02	0	0
6000	130	60	300	4	25	11	343	0	0	3	3	1	0	0	0	0
6000	131	60	300	4	25	21	7091	0	0	8	8	1	0.07	0	0	0
6000	132	60	300	4	25	20	4180	0	0	6	6	1	0.02	0	0	0
6000	134	60	300	4	25	22	11728	0	0	6	6	1	0.13	0.01	0	0
6000	135	60	300	4	25	13	281	0	0	5	5	1	0	0	0	0
6000	136	60	300	4	25	14	237	0	0	5	5	1	0	0	0	0
6000	137	60	300	4	25	20	2039	0	0	6	6	1	0.01	0.01	0	0
6000	139	60	300	4	25	23	1502	0	0	10	10	1	0.01	0	0	0
6000	140	60	300	4	25	32	32534	0	0	7	7	1	0.26	0.05	0	0
6000	141	60	300	4	25	22	4439	0	0	5	5	1	0.03	0	0	0
6000	142	60	300	4	25	22	5544	0	0	6	6	1	0.04	0.01	0	0
6000	143	60	300	4	25	16	1064	0	0	6	6	1	0	0	0	0
6000	144	60	300	4	25	16	807	0	0	5	5	1	0	0	0	0
6000	145	60	300	4	25	27	6155	0	0	8	8	1	0.03	0	0	0
6000	148	60	300	4	25	13	158	0	0	6	6	1	0	0	0	0
6000	149	60	300	4	25	17	1580	0	0	5	5	1	0	0.01	0	0
6000	150	60	300	4	25	25	10098	0	0	7	7	1	0.07	0.01	0	0
6000	151	60	300	4	25	10	314	0	0	2	2	1	0	0	0	0
6000	152	60	300	4	25	19	2253	0	0	7	7	1	0.01	0	0	0
6000	154	60	300	4	25	14	253	0	0	5	5	1	0	0	0	0
6000	155	60	300	4	25	24	6079	0	0	10	10	1	0.06	0	0	0
6000	157	60	300	4	25	29	10184	0	0	11	11	1	0.09	0	0	0
6000	158	60	300	4	25	26	5255	0	0	8	8	1	0.04	0.01	0	0
6000	159	60	300	4	25	14	217	0	0	6	6	1	0	0	0	0
6000	160	60	300	4	25	29	21419	0	0	9	9	1	0.15	0.03	0	0
6000	162	60	300	4	25	31	15306	0	0	10	10	1	0.13	0.02	0	0
6000	163	60	300	4	25	30	32206	0	0	10	10	1	0.29	0.05	0	0
6000	164	60	300	4	25	15	194	0	0	8	8	1	0	0	0	0
6000	167	60	300	4	25	30	203468	0	0	7	7	1	1.55	0.37	0	0
6000	168	60	300	4	25	13	383	0	0	5	5	1	0	0	0	0
6000	169	60	300	4	25	27	17918	0	0	10	10	1	0.21	0.03	0	0
6000	170	60	300	4	25	25	6608	0	0	9	9	1	0.07	0	0	0
6000	172	60	300	4	25	16	2310	0	0	4	4	1	0.01	0	0	0
6000	173	60	300	4	25	16	627	0	0	5	5	1	0	0	0	0
6000	174	60	300	4	25	25	6112	0	0	10	10	1	0.03	0	0	0
6000	175	60	300	4	25	22	1473	0	0	7	7	1	0.01	0	0	0
6000	176	60	300	4	25	21	499	0	0	14	14	1	0	0	0	0
6000	177	60	300	4	25	20	1597	0	0	8	8	1	0.03	0.01	0	0
6000	179	60	300	4	25	19	1969	0	0	8	8	1	0.02	0	0	0
6000	180	60	300	4	25	17	1181	0	0	5	5	1	0	0	0	0
6000	183	60	300	4	25	21	1898	0	0	9	9	1	0.02	0	0	0
6000	184	60	300	4	25	20	5621	0	0	5	5	1	0.03	0	0	0
6000	186	60	300	4	25	18	755	0	0	5	5	1	0	0	0	0
6000	187	60	300	4	25	16	400	0	0	7	7	1	0	0	0	0
6000	188	60	300	4	25	20	3005	0	0	6	6	1	0.01	0.01	0	0
6000	189	60	300	4	25	23	1256	0	0	8	8	1	0	0	0	0
6000	190	60	300	4	25	23	6681	0	0	9	9	1	0.04	0	0	0
6000	191	60	300	4	25	16	463	0	0	7	7	1	0	0	0	0
6000	193	60	300	4	25	18	1609	0	0	5	5	1	0	0	0	0
6000	195	60	300	4	25	21	16128	0	0	5	5	1	0.1	0.01	0	0
6000	197	60	300	4	25	20	1581	0	0	9	9	1	0.01	0	0	0
6000	198	60	300	4	25	18	1745	0	0	6	6	1	0	0.01	0	0
6000	199	60	300	4	25	22	14490	0	0	6	6	1	0.1	0.02	0	0
6000	200	60	300	4	25	24	24486	0	0	6	6	1	0.18	0.04	0	0
6000	201	60	300	4	25	24	3116	0	0	8	8	1	0.02	0.01	0	0
6000	202	60	300	4	25	16	661	0	0	6	6	1	0	0	0	0
6000	204	60	300	4	25	19	821	0	0	6	6	1	0	0	0	0
6000	205	60	300	4	25	15	237	0	0	7	7	1	0	0	0	0
6000	207	60	300	4	25	15	351	0	0	5	5	1	0	0	0	0
6000	209	60	300	4	25	24	1242	0	0	11	11	1	0.01	0	0	0
6000	210	60	300	4	25	18	3681	0	0	6	6	1	0.02	0.01	0	0
6000	211	60	300	4	25	24	9993	0	0	8	8	1	0.13	0	0	0
6000	214	60	300	4	25	16	513	0	0	6	6	1	0	0	0	0
6000	215	60	300	4	25	19	197	0	0	12	12	1	0	0	0	0
6000	216	60	300	4	25	25	5768	0	0	8	8	1	0.07	0.01	0	0
6000	217	60	300	4	25	17	599	0	0	8	8	1	0	0	0	0
6000	218	60	300	4	25	30	10479	0	0	13	13	1	0.09	0	0	0
6000	220	60	300	4	25	32	14771	0	0	13	13	1	0.08	0.01	0	0
6000	221	60	300	4	25	28	10802	0	0	8	8	1	0.09	0.01	0	0
6000	222	60	300	4	25	36	74404	0	0	18	18	1	1.02	0.04	0	0
6000	223	60	300	4	25	28	15466	0	0	10	10	1	0.19	0.01	0	0
6000	224	60	300	4	25	26	29555	0	0	9	9	1	0.32	0.04	0	0
6000	227	60	300	4	25	29	16977	0	0	11	11	1	0.17	0.03	0	0
6000	229	60	300	4	25	22	3161	0	0	6	6	1	0.02	0	0	0
6000	230	60	300	4	25	15	705	0	0	5	5	1	0	0	0	0
6000	231	60	300	4	25	20	1501	0	0	7	7	1	0.01	0	0	0
6000	235	60	300	4	25	11	324	0	0	3	3	1	0	0	0	0
6000	237	60	300	4	25	19	564	0	0	8	8	1	0	0	0	0
6000	238	60	300	4	25	19	11741	0	0	5	5	1	0.05	0.01	0	0
6000	239	60	300	4	25	25	4735	0	0	10	10	1	0.04	0	0	0
6000	241	60	300	4	25	20	5791	0	0	5	5	1	0.03	0	0	0
6000	244	60	300	4	25	15	1149	0	0	4	4	1	0	0	0	0
6000	248	60	300	4	25	17	895	0	0	7	7	1	0	0	0	0
6000	249	60	300	4	25	32	4580	0	0	12	12	1	0.07	0	0	0
6000	252	60	300	4	25	19	4703	0	0	7	7	1	0.04	0	0	0
6000	253	60	300	4	25	20	1892	0	0	6	6	1	0.01	0	0	0
6000	254	60	300	4	25	18	1313	0	0	6	6	1	0.01	0	0	0
6000	257	60	300	4	25	18	5571	0	0	4	4	1	0.03	0.01	0	0
6000	258	60	300	4	25	15	753	0	0	5	5	1	0	0	0	0
6000	259	60	300	4	25	26	11828	0	0	7	7	1	0.09	0.01	0	0
6000	261	60	300	4	25	12	627	0	0	3	3	1	0	0	0	0
6000	262	60	300	4	25	19	1525	0	0	5	5	1	0.01	0	0	0
6000	263	60	300	4	25	16	1336	0	0	5	5	1	0.01	0	0	0
6000	264	60	300	4	25	14	863	0	0	5	5	1	0	0	0	0
6000	265	60	300	4	25	25	2935	0	0	11	11	1	0.02	0	0	0
6000	266	60	300	4	25	16	363	0	0	6	6	1	0	0	0	0
6000	267	60	300	4	25	13	311	0	0	6	6	1	0	0	0	0
6000	269	60	300	4	25	16	266	0	0	7	7	1	0	0	0	0
6000	271	60	300	4	25	15	886	0	0	6	6	1	0	0	0	0
6000	272	60	300	4	25	32	3500	0	0	11	11	1	0.03	0	0	0
6000	273	60	300	4	25	16	608	0	0	6	6	1	0	0	0	0
6000	274	60	300	4	25	18	1221	0	0	6	6	1	0	0	0	0
6000	275	60	300	4	25	15	274	0	0	6	6	1	0	0	0	0
6000	276	60	300	4	25	23	1375	0	0	9	9	1	0.01	0	0	0
6000	277	60	300	4	25	17	644	0	0	6	6	1	0	0	0	0
6000	278	60	300	4	25	20	2645	0	0	6	6	1	0.01	0.01	0	0
6000	279	60	300	4	25	19	530	0	0	9	9	1	0	0	0	0
6000	280	60	300	4	25	36	13275	0	0	18	18	1	0.13	0	0	0
6000	281	60	300	4	25	27	3146	0	0	12	12	1	0.02	0.01	0	0
6000	282	60	300	4	25	21	1787	0	0	9	9	1	0.01	0	0	0
6000	283	60	300	4	25	15	569	0	0	5	5	1	0	0	0	0
6000	284	60	300	4	25	17	1596	0	0	6	6	1	0.01	0	0	0
6000	285	60	300	4	25	18	627	0	0	11	11	1	0	0	0	0
6000	289	60	300	4	25	17	2986	0	0	7	7	1	0.02	0	0	0
6000	290	60	300	4	25	23	1777	0	0	9	9	1	0.01	0	0	0
6000	291	60	300	4	25	22	897	0	0	11	11	1	0	0	0	0
6000	292	60	300	4	25	24	14279	0	0	7	7	1	0.09	0.02	0	0
6000	293	60	300	4	25	17	623	0	0	6	6	1	0	0	0	0
6000	294	60	300	4	25	25	3308	0	0	14	14	1	0.02	0	0	0
6000	295	60	300	4	25	22	1313	0	0	7	7	1	0.01	0	0	0
6000	297	60	300	4	25	18	1335	0	0	7	7	1	0.01	0	0	0
6000	299	60	300	4	25	22	9354	0	0	7	7	1	0.06	0.01	0	0
6000	300	60	300	4	25	17	1358	0	0	7	7	1	0	0	0	0
6000	301	60	300	4	25	24	24930	0	0	5	5	1	0.23	0.04	0	0
6000	302	60	300	4	25	18	695	0	0	9	9	1	0	0	0	0
6000	304	60	300	4	25	25	3849	0	0	11	11	1	0.03	0	0	0
6000	306	60	300	4	25	17	803	0	0	6	6	1	0	0	0	0
6000	308	60	300	4	25	19	5755	0	0	5	5	1	0.03	0.01	0	0
6000	309	60	300	4	25	28	33548	0	0	6	6	1	0.33	0.07	0	0
6000	310	60	300	4	25	26	3427	0	0	9	9	1	0.02	0	0	0
6000	317	60	300	4	25	20	3248	0	0	7	7	1	0.02	0	0	0
6000	318	60	300	4	25	14	398	0	0	6	6	1	0	0	0	0
6000	319	60	300	4	25	14	359	0	0	5	5	1	0	0	0	0
6000	320	60	300	4	25	17	895	0	0	7	7	1	0	0	0	0
6000	321	60	300	4	25	24	12761	0	0	6	6	1	0.08	0.01	0	0
6000	322	60	300	4	25	23	6835	0	0	8	8	1	0.03	0.01	0	0
6000	325	60	300	4	25	21	2585	0	0	5	5	1	0.02	0	0	0
6000	326	60	300	4	25	21	14174	0	0	4	4	1	0.09	0.01	0	0
6000	329	60	300	4	25	23	2132	0	0	11	11	1	0.01	0	0	0
6000	332	60	300	4	25	19	1639	0	0	6	6	1	0.01	0	0	0
6000	333	60	300	4	25	22	2540	0	0	9	9	1	0.01	0	0	0
6000	334	60	300	4	25	13	390	0	0	4	4	1	0	0	0	0
6000	335	60	300	4	25	19	1216	0	0	8	8	1	0.01	0	0	0
6000	337	60	300	4	25	16	546	0	0	7	7	1	0	0	0	0
6000	338	60	300	4	25	22	13216	0	0	9	9	1	0.09	0	0	0
6000	339	60	300	4	25	16	1204	0	0	5	5	1	0	0.01	0	0
6000	341	60	300	4	25	22	6026	0	0	6	6	1	0.06	0.01	0	0
6000	343	60	300	4	25	27	4653	0	0	13	13	1	0.04	0	0	0
6000	344	60	300	4	25	21	3483	0	0	7	7	1	0.02	0	0	0
6000	345	60	300	4	25	23	4241	0	0	8	8	1	0.02	0	0	0
6000	346	60	300	4	25	21	3412	0	0	6	6	1	0.02	0	0	0
6000	350	60	300	4	25	17	1046	0	0	8	8	1	0	0	0	0
6000	351	60	300	4	25	22	7168	0	0	7	7	1	0.09	0	0	0
6000	352	60	300	4	25	16	290	0	0	9	9	1	0	0	0	0
6000	353	60	300	4	25	16	650	0	0	7	7	1	0	0	0	0
6000	354	60	300	4	25	20	3180	0	0	7	7	1	0.02	0	0	0
6000	355	60	300	4	25	29	56227	0	0	9	9	1	0.63	0.07	0	0
6000	356	60	300	4	25	18	5849	0	0	5	5	1	0.07	0.01	0	0
6000	357	60	300	4	25	24	3589	0	0	13	13	1	0.03	0	0	0
6000	360	60	300	4	25	22	4820	0	0	9	9	1	0.04	0	0	0
6000	362	60	300	4	25	17	1530	0	0	5	5	1	0	0	0	0
6000	364	60	300	4	25	24	4211	0	0	12	12	1	0.03	0	0	0
6000	365	60	300	4	25	13	345	0	0	4	4	1	0	0	0	0
6000	366	60	300	4	25	13	419	0	0	4	4	1	0	0	0	0
6000	367	60	300	4	25	20	2240	0	0	8	8	1	0.01	0	0	0
6000	371	60	300	4	25	11	138	0	0	4	4	1	0	0	0	0
6000	372	60	300	4	25	23	2680	0	0	7	7	1	0.02	0	0	0
6000	373	60	300	4	25	25	5764	0	0	10	10	1	0.04	0	0	0
6000	374	60	300	4	25	30	47822	0	0	7	7	1	0.51	0.08	0	0
6000	376	60	300	4	25	25	5931	0	0	8	8	1	0.08	0.01	0	0
6000	377	60	300	4	25	30	20783	0	0	10	10	1	0.31	0	0	0
6000	379	60	300	4	25	27	18672	0	0	8	8	1	0.13	0.01	0	0
6000	380	60	300	4	25	15	640	0	0	5	5	1	0.01	0	0	0
6000	382	60	300	4	25	20	1425	0	0	6	6	1	0	0	0	0
6000	383	60	300	4	25	23	20663	0	0	5	5	1	0.13	0.02	0	0
6000	384	60	300	4	25	27	7654	0	0	9	9	1	0.06	0	0	0
6000	385	60	300	4	25	27	9992	0	0	10	10	1	0.07	0	0	0
6000	390	60	300	4	25	24	102005	0	0	5	5	1	0.71	0.12	0	0
6000	391	60	300	4	25	24	1785	0	0	11	11	1	0.02	0	0	0
6000	392	60	300	4	25	24	12641	0	0	7	7	1	0.11	0	0	0
6000	393	60	300	4	25	17	2372	0	0	5	5	1	0.01	0	0	0
6000	395	60	300	4	25	12	309	0	0	5	5	1	0	0	0	0
6000	396	60	300	4	25	14	485	0	0	6	6	1	0	0	0	0
6000	397	60	300	4	25	15	2355	0	0	3	3	1	0.01	0	0	0
6000	398	60	300	4	25	16	2308	0	0	6	6	1	0.01	0	0	0
6000	399	60	300	4	25	25	17185	0	0	6	6	1	0.11	0.03	0	0
6000	400	60	300	4	25	25	2174	0	0	11	11	1	0.02	0	0	0
6000	401	60	300	4	25	21	2332	0	0	6	6	1	0.01	0	0	0
6000	402	60	300	4	25	20	991	0	0	8	8	1	0	0	0	0
6000	403	60	300	4	25	27	3949	0	0	14	14	1	0.01	0.01	0	0
6000	404	60	300	4	25	33	27555	0	0	11	11	1	0.29	0.04	0	0
6000	405	60	300	4	25	18	4454	0	0	5	5	1	0.03	0	0	0
6000	406	60	300	4	25	21	806	0	0	9	9	1	0	0	0	0
6000	407	60	300	4	25	21	4288	0	0	8	8	1	0.02	0.01	0	0
6000	410	60	300	4	25	20	3144	0	0	7	7	1	0.01	0	0	0
6000	412	60	300	4	25	17	1825	0	0	5	5	1	0.01	0	0	0
6000	413	60	300	4	25	21	3264	0	0	6	6	1	0.01	0	0	0
6000	414	60	300	4	25	20	4376	0	0	6	6	1	0.03	0	0	0
6000	416	60	300	4	25	20	1619	0	0	7	7	1	0.01	0	0	0
6000	417	60	300	4	25	29	5613	0	0	9	9	1	0.05	0	0	0
6000	418	60	300	4	25	17	359	0	0	7	7	1	0	0	0	0
6000	419	60	300	4	25	27	13896	0	0	7	7	1	0.06	0.02	0	0
6000	420	60	300	4	25	26	17171	0	0	10	10	1	0.16	0.01	0	0
6000	422	60	300	4	25	23	2696	0	0	7	7	1	0.01	0.01	0	0
6000	423	60	300	4	25	17	1398	0	0	5	5	1	0	0	0	0
6000	425	60	300	4	25	23	4507	0	0	7	7	1	0.03	0	0	0
6000	426	60	300	4	25	24	11915	0	0	7	7	1	0.12	0.01	0	0
6000	427	60	300	4	25	17	968	0	0	6	6	1	0	0	0	0
6000	428	60	300	4	25	21	4713	0	0	8	8	1	0.02	0	0	0
6000	429	60	300	4	25	13	683	0	0	5	5	1	0	0	0	0
6000	430	60	300	4	25	20	2362	0	0	5	5	1	0.01	0	0	0
6000	432	60	300	4	25	20	2276	0	0	8	8	1	0.01	0	0	0
6000	433	60	300	4	25	36	2470	0	0	23	23	1	0.04	0	0	0
6000	434	60	300	4	25	22	2295	0	0	8	8	1	0.01	0	0	0
6000	435	60	300	4	25	20	1888	0	0	7	7	1	0.01	0	0	0
6000	436	60	300	4	25	15	501	0	0	5	5	1	0	0	0	0
6000	437	60	300	4	25	22	2236	0	0	7	7	1	0.02	0	0	0
6000	438	60	300	4	25	22	2308	0	0	11	11	1	0.02	0.01	0	0
6000	439	60	300	4	25	19	595	0	0	7	7	1	0	0	0	0
6000	440	60	300	4	25	20	8727	0	0	5	5	1	0.05	0.01	0	0
6000	441	60	300	4	25	20	2189	0	0	6	6	1	0.01	0	0	0
6000	443	60	300	4	25	14	251	0	0	6	6	1	0	0	0	0
6000	444	60	300	4	25	23	25993	0	0	6	6	1	0.27	0.03	0	0
6000	445	60	300	4	25	23	7076	0	0	6	6	1	0.05	0.01	0	0
6000	447	60	300	4	25	24	4531	0	0	7	7	1	0.04	0	0	0
6000	448	60	300	4	25	21	3076	0	0	7	7	1	0.02	0	0	0
6000	449	60	300	4	25	21	940	0	0	10	10	1	0	0	0	0
6000	451	60	300	4	25	16	1086	0	0	5	5	1	0	0	0	0
6000	452	60	300	4	25	17	2418	0	0	4	4	1	0.01	0	0	0
6000	455	60	300	4	25	13	206	0	0	6	6	1	0	0	0	0
6000	456	60	300	4	25	27	1436	0	0	10	10	1	0.01	0	0	0
6000	457	60	300	4	25	26	8367	0	0	9	9	1	0.07	0	0	0
6000	458	60	300	4	25	20	4540	0	0	7	7	1	0.02	0	0	0
6000	460	60	300	4	25	19	2027	0	0	7	7	1	0.01	0	0	0
6000	461	60	300	4	25	13	83	0	0	7	7	1	0	0	0	0
6000	462	60	300	4	25	23	4434	0	0	7	7	1	0.02	0	0	0
6000	463	60	300	4	25	24	9010	0	0	8	8	1	0.1	0.01	0	0
6000	464	60	300	4	25	27	6255	0	0	11	11	1	0.04	0.01	0	0
6000	465	60	300	4	25	12	719	0	0	4	4	1	0	0	0	0
6000	466	60	300	4	25	31	12614	0	0	11	11	1	0.09	0.01	0	0
6000	467	60	300	4	25	22	1604	0	0	10	10	1	0.01	0	0	0
6000	468	60	300	4	25	25	4107	0	0	9	9	1	0.02	0	0	0
6000	469	60	300	4	25	20	1931	0	0	9	9	1	0.01	0.01	0	0
6000	470	60	300	4	25	18	3743	0	0	5	5	1	0.02	0	0	0
6000	471	60	300	4	25	25	3527	0	0	8	8	1	0.02	0.01	0	0
6000	472	60	300	4	25	15	319	0	0	7	7	1	0	0	0	0
6000	474	60	300	4	25	10	192	0	0	4	4	1	0	0	0	0
6000	476	60	300	4	25	26	19620	0	0	7	7	1	0.22	0.02	0	0
6000	478	60	300	4	25	23	8514	0	0	7	7	1	0.05	0.01	0	0
6000	481	60	300	4	25	15	168	0	0	10	10	1	0	0	0	0
6000	482	60	300	4	25	17	642	0	0	6	6	1	0	0	0	0
6000	483	60	300	4	25	19	2546	0	0	7	7	1	0.01	0	0	0
6000	485	60	300	4	25	21	1412	0	0	8	8	1	0.01	0	0	0
6000	487	60	300	4	25	14	288	0	0	7	7	1	0	0	0	0
6000	488	60	300	4	25	17	2812	0	0	4	4	1	0.01	0	0	0
6000	490	60	300	4	25	24	1509	0	0	8	8	1	0.01	0	0	0
6000	491	60	300	4	25	20	2958	0	0	5	5	1	0.01	0.01	0	0
6000	492	60	300	4	25	16	1483	0	0	5	5	1	0	0	0	0
6000	493	60	300	4	25	16	1344	0	0	5	5	1	0.01	0	0	0
6000	494	60	300	4	25	15	972	0	0	5	5	1	0	0	0	0
6000	495	60	300	4	25	18	1636	0	0	8	8	1	0.01	0	0	0
6000	496	60	300	4	25	18	1605	0	0	7	7	1	0.01	0	0	0
6000	497	60	300	4	25	18	947	0	0	6	6	1	0	0	0	0
6000	498	60	300	4	25	25	9322	0	0	10	10	1	0.05	0	0	0
6000	499	60	300	4	25	20	3696	0	0	7	7	1	0.02	0.01	0	0
6000	500	60	300	4	25	19	1779	0	0	6	6	1	0.01	0	0	0
6000	501	60	300	4	25	19	874	0	0	10	10	1	0	0	0	0
6000	502	60	300	4	25	31	20812	0	0	8	8	1	0.18	0.03	0	0
6000	503	60	300	4	25	19	1330	0	0	7	7	1	0.01	0	0	0
6000	504	60	300	4	25	24	5023	0	0	9	9	1	0.03	0	0	0
6000	505	60	300	4	25	20	1460	0	0	7	7	1	0.01	0	0	0
6000	508	60	300	4	25	18	1965	0	0	7	7	1	0.01	0	0	0
6000	509	60	300	4	25	20	7296	0	0	5	5	1	0.05	0	0	0
6000	511	60	300	4	25	20	3000	0	0	6	6	1	0.02	0	0	0
6000	512	60	300	4	25	33	51027	0	0	10	10	1	0.79	0.04	0	0
6000	513	60	300	4	25	19	2039	0	0	8	8	1	0.01	0	0	0
6000	515	60	300	4	25	28	7363	0	0	9	9	1	0.07	0.01	0	0
6000	516	60	300	4	25	19	8673	0	0	4	4	1	0.05	0.01	0	0
6000	517	60	300	4	25	21	1367	0	0	7	7	1	0	0.01	0	0
6000	518	60	300	4	25	9	19	0	0	6	6	1	0	0	0	0
6000	519	60	300	4	25	23	1319	0	0	8	8	1	0.01	0	0	0
6000	520	60	300	4	25	22	5247	0	0	7	7	1	0.04	0.01	0	0
6000	521	60	300	4	25	40	101590	0	0	17	17	1	2.08	0.07	0	0
6000	522	60	300	4	25	20	3023	0	0	5	5	1	0.02	0	0	0
6000	523	60	300	4	25	22	9114	0	0	5	5	1	0.08	0.01	0	0
6000	524	60	300	4	25	23	6963	0	0	7	7	1	0.04	0	0	0
6000	526	60	300	4	25	12	575	0	0	4	4	1	0	0	0	0
6000	527	60	300	4	25	19	5806	0	0	6	6	1	0.02	0	0	0
6000	528	60	300	4	25	26	5959	0	0	8	8	1	0.04	0.01	0	0
6000	529	60	300	4	25	17	1719	0	0	5	5	1	0	0	0	0
6000	531	60	300	4	25	32	16122	0	0	14	14	1	0.08	0.02	0	0
6000	532	60	300	4	25	26	1529	0	0	15	15	1	0.01	0	0	0
6000	534	60	300	4	25	27	10149	0	0	13	13	1	0.08	0.01	0	0
6000	535	60	300	4	25	17	1703	0	0	6	6	1	0	0.01	0	0
6000	538	60	300	4	25	15	455	0	0	7	7	1	0	0	0	0
6000	539	60	300	4	25	17	228	0	0	8	8	1	0	0	0	0
6000	540	60	300	4	25	17	642	0	0	6	6	1	0	0	0	0
6000	541	60	300	4	25	14	680	0	0	4	4	1	0	0	0	0
6000	542	60	300	4	25	25	24506	0	0	6	6	1	0.15	0.02	0	0
6000	543	60	300	4	25	14	728	0	0	4	4	1	0	0	0	0
6000	544	60	300	4	25	24	2909	0	0	9	9	1	0.03	0	0	0
6000	545	60	300	4	25	20	1500	0	0	9	9	1	0.01	0	0	0
6000	546	60	300	4	25	19	2175	0	0	5	5	1	0.01	0	0	0
6000	547	60	300	4	25	20	685	0	0	9	9	1	0	0	0	0
6000	548	60	300	4	25	16	1694	0	0	4	4	1	0.01	0	0	0
6000	549	60	300	4	25	19	1806	0	0	6	6	1	0.01	0	0	0
6000	550	60	300	4	25	11	177	0	0	4	4	1	0	0	0	0
6000	551	60	300	4	25	20	833	0	0	11	11	1	0	0	0	0
6000	552	60	300	4	25	24	2080	0	0	8	8	1	0.01	0	0	0
6000	553	60	300	4	25	14	268	0	0	6	6	1	0	0	0	0
6000	556	60	300	4	25	17	1682	0	0	4	4	1	0	0.01	0	0
6000	558	60	300	4	25	27	16690	0	0	8	8	1	0.08	0.03	0	0
6000	559	60	300	4	25	24	12861	0	0	7	7	1	0.07	0	0	0
6000	560	60	300	4	25	16	1216	0	0	5	5	1	0	0	0	0
6000	562	60	300	4	25	20	11736	0	0	4	4	1	0.08	0.01	0	0
6000	565	60	300	4	25	31	31971	0	0	9	9	1	0.24	0.03	0	0
6000	570	60	300	4	25	18	5887	0	0	4	4	1	0.03	0	0	0
6000	572	60	300	4	25	27	10276	0	0	10	10	1	0.11	0.01	0	0
6000	573	60	300	4	25	12	191	0	0	5	5	1	0	0	0	0
6000	574	60	300	4	25	27	2503	0	0	14	14	1	0.02	0	0	0
6000	575	60	300	4	25	16	2737	0	0	3	3	1	0.01	0	0	0
6000	576	60	300	4	25	26	4324	0	0	9	9	1	0.03	0.01	0	0
6000	577	60	300	4	25	21	9388	0	0	5	5	1	0.04	0.01	0	0
6000	578	60	300	4	25	24	10536	0	0	8	8	1	0.06	0.01	0	0
6000	580	60	300	4	25	19	1101	0	0	8	8	1	0	0	0	0
6000	581	60	300	4	25	24	13558	0	0	5	5	1	0.13	0.02	0	0
6000	582	60	300	4	25	22	1385	0	0	12	12	1	0	0	0	0
6000	583	60	300	4	25	15	216	0	0	6	6	1	0	0	0	0
6000	584	60	300	4	25	7	31	0	0	4	4	1	0	0	0	0
6000	585	60	300	4	25	15	691	0	0	5	5	1	0	0	0	0
6000	586	60	300	4	25	24	14658	0	0	5	5	1	0.08	0.02	0	0
6000	587	60	300	4	25	26	23313	0	0	6	6	1	0.18	0.05	0	0
6000	589	60	300	4	25	15	716	0	0	7	7	1	0	0	0	0
6000	590	60	300	4	25	21	8256	0	0	5	5	1	0.04	0	0	0
6000	591	60	300	4	25	20	1933	0	0	8	8	1	0.01	0	0	0
6000	592	60	300	4	25	20	3109	0	0	6	6	1	0.02	0	0	0
6000	594	60	300	4	25	20	3571	0	0	5	5	1	0.02	0	0	0
6000	596	60	300	4	25	18	694	0	0	7	7	1	0	0	0	0
6000	597	60	300	4	25	14	752	0	0	4	4	1	0	0	0	0
6000	599	60	300	4	25	20	1564	0	0	7	7	1	0.01	0	0	0
6000	600	60	300	4	25	31	13770	0	0	9	9	1	0.07	0.02	0	0
6000	601	60	300	4	25	24	5487	0	0	7	7	1	0.06	0	0	0
6000	602	60	300	4	25	13	393	0	0	4	4	1	0	0	0	0
6000	603	60	300	4	25	17	599	0	0	8	8	1	0	0	0	0
6000	604	60	300	4	25	11	202	0	0	5	5	1	0	0	0	0
6000	605	60	300	4	25	22	2721	0	0	7	7	1	0.01	0	0	0
6000	606	60	300	4	25	29	18548	0	0	9	9	1	0.08	0.03	0	0
6000	607	60	300	4	25	19	297	0	0	12	12	1	0	0	0	0
6000	608	60	300	4	25	16	490	0	0	5	5	1	0	0	0	0
6000	610	60	300	4	25	25	2569	0	0	12	12	1	0.02	0	0	0
6000	612	60	300	4	25	12	84	0	0	6	6	1	0	0	0	0
6000	613	60	300	4	25	26	2160	0	0	15	15	1	0.02	0	0	0
6000	614	60	300	4	25	20	1042	0	0	8	8	1	0	0	0	0
6000	615	60	300	4	25	16	251	0	0	10	10	1	0	0	0	0
6000	617	60	300	4	25	9	222	0	0	3	3	1	0	0	0	0
6000	618	60	300	4	25	21	6674	0	0	4	4	1	0.06	0	0	0
6000	619	60	300	4	25	21	2453	0	0	8	8	1	0.02	0	0	0
6000	620	60	300	4	25	16	860	0	0	5	5	1	0	0	0	0
6000	622	60	300	4	25	20	1389	0	0	8	8	1	0.01	0	0	0
6000	623	60	300	4	25	25	31962	0	0	5	5	1	0.24	0.05	0	0
6000	624	60	300	4	25	23	3802	0	0	7	7	1	0.02	0.01	0	0
6000	625	60	300	4	25	20	5732	0	0	9	9	1	0.03	0	0	0
6000	626	60	300	4	25	11	140	0	0	4	4	1	0	0	0	0
6000	627	60	300	4	25	23	3724	0	0	6	6	1	0.02	0	0	0
6000	628	60	300	4	25	21	5418	0	0	5	5	1	0.04	0	0	0
6000	629	60	300	4	25	12	414	0	0	4	4	1	0	0	0	0
6000	630	60	300	4	25	17	499	0	0	8	8	1	0	0	0	0
6000	631	60	300	4	25	20	468	0	0	8	8	1	0	0	0	0
6000	632	60	300	4	25	23	11612	0	0	7	7	1	0.12	0.01	0	0
6000	634	60	300	4	25	32	9364	0	0	11	11	1	0.1	0	0	0
6000	635	60	300	4	25	16	201	0	0	10	10	1	0	0	0	0
6000	637	60	300	4	25	19	1173	0	0	6	6	1	0	0.01	0	0
6000	638	60	300	4	25	21	3495	0	0	5	5	1	0.01	0	0	0
6000	639	60	300	4	25	11	105	0	0	5	5	1	0	0	0	0
6000	640	60	300	4	25	25	1819	0	0	10	10	1	0.01	0.01	0	0
6000	641	60	300	4	25	17	1102	0	0	7	7	1	0	0	0	0
6000	643	60	300	4	25	20	10752	0	0	4	4	1	0.09	0.01	0	0
6000	646	60	300	4	25	17	944	0	0	7	7	1	0	0	0	0
6000	647	60	300	4	25	19	2312	0	0	4	4	1	0.01	0	0	0
6000	650	60	300	4	25	33	60092	0	0	10	10	1	0.44	0.05	0	0
6000	651	60	300	4	25	18	1491	0	0	6	6	1	0.01	0	0	0
6000	654	60	300	4	25	23	1147	0	0	8	8	1	0	0.01	0	0
6000	655	60	300	4	25	23	5043	0	0	8	8	1	0.02	0.01	0	0
6000	658	60	300	4	25	11	431	0	0	3	3	1	0	0	0	0
6000	659	60	300	4	25	12	307	0	0	5	5	1	0	0	0	0
6000	660	60	300	4	25	14	454	0	0	5	5	1	0	0	0	0
6000	661	60	300	4	25	23	8716	0	0	10	10	1	0.06	0.01	0	0
6000	662	60	300	4	25	29	4799	0	0	11	11	1	0.04	0.01	0	0
6000	663	60	300	4	25	26	2725	0	0	9	9	1	0.02	0	0	0
6000	665	60	300	4	25	20	3181	0	0	6	6	1	0.03	0	0	0
6000	667	60	300	4	25	20	2519	0	0	6	6	1	0.01	0	0	0
6000	668	60	300	4	25	19	2199	0	0	7	7	1	0.01	0	0	0
6000	669	60	300	4	25	14	296	0	0	5	5	1	0	0	0	0
6000	671	60	300	4	25	26	2051	0	0	12	12	1	0.01	0.01	0	0
6000	672	60	300	4	25	26	16347	0	0	8	8	1	0.18	0.03	0	0
6000	673	60	300	4	25	12	310	0	0	4	4	1	0	0	0	0
6000	674	60	300	4	25	11	479	0	0	3	3	1	0	0	0	0
6000	675	60	300	4	25	25	19599	0	0	7	7	1	0.15	0.01	0	0
6000	676	60	300	4	25	31	43993	0	0	8	8	1	0.37	0.06	0	0
6000	677	60	300	4	25	22	5119	0	0	8	8	1	0.02	0.01	0	0
6000	678	60	300	4	25	18	452	0	0	7	7	1	0	0	0	0
6000	679	60	300	4	25	21	1293	0	0	8	8	1	0.01	0	0	0
6000	681	60	300	4	25	19	1170	0	0	8	8	1	0.01	0	0	0
6000	682	60	300	4	25	27	8126	0	0	11	11	1	0.06	0	0	0
6000	683	60	300	4	25	20	7723	0	0	5	5	1	0.04	0.01	0	0
6000	684	60	300	4	25	31	15406	0	0	13	13	1	0.12	0.02	0	0
6000	685	60	300	4	25	15	234	0	0	7	7	1	0	0	0	0
6000	686	60	300	4	25	26	5787	0	0	9	9	1	0.03	0.01	0	0
6000	688	60	300	4	25	20	1145	0	0	8	8	1	0	0	0	0
6000	691	60	300	4	25	30	25098	0	0	8	8	1	0.14	0.04	0	0
6000	692	60	300	4	25	19	7539	0	0	5	5	1	0.05	0.01	0	0
6000	693	60	300	4	25	20	1140	0	0	8	8	1	0	0	0	0
6000	694	60	300	4	25	28	12874	0	0	8	8	1	0.18	0.02	0	0
6000	695	60	300	4	25	21	2949	0	0	8	8	1	0.02	0	0	0
6000	696	60	300	4	25	26	8277	0	0	7	7	1	0.11	0	0	0
6000	700	60	300	4	25	18	1583	0	0	5	5	1	0	0.01	0	0
6000	701	60	300	4	25	13	183	0	0	5	5	1	0	0	0	0
6000	702	60	300	4	25	15	680	0	0	6	6	1	0	0	0	0
6000	703	60	300	4	25	31	74245	0	0	10	10	1	0.66	0.1	0	0
6000	704	60	300	4	25	19	1528	0	0	6	6	1	0	0.01	0	0
6000	705	60	300	4	25	30	7819	0	0	12	12	1	0.05	0.01	0	0
6000	706	60	300	4	25	17	3230	0	0	4	4	1	0.02	0	0	0
6000	708	60	300	4	25	22	5836	0	0	6	6	1	0.03	0.01	0	0
6000	709	60	300	4	25	16	1073	0	0	7	7	1	0	0	0	0
6000	711	60	300	4	25	18	1560	0	0	6	6	1	0.02	0	0	0
6000	712	60	300	4	25	29	74507	0	0	8	8	1	0.98	0.13	0	0
6000	714	60	300	4	25	25	18526	0	0	7	7	1	0.15	0.02	0	0
6000	715	60	300	4	25	21	377	0	0	14	14	1	0	0	0	0
6000	717	60	300	4	25	35	24915	0	0	12	12	1	0.35	0.02	0	0
6000	718	60	300	4	25	23	3323	0	0	7	7	1	0.02	0	0	0
6000	719	60	300	4	25	17	1087	0	0	6	6	1	0	0	0	0
6000	720	60	300	4	25	19	739	0	0	7	7	1	0	0	0	0
6000	721	60	300	4	25	22	8107	0	0	7	7	1	0.05	0.01	0	0
6000	722	60	300	4	25	16	1431	0	0	5	5	1	0.01	0	0	0
6000	725	60	300	4	25	23	776	0	0	12	12	1	0	0	0	0
6000	726	60	300	4	25	15	1497	0	0	4	4	1	0.01	0	0	0
6000	728	60	300	4	25	19	952	0	0	7	7	1	0.01	0	0	0
6000	729	60	300	4	25	25	38722	0	0	6	6	1	0.22	0.06	0	0
6000	731	60	300	4	25	17	615	0	0	6	6	1	0	0	0	0
6000	732	60	300	4	25	21	1282	0	0	7	7	1	0.01	0	0	0
6000	733	60	300	4	25	18	674	0	0	6	6	1	0	0	0	0
6000	734	60	300	4	25	19	8394	0	0	4	4	1	0.05	0.01	0	0
6000	736	60	300	4	25	29	12589	0	0	8	8	1	0.13	0.03	0	0
6000	737	60	300	4	25	17	1663	0	0	7	7	1	0.01	0	0	0
6000	738	60	300	4	25	16	566	0	0	5	5	1	0	0	0	0
6000	739	60	300	4	25	25	11232	0	0	8	8	1	0.11	0	0	0
6000	740	60	300	4	25	14	683	0	0	6	6	1	0	0	0	0
6000	742	60	300	4	25	20	1748	0	0	6	6	1	0.01	0	0	0
6000	743	60	300	4	25	22	8524	0	0	6	6	1	0.05	0.01	0	0
6000	744	60	300	4	25	15	1016	0	0	5	5	1	0	0	0	0
6000	745	60	300	4	25	16	1568	0	0	4	4	1	0	0	0	0
6000	746	60	300	4	25	24	5259	0	0	9	9	1	0.05	0	0	0
6000	747	60	300	4	25	27	1885	0	0	13	13	1	0.02	0	0	0
6000	748	60	300	4	25	16	577	0	0	6	6	1	0	0	0	0
6000	749	60	300	4	25	16	37	0	0	14	14	1	0	0	0	0
6000	750	60	300	4	25	30	14834	0	0	9	9	1	0.14	0.02	0	0
6000	751	60	300	4	25	22	4777	0	0	5	5	1	0.08	0.02	0	0
6000	752	60	300	4	25	24	1974	0	0	8	8	1	0.14	0	0	0
6000	754	60	300	4	25	17	626	0	0	8	8	1	0	0	0	0
6000	755	60	300	4	25	23	9223	0	0	9	9	1	0.05	0.01	0	0
6000	757	60	300	4	25	18	249	0	0	11	11	1	0	0	0	0
6000	758	60	300	4	25	23	9128	0	0	5	5	1	0.04	0.01	0	0
6000	759	60	300	4	25	13	397	0	0	5	5	1	0	0	0	0
6000	760	60	300	4	25	24	8872	0	0	9	9	1	0.09	0.01	0	0
6000	761	60	300	4	25	26	12843	0	0	8	8	1	0.08	0.01	0	0
6000	762	60	300	4	25	16	1699	0	0	5	5	1	0	0.01	0	0
6000	763	60	300	4	25	14	719	0	0	6	6	1	0	0	0	0
6000	764	60	300	4	25	14	496	0	0	4	4	1	0	0	0	0
6000	765	60	300	4	25	19	2986	0	0	4	4	1	0.01	0.01	0	0
6000	769	60	300	4	25	23	6342	0	0	7	7	1	0.03	0	0	0
6000	770	60	300	4	25	22	3111	0	0	7	7	1	0.01	0	0	0
6000	771	60	300	4	25	14	366	0	0	5	5	1	0	0	0	0
6000	774	60	300	4	25	20	972	0	0	9	9	1	0	0.01	0	0
6000	778	60	300	4	25	30	44411	0	0	10	10	1	0.51	0.05	0	0
6000	779	60	300	4	25	13	435	0	0	6	6	1	0	0	0	0
6000	781	60	300	4	25	14	1259	0	0	3	3	1	0	0	0	0
6000	785	60	300	4	25	32	8391	0	0	17	17	1	0.11	0	0	0
6000	786	60	300	4	25	26	8118	0	0	6	6	1	0.08	0.01	0	0
6000	787	60	300	4	25	17	1623	0	0	4	4	1	0	0.01	0	0
6000	789	60	300	4	25	15	2251	0	0	4	4	1	0.01	0	0	0
6000	790	60	300	4	25	23	7367	0	0	8	8	1	0.03	0.01	0	0
6000	792	60	300	4	25	27	51800	0	0	8	8	1	0.56	0.02	0	0
6000	794	60	300	4	25	16	2695	0	0	5	5	1	0.01	0	0	0
6000	796	60	300	4	25	14	277	0	0	6	6	1	0	0	0	0
6000	797	60	300	4	25	23	1161	0	0	11	11	1	0	0	0	0
6000	798	60	300	4	25	29	17653	0	0	11	11	1	0.13	0.02	0	0
6000	799	60	300	4	25	16	926	0	0	6	6	1	0.01	0	0	0
6000	800	60	300	4	25	21	5101	0	0	6	6	1	0.04	0	0	0
6000	803	60	300	4	25	20	8227	0	0	5	5	1	0.04	0.01	0	0
6000	804	60	300	4	25	21	4027	0	0	6	6	1	0.05	0.01	0	0
6000	805	60	300	4	25	23	834	0	0	9	9	1	0.01	0	0	0
6000	806	60	300	4	25	27	20764	0	0	8	8	1	0.11	0.03	0	0
6000	808	60	300	4	25	9	71	0	0	5	5	1	0	0	0	0
6000	809	60	300	4	25	19	5396	0	0	4	4	1	0.04	0	0	0
6000	811	60	300	4	25	21	4373	0	0	10	10	1	0.02	0	0	0
6000	813	60	300	4	25	13	688	0	0	5	5	1	0	0	0	0
6000	814	60	300	4	25	35	7804	0	0	13	13	1	0.08	0	0	0
6000	816	60	300	4	25	29	19063	0	0	11	11	1	0.14	0.01	0	0
6000	817	60	300	4	25	17	1133	0	0	6	6	1	0	0	0	0
6000	819	60	300	4	25	15	359	0	0	7	7	1	0	0	0	0
6000	820	60	300	4	25	19	1260	0	0	7	7	1	0	0	0	0
6000	821	60	300	4	25	18	6448	0	0	5	5	1	0.02	0.01	0	0
6000	822	60	300	4	25	15	986	0	0	6	6	1	0	0	0	0
6000	823	60	300	4	25	15	2278	0	0	3	3	1	0.01	0	0	0
6000	824	60	300	4	25	22	4080	0	0	8	8	1	0.03	0	0	0
6000	825	60	300	4	25	23	7637	0	0	6	6	1	0.03	0.01	0	0
6000	826	60	300	4	25	8	55	0	0	4	4	1	0	0	0	0
6000	827	60	300	4	25	6	17	0	0	4	4	1	0	0	0	0
6000	828	60	300	4	25	22	2268	0	0	8	8	1	0.01	0	0	0
6000	829	60	300	4	25	27	2217	0	0	11	11	1	0.02	0.01	0	0
6000	830	60	300	4	25	23	2922	0	0	9	9	1	0.03	0	0	0
6000	832	60	300	4	25	22	4484	0	0	7	7	1	0.06	0.01	0	0
6000	834	60	300	4	25	27	6480	0	0	9	9	1	0.04	0	0	0
6000	835	60	300	4	25	17	975	0	0	5	5	1	0	0	0	0
6000	838	60	300	4	25	19	3143	0	0	6	6	1	0.02	0	0	0
6000	840	60	300	4	25	11	123	0	0	5	5	1	0	0	0	0
6000	841	60	300	4	25	25	12218	0	0	8	8	1	0.21	0.02	0	0
6000	842	60	300	4	25	32	4663	0	0	11	11	1	0.05	0	0	0
6000	843	60	300	4	25	15	1274	0	0	3	3	1	0	0	0	0
6000	844	60	300	4	25	29	16342	0	0	13	13	1	0.22	0.01	0	0
6000	845	60	300	4	25	14	573	0	0	4	4	1	0	0	0	0
6000	847	60	300	4	25	19	1113	0	0	8	8	1	0	0	0	0
6000	848	60	300	4	25	19	5885	0	0	5	5	1	0.04	0.01	0	0
6000	850	60	300	4	25	19	788	0	0	8	8	1	0	0	0	0
6000	851	60	300	4	25	28	18970	0	0	6	6	1	0.16	0.02	0	0
6000	852	60	300	4	25	18	3819	0	0	6	6	1	0.02	0.01	0	0
6000	853	60	300	4	25	16	1889	0	0	4	4	1	0.01	0	0	0
6000	855	60	300	4	25	13	467	0	0	4	4	1	0	0	0	0
6000	856	60	300	4	25	26	2056	0	0	10	10	1	0.02	0	0	0
6000	858	60	300	4	25	24	12540	0	0	8	8	1	0.06	0.01	0	0
6000	859	60	300	4	25	28	15744	0	0	9	9	1	0.21	0.02	0	0
6000	860	60	300	4	25	16	833	0	0	5	5	1	0	0	0	0
6000	862	60	300	4	25	24	4221	0	0	6	6	1	0.04	0	0	0
6000	863	60	300	4	25	11	44	0	0	7	7	1	0	0	0	0
6000	864	60	300	4	25	17	619	0	0	6	6	1	0	0	0	0
6000	865	60	300	4	25	35	2000	0	0	19	19	1	0.02	0	0	0
6000	868	60	300	4	25	25	7911	0	0	6	6	1	0.1	0.01	0	0
6000	870	60	300	4	25	18	1650	0	0	5	5	1	0	0	0	0
6000	871	60	300	4	25	40	25707	0	0	15	15	1	0.72	0.03	0	0
6000	872	60	300	4	25	30	9216	0	0	8	8	1	0.12	0.02	0	0
6000	873	60	300	4	25	18	1409	0	0	6	6	1	0.01	0	0	0
6000	874	60	300	4	25	25	11457	0	0	9	9	1	0.09	0	0	0
6000	876	60	300	4	25	19	3141	0	0	5	5	1	0.02	0.01	0	0
6000	878	60	300	4	25	24	8504	0	0	7	7	1	0.07	0.01	0	0
6000	879	60	300	4	25	24	960	0	0	10	10	1	0	0	0	0
6000	880	60	300	4	25	24	18868	0	0	6	6	1	0.26	0.01	0	0
6000	881	60	300	4	25	12	539	0	0	4	4	1	0	0	0	0
6000	882	60	300	4	25	24	118934	0	0	5	5	1	1.23	0.11	0	0
6000	883	60	300	4	25	28	26690	0	0	7	7	1	0.4	0.04	0	0
6000	884	60	300	4	25	15	1527	0	0	4	4	1	0	0.01	0	0
6000	885	60	300	4	25	11	155	0	0	5	5	1	0	0	0	0
6000	886	60	300	4	25	17	505	0	0	7	7	1	0	0	0	0
6000	887	60	300	4	25	24	4358	0	0	8	8	1	0.02	0	0	0
6000	888	60	300	4	25	26	4729	0	0	11	11	1	0.03	0.01	0	0
6000	889	60	300	4	25	26	16705	0	0	5	5	1	0.13	0.03	0	0
6000	890	60	300	4	25	32	16136	0	0	10	10	1	0.2	0.02	0	0
6000	891	60	300	4	25	27	11363	0	0	10	10	1	0.08	0.01	0	0
6000	892	60	300	4	25	21	1013	0	0	9	9	1	0	0	0	0
6000	894	60	300	4	25	18	713	0	0	7	7	1	0	0	0	0
6000	896	60	300	4	25	23	2370	0	0	7	7	1	0.02	0	0	0
6000	898	60	300	4	25	26	2128	0	0	12	12	1	0.02	0	0	0
6000	901	60	300	4	25	24	7500	0	0	6	6	1	0.06	0.01	0	0
6000	902	60	300	4	25	18	2100	0	0	5	5	1	0.02	0	0	0
6000	903	60	300	4	25	17	690	0	0	9	9	1	0	0	0	0
6000	904	60	300	4	25	20	1355	0	0	6	6	1	0.01	0	0	0
6000	905	60	300	4	25	11	221	0	0	3	3	1	0	0	0	0
6000	906	60	300	4	25	17	803	0	0	6	6	1	0	0	0	0
6000	907	60	300	4	25	23	10857	0	0	7	7	1	0.1	0.01	0	0
6000	909	60	300	4	25	26	7043	0	0	10	10	1	0.06	0	0	0
6000	911	60	300	4	25	21	813	0	0	10	10	1	0	0	0	0
6000	912	60	300	4	25	23	7486	0	0	7	7	1	0.06	0	0	0
6000	913	60	300	4	25	10	128	0	0	4	4	1	0	0	0	0
6000	914	60	300	4	25	17	5616	0	0	4	4	1	0.02	0.01	0	0
6000	915	60	300	4	25	20	7422	0	0	5	5	1	0.04	0	0	0
6000	917	60	300	4	25	26	15669	0	0	9	9	1	0.07	0.03	0	0
6000	919	60	300	4	25	20	4964	0	0	6	6	1	0.04	0	0	0
6000	920	60	300	4	25	26	24167	0	0	5	5	1	0.21	0.04	0	0
6000	921	60	300	4	25	26	11226	0	0	8	8	1	0.06	0.01	0	0
6000	922	60	300	4	25	16	1053	0	0	6	6	1	0	0	0	0
6000	924	60	300	4	25	19	901	0	0	6	6	1	0	0	0	0
6000	925	60	300	4	25	22	5160	0	0	7	7	1	0.03	0.01	0	0
6000	926	60	300	4	25	23	2853	0	0	7	7	1	0.01	0	0	0
6000	927	60	300	4	25	16	373	0	0	8	8	1	0	0	0	0
6000	928	60	300	4	25	19	1514	0	0	10	10	1	0	0	0	0
6000	929	60	300	4	25	16	539	0	0	6	6	1	0	0	0	0
6000	930	60	300	4	25	22	666	0	0	10	10	1	0	0	0	0
6000	931	60	300	4	25	31	22377	0	0	10	10	1	0.18	0.04	0	0
6000	932	60	300	4	25	24	2797	0	0	11	11	1	0.03	0	0	0
6000	934	60	300	4	25	27	5290	0	0	8	8	1	0.03	0.01	0	0
6000	936	60	300	4	25	33	102551	0	0	8	8	1	0.72	0.14	0	0
6000	938	60	300	4	25	14	331	0	0	6	6	1	0	0	0	0
6000	939	60	300	4	25	20	5038	0	0	5	5	1	0.04	0	0	0
6000	941	60	300	4	25	25	5886	0	0	9	9	1	0.06	0	0	0
6000	942	60	300	4	25	19	2114	0	0	7	7	1	0.02	0.01	0	0
6000	944	60	300	4	25	21	1221	0	0	6	6	1	0.01	0	0	0
6000	946	60	300	4	25	28	3299	0	0	11	11	1	0.02	0	0	0
6000	947	60	300	4	25	19	4283	0	0	5	5	1	0.02	0	0	0
6000	948	60	300	4	25	19	1729	0	0	7	7	1	0.03	0	0	0
6000	950	60	300	4	25	11	254	0	0	3	3	1	0	0	0	0
6000	951	60	300	4	25	14	548	0	0	5	5	1	0	0	0	0
6000	952	60	300	4	25	21	2782	0	0	9	9	1	0.02	0	0	0
6000	953	60	300	4	25	27	3370	0	0	9	9	1	0.04	0	0	0
6000	957	60	300	4	25	19	3409	0	0	5	5	1	0.03	0	0	0
6000	958	60	300	4	25	16	464	0	0	7	7	1	0	0	0	0
6000	959	60	300	4	25	20	6053	0	0	6	6	1	0.04	0	0	0
6000	960	60	300	4	25	22	3411	0	0	9	9	1	0.02	0	0	0
6000	961	60	300	4	25	15	1061	0	0	6	6	1	0	0	0	0
6000	965	60	300	4	25	27	33583	0	0	6	6	1	0.25	0.04	0	0
6000	967	60	300	4	25	17	1619	0	0	5	5	1	0	0	0	0
6000	968	60	300	4	25	9	119	0	0	3	3	1	0	0	0	0
6000	969	60	300	4	25	17	838	0	0	5	5	1	0	0	0	0
6000	970	60	300	4	25	21	3512	0	0	7	7	1	0.02	0	0	0
6000	972	60	300	4	25	27	5697	0	0	11	11	1	0.04	0	0	0
6000	974	60	300	4	25	22	3716	0	0	8	8	1	0.02	0	0	0
6000	977	60	300	4	25	11	90	0	0	6	6	1	0	0	0	0
6000	978	60	300	4	25	14	599	0	0	5	5	1	0	0	0	0
6000	980	60	300	4	25	28	6683	0	0	10	10	1	0.04	0	0	0
6000	982	60	300	4	25	24	5856	0	0	10	10	1	0.02	0.01	0	0
6000	984	60	300	4	25	13	935	0	0	3	3	1	0	0	0	0
6000	985	60	300	4	25	29	18151	0	0	9	9	1	0.12	0.02	0	0
6000	986	60	300	4	25	15	1557	0	0	4	4	1	0	0.01	0	0
6000	987	60	300	4	25	18	474	0	0	9	9	1	0	0	0	0
6000	989	60	300	4	25	28	14113	0	0	12	12	1	0.1	0.02	0	0
6000	991	60	300	4	25	15	258	0	0	8	8	1	0	0	0	0
6000	993	60	300	4	25	16	819	0	0	6	6	1	0	0	0	0
6000	994	60	300	4	25	27	18012	0	0	10	10	1	0.17	0.02	0	0
6000	996	60	300	4	25	24	7336	0	0	9	9	1	0.05	0	0	0
6000	997	60	300	4	25	30	9640	0	0	9	9	1	0.14	0.01	0	0
6000	998	60	300	4	25	27	9767	0	0	10	10	1	0.05	0.01	0	0
6000	999	60	300	4	25	24	3854	0	0	8	8	1	0.03	0	0	0
6000	1000	60	300	4	25	24	4796	0	0	6	6	1	0.03	0	0	0
