6000	2	70	300	4	25	29	23816	0	0	12	12	1	0.34	0.02	0	0
6000	5	70	300	4	25	34	14872	0	0	19	19	1	0.15	0.01	0	0
6000	7	70	300	4	25	27	4594	0	0	9	9	1	0.08	0.01	0	0
6000	9	70	300	4	25	34	36666	0	0	10	10	1	0.53	0.06	0	0
6000	10	70	300	4	25	18	2128	0	0	4	4	1	0.02	0.01	0	0
6000	12	70	300	4	25	29	17058	0	0	10	10	1	0.15	0.04	0	0
6000	13	70	300	4	25	26	39035	0	0	6	6	1	0.38	0.05	0	0
6000	14	70	300	4	25	32	59662	0	0	9	9	1	0.8	0.08	0	0
6000	18	70	300	4	25	35	160286	0	0	8	8	1	1.87	0.24	0	0
6000	20	70	300	4	25	27	15482	0	0	8	8	1	0.13	0.01	0	0
6000	21	70	300	4	25	28	6002	0	0	9	9	1	0.04	0.01	0	0
6000	22	70	300	4	25	27	31576	0	0	10	10	1	0.21	0.01	0	0
6000	24	70	300	4	25	29	16927	0	0	9	9	1	0.12	0.02	0	0
6000	26	70	300	4	25	26	4809	0	0	11	11	1	0.07	0	0	0
6000	27	70	300	4	25	36	5470	0	0	21	21	1	0.09	0	0	0
6000	36	70	300	4	25	27	5524	0	0	13	13	1	0.05	0	0	0
6000	37	70	300	4	25	33	79390	0	0	11	11	1	1.23	0.1	0	0
6000	40	70	300	4	25	27	27357	0	0	7	7	1	0.28	0.02	0	0
6000	41	70	300	4	25	24	5398	0	0	7	7	1	0.06	0.01	0	0
6000	46	70	300	4	25	18	1209	0	0	6	6	1	0.01	0	0	0
6000	47	70	300	4	25	28	69549	0	0	6	6	1	0.44	0.08	0	0
6000	48	70	300	4	25	20	7203	0	0	4	4	1	0.04	0.01	0	0
6000	49	70	300	4	25	24	12397	0	0	8	8	1	0.09	0.01	0	0
6000	51	70	300	4	25	24	8722	0	0	7	7	1	0.1	0	0	0
6000	52	70	300	4	25	20	802	0	0	8	8	1	0	0	0	0
6000	53	70	300	4	25	32	21675	0	0	15	15	1	0.12	0.02	0	0
6000	57	70	300	4	25	19	9237	0	0	4	4	1	0.07	0.01	0	0
6000	58	70	300	4	25	22	2946	0	0	8	8	1	0.01	0.01	0	0
6000	60	70	300	4	25	29	58622	0	0	8	8	1	0.37	0.06	0	0
6000	66	70	300	4	25	28	39666	0	0	8	8	1	0.34	0.05	0	0
6000	67	70	300	4	25	23	4700	0	0	8	8	1	0.04	0	0	0
6000	68	70	300	4	25	20	4557	0	0	5	5	1	0.02	0.01	0	0
6000	70	70	300	4	25	22	3558	0	0	7	7	1	0.02	0	0	0
6000	71	70	300	4	25	27	39230	0	0	7	7	1	0.35	0.04	0	0
6000	72	70	300	4	25	22	2944	0	0	10	10	1	0.01	0	0	0
6000	73	70	300	4	25	27	22427	0	0	6	6	1	0.19	0.02	0	0
6000	84	70	300	4	25	34	15874	0	0	14	14	1	0.16	0.02	0	0
6000	85	70	300	4	25	34	1274982	0	0	6	6	1	15.43	1.55	0	0
6000	86	70	300	4	25	25	6638	0	0	10	10	1	0.05	0	0	0
6000	88	70	300	4	25	39	71352	0	0	11	11	1	0.92	0.11	0	0
6000	89	70	300	4	25	22	38006	0	0	4	4	1	0.26	0.05	0	0
6000	94	70	300	4	25	26	12079	0	0	6	6	1	0.11	0.01	0	0
6000	95	70	300	4	25	35	29644	0	0	13	13	1	0.32	0.03	0	0
6000	96	70	300	4	25	27	36462	0	0	9	9	1	0.44	0.05	0	0
6000	97	70	300	4	25	24	20506	0	0	6	6	1	0.25	0.02	0	0
6000	98	70	300	4	25	30	26963	0	0	9	9	1	0.41	0.04	0	0
6000	101	70	300	4	25	25	14551	0	0	7	7	1	0.13	0.03	0	0
6000	109	70	300	4	25	32	36567	0	0	10	10	1	0.36	0.04	0	0
6000	110	70	300	4	25	26	2117	0	0	11	11	1	0.01	0.01	0	0
6000	112	70	300	4	25	28	29436	0	0	7	7	1	0.27	0.05	0	0
6000	113	70	300	4	25	27	16729	0	0	8	8	1	0.13	0.02	0	0
6000	114	70	300	4	25	21	3369	0	0	7	7	1	0.02	0.01	0	0
6000	115	70	300	4	25	40	90019	0	0	10	10	1	1.61	0.12	0	0
6000	117	70	300	4	25	34	44772	0	0	9	9	1	0.8	0.08	0	0
6000	119	70	300	4	25	27	15495	0	0	7	7	1	0.09	0.02	0	0
6000	120	70	300	4	25	26	26877	0	0	7	7	1	0.28	0.01	0	0
6000	123	70	300	4	25	24	41357	0	0	5	5	1	0.36	0.05	0	0
6000	124	70	300	4	25	38	20660	0	0	17	17	1	0.27	0.01	0	0
6000	126	70	300	4	25	30	6230	0	0	11	11	1	0.05	0	0	0
6000	127	70	300	4	25	31	20278	0	0	14	14	1	0.15	0.03	0	0
6000	128	70	300	4	25	39	142509	0	0	10	10	1	2.35	0.21	0	0
6000	130	70	300	4	25	25	8646	0	0	7	7	1	0.06	0.01	0	0
6000	131	70	300	4	25	27	24789	0	0	11	11	1	0.38	0.03	0	0
6000	133	70	300	4	25	25	3602	0	0	9	9	1	0.02	0.01	0	0
6000	135	70	300	4	25	21	2597	0	0	7	7	1	0.04	0	0	0
6000	136	70	300	4	25	18	791	0	0	5	5	1	0	0	0	0
6000	139	70	300	4	25	30	9327	0	0	11	11	1	0.09	0.01	0	0
6000	144	70	300	4	25	18	693	0	0	6	6	1	0	0	0	0
6000	145	70	300	4	25	39	35209	0	0	17	17	1	0.21	0.05	0	0
6000	148	70	300	4	25	20	2119	0	0	8	8	1	0.02	0	0	0
6000	150	70	300	4	25	34	73791	0	0	9	9	1	1.01	0.08	0	0
6000	152	70	300	4	25	30	11920	0	0	9	9	1	0.08	0.01	0	0
6000	155	70	300	4	25	28	6010	0	0	12	12	1	0.07	0.01	0	0
6000	157	70	300	4	25	31	22485	0	0	12	12	1	0.21	0.02	0	0
6000	159	70	300	4	25	15	1060	0	0	6	6	1	0	0	0	0
6000	160	70	300	4	25	33	29024	0	0	10	10	1	0.26	0.04	0	0
6000	161	70	300	4	25	31	96866	0	0	7	7	1	0.91	0.15	0	0
6000	164	70	300	4	25	27	5340	0	0	12	12	1	0.06	0	0	0
6000	165	70	300	4	25	42	149934	0	0	14	14	1	1.18	0.23	0	0
6000	166	70	300	4	25	29	5927	0	0	12	12	1	0.05	0.01	0	0
6000	168	70	300	4	25	16	1092	0	0	4	4	1	0	0	0	0
6000	169	70	300	4	25	35	50329	0	0	11	11	1	0.63	0.06	0	0
6000	173	70	300	4	25	26	5864	0	0	7	7	1	0.03	0.01	0	0
6000	174	70	300	4	25	26	11752	0	0	7	7	1	0.07	0.01	0	0
6000	175	70	300	4	25	28	25755	0	0	7	7	1	0.23	0.03	0	0
6000	176	70	300	4	25	30	19440	0	0	12	12	1	0.22	0.01	0	0
6000	179	70	300	4	25	22	3559	0	0	7	7	1	0.03	0	0	0
6000	180	70	300	4	25	24	12257	0	0	5	5	1	0.09	0.01	0	0
6000	183	70	300	4	25	22	6849	0	0	9	9	1	0.06	0.01	0	0
6000	184	70	300	4	25	29	19199	0	0	8	8	1	0.14	0.03	0	0
6000	190	70	300	4	25	23	2796	0	0	9	9	1	0.02	0	0	0
6000	191	70	300	4	25	27	6577	0	0	8	8	1	0.05	0.01	0	0
6000	192	70	300	4	25	32	34980	0	0	10	10	1	0.32	0.05	0	0
6000	196	70	300	4	25	33	58922	0	0	12	12	1	0.37	0.05	0	0
6000	197	70	300	4	25	32	39909	0	0	7	7	1	0.45	0.04	0	0
6000	198	70	300	4	25	27	9022	0	0	10	10	1	0.05	0.01	0	0
6000	199	70	300	4	25	33	217420	0	0	7	7	1	2.43	0.43	0	0
6000	201	70	300	4	25	30	13948	0	0	8	8	1	0.14	0.03	0	0
6000	204	70	300	4	25	26	1572	0	0	9	9	1	0.01	0	0	0
6000	205	70	300	4	25	20	1441	0	0	7	7	1	0.01	0	0	0
6000	207	70	300	4	25	22	3813	0	0	7	7	1	0.02	0	0	0
6000	209	70	300	4	25	23	1985	0	0	8	8	1	0.01	0.01	0	0
6000	214	70	300	4	25	29	9484	0	0	9	9	1	0.12	0.01	0	0
6000	215	70	300	4	25	27	1735	0	0	13	13	1	0.02	0	0	0
6000	216	70	300	4	25	29	12634	0	0	9	9	1	0.2	0.01	0	0
6000	218	70	300	4	25	32	10425	0	0	13	13	1	0.13	0.01	0	0
6000	220	70	300	4	25	33	36161	0	0	11	11	1	0.26	0.04	0	0
6000	222	70	300	4	25	48	2133667	0	0	18	18	1	55.13	2.42	0	0
6000	223	70	300	4	25	41	425343	0	0	14	14	1	8.83	0.4	0	0
6000	227	70	300	4	25	37	86019	0	0	13	13	1	1.04	0.14	0	0
6000	228	70	300	4	25	25	5781	0	0	8	8	1	0.04	0.01	0	0
6000	231	70	300	4	25	31	14300	0	0	8	8	1	0.14	0.01	0	0
6000	233	70	300	4	25	27	16894	0	0	10	10	1	0.12	0.01	0	0
6000	239	70	300	4	25	31	26975	0	0	11	11	1	0.21	0.03	0	0
6000	240	70	300	4	25	28	21973	0	0	7	7	1	0.21	0.04	0	0
6000	245	70	300	4	25	25	5351	0	0	11	11	1	0.06	0	0	0
6000	246	70	300	4	25	33	58996	0	0	8	8	1	0.53	0.08	0	0
6000	248	70	300	4	25	24	8360	0	0	7	7	1	0.06	0	0	0
6000	249	70	300	4	25	35	11586	0	0	13	13	1	0.22	0.01	0	0
6000	250	70	300	4	25	34	172176	0	0	7	7	1	2.26	0.31	0	0
6000	251	70	300	4	25	23	34750	0	0	5	5	1	0.22	0.04	0	0
6000	253	70	300	4	25	32	23137	0	0	10	10	1	0.22	0.03	0	0
6000	254	70	300	4	25	24	6764	0	0	7	7	1	0.05	0.01	0	0
6000	255	70	300	4	25	32	31212	0	0	11	11	1	0.46	0.05	0	0
6000	256	70	300	4	25	30	86729	0	0	7	7	1	0.79	0.11	0	0
6000	258	70	300	4	25	22	7365	0	0	5	5	1	0.03	0.01	0	0
6000	260	70	300	4	25	23	1208	0	0	13	13	1	0	0	0	0
6000	261	70	300	4	25	20	9506	0	0	5	5	1	0.05	0.01	0	0
6000	262	70	300	4	25	29	10993	0	0	8	8	1	0.09	0.01	0	0
6000	265	70	300	4	25	29	10349	0	0	12	12	1	0.12	0.01	0	0
6000	268	70	300	4	25	38	187337	0	0	9	9	1	2.71	0.25	0	0
6000	269	70	300	4	25	22	961	0	0	9	9	1	0	0	0	0
6000	270	70	300	4	25	24	8536	0	0	8	8	1	0.05	0.01	0	0
6000	271	70	300	4	25	24	17343	0	0	7	7	1	0.11	0.01	0	0
6000	273	70	300	4	25	19	1260	0	0	8	8	1	0	0	0	0
6000	275	70	300	4	25	20	806	0	0	7	7	1	0	0.01	0	0
6000	277	70	300	4	25	27	10678	0	0	8	8	1	0.08	0.01	0	0
6000	279	70	300	4	25	30	3615	0	0	14	14	1	0.04	0	0	0
6000	280	70	300	4	25	50	162692	0	0	25	25	1	3.35	0.15	0	0
6000	281	70	300	4	25	26	3056	0	0	11	11	1	0.02	0	0	0
6000	282	70	300	4	25	36	28526	0	0	15	15	1	0.34	0.04	0	0
6000	283	70	300	4	25	22	5949	0	0	6	6	1	0.03	0	0	0
6000	285	70	300	4	25	22	10434	0	0	8	8	1	0.05	0.01	0	0
6000	291	70	300	4	25	23	3801	0	0	12	12	1	0.02	0	0	0
6000	294	70	300	4	25	38	51409	0	0	15	15	1	0.41	0.07	0	0
6000	296	70	300	4	25	26	13488	0	0	7	7	1	0.17	0.02	0	0
6000	297	70	300	4	25	24	6223	0	0	10	10	1	0.06	0	0	0
6000	299	70	300	4	25	39	103577	0	0	12	12	1	1.44	0.15	0	0
6000	300	70	300	4	25	32	21278	0	0	13	13	1	0.18	0.02	0	0
6000	301	70	300	4	25	43	120339	0	0	19	19	1	1.39	0.16	0	0
6000	302	70	300	4	25	24	5432	0	0	8	8	1	0.04	0	0	0
6000	303	70	300	4	25	22	28333	0	0	5	5	1	0.21	0.03	0	0
6000	304	70	300	4	25	28	14683	0	0	12	12	1	0.13	0.02	0	0
6000	306	70	300	4	25	25	6290	0	0	8	8	1	0.06	0	0	0
6000	307	70	300	4	25	22	7768	0	0	7	7	1	0.05	0	0	0
6000	310	70	300	4	25	28	12363	0	0	9	9	1	0.08	0.01	0	0
6000	313	70	300	4	25	22	3971	0	0	7	7	1	0.02	0	0	0
6000	314	70	300	4	25	33	63998	0	0	7	7	1	0.94	0.08	0	0
6000	316	70	300	4	25	23	2202	0	0	10	10	1	0.01	0	0	0
6000	318	70	300	4	25	25	3309	0	0	9	9	1	0.03	0	0	0
6000	319	70	300	4	25	21	1937	0	0	8	8	1	0.01	0	0	0
6000	322	70	300	4	25	27	12702	0	0	7	7	1	0.08	0.03	0	0
6000	325	70	300	4	25	31	28081	0	0	7	7	1	0.35	0.04	0	0
6000	327	70	300	4	25	29	23897	0	0	7	7	1	0.21	0.02	0	0
6000	329	70	300	4	25	30	43852	0	0	12	12	1	0.28	0.04	0	0
6000	331	70	300	4	25	27	43196	0	0	9	9	1	0.53	0.04	0	0
6000	332	70	300	4	25	27	17085	0	0	7	7	1	0.12	0.03	0	0
6000	333	70	300	4	25	33	26501	0	0	10	10	1	0.25	0.03	0	0
6000	335	70	300	4	25	28	9025	0	0	11	11	1	0.1	0.01	0	0
6000	337	70	300	4	25	25	15030	0	0	8	8	1	0.11	0.01	0	0
6000	338	70	300	4	25	28	35463	0	0	9	9	1	0.33	0.03	0	0
6000	339	70	300	4	25	24	7116	0	0	7	7	1	0.05	0	0	0
6000	340	70	300	4	25	33	94948	0	0	12	12	1	1.53	0.11	0	0
6000	341	70	300	4	25	25	15936	0	0	5	5	1	0.19	0.03	0	0
6000	342	70	300	4	25	31	137183	0	0	7	7	1	1.44	0.15	0	0
6000	343	70	300	4	25	37	28022	0	0	17	17	1	0.33	0.04	0	0
6000	344	70	300	4	25	21	2230	0	0	8	8	1	0.01	0	0	0
6000	348	70	300	4	25	33	10700	0	0	14	14	1	0.07	0.01	0	0
6000	350	70	300	4	25	23	8675	0	0	7	7	1	0.06	0.01	0	0
6000	351	70	300	4	25	30	36214	0	0	8	8	1	0.56	0.03	0	0
6000	352	70	300	4	25	28	5258	0	0	11	11	1	0.06	0	0	0
6000	353	70	300	4	25	26	12316	0	0	8	8	1	0.13	0.01	0	0
6000	354	70	300	4	25	25	12954	0	0	6	6	1	0.09	0.01	0	0
6000	360	70	300	4	25	24	5444	0	0	12	12	1	0.05	0.01	0	0
6000	361	70	300	4	25	33	83994	0	0	9	9	1	0.63	0.07	0	0
6000	362	70	300	4	25	21	3343	0	0	8	8	1	0.01	0	0	0
6000	364	70	300	4	25	29	27576	0	0	11	11	1	0.32	0.01	0	0
6000	367	70	300	4	25	28	7580	0	0	14	14	1	0.08	0	0	0
6000	371	70	300	4	25	16	686	0	0	6	6	1	0	0	0	0
6000	372	70	300	4	25	25	5112	0	0	8	8	1	0.04	0.01	0	0
6000	374	70	300	4	25	35	90655	0	0	7	7	1	1.04	0.1	0	0
6000	375	70	300	4	25	33	97509	0	0	12	12	1	0.9	0.09	0	0
6000	378	70	300	4	25	17	1348	0	0	5	5	1	0.01	0	0	0
6000	379	70	300	4	25	28	9833	0	0	9	9	1	0.07	0	0	0
6000	388	70	300	4	25	28	9234	0	0	8	8	1	0.06	0.02	0	0
6000	389	70	300	4	25	38	99711	0	0	10	10	1	1.5	0.13	0	0
6000	393	70	300	4	25	24	14141	0	0	5	5	1	0.09	0.03	0	0
6000	394	70	300	4	25	26	9215	0	0	9	9	1	0.04	0.01	0	0
6000	395	70	300	4	25	23	13850	0	0	6	6	1	0.09	0.02	0	0
6000	396	70	300	4	25	31	19073	0	0	10	10	1	0.22	0.01	0	0
6000	400	70	300	4	25	35	9464	0	0	17	17	1	0.13	0	0	0
6000	401	70	300	4	25	31	18673	0	0	10	10	1	0.18	0.03	0	0
6000	402	70	300	4	25	24	3196	0	0	10	10	1	0.03	0	0	0
6000	403	70	300	4	25	27	13922	0	0	9	9	1	0.08	0.01	0	0
6000	405	70	300	4	25	22	8115	0	0	7	7	1	0.05	0.01	0	0
6000	406	70	300	4	25	31	13844	0	0	11	11	1	0.13	0.02	0	0
6000	408	70	300	4	25	30	56336	0	0	11	11	1	0.41	0.07	0	0
6000	410	70	300	4	25	27	28713	0	0	9	9	1	0.19	0.04	0	0
6000	412	70	300	4	25	26	12789	0	0	8	8	1	0.12	0.01	0	0
6000	413	70	300	4	25	24	6721	0	0	5	5	1	0.04	0.01	0	0
6000	416	70	300	4	25	22	3110	0	0	7	7	1	0.02	0	0	0
6000	417	70	300	4	25	40	71688	0	0	12	12	1	1.06	0.11	0	0
6000	421	70	300	4	25	34	27311	0	0	9	9	1	0.24	0.04	0	0
6000	422	70	300	4	25	33	27571	0	0	12	12	1	0.28	0.04	0	0
6000	423	70	300	4	25	23	5335	0	0	9	9	1	0.03	0	0	0
6000	426	70	300	4	25	28	14578	0	0	9	9	1	0.11	0.03	0	0
6000	429	70	300	4	25	20	1251	0	0	7	7	1	0	0	0	0
6000	430	70	300	4	25	30	18069	0	0	9	9	1	0.16	0.03	0	0
6000	431	70	300	4	25	43	759222	0	0	9	9	1	6.22	0.96	0	0
6000	433	70	300	4	25	46	41231	0	0	24	24	1	0.85	0.03	0	0
6000	435	70	300	4	25	19	3737	0	0	6	6	1	0.02	0	0	0
6000	436	70	300	4	25	18	1438	0	0	5	5	1	0.01	0	0	0
6000	438	70	300	4	25	38	62298	0	0	22	22	1	1.5	0.05	0	0
6000	439	70	300	4	25	31	3988	0	0	12	12	1	0.04	0	0	0
6000	440	70	300	4	25	30	126029	0	0	7	7	1	1.51	0.17	0	0
6000	443	70	300	4	25	20	1413	0	0	7	7	1	0.01	0	0	0
6000	445	70	300	4	25	24	7228	0	0	7	7	1	0.05	0.01	0	0
6000	446	70	300	4	25	25	29019	0	0	6	6	1	0.22	0.03	0	0
6000	447	70	300	4	25	31	7648	0	0	9	9	1	0.07	0.01	0	0
6000	448	70	300	4	25	32	18249	0	0	11	11	1	0.19	0.02	0	0
6000	452	70	300	4	25	20	6437	0	0	5	5	1	0.03	0	0	0
6000	453	70	300	4	25	25	5809	0	0	7	7	1	0.06	0.01	0	0
6000	455	70	300	4	25	23	6347	0	0	6	6	1	0.06	0.01	0	0
6000	456	70	300	4	25	28	4748	0	0	11	11	1	0.05	0	0	0
6000	457	70	300	4	25	30	10198	0	0	9	9	1	0.13	0.01	0	0
6000	458	70	300	4	25	32	80593	0	0	10	10	1	0.61	0.12	0	0
6000	461	70	300	4	25	28	4173	0	0	11	11	1	0.04	0	0	0
6000	462	70	300	4	25	31	19266	0	0	9	9	1	0.17	0.02	0	0
6000	465	70	300	4	25	18	2402	0	0	7	7	1	0.01	0	0	0
6000	466	70	300	4	25	36	15138	0	0	17	17	1	0.1	0	0	0
6000	467	70	300	4	25	36	63979	0	0	13	13	1	1.27	0.1	0	0
6000	469	70	300	4	25	31	32319	0	0	13	13	1	0.49	0.03	0	0
6000	470	70	300	4	25	34	417804	0	0	6	6	1	4.88	0.49	0	0
6000	471	70	300	4	25	28	14644	0	0	8	8	1	0.15	0.01	0	0
6000	472	70	300	4	25	22	2253	0	0	7	7	1	0.01	0	0	0
6000	473	70	300	4	25	28	17831	0	0	11	11	1	0.12	0.01	0	0
6000	475	70	300	4	25	29	8361	0	0	9	9	1	0.07	0.01	0	0
6000	478	70	300	4	25	29	19927	0	0	9	9	1	0.17	0.02	0	0
6000	479	70	300	4	25	27	17635	0	0	8	8	1	0.14	0.04	0	0
6000	481	70	300	4	25	28	2175	0	0	11	11	1	0.02	0	0	0
6000	482	70	300	4	25	24	1706	0	0	11	11	1	0	0	0	0
6000	483	70	300	4	25	24	8139	0	0	7	7	1	0.08	0.01	0	0
6000	485	70	300	4	25	29	4699	0	0	11	11	1	0.07	0	0	0
6000	488	70	300	4	25	30	44148	0	0	8	8	1	0.31	0.05	0	0
6000	490	70	300	4	25	33	6229	0	0	13	13	1	0.05	0.01	0	0
6000	492	70	300	4	25	19	5530	0	0	5	5	1	0.03	0.01	0	0
6000	493	70	300	4	25	24	11062	0	0	6	6	1	0.13	0	0	0
6000	495	70	300	4	25	24	17111	0	0	5	5	1	0.15	0.02	0	0
6000	496	70	300	4	25	42	74998	0	0	14	14	1	1.45	0.11	0	0
6000	498	70	300	4	25	27	5014	0	0	13	13	1	0.03	0	0	0
6000	500	70	300	4	25	22	4080	0	0	7	7	1	0.02	0	0	0
6000	504	70	300	4	25	26	5946	0	0	9	9	1	0.03	0	0	0
6000	505	70	300	4	25	27	6065	0	0	8	8	1	0.04	0.01	0	0
6000	507	70	300	4	25	25	16069	0	0	6	6	1	0.15	0.01	0	0
6000	508	70	300	4	25	25	6626	0	0	11	11	1	0.04	0	0	0
6000	510	70	300	4	25	19	4055	0	0	5	5	1	0.02	0	0	0
6000	511	70	300	4	25	24	9777	0	0	6	6	1	0.09	0.01	0	0
6000	514	70	300	4	25	25	3558	0	0	10	10	1	0.02	0.01	0	0
6000	515	70	300	4	25	30	8854	0	0	13	13	1	0.11	0.01	0	0
6000	516	70	300	4	25	25	61242	0	0	6	6	1	0.55	0.08	0	0
6000	517	70	300	4	25	30	6237	0	0	11	11	1	0.03	0	0	0
6000	518	70	300	4	25	17	235	0	0	7	7	1	0	0	0	0
6000	519	70	300	4	25	29	1499	0	0	16	16	1	0.02	0	0	0
6000	521	70	300	4	25	43	210696	0	0	18	18	1	3.96	0.28	0	0
6000	522	70	300	4	25	24	52952	0	0	5	5	1	0.4	0.09	0	0
6000	525	70	300	4	25	32	11389	0	0	14	14	1	0.1	0.02	0	0
6000	528	70	300	4	25	31	27846	0	0	10	10	1	0.25	0.04	0	0
6000	530	70	300	4	25	36	98537	0	0	11	11	1	1.29	0.11	0	0
6000	534	70	300	4	25	28	33396	0	0	9	9	1	0.3	0.05	0	0
6000	535	70	300	4	25	19	8269	0	0	4	4	1	0.04	0.01	0	0
6000	538	70	300	4	25	26	18044	0	0	7	7	1	0.16	0.03	0	0
6000	539	70	300	4	25	21	1419	0	0	7	7	1	0.01	0	0	0
6000	541	70	300	4	25	26	6578	0	0	7	7	1	0.06	0.01	0	0
6000	543	70	300	4	25	22	5360	0	0	6	6	1	0.03	0.01	0	0
6000	544	70	300	4	25	35	33753	0	0	12	12	1	0.48	0.05	0	0
6000	545	70	300	4	25	26	7906	0	0	12	12	1	0.07	0.01	0	0
6000	546	70	300	4	25	23	11130	0	0	5	5	1	0.08	0	0	0
6000	548	70	300	4	25	20	5350	0	0	4	4	1	0.03	0.01	0	0
6000	549	70	300	4	25	21	5251	0	0	6	6	1	0.03	0	0	0
6000	551	70	300	4	25	21	2536	0	0	9	9	1	0.02	0	0	0
6000	553	70	300	4	25	25	5589	0	0	11	11	1	0.05	0	0	0
6000	554	70	300	4	25	21	5131	0	0	7	7	1	0.04	0.01	0	0
6000	556	70	300	4	25	26	13716	0	0	7	7	1	0.08	0.02	0	0
6000	558	70	300	4	25	32	43911	0	0	8	8	1	0.28	0.05	0	0
6000	561	70	300	4	25	23	9957	0	0	5	5	1	0.07	0.02	0	0
6000	562	70	300	4	25	25	51349	0	0	6	6	1	0.49	0.07	0	0
6000	564	70	300	4	25	29	124578	0	0	6	6	1	1.48	0.23	0	0
6000	565	70	300	4	25	35	186276	0	0	9	9	1	1.73	0.26	0	0
6000	567	70	300	4	25	28	29897	0	0	8	8	1	0.27	0.03	0	0
6000	568	70	300	4	25	30	64223	0	0	9	9	1	0.46	0.09	0	0
6000	569	70	300	4	25	32	82360	0	0	9	9	1	0.65	0.13	0	0
6000	572	70	300	4	25	26	13563	0	0	8	8	1	0.12	0.02	0	0
6000	573	70	300	4	25	13	910	0	0	3	3	1	0	0	0	0
6000	574	70	300	4	25	31	11692	0	0	13	13	1	0.16	0.01	0	0
6000	576	70	300	4	25	42	158873	0	0	10	10	1	2.45	0.21	0	0
6000	577	70	300	4	25	23	16272	0	0	5	5	1	0.08	0.02	0	0
6000	578	70	300	4	25	30	33956	0	0	8	8	1	0.24	0.04	0	0
6000	583	70	300	4	25	17	1054	0	0	5	5	1	0	0	0	0
6000	584	70	300	4	25	13	405	0	0	4	4	1	0	0	0	0
6000	585	70	300	4	25	21	5305	0	0	7	7	1	0.02	0.01	0	0
6000	589	70	300	4	25	22	12807	0	0	7	7	1	0.07	0.01	0	0
6000	590	70	300	4	25	33	102593	0	0	7	7	1	0.75	0.17	0	0
6000	591	70	300	4	25	32	18281	0	0	10	10	1	0.15	0.03	0	0
6000	596	70	300	4	25	30	3014	0	0	14	14	1	0.03	0	0	0
6000	597	70	300	4	25	23	4699	0	0	6	6	1	0.03	0	0	0
6000	598	70	300	4	25	24	9511	0	0	6	6	1	0.07	0.02	0	0
6000	603	70	300	4	25	24	7023	0	0	6	6	1	0.07	0.01	0	0
6000	604	70	300	4	25	21	4639	0	0	8	8	1	0.02	0.01	0	0
6000	605	70	300	4	25	34	24067	0	0	11	11	1	0.25	0.03	0	0
6000	606	70	300	4	25	35	67908	0	0	9	9	1	0.35	0.07	0	0
6000	607	70	300	4	25	31	19765	0	0	9	9	1	0.14	0.03	0	0
6000	608	70	300	4	25	20	1299	0	0	6	6	1	0.01	0	0	0
6000	609	70	300	4	25	22	10278	0	0	6	6	1	0.06	0	0	0
6000	610	70	300	4	25	27	4666	0	0	11	11	1	0.04	0	0	0
6000	611	70	300	4	25	34	190473	0	0	8	8	1	1.82	0.35	0	0
6000	613	70	300	4	25	34	31245	0	0	17	17	1	0.51	0.04	0	0
6000	614	70	300	4	25	24	4457	0	0	7	7	1	0.04	0	0	0
6000	616	70	300	4	25	22	6251	0	0	7	7	1	0.06	0	0	0
6000	617	70	300	4	25	24	6298	0	0	8	8	1	0.03	0.01	0	0
6000	619	70	300	4	25	27	7591	0	0	8	8	1	0.08	0.01	0	0
6000	620	70	300	4	25	26	21678	0	0	7	7	1	0.19	0.02	0	0
6000	624	70	300	4	25	32	56893	0	0	9	9	1	0.68	0.08	0	0
6000	625	70	300	4	25	30	150464	0	0	10	10	1	1.38	0.19	0	0
6000	626	70	300	4	25	21	1546	0	0	8	8	1	0.01	0	0	0
6000	628	70	300	4	25	24	8500	0	0	6	6	1	0.08	0.01	0	0
6000	630	70	300	4	25	24	5024	0	0	8	8	1	0.04	0.01	0	0
6000	635	70	300	4	25	19	1227	0	0	10	10	1	0.01	0	0	0
6000	636	70	300	4	25	27	26197	0	0	8	8	1	0.21	0.04	0	0
6000	638	70	300	4	25	29	12246	0	0	7	7	1	0.09	0.02	0	0
6000	639	70	300	4	25	21	1484	0	0	8	8	1	0	0	0	0
6000	640	70	300	4	25	30	28571	0	0	9	9	1	0.48	0.04	0	0
6000	641	70	300	4	25	33	19539	0	0	11	11	1	0.16	0.02	0	0
6000	642	70	300	4	25	36	25231	0	0	12	12	1	0.42	0.03	0	0
6000	643	70	300	4	25	25	23947	0	0	6	6	1	0.19	0.02	0	0
6000	644	70	300	4	25	23	8751	0	0	6	6	1	0.09	0	0	0
6000	645	70	300	4	25	23	17094	0	0	6	6	1	0.14	0.01	0	0
6000	651	70	300	4	25	26	11892	0	0	8	8	1	0.09	0.01	0	0
6000	654	70	300	4	25	33	11845	0	0	11	11	1	0.15	0.01	0	0
6000	655	70	300	4	25	29	7510	0	0	12	12	1	0.04	0	0	0
6000	657	70	300	4	25	25	69813	0	0	5	5	1	0.6	0.15	0	0
6000	658	70	300	4	25	17	1399	0	0	7	7	1	0	0	0	0
6000	659	70	300	4	25	17	3336	0	0	4	4	1	0.02	0	0	0
6000	663	70	300	4	25	33	29078	0	0	13	13	1	0.43	0.04	0	0
6000	665	70	300	4	25	32	52868	0	0	12	12	1	1.02	0.06	0	0
6000	666	70	300	4	25	25	19557	0	0	7	7	1	0.25	0.02	0	0
6000	668	70	300	4	25	28	20460	0	0	7	7	1	0.16	0.02	0	0
6000	672	70	300	4	25	31	80553	0	0	8	8	1	1.15	0.14	0	0
6000	673	70	300	4	25	20	3428	0	0	6	6	1	0.01	0.01	0	0
6000	674	70	300	4	25	18	3246	0	0	5	5	1	0.02	0	0	0
6000	677	70	300	4	25	24	10413	0	0	8	8	1	0.05	0	0	0
6000	678	70	300	4	25	24	1856	0	0	9	9	1	0.01	0	0	0
6000	679	70	300	4	25	21	1617	0	0	8	8	1	0.01	0	0	0
6000	684	70	300	4	25	36	103782	0	0	13	13	1	1.21	0.09	0	0
6000	685	70	300	4	25	26	4947	0	0	9	9	1	0.06	0	0	0
6000	688	70	300	4	25	27	3527	0	0	12	12	1	0.02	0	0	0
6000	689	70	300	4	25	27	23445	0	0	9	9	1	0.16	0.03	0	0
6000	692	70	300	4	25	21	9078	0	0	6	6	1	0.05	0.01	0	0
6000	694	70	300	4	25	27	12781	0	0	7	7	1	0.16	0.02	0	0
6000	696	70	300	4	25	29	15872	0	0	8	8	1	0.2	0.03	0	0
6000	697	70	300	4	25	24	25809	0	0	6	6	1	0.23	0.02	0	0
6000	700	70	300	4	25	27	23034	0	0	7	7	1	0.18	0.02	0	0
6000	701	70	300	4	25	27	12725	0	0	7	7	1	0.14	0.01	0	0
6000	704	70	300	4	25	25	11550	0	0	7	7	1	0.08	0.01	0	0
6000	709	70	300	4	25	25	14418	0	0	5	5	1	0.12	0.02	0	0
6000	711	70	300	4	25	33	29932	0	0	9	9	1	0.45	0.04	0	0
6000	713	70	300	4	25	24	6758	0	0	7	7	1	0.06	0.01	0	0
6000	715	70	300	4	25	40	27418	0	0	18	18	1	0.15	0.03	0	0
6000	719	70	300	4	25	29	5529	0	0	14	14	1	0.03	0	0	0
6000	720	70	300	4	25	28	3070	0	0	11	11	1	0.03	0	0	0
6000	721	70	300	4	25	28	11402	0	0	10	10	1	0.1	0	0	0
6000	722	70	300	4	25	22	6330	0	0	5	5	1	0.04	0.01	0	0
6000	723	70	300	4	25	33	53782	0	0	12	12	1	0.71	0.07	0	0
6000	724	70	300	4	25	39	98367	0	0	10	10	1	0.83	0.11	0	0
6000	725	70	300	4	25	34	5174	0	0	14	14	1	0.05	0	0	0
6000	727	70	300	4	25	40	41652	0	0	13	13	1	0.76	0.05	0	0
6000	728	70	300	4	25	24	6265	0	0	8	8	1	0.04	0	0	0
6000	731	70	300	4	25	30	17114	0	0	9	9	1	0.13	0.02	0	0
6000	733	70	300	4	25	27	23484	0	0	7	7	1	0.22	0.02	0	0
6000	737	70	300	4	25	20	5475	0	0	6	6	1	0.03	0	0	0
6000	738	70	300	4	25	22	3605	0	0	5	5	1	0.03	0	0	0
6000	739	70	300	4	25	29	11921	0	0	9	9	1	0.13	0.01	0	0
6000	743	70	300	4	25	31	36930	0	0	10	10	1	0.27	0.06	0	0
6000	744	70	300	4	25	21	9825	0	0	6	6	1	0.08	0.01	0	0
6000	746	70	300	4	25	38	206877	0	0	12	12	1	4.2	0.36	0	0
6000	748	70	300	4	25	22	3865	0	0	7	7	1	0.02	0	0	0
6000	749	70	300	4	25	29	1918	0	0	18	18	1	0.03	0	0	0
6000	752	70	300	4	25	36	46833	0	0	11	11	1	2.34	0.08	0	0
6000	754	70	300	4	25	24	3673	0	0	10	10	1	0.04	0	0	0
6000	758	70	300	4	25	31	53987	0	0	8	8	1	0.34	0.07	0	0
6000	760	70	300	4	25	33	214650	0	0	8	8	1	2.68	0.44	0	0
6000	762	70	300	4	25	26	6731	0	0	10	10	1	0.06	0	0	0
6000	763	70	300	4	25	22	15551	0	0	8	8	1	0.13	0.01	0	0
6000	764	70	300	4	25	25	12418	0	0	9	9	1	0.09	0.01	0	0
6000	766	70	300	4	25	30	115207	0	0	11	11	1	0.81	0.12	0	0
6000	768	70	300	4	25	19	3691	0	0	4	4	1	0.02	0	0	0
6000	770	70	300	4	25	31	15927	0	0	11	11	1	0.12	0.02	0	0
6000	772	70	300	4	25	29	28877	0	0	8	8	1	0.2	0.05	0	0
6000	773	70	300	4	25	16	3578	0	0	4	4	1	0.02	0	0	0
6000	774	70	300	4	25	20	787	0	0	9	9	1	0	0.01	0	0
6000	776	70	300	4	25	29	3135	0	0	14	14	1	0.02	0	0	0
6000	777	70	300	4	25	31	70965	0	0	8	8	1	0.69	0.11	0	0
6000	779	70	300	4	25	16	1114	0	0	6	6	1	0.01	0	0	0
6000	782	70	300	4	25	20	5994	0	0	7	7	1	0.02	0	0	0
6000	783	70	300	4	25	31	67613	0	0	9	9	1	0.82	0.07	0	0
6000	785	70	300	4	25	42	156789	0	0	16	16	1	2.48	0.2	0	0
6000	786	70	300	4	25	24	9941	0	0	7	7	1	0.1	0.01	0	0
6000	788	70	300	4	25	34	29024	0	0	10	10	1	0.47	0.04	0	0
6000	789	70	300	4	25	26	18095	0	0	9	9	1	0.19	0.02	0	0
6000	790	70	300	4	25	29	80147	0	0	6	6	1	0.6	0.1	0	0
6000	791	70	300	4	25	31	30387	0	0	10	10	1	0.37	0.04	0	0
6000	794	70	300	4	25	27	41176	0	0	10	10	1	0.28	0.03	0	0
6000	795	70	300	4	25	14	668	0	0	3	3	1	0	0	0	0
6000	796	70	300	4	25	18	796	0	0	6	6	1	0	0	0	0
6000	797	70	300	4	25	34	16302	0	0	12	12	1	0.18	0.01	0	0
6000	804	70	300	4	25	23	5726	0	0	6	6	1	0.07	0	0	0
6000	806	70	300	4	25	34	209834	0	0	8	8	1	1.6	0.25	0	0
6000	808	70	300	4	25	20	1255	0	0	6	6	1	0	0.01	0	0
6000	811	70	300	4	25	25	39382	0	0	8	8	1	0.23	0.04	0	0
6000	813	70	300	4	25	23	4919	0	0	9	9	1	0.05	0.01	0	0
6000	815	70	300	4	25	37	568008	0	0	7	7	1	6.66	0.66	0	0
6000	819	70	300	4	25	19	1991	0	0	8	8	1	0.01	0.01	0	0
6000	820	70	300	4	25	26	10114	0	0	10	10	1	0.08	0.02	0	0
6000	823	70	300	4	25	24	88346	0	0	5	5	1	1.04	0.13	0	0
6000	824	70	300	4	25	30	22697	0	0	12	12	1	0.23	0.02	0	0
6000	825	70	300	4	25	31	25107	0	0	10	10	1	0.13	0.03	0	0
6000	826	70	300	4	25	10	161	0	0	4	4	1	0	0	0	0
6000	827	70	300	4	25	13	236	0	0	7	7	1	0	0	0	0
6000	828	70	300	4	25	27	31385	0	0	7	7	1	0.44	0.03	0	0
6000	829	70	300	4	25	31	5577	0	0	11	11	1	0.08	0	0	0
6000	831	70	300	4	25	30	39358	0	0	10	10	1	0.56	0.03	0	0
6000	835	70	300	4	25	27	6633	0	0	8	8	1	0.06	0.01	0	0
6000	838	70	300	4	25	28	18321	0	0	8	8	1	0.18	0.02	0	0
6000	840	70	300	4	25	17	1391	0	0	5	5	1	0	0	0	0
6000	842	70	300	4	25	35	22286	0	0	9	9	1	0.25	0.04	0	0
6000	843	70	300	4	25	25	4730	0	0	8	8	1	0.03	0.01	0	0
6000	844	70	300	4	25	30	21941	0	0	13	13	1	0.32	0.04	0	0
6000	847	70	300	4	25	30	20436	0	0	11	11	1	0.26	0.02	0	0
6000	848	70	300	4	25	29	32624	0	0	12	12	1	0.23	0.02	0	0
6000	851	70	300	4	25	31	27822	0	0	8	8	1	0.36	0.03	0	0
6000	852	70	300	4	25	20	5333	0	0	7	7	1	0.03	0	0	0
6000	853	70	300	4	25	22	6041	0	0	7	7	1	0.05	0	0	0
6000	854	70	300	4	25	35	26251	0	0	12	12	1	0.27	0.04	0	0
6000	855	70	300	4	25	20	2259	0	0	5	5	1	0.01	0	0	0
6000	856	70	300	4	25	28	10553	0	0	10	10	1	0.09	0.01	0	0
6000	858	70	300	4	25	33	119197	0	0	10	10	1	0.63	0.14	0	0
6000	860	70	300	4	25	23	3549	0	0	8	8	1	0.04	0	0	0
6000	861	70	300	4	25	18	1067	0	0	6	6	1	0	0.01	0	0
6000	863	70	300	4	25	24	5517	0	0	10	10	1	0.03	0.01	0	0
6000	864	70	300	4	25	21	4036	0	0	7	7	1	0.02	0.01	0	0
6000	865	70	300	4	25	43	8388	0	0	22	22	1	0.12	0	0	0
6000	871	70	300	4	25	40	82994	0	0	11	11	1	2.53	0.14	0	0
6000	875	70	300	4	25	33	5643	0	0	14	14	1	0.04	0.01	0	0
6000	879	70	300	4	25	35	31570	0	0	11	11	1	0.49	0.06	0	0
6000	881	70	300	4	25	17	2159	0	0	5	5	1	0.01	0	0	0
6000	885	70	300	4	25	22	4206	0	0	8	8	1	0.02	0	0	0
6000	886	70	300	4	25	24	2427	0	0	9	9	1	0.02	0	0	0
6000	888	70	300	4	25	29	9897	0	0	13	13	1	0.09	0	0	0
6000	889	70	300	4	25	33	70112	0	0	8	8	1	0.75	0.09	0	0
6000	890	70	300	4	25	28	22962	0	0	7	7	1	0.24	0.03	0	0
6000	892	70	300	4	25	21	1607	0	0	7	7	1	0.01	0	0	0
6000	893	70	300	4	25	19	517	0	0	9	9	1	0	0	0	0
6000	894	70	300	4	25	24	3380	0	0	8	8	1	0.03	0	0	0
6000	895	70	300	4	25	17	3441	0	0	4	4	1	0.01	0	0	0
6000	901	70	300	4	25	35	56345	0	0	10	10	1	0.98	0.09	0	0
6000	903	70	300	4	25	29	36714	0	0	8	8	1	0.44	0.06	0	0
6000	904	70	300	4	25	26	5313	0	0	8	8	1	0.04	0.01	0	0
6000	907	70	300	4	25	30	97946	0	0	8	8	1	1.37	0.17	0	0
6000	908	70	300	4	25	24	5918	0	0	10	10	1	0.03	0	0	0
6000	910	70	300	4	25	32	91720	0	0	10	10	1	0.57	0.12	0	0
6000	911	70	300	4	25	34	11144	0	0	13	13	1	0.1	0.01	0	0
6000	912	70	300	4	25	28	26742	0	0	7	7	1	0.25	0.05	0	0
6000	913	70	300	4	25	14	829	0	0	4	4	1	0	0	0	0
6000	914	70	300	4	25	23	47338	0	0	4	4	1	0.37	0.06	0	0
6000	917	70	300	4	25	33	115554	0	0	11	11	1	0.7	0.11	0	0
6000	919	70	300	4	25	28	80912	0	0	8	8	1	0.85	0.08	0	0
6000	920	70	300	4	25	33	52261	0	0	9	9	1	0.45	0.07	0	0
6000	921	70	300	4	25	28	21544	0	0	8	8	1	0.14	0.03	0	0
6000	922	70	300	4	25	25	34137	0	0	9	9	1	0.31	0.05	0	0
6000	924	70	300	4	25	28	36412	0	0	6	6	1	0.26	0.05	0	0
6000	926	70	300	4	25	28	12795	0	0	11	11	1	0.08	0.01	0	0
6000	928	70	300	4	25	31	70654	0	0	9	9	1	0.73	0.11	0	0
6000	929	70	300	4	25	27	17468	0	0	7	7	1	0.1	0.02	0	0
6000	930	70	300	4	25	30	9955	0	0	11	11	1	0.11	0	0	0
6000	932	70	300	4	25	36	36656	0	0	12	12	1	0.67	0.03	0	0
6000	935	70	300	4	25	21	11986	0	0	5	5	1	0.08	0.02	0	0
6000	937	70	300	4	25	19	3387	0	0	6	6	1	0.02	0.01	0	0
6000	938	70	300	4	25	22	2343	0	0	9	9	1	0.01	0	0	0
6000	939	70	300	4	25	28	22186	0	0	8	8	1	0.27	0.02	0	0
6000	941	70	300	4	25	31	28868	0	0	8	8	1	0.49	0.05	0	0
6000	943	70	300	4	25	34	97116	0	0	7	7	1	0.87	0.11	0	0
6000	945	70	300	4	25	25	14021	0	0	8	8	1	0.1	0.02	0	0
6000	947	70	300	4	25	24	15598	0	0	6	6	1	0.09	0.02	0	0
6000	948	70	300	4	25	25	9325	0	0	10	10	1	0.11	0.01	0	0
6000	951	70	300	4	25	26	5549	0	0	11	11	1	0.05	0	0	0
6000	957	70	300	4	25	23	17176	0	0	5	5	1	0.13	0.03	0	0
6000	958	70	300	4	25	22	4028	0	0	5	5	1	0.02	0.01	0	0
6000	959	70	300	4	25	29	54466	0	0	10	10	1	0.6	0.07	0	0
6000	960	70	300	4	25	31	49015	0	0	9	9	1	0.46	0.07	0	0
6000	961	70	300	4	25	21	7184	0	0	7	7	1	0.05	0	0	0
6000	963	70	300	4	25	31	57513	0	0	8	8	1	0.56	0.09	0	0
6000	967	70	300	4	25	20	7751	0	0	5	5	1	0.04	0	0	0
6000	968	70	300	4	25	21	7473	0	0	6	6	1	0.06	0	0	0
6000	969	70	300	4	25	21	3302	0	0	6	6	1	0.02	0	0	0
6000	972	70	300	4	25	34	24552	0	0	14	14	1	0.21	0.01	0	0
6000	975	70	300	4	25	28	47735	0	0	7	7	1	0.33	0.07	0	0
6000	977	70	300	4	25	23	1257	0	0	11	11	1	0	0	0	0
6000	978	70	300	4	25	22	6785	0	0	7	7	1	0.06	0	0	0
6000	979	70	300	4	25	35	37688	0	0	12	12	1	0.47	0.04	0	0
6000	980	70	300	4	25	28	26464	0	0	8	8	1	0.29	0.03	0	0
6000	981	70	300	4	25	20	4879	0	0	5	5	1	0.03	0	0	0
6000	983	70	300	4	25	35	174279	0	0	11	11	1	2.94	0.21	0	0
6000	988	70	300	4	25	24	14326	0	0	9	9	1	0.07	0.01	0	0
6000	990	70	300	4	25	32	24526	0	0	8	8	1	0.21	0.04	0	0
6000	991	70	300	4	25	17	813	0	0	7	7	1	0	0	0	0
6000	992	70	300	4	25	33	176976	0	0	10	10	1	1.44	0.24	0	0
6000	993	70	300	4	25	22	15606	0	0	7	7	1	0.09	0.01	0	0
