7000	1	40	300	4	25	7	10	1	2	0	0	6	0.166667	6	0.166667	1	0	0	0	0	0	0
7000	2	40	300	4	25	8	71	1.85126	2	0	0	3	0.333333	3	0.333333	1	0	0	0	0	0	0
7000	3	40	300	4	25	17	330	2.51851	3	0	0	8	0.125	8	0.125	1	0	0	0	0	0	0
7000	4	40	300	4	25	5	7	0.845098	1	0	0	4	0.25	4	0.25	1	0	0	0	0	0	0
7000	5	40	300	4	25	11	65	1.81291	2	0	0	7	0.142857	7	0.142857	1	0	0	0	0	0	0
7000	7	40	300	4	25	5	17	1.23045	2	0	0	2	0.5	2	0.5	1	0	0	0	0	0	0
7000	8	40	300	4	25	17	379	2.57864	3	0	0	9	0.111111	9	0.111111	1	0	0	0	0	0	0
7000	9	40	300	4	25	10	99	1.99564	2	0	0	4	0.25	4	0.25	1	0	0	0	0	0	0
7000	10	40	300	4	25	3	4	0.60206	1	0	0	2	0.5	2	0.5	1	0	0	0	0	0	0
7000	11	40	300	4	25	6	13	1.11394	2	0	0	4	0.25	4	0.25	1	0	0	0	0	0	0
7000	12	40	300	4	25	6	15	1.17609	2	0	0	3	0.333333	3	0.333333	1	0	0	0	0	0	0
7000	13	40	300	4	25	8	71	1.85126	2	0	0	3	0.333333	3	0.333333	1	0	0	0	0	0	0
7000	14	40	300	4	25	9	89	1.94939	2	0	0	4	0.25	4	0.25	1	0	0	0	0	0	0
7000	15	40	300	4	25	6	20	1.30103	2	0	0	3	0.333333	3	0.333333	1	0	0	0	0	0	0
7000	16	40	300	4	25	4	8	0.90309	1	0	0	2	0.5	2	0.5	1	0	0	0	0	0	0
7000	17	40	300	4	25	20	359	2.55509	3	0	0	9	0.111111	9	0.111111	1	0.01	-2	0	0	0	0
7000	18	40	300	4	25	8	38	1.57978	2	0	0	4	0.25	4	0.25	1	0	0	0	0	0	0
7000	19	40	300	4	25	5	19	1.27875	2	0	0	2	0.5	2	0.5	1	0	0	0	0	0	0
7000	20	40	300	4	25	7	29	1.4624	2	0	0	4	0.25	4	0.25	1	0	0	0	0	0	0
7000	21	40	300	4	25	11	215	2.33244	3	0	0	3	0.333333	3	0.333333	1	0	0	0	0	0	0
7000	22	40	300	4	25	7	47	1.6721	2	0	0	3	0.333333	3	0.333333	1	0	0	0	0	0	0
7000	24	40	300	4	25	1	1	0	1	0	0	1	1	1	1	1	0	0	0	0	0	0
7000	25	40	300	4	25	10	95	1.97772	2	0	0	4	0.25	4	0.25	1	0	0	0	0	0	0
7000	26	40	300	4	25	4	8	0.90309	1	0	0	2	0.5	2	0.5	1	0	0	0	0	0	0
7000	27	40	300	4	25	12	62	1.79239	2	0	0	8	0.125	8	0.125	1	0	0	0	0	0	0
7000	28	40	300	4	25	10	63	1.79934	2	0	0	7	0.142857	7	0.142857	1	0	0	0	0	0	0
7000	29	40	300	4	25	4	11	1.04139	2	0	0	2	0.5	2	0.5	1	0	0	0	0	0	0
7000	30	40	300	4	25	12	395	2.5966	3	0	0	4	0.25	4	0.25	1	0	0	0	0	0	0
7000	31	40	300	4	25	3	5	0.69897	1	0	0	2	0.5	2	0.5	1	0	0	0	0	0	0
7000	32	40	300	4	25	9	27	1.43136	2	0	0	5	0.2	5	0.2	1	0	0	0	0	0	0
7000	33	40	300	4	25	8	32	1.50515	2	0	0	5	0.2	5	0.2	1	0	0	0	0	0	0
7000	34	40	300	4	25	5	13	1.11394	2	0	0	3	0.333333	3	0.333333	1	0	0	0	0	0	0
7000	35	40	300	4	25	8	38	1.57978	2	0	0	4	0.25	4	0.25	1	0	0	0	0	0	0
7000	36	40	300	4	25	9	53	1.72428	2	0	0	5	0.2	5	0.2	1	0	0	0	0	0	0
7000	37	40	300	4	25	10	112	2.04922	3	0	0	4	0.25	4	0.25	1	0	0	0	0	0	0
7000	38	40	300	4	25	4	4	0.60206	1	0	0	4	0.25	4	0.25	1	0	0	0	0	0	0
7000	39	40	300	4	25	8	55	1.74036	2	0	0	3	0.333333	3	0.333333	1	0	0	0	0	0	0
7000	40	40	300	4	25	2	3	0.477121	1	0	0	1	1	1	1	1	0	0	0	0	0	0
7000	41	40	300	4	25	5	17	1.23045	2	0	0	2	0.5	2	0.5	1	0	0	0	0	0	0
7000	42	40	300	4	25	3	5	0.69897	1	0	0	2	0.5	2	0.5	1	0	0	0	0	0	0
7000	43	40	300	4	25	6	15	1.17609	2	0	0	3	0.333333	3	0.333333	1	0	0	0	0	0	0
7000	44	40	300	4	25	9	143	2.15534	3	0	0	3	0.333333	3	0.333333	1	0	0	0	0	0	0
7000	45	40	300	4	25	8	44	1.64345	2	0	0	4	0.25	4	0.25	1	0	0	0	0	0	0
7000	46	40	300	4	25	4	8	0.90309	1	0	0	2	0.5	2	0.5	1	0	0	0	0	0	0
7000	47	40	300	4	25	4	11	1.04139	2	0	0	2	0.5	2	0.5	1	0	0	0	0	0	0
7000	48	40	300	4	25	3	7	0.845098	1	0	0	1	1	1	1	1	0	0	0	0	0	0
7000	49	40	300	4	25	3	5	0.69897	1	0	0	2	0.5	2	0.5	1	0	0	0	0	0	0
7000	50	40	300	4	25	15	340	2.53148	3	0	0	5	0.2	5	0.2	1	0	0	0	0	0	0
7000	51	40	300	4	25	8	79	1.89763	2	0	0	4	0.25	4	0.25	1	0	0	0	0	0	0
7000	52	40	300	4	25	5	8	0.90309	1	0	0	4	0.25	4	0.25	1	0	0	0	0	0	0
7000	53	40	300	4	25	1	1	0	1	0	0	1	1	1	1	1	0	0	0	0	0	0
7000	54	40	300	4	25	5	19	1.27875	2	0	0	2	0.5	2	0.5	1	0	0	0	0	0	0
7000	55	40	300	4	25	5	13	1.11394	2	0	0	3	0.333333	3	0.333333	1	0	0	0	0	0	0
7000	56	40	300	4	25	4	11	1.04139	2	0	0	2	0.5	2	0.5	1	0	0	0	0	0	0
7000	57	40	300	4	25	4	11	1.04139	2	0	0	2	0.5	2	0.5	1	0	0	0	0	0	0
7000	58	40	300	4	25	4	9	0.954243	1	0	0	2	0.5	2	0.5	1	0	0	0	0	0	0
7000	59	40	300	4	25	6	35	1.54407	2	0	0	2	0.5	2	0.5	1	0	0	0	0	0	0
7000	61	40	300	4	25	9	67	1.82607	2	0	0	4	0.25	4	0.25	1	0	0	0	0	0	0
7000	62	40	300	4	25	7	29	1.4624	2	0	0	4	0.25	4	0.25	1	0	0	0	0	0	0
7000	63	40	300	4	25	6	35	1.54407	2	0	0	2	0.5	2	0.5	1	0	0	0	0	0	0
7000	64	40	300	4	25	7	24	1.38021	2	0	0	4	0.25	4	0.25	1	0	0	0	0	0	0
7000	65	40	300	4	25	3	5	0.69897	1	0	0	2	0.5	2	0.5	1	0	0	0	0	0	0
7000	66	40	300	4	25	6	17	1.23045	2	0	0	4	0.25	4	0.25	1	0	0	0	0	0	0
7000	68	40	300	4	25	8	143	2.15534	3	0	0	2	0.5	2	0.5	1	0	0	0	0	0	0
7000	69	40	300	4	25	7	59	1.77085	2	0	0	2	0.5	2	0.5	1	0	0	0	0	0	0
7000	70	40	300	4	25	5	13	1.11394	2	0	0	3	0.333333	3	0.333333	1	0	0	0	0	0	0
7000	71	40	300	4	25	3	5	0.69897	1	0	0	2	0.5	2	0.5	1	0	0	0	0	0	0
7000	72	40	300	4	25	2	3	0.477121	1	0	0	1	1	1	1	1	0	0	0	0	0	0
7000	73	40	300	4	25	3	7	0.845098	1	0	0	1	1	1	1	1	0	0	0	0	0	0
7000	74	40	300	4	25	6	8	0.90309	1	0	0	5	0.2	5	0.2	1	0	0	0	0	0	0
7000	75	40	300	4	25	6	23	1.36173	2	0	0	3	0.333333	3	0.333333	1	0	0	0	0	0	0
7000	76	40	300	4	25	4	11	1.04139	2	0	0	2	0.5	2	0.5	1	0	0	0	0	0	0
7000	77	40	300	4	25	10	303	2.48144	3	0	0	3	0.333333	3	0.333333	1	0	0	0	0	0	0
7000	78	40	300	4	25	5	15	1.17609	2	0	0	3	0.333333	3	0.333333	1	0	0	0	0	0	0
7000	79	40	300	4	25	7	15	1.17609	2	0	0	5	0.2	5	0.2	1	0	0	0	0	0	0
7000	80	40	300	4	25	4	11	1.04139	2	0	0	2	0.5	2	0.5	1	0	0	0	0	0	0
7000	81	40	300	4	25	10	119	2.07555	3	0	0	4	0.25	4	0.25	1	0	0	0	0	0	0
7000	82	40	300	4	25	8	97	1.98677	2	0	0	2	0.5	2	0.5	1	0	0	0	0	0	0
7000	83	40	300	4	25	3	7	0.845098	1	0	0	1	1	1	1	1	0	0	0	0	0	0
7000	84	40	300	4	25	10	119	2.07555	3	0	0	4	0.25	4	0.25	1	0	0	0	0	0	0
7000	85	40	300	4	25	13	167	2.22272	3	0	0	6	0.166667	6	0.166667	1	0	0	0	0	0	0
7000	86	40	300	4	25	6	23	1.36173	2	0	0	3	0.333333	3	0.333333	1	0	0	0	0	0	0
7000	88	40	300	4	25	12	167	2.22272	3	0	0	6	0.166667	6	0.166667	1	0	0	0	0	0	0
7000	89	40	300	4	25	10	159	2.2014	3	0	0	4	0.25	4	0.25	1	0	0	0	0	0	0
7000	90	40	300	4	25	3	5	0.69897	1	0	0	2	0.5	2	0.5	1	0	0	0	0	0	0
7000	91	40	300	4	25	12	370	2.5682	3	0	0	3	0.333333	3	0.333333	1	0	0	0	0	0	0
7000	92	40	300	4	25	6	47	1.6721	2	0	0	2	0.5	2	0.5	1	0	0	0	0	0	0
7000	93	40	300	4	25	6	23	1.36173	2	0	0	3	0.333333	3	0.333333	1	0	0	0	0	0	0
7000	94	40	300	4	25	7	47	1.6721	2	0	0	3	0.333333	3	0.333333	1	0	0	0	0	0	0
7000	95	40	300	4	25	6	19	1.27875	2	0	0	4	0.25	4	0.25	1	0	0	0	0	0	0
7000	96	40	300	4	25	12	127	2.1038	3	0	0	8	0.125	8	0.125	1	0	0	0	0	0	0
7000	97	40	300	4	25	5	23	1.36173	2	0	0	2	0.5	2	0.5	1	0	0	0	0	0	0
7000	98	40	300	4	25	9	161	2.20683	3	0	0	2	0.5	2	0.5	1	0	0	0	0	0	0
7000	99	40	300	4	25	7	23	1.36173	2	0	0	4	0.25	4	0.25	1	0	0	0	0	0	0
7000	100	40	300	4	25	3	5	0.69897	1	0	0	2	0.5	2	0.5	1	0	0	0	0	0	0
7000	101	40	300	4	25	2	3	0.477121	1	0	0	1	1	1	1	1	0	0	0	0	0	0
7000	102	40	300	4	25	7	47	1.6721	2	0	0	3	0.333333	3	0.333333	1	0	0	0	0	0	0
7000	103	40	300	4	25	3	7	0.845098	1	0	0	1	1	1	1	1	0	0	0	0	0	0
7000	104	40	300	4	25	1	1	0	1	0	0	1	1	1	1	1	0	0	0	0	0	0
7000	106	40	300	4	25	5	23	1.36173	2	0	0	2	0.5	2	0.5	1	0	0	0	0	0	0
7000	107	40	300	4	25	7	42	1.62325	2	0	0	2	0.5	2	0.5	1	0	0	0	0	0	0
7000	108	40	300	4	25	12	81	1.90849	2	0	0	5	0.2	5	0.2	1	0	0	0	0	0	0
7000	109	40	300	4	25	7	47	1.6721	2	0	0	3	0.333333	3	0.333333	1	0	0	0	0	0	0
7000	110	40	300	4	25	6	31	1.49136	2	0	0	3	0.333333	3	0.333333	1	0	0	0	0	0	0
7000	112	40	300	4	25	2	3	0.477121	1	0	0	1	1	1	1	1	0	0	0	0	0	0
7000	113	40	300	4	25	7	32	1.50515	2	0	0	4	0.25	4	0.25	1	0	0	0	0	0	0
7000	114	40	300	4	25	5	13	1.11394	2	0	0	3	0.333333	3	0.333333	1	0	0	0	0	0	0
7000	115	40	300	4	25	7	53	1.72428	2	0	0	2	0.5	2	0.5	1	0	0	0	0	0	0
7000	116	40	300	4	25	4	7	0.845098	1	0	0	3	0.333333	3	0.333333	1	0	0	0	0	0	0
7000	117	40	300	4	25	6	35	1.54407	2	0	0	2	0.5	2	0.5	1	0	0	0	0	0	0
7000	118	40	300	4	25	12	140	2.14613	3	0	0	4	0.25	4	0.25	1	0	0	0	0	0	0
7000	120	40	300	4	25	2	3	0.477121	1	0	0	1	1	1	1	1	0	0	0	0	0	0
7000	121	40	300	4	25	7	71	1.85126	2	0	0	2	0.5	2	0.5	1	0	0	0	0	0	0
7000	122	40	300	4	25	8	36	1.5563	2	0	0	4	0.25	4	0.25	1	0	0	0	0	0	0
7000	123	40	300	4	25	9	215	2.33244	3	0	0	2	0.5	2	0.5	1	0	0	0	0	0	0
7000	124	40	300	4	25	17	149	2.17319	3	0	0	12	0.0833333	12	0.0833333	1	0	0	0	0	0	0
7000	125	40	300	4	25	5	23	1.36173	2	0	0	2	0.5	2	0.5	1	0	0	0	0	0	0
7000	126	40	300	4	25	8	35	1.54407	2	0	0	5	0.2	5	0.2	1	0	0	0	0	0	0
7000	127	40	300	4	25	5	17	1.23045	2	0	0	2	0.5	2	0.5	1	0	0	0	0	0	0
7000	128	40	300	4	25	6	25	1.39794	2	0	0	2	0.5	2	0.5	1	0	0	0	0	0	0
7000	129	40	300	4	25	13	263	2.41996	3	0	0	6	0.166667	6	0.166667	1	0	0	0	0	0	0
7000	130	40	300	4	25	4	11	1.04139	2	0	0	2	0.5	2	0.5	1	0	0	0	0	0	0
7000	131	40	300	4	25	7	17	1.23045	2	0	0	5	0.2	5	0.2	1	0	0	0	0	0	0
7000	132	40	300	4	25	10	80	1.90309	2	0	0	5	0.2	5	0.2	1	0	0	0	0	0	0
7000	133	40	300	4	25	4	9	0.954243	1	0	0	2	0.5	2	0.5	1	0	0	0	0	0	0
7000	134	40	300	4	25	13	293	2.46687	3	0	0	6	0.166667	6	0.166667	1	0	0	0	0	0	0
7000	135	40	300	4	25	5	19	1.27875	2	0	0	2	0.5	2	0.5	1	0	0	0	0	0	0
7000	136	40	300	4	25	3	5	0.69897	1	0	0	2	0.5	2	0.5	1	0	0	0	0	0	0
7000	137	40	300	4	25	5	11	1.04139	2	0	0	3	0.333333	3	0.333333	1	0	0	0	0	0	0
7000	138	40	300	4	25	3	5	0.69897	1	0	0	2	0.5	2	0.5	1	0	0	0	0	0	0
7000	139	40	300	4	25	7	25	1.39794	2	0	0	4	0.25	4	0.25	1	0	0	0	0	0	0
7000	140	40	300	4	25	8	35	1.54407	2	0	0	5	0.2	5	0.2	1	0	0	0	0	0	0
7000	141	40	300	4	25	5	14	1.14613	2	0	0	2	0.5	2	0.5	1	0	0	0	0	0	0
7000	143	40	300	4	25	6	35	1.54407	2	0	0	2	0.5	2	0.5	1	0	0	0	0	0	0
7000	144	40	300	4	25	2	2	0.30103	1	0	0	2	0.5	2	0.5	1	0	0	0	0	0	0
7000	145	40	300	4	25	11	179	2.25285	3	0	0	4	0.25	4	0.25	1	0	0	0	0	0	0
7000	146	40	300	4	25	5	31	1.49136	2	0	0	1	1	1	1	1	0	0	0	0	0	0
7000	147	40	300	4	25	9	59	1.77085	2	0	0	5	0.2	5	0.2	1	0	0	0	0	0	0
7000	148	40	300	4	25	2	2	0.30103	1	0	0	2	0.5	2	0.5	1	0	0	0	0	0	0
7000	149	40	300	4	25	5	17	1.23045	2	0	0	2	0.5	2	0.5	1	0	0	0	0	0	0
7000	150	40	300	4	25	7	95	1.97772	2	0	0	2	0.5	2	0.5	1	0	0	0	0	0	0
7000	151	40	300	4	25	3	5	0.69897	1	0	0	2	0.5	2	0.5	1	0	0	0	0	0	0
7000	152	40	300	4	25	6	23	1.36173	2	0	0	3	0.333333	3	0.333333	1	0	0	0	0	0	0
7000	154	40	300	4	25	5	11	1.04139	2	0	0	3	0.333333	3	0.333333	1	0	0	0	0	0	0
7000	155	40	300	4	25	15	296	2.47129	3	0	0	8	0.125	8	0.125	1	0	0	0	0	0	0
7000	156	40	300	4	25	14	349	2.54283	3	0	0	6	0.166667	6	0.166667	1	0	0	0	0	0	0
7000	157	40	300	4	25	6	23	1.36173	2	0	0	3	0.333333	3	0.333333	1	0	0	0	0	0	0
7000	158	40	300	4	25	4	7	0.845098	1	0	0	3	0.333333	3	0.333333	1	0	0	0	0	0	0
7000	159	40	300	4	25	1	1	0	1	0	0	1	1	1	1	1	0	0	0	0	0	0
7000	161	40	300	4	25	10	52	1.716	2	0	0	4	0.25	4	0.25	1	0	0	0	0	0	0
7000	162	40	300	4	25	10	150	2.17609	3	0	0	4	0.25	4	0.25	1	0	0	0	0	0	0
7000	164	40	300	4	25	6	17	1.23045	2	0	0	4	0.25	4	0.25	1	0	0	0	0	0	0
7000	165	40	300	4	25	10	119	2.07555	3	0	0	3	0.333333	3	0.333333	1	0	0	0	0	0	0
7000	166	40	300	4	25	7	19	1.27875	2	0	0	5	0.2	5	0.2	1	0	0	0	0	0	0
7000	167	40	300	4	25	9	161	2.20683	3	0	0	2	0.5	2	0.5	1	0	0	0	0	0	0
7000	168	40	300	4	25	3	3	0.477121	1	0	0	3	0.333333	3	0.333333	1	0	0	0	0	0	0
7000	169	40	300	4	25	9	47	1.6721	2	0	0	5	0.2	5	0.2	1	0	0	0	0	0	0
7000	170	40	300	4	25	5	17	1.23045	2	0	0	2	0.5	2	0.5	1	0	0	0	0	0	0
7000	171	40	300	4	25	12	149	2.17319	3	0	0	5	0.2	5	0.2	1	0	0	0	0	0	0
7000	172	40	300	4	25	5	11	1.04139	2	0	0	3	0.333333	3	0.333333	1	0	0	0	0	0	0
7000	173	40	300	4	25	6	26	1.41497	2	0	0	2	0.5	2	0.5	1	0	0	0	0	0	0
7000	174	40	300	4	25	6	63	1.79934	2	0	0	1	1	1	1	1	0	0	0	0	0	0
7000	175	40	300	4	25	3	4	0.60206	1	0	0	2	0.5	2	0.5	1	0	0	0	0	0	0
7000	176	40	300	4	25	10	83	1.91908	2	0	0	6	0.166667	6	0.166667	1	0	0	0	0	0	0
7000	177	40	300	4	25	9	71	1.85126	2	0	0	4	0.25	4	0.25	1	0	0	0	0	0	0
7000	178	40	300	4	25	9	77	1.88649	2	0	0	4	0.25	4	0.25	1	0	0	0	0	0	0
7000	179	40	300	4	25	3	5	0.69897	1	0	0	2	0.5	2	0.5	1	0	0	0	0	0	0
7000	180	40	300	4	25	5	23	1.36173	2	0	0	2	0.5	2	0.5	1	0	0	0	0	0	0
7000	181	40	300	4	25	11	323	2.5092	3	0	0	3	0.333333	3	0.333333	1	0	0	0	0	0	0
7000	182	40	300	4	25	2	3	0.477121	1	0	0	1	1	1	1	1	0	0	0	0	0	0
7000	183	40	300	4	25	8	72	1.85733	2	0	0	3	0.333333	3	0.333333	1	0	0	0	0	0	0
7000	184	40	300	4	25	6	19	1.27875	2	0	0	3	0.333333	3	0.333333	1	0	0	0	0	0	0
7000	185	40	300	4	25	6	35	1.54407	2	0	0	2	0.5	2	0.5	1	0	0	0	0	0	0
7000	186	40	300	4	25	7	29	1.4624	2	0	0	4	0.25	4	0.25	1	0	0	0	0	0	0
7000	187	40	300	4	25	5	9	0.954243	1	0	0	4	0.25	4	0.25	1	0	0	0	0	0	0
7000	188	40	300	4	25	6	31	1.49136	2	0	0	3	0.333333	3	0.333333	1	0	0	0	0	0	0
7000	189	40	300	4	25	9	123	2.08991	3	0	0	3	0.333333	3	0.333333	1	0	0	0	0	0	0
7000	190	40	300	4	25	10	47	1.6721	2	0	0	7	0.142857	7	0.142857	1	0	0	0	0	0	0
7000	191	40	300	4	25	4	15	1.17609	2	0	0	1	1	1	1	1	0	0	0	0	0	0
7000	192	40	300	4	25	11	54	1.73239	2	0	0	6	0.166667	6	0.166667	1	0	0	0	0	0	0
7000	193	40	300	4	25	2	2	0.30103	1	0	0	2	0.5	2	0.5	1	0	0	0	0	0	0
7000	194	40	300	4	25	5	7	0.845098	1	0	0	4	0.25	4	0.25	1	0	0	0	0	0	0
7000	195	40	300	4	25	11	239	2.3784	3	0	0	5	0.2	5	0.2	1	0	0	0	0	0	0
7000	197	40	300	4	25	4	11	1.04139	2	0	0	2	0.5	2	0.5	1	0	0	0	0	0	0
7000	198	40	300	4	25	10	114	2.0569	3	0	0	4	0.25	4	0.25	1	0	0	0	0	0	0
7000	200	40	300	4	25	7	47	1.6721	2	0	0	3	0.333333	3	0.333333	1	0	0	0	0	0	0
7000	201	40	300	4	25	7	12	1.07918	2	0	0	6	0.166667	6	0.166667	1	0	0	0	0	0	0
7000	202	40	300	4	25	8	47	1.6721	2	0	0	4	0.25	4	0.25	1	0	0	0	0	0	0
7000	203	40	300	4	25	10	149	2.17319	3	0	0	4	0.25	4	0.25	1	0	0	0	0	0	0
7000	204	40	300	4	25	9	59	1.77085	2	0	0	4	0.25	4	0.25	1	0	0	0	0	0	0
7000	205	40	300	4	25	5	19	1.27875	2	0	0	2	0.5	2	0.5	1	0	0	0	0	0	0
7000	206	40	300	4	25	5	11	1.04139	2	0	0	3	0.333333	3	0.333333	1	0	0	0	0	0	0
7000	207	40	300	4	25	7	29	1.4624	2	0	0	4	0.25	4	0.25	1	0	0	0	0	0	0
7000	208	40	300	4	25	8	127	2.1038	3	0	0	3	0.333333	3	0.333333	1	0	0	0	0	0	0
7000	209	40	300	4	25	2	3	0.477121	1	0	0	1	1	1	1	1	0	0	0	0	0	0
7000	210	40	300	4	25	8	59	1.77085	2	0	0	4	0.25	4	0.25	1	0	0	0	0	0	0
7000	211	40	300	4	25	6	31	1.49136	2	0	0	3	0.333333	3	0.333333	1	0	0	0	0	0	0
7000	212	40	300	4	25	3	7	0.845098	1	0	0	1	1	1	1	1	0	0	0	0	0	0
7000	213	40	300	4	25	4	15	1.17609	2	0	0	1	1	1	1	1	0	0	0	0	0	0
7000	214	40	300	4	25	5	23	1.36173	2	0	0	2	0.5	2	0.5	1	0	0	0	0	0	0
7000	215	40	300	4	25	8	47	1.6721	2	0	0	5	0.2	5	0.2	1	0	0	0	0	0	0
7000	216	40	300	4	25	6	29	1.4624	2	0	0	2	0.5	2	0.5	1	0	0	0	0	0	0
7000	217	40	300	4	25	8	71	1.85126	2	0	0	3	0.333333	3	0.333333	1	0	0	0	0	0	0
7000	218	40	300	4	25	6	18	1.25527	2	0	0	3	0.333333	3	0.333333	1	0	0	0	0	0	0
7000	219	40	300	4	25	13	489	2.68931	3	0	0	3	0.333333	3	0.333333	1	0	0	0	0	0	0
7000	220	40	300	4	25	10	96	1.98227	2	0	0	4	0.25	4	0.25	1	0	0	0	0	0	0
7000	221	40	300	4	25	8	71	1.85126	2	0	0	3	0.333333	3	0.333333	1	0	0	0	0	0	0
7000	222	40	300	4	25	9	68	1.83251	2	0	0	4	0.25	4	0.25	1	0	0	0	0	0	0
7000	224	40	300	4	25	7	71	1.85126	2	0	0	2	0.5	2	0.5	1	0	0	0	0	0	0
7000	225	40	300	4	25	12	125	2.09691	3	0	0	7	0.142857	7	0.142857	1	0	0	0	0	0	0
7000	226	40	300	4	25	5	13	1.11394	2	0	0	3	0.333333	3	0.333333	1	0	0	0	0	0	0
7000	227	40	300	4	25	6	47	1.6721	2	0	0	2	0.5	2	0.5	1	0	0	0	0	0	0
7000	228	40	300	4	25	5	23	1.36173	2	0	0	2	0.5	2	0.5	1	0	0	0	0	0	0
7000	229	40	300	4	25	6	35	1.54407	2	0	0	2	0.5	2	0.5	1	0	0	0	0	0	0
7000	230	40	300	4	25	5	17	1.23045	2	0	0	2	0.5	2	0.5	1	0	0	0	0	0	0
7000	231	40	300	4	25	9	80	1.90309	2	0	0	4	0.25	4	0.25	1	0	0	0	0	0	0
7000	232	40	300	4	25	6	35	1.54407	2	0	0	2	0.5	2	0.5	1	0	0	0	0	0	0
7000	233	40	300	4	25	10	143	2.15534	3	0	0	4	0.25	4	0.25	1	0	0	0	0	0	0
7000	234	40	300	4	25	10	143	2.15534	3	0	0	3	0.333333	3	0.333333	1	0	0	0	0	0	0
7000	235	40	300	4	25	2	3	0.477121	1	0	0	1	1	1	1	1	0	0	0	0	0	0
7000	236	40	300	4	25	11	287	2.45788	3	0	0	4	0.25	4	0.25	1	0	0	0	0	0	0
7000	237	40	300	4	25	8	27	1.43136	2	0	0	6	0.166667	6	0.166667	1	0	0	0	0	0	0
7000	238	40	300	4	25	8	107	2.02938	3	0	0	2	0.5	2	0.5	1	0	0	0	0	0	0
7000	240	40	300	4	25	11	167	2.22272	3	0	0	3	0.333333	3	0.333333	1	0	0	0	0	0	0
7000	241	40	300	4	25	5	15	1.17609	2	0	0	3	0.333333	3	0.333333	1	0	0	0	0	0	0
7000	242	40	300	4	25	10	147	2.16732	3	0	0	3	0.333333	3	0.333333	1	0	0	0	0	0	0
7000	243	40	300	4	25	7	63	1.79934	2	0	0	3	0.333333	3	0.333333	1	0	0	0	0	0	0
7000	244	40	300	4	25	11	171	2.233	3	0	0	4	0.25	4	0.25	1	0	0	0	0	0	0
7000	245	40	300	4	25	5	17	1.23045	2	0	0	2	0.5	2	0.5	1	0	0	0	0	0	0
7000	246	40	300	4	25	4	7	0.845098	1	0	0	3	0.333333	3	0.333333	1	0	0	0	0	0	0
7000	247	40	300	4	25	11	209	2.32015	3	0	0	4	0.25	4	0.25	1	0	0	0	0	0	0
7000	248	40	300	4	25	7	27	1.43136	2	0	0	3	0.333333	3	0.333333	1	0	0	0	0	0	0
7000	249	40	300	4	25	7	71	1.85126	2	0	0	2	0.5	2	0.5	1	0	0	0	0	0	0
7000	250	40	300	4	25	9	59	1.77085	2	0	0	4	0.25	4	0.25	1	0	0	0	0	0	0
7000	252	40	300	4	25	6	27	1.43136	2	0	0	3	0.333333	3	0.333333	1	0	0	0	0	0	0
7000	253	40	300	4	25	6	29	1.4624	2	0	0	2	0.5	2	0.5	1	0	0	0	0	0	0
7000	255	40	300	4	25	8	50	1.69897	2	0	0	4	0.25	4	0.25	1	0	0	0	0	0	0
7000	258	40	300	4	25	3	7	0.845098	1	0	0	1	1	1	1	1	0	0	0	0	0	0
7000	259	40	300	4	25	5	23	1.36173	2	0	0	2	0.5	2	0.5	1	0	0	0	0	0	0
7000	260	40	300	4	25	4	11	1.04139	2	0	0	2	0.5	2	0.5	1	0	0	0	0	0	0
7000	261	40	300	4	25	6	35	1.54407	2	0	0	2	0.5	2	0.5	1	0	0	0	0	0	0
7000	262	40	300	4	25	7	26	1.41497	2	0	0	4	0.25	4	0.25	1	0	0	0	0	0	0
7000	263	40	300	4	25	9	161	2.20683	3	0	0	2	0.5	2	0.5	1	0	0	0	0	0	0
7000	264	40	300	4	25	1	1	0	1	0	0	1	1	1	1	1	0	0	0	0	0	0
7000	265	40	300	4	25	8	47	1.6721	2	0	0	5	0.2	5	0.2	1	0	0	0	0	0	0
7000	266	40	300	4	25	6	26	1.41497	2	0	0	2	0.5	2	0.5	1	0	0	0	0	0	0
7000	267	40	300	4	25	5	17	1.23045	2	0	0	2	0.5	2	0.5	1	0	0	0	0	0	0
7000	268	40	300	4	25	8	25	1.39794	2	0	0	5	0.2	5	0.2	1	0	0	0	0	0	0
7000	269	40	300	4	25	6	35	1.54407	2	0	0	2	0.5	2	0.5	1	0	0	0	0	0	0
7000	270	40	300	4	25	8	59	1.77085	2	0	0	3	0.333333	3	0.333333	1	0	0	0	0	0	0
7000	271	40	300	4	25	6	19	1.27875	2	0	0	4	0.25	4	0.25	1	0	0	0	0	0	0
7000	272	40	300	4	25	7	17	1.23045	2	0	0	5	0.2	5	0.2	1	0	0	0	0	0	0
7000	273	40	300	4	25	3	7	0.845098	1	0	0	1	1	1	1	1	0	0	0	0	0	0
7000	274	40	300	4	25	8	38	1.57978	2	0	0	4	0.25	4	0.25	1	0	0	0	0	0	0
7000	275	40	300	4	25	2	2	0.30103	1	0	0	2	0.5	2	0.5	1	0	0	0	0	0	0
7000	276	40	300	4	25	8	67	1.82607	2	0	0	3	0.333333	3	0.333333	1	0	0	0	0	0	0
7000	277	40	300	4	25	8	45	1.65321	2	0	0	5	0.2	5	0.2	1	0	0	0	0	0	0
7000	278	40	300	4	25	2	2	0.30103	1	0	0	2	0.5	2	0.5	1	0	0	0	0	0	0
7000	279	40	300	4	25	5	17	1.23045	2	0	0	2	0.5	2	0.5	1	0	0	0	0	0	0
7000	280	40	300	4	25	7	31	1.49136	2	0	0	3	0.333333	3	0.333333	1	0	0	0	0	0	0
7000	282	40	300	4	25	12	223	2.3483	3	0	0	6	0.166667	6	0.166667	1	0	0	0	0	0	0
7000	283	40	300	4	25	1	1	0	1	0	0	1	1	1	1	1	0	0	0	0	0	0
7000	284	40	300	4	25	4	7	0.845098	1	0	0	3	0.333333	3	0.333333	1	0	0	0	0	0	0
7000	285	40	300	4	25	8	95	1.97772	2	0	0	3	0.333333	3	0.333333	1	0	0	0	0	0	0
7000	286	40	300	4	25	7	71	1.85126	2	0	0	2	0.5	2	0.5	1	0	0	0	0	0	0
7000	287	40	300	4	25	8	35	1.54407	2	0	0	5	0.2	5	0.2	1	0	0	0	0	0	0
7000	288	40	300	4	25	6	23	1.36173	2	0	0	3	0.333333	3	0.333333	1	0	0	0	0	0	0
7000	289	40	300	4	25	9	143	2.15534	3	0	0	3	0.333333	3	0.333333	1	0	0	0	0	0	0
7000	290	40	300	4	25	11	111	2.04532	3	0	0	5	0.2	5	0.2	1	0	0	0	0	0	0
7000	291	40	300	4	25	9	53	1.72428	2	0	0	5	0.2	5	0.2	1	0	0	0	0	0	0
7000	293	40	300	4	25	11	223	2.3483	3	0	0	3	0.333333	3	0.333333	1	0	0	0	0	0	0
7000	294	40	300	4	25	10	63	1.79934	2	0	0	5	0.2	5	0.2	1	0	0	0	0	0	0
7000	295	40	300	4	25	5	9	0.954243	1	0	0	4	0.25	4	0.25	1	0	0	0	0	0	0
7000	296	40	300	4	25	11	98	1.99123	2	0	0	5	0.2	5	0.2	1	0	0	0	0	0	0
7000	297	40	300	4	25	6	23	1.36173	2	0	0	3	0.333333	3	0.333333	1	0	0	0	0	0	0
7000	298	40	300	4	25	8	143	2.15534	3	0	0	2	0.5	2	0.5	1	0	0	0	0	0	0
7000	299	40	300	4	25	8	59	1.77085	2	0	0	4	0.25	4	0.25	1	0	0	0	0	0	0
7000	300	40	300	4	25	7	95	1.97772	2	0	0	2	0.5	2	0.5	1	0	0	0	0	0	0
7000	301	40	300	4	25	7	71	1.85126	2	0	0	2	0.5	2	0.5	1	0	0	0	0	0	0
7000	302	40	300	4	25	6	27	1.43136	2	0	0	3	0.333333	3	0.333333	1	0	0	0	0	0	0
7000	303	40	300	4	25	5	23	1.36173	2	0	0	2	0.5	2	0.5	1	0	0	0	0	0	0
7000	304	40	300	4	25	7	31	1.49136	2	0	0	4	0.25	4	0.25	1	0	0	0	0	0	0
7000	307	40	300	4	25	8	107	2.02938	3	0	0	2	0.5	2	0.5	1	0	0	0	0	0	0
7000	309	40	300	4	25	9	111	2.04532	3	0	0	3	0.333333	3	0.333333	1	0	0	0	0	0	0
7000	310	40	300	4	25	1	1	0	1	0	0	1	1	1	1	1	0	0	0	0	0	0
7000	312	40	300	4	25	17	952	2.97864	3	0	0	7	0.142857	7	0.142857	1	0	0	0	0	0	0
7000	313	40	300	4	25	4	11	1.04139	2	0	0	2	0.5	2	0.5	1	0	0	0	0	0	0
7000	314	40	300	4	25	7	46	1.66276	2	0	0	3	0.333333	3	0.333333	1	0	0	0	0	0	0
7000	316	40	300	4	25	6	23	1.36173	2	0	0	3	0.333333	3	0.333333	1	0	0	0	0	0	0
7000	317	40	300	4	25	5	17	1.23045	2	0	0	2	0.5	2	0.5	1	0	0	0	0	0	0
7000	318	40	300	4	25	4	11	1.04139	2	0	0	2	0.5	2	0.5	1	0	0	0	0	0	0
7000	319	40	300	4	25	6	19	1.27875	2	0	0	4	0.25	4	0.25	1	0	0	0	0	0	0
7000	320	40	300	4	25	3	7	0.845098	1	0	0	1	1	1	1	1	0	0	0	0	0	0
7000	321	40	300	4	25	13	209	2.32015	3	0	0	6	0.166667	6	0.166667	1	0	0	0	0	0	0
7000	322	40	300	4	25	15	461	2.6637	3	0	0	6	0.166667	6	0.166667	1	0	0	0	0	0	0
7000	323	40	300	4	25	5	17	1.23045	2	0	0	2	0.5	2	0.5	1	0	0	0	0	0	0
7000	324	40	300	4	25	8	59	1.77085	2	0	0	3	0.333333	3	0.333333	1	0	0	0	0	0	0
7000	325	40	300	4	25	4	8	0.90309	1	0	0	2	0.5	2	0.5	1	0	0	0	0	0	0
7000	326	40	300	4	25	14	683	2.83442	3	0	0	5	0.2	5	0.2	1	0	0	0	0	0	0
7000	327	40	300	4	25	9	109	2.03743	3	0	0	4	0.25	4	0.25	1	0	0	0	0	0	0
7000	328	40	300	4	25	3	5	0.69897	1	0	0	2	0.5	2	0.5	1	0	0	0	0	0	0
7000	329	40	300	4	25	3	5	0.69897	1	0	0	2	0.5	2	0.5	1	0	0	0	0	0	0
7000	330	40	300	4	25	7	53	1.72428	2	0	0	2	0.5	2	0.5	1	0	0	0	0	0	0
7000	331	40	300	4	25	16	2267	3.35545	4	0	0	6	0.166667	6	0.166667	1	0.01	-2	0	0	0	0
7000	332	40	300	4	25	10	119	2.07555	3	0	0	4	0.25	4	0.25	1	0	0	0	0	0	0
7000	333	40	300	4	25	4	7	0.845098	1	0	0	3	0.333333	3	0.333333	1	0	0	0	0	0	0
7000	334	40	300	4	25	2	2	0.30103	1	0	0	2	0.5	2	0.5	1	0	0	0	0	0	0
7000	335	40	300	4	25	4	11	1.04139	2	0	0	2	0.5	2	0.5	1	0	0	0	0	0	0
7000	336	40	300	4	25	4	11	1.04139	2	0	0	2	0.5	2	0.5	1	0	0	0	0	0	0
7000	338	40	300	4	25	9	47	1.6721	2	0	0	5	0.2	5	0.2	1	0	0	0	0	0	0
7000	339	40	300	4	25	6	23	1.36173	2	0	0	3	0.333333	3	0.333333	1	0	0	0	0	0	0
7000	340	40	300	4	25	11	125	2.09691	3	0	0	6	0.166667	6	0.166667	1	0	0	0	0	0	0
7000	341	40	300	4	25	9	71	1.85126	2	0	0	5	0.2	5	0.2	1	0	0	0	0	0	0
7000	342	40	300	4	25	8	95	1.97772	2	0	0	2	0.5	2	0.5	1	0	0	0	0	0	0
7000	343	40	300	4	25	6	35	1.54407	2	0	0	2	0.5	2	0.5	1	0	0	0	0	0	0
7000	344	40	300	4	25	8	71	1.85126	2	0	0	3	0.333333	3	0.333333	1	0	0	0	0	0	0
7000	345	40	300	4	25	12	389	2.58995	3	0	0	4	0.25	4	0.25	1	0	0	0	0	0	0
7000	346	40	300	4	25	3	5	0.69897	1	0	0	2	0.5	2	0.5	1	0	0	0	0	0	0
7000	347	40	300	4	25	7	71	1.85126	2	0	0	2	0.5	2	0.5	1	0	0	0	0	0	0
7000	348	40	300	4	25	5	11	1.04139	2	0	0	3	0.333333	3	0.333333	1	0	0	0	0	0	0
7000	350	40	300	4	25	11	59	1.77085	2	0	0	7	0.142857	7	0.142857	1	0	0	0	0	0	0
7000	351	40	300	4	25	10	179	2.25285	3	0	0	4	0.25	4	0.25	1	0	0	0	0	0	0
7000	352	40	300	4	25	3	5	0.69897	1	0	0	2	0.5	2	0.5	1	0	0	0	0	0	0
7000	353	40	300	4	25	2	2	0.30103	1	0	0	2	0.5	2	0.5	1	0	0	0	0	0	0
7000	354	40	300	4	25	9	79	1.89763	2	0	0	4	0.25	4	0.25	1	0	0	0	0	0	0
7000	355	40	300	4	25	5	11	1.04139	2	0	0	3	0.333333	3	0.333333	1	0	0	0	0	0	0
7000	356	40	300	4	25	8	44	1.64345	2	0	0	4	0.25	4	0.25	1	0	0	0	0	0	0
7000	357	40	300	4	25	7	29	1.4624	2	0	0	4	0.25	4	0.25	1	0	0	0	0	0	0
7000	358	40	300	4	25	4	11	1.04139	2	0	0	2	0.5	2	0.5	1	0	0	0	0	0	0
7000	359	40	300	4	25	11	301	2.47857	3	0	0	4	0.25	4	0.25	1	0	0	0	0	0	0
7000	360	40	300	4	25	6	23	1.36173	2	0	0	3	0.333333	3	0.333333	1	0	0	0	0	0	0
7000	361	40	300	4	25	9	89	1.94939	2	0	0	4	0.25	4	0.25	1	0	0	0	0	0	0
7000	362	40	300	4	25	2	2	0.30103	1	0	0	2	0.5	2	0.5	1	0	0	0	0	0	0
7000	363	40	300	4	25	8	71	1.85126	2	0	0	3	0.333333	3	0.333333	1	0	0	0	0	0	0
7000	364	40	300	4	25	6	19	1.27875	2	0	0	3	0.333333	3	0.333333	1	0	0	0	0	0	0
7000	365	40	300	4	25	6	35	1.54407	2	0	0	2	0.5	2	0.5	1	0	0	0	0	0	0
7000	366	40	300	4	25	7	23	1.36173	2	0	0	5	0.2	5	0.2	1	0	0	0	0	0	0
7000	367	40	300	4	25	7	19	1.27875	2	0	0	4	0.25	4	0.25	1	0	0	0	0	0	0
7000	368	40	300	4	25	5	11	1.04139	2	0	0	3	0.333333	3	0.333333	1	0	0	0	0	0	0
7000	369	40	300	4	25	8	107	2.02938	3	0	0	2	0.5	2	0.5	1	0	0	0	0	0	0
7000	370	40	300	4	25	2	3	0.477121	1	0	0	1	1	1	1	1	0	0	0	0	0	0
7000	371	40	300	4	25	1	1	0	1	0	0	1	1	1	1	1	0	0	0	0	0	0
7000	372	40	300	4	25	4	11	1.04139	2	0	0	2	0.5	2	0.5	1	0	0	0	0	0	0
7000	373	40	300	4	25	7	71	1.85126	2	0	0	2	0.5	2	0.5	1	0	0	0	0	0	0
7000	375	40	300	4	25	8	53	1.72428	2	0	0	4	0.25	4	0.25	1	0	0	0	0	0	0
7000	376	40	300	4	25	11	167	2.22272	3	0	0	6	0.166667	6	0.166667	1	0	0	0	0	0	0
7000	377	40	300	4	25	8	44	1.64345	2	0	0	4	0.25	4	0.25	1	0	0	0	0	0	0
7000	378	40	300	4	25	3	5	0.69897	1	0	0	2	0.5	2	0.5	1	0	0	0	0	0	0
7000	379	40	300	4	25	13	244	2.38739	3	0	0	5	0.2	5	0.2	1	0	0	0	0	0	0
7000	380	40	300	4	25	7	53	1.72428	2	0	0	2	0.5	2	0.5	1	0	0	0	0	0	0
7000	381	40	300	4	25	8	77	1.88649	2	0	0	3	0.333333	3	0.333333	1	0	0	0	0	0	0
7000	382	40	300	4	25	10	101	2.00432	3	0	0	3	0.333333	3	0.333333	1	0	0	0	0	0	0
7000	383	40	300	4	25	5	14	1.14613	2	0	0	2	0.5	2	0.5	1	0	0	0	0	0	0
7000	384	40	300	4	25	9	53	1.72428	2	0	0	5	0.2	5	0.2	1	0	0	0	0	0	0
7000	385	40	300	4	25	9	62	1.79239	2	0	0	4	0.25	4	0.25	1	0	0	0	0	0	0
7000	386	40	300	4	25	15	167	2.22272	3	0	0	9	0.111111	9	0.111111	1	0	0	0	0	0	0
7000	387	40	300	4	25	6	47	1.6721	2	0	0	2	0.5	2	0.5	1	0	0	0	0	0	0
7000	389	40	300	4	25	9	47	1.6721	2	0	0	5	0.2	5	0.2	1	0	0	0	0	0	0
7000	390	40	300	4	25	13	1234	3.09132	4	0	0	3	0.333333	3	0.333333	1	0	0	0	0	0	0
7000	391	40	300	4	25	6	27	1.43136	2	0	0	3	0.333333	3	0.333333	1	0	0	0	0	0	0
7000	395	40	300	4	25	3	7	0.845098	1	0	0	1	1	1	1	1	0	0	0	0	0	0
7000	396	40	300	4	25	7	53	1.72428	2	0	0	2	0.5	2	0.5	1	0	0	0	0	0	0
7000	397	40	300	4	25	3	7	0.845098	1	0	0	1	1	1	1	1	0	0	0	0	0	0
7000	398	40	300	4	25	5	23	1.36173	2	0	0	2	0.5	2	0.5	1	0	0	0	0	0	0
7000	399	40	300	4	25	6	21	1.32222	2	0	0	3	0.333333	3	0.333333	1	0	0	0	0	0	0
7000	400	40	300	4	25	11	44	1.64345	2	0	0	6	0.166667	6	0.166667	1	0	0	0	0	0	0
7000	401	40	300	4	25	6	26	1.41497	2	0	0	2	0.5	2	0.5	1	0	0	0	0	0	0
7000	402	40	300	4	25	4	7	0.845098	1	0	0	3	0.333333	3	0.333333	1	0	0	0	0	0	0
7000	403	40	300	4	25	6	27	1.43136	2	0	0	2	0.5	2	0.5	1	0	0	0	0	0	0
7000	404	40	300	4	25	21	600	2.77815	3	0	0	11	0.0909091	11	0.0909091	1	0	0	0	0	0	0
7000	405	40	300	4	25	8	34	1.53148	2	0	0	4	0.25	4	0.25	1	0	0	0	0	0	0
7000	406	40	300	4	25	2	2	0.30103	1	0	0	2	0.5	2	0.5	1	0	0	0	0	0	0
7000	407	40	300	4	25	4	11	1.04139	2	0	0	2	0.5	2	0.5	1	0	0	0	0	0	0
7000	408	40	300	4	25	6	35	1.54407	2	0	0	2	0.5	2	0.5	1	0	0	0	0	0	0
7000	409	40	300	4	25	7	35	1.54407	2	0	0	3	0.333333	3	0.333333	1	0	0	0	0	0	0
7000	410	40	300	4	25	5	23	1.36173	2	0	0	2	0.5	2	0.5	1	0	0	0	0	0	0
7000	411	40	300	4	25	7	30	1.47712	2	0	0	3	0.333333	3	0.333333	1	0	0	0	0	0	0
7000	412	40	300	4	25	5	19	1.27875	2	0	0	2	0.5	2	0.5	1	0	0	0	0	0	0
7000	413	40	300	4	25	9	55	1.74036	2	0	0	4	0.25	4	0.25	1	0	0	0	0	0	0
7000	414	40	300	4	25	6	47	1.6721	2	0	0	2	0.5	2	0.5	1	0	0	0	0	0	0
7000	415	40	300	4	25	8	35	1.54407	2	0	0	5	0.2	5	0.2	1	0	0	0	0	0	0
7000	416	40	300	4	25	7	71	1.85126	2	0	0	2	0.5	2	0.5	1	0	0	0	0	0	0
7000	417	40	300	4	25	4	6	0.778151	1	0	0	3	0.333333	3	0.333333	1	0	0	0	0	0	0
7000	418	40	300	4	25	7	27	1.43136	2	0	0	4	0.25	4	0.25	1	0	0	0	0	0	0
7000	419	40	300	4	25	10	215	2.33244	3	0	0	3	0.333333	3	0.333333	1	0	0	0	0	0	0
7000	420	40	300	4	25	13	239	2.3784	3	0	0	6	0.166667	6	0.166667	1	0	0	0	0	0	0
7000	421	40	300	4	25	11	146	2.16435	3	0	0	6	0.166667	6	0.166667	1	0	0	0	0	0	0
7000	422	40	300	4	25	6	35	1.54407	2	0	0	2	0.5	2	0.5	1	0	0	0	0	0	0
7000	423	40	300	4	25	4	8	0.90309	1	0	0	2	0.5	2	0.5	1	0	0	0	0	0	0
7000	424	40	300	4	25	13	809	2.90795	3	0	0	4	0.25	4	0.25	1	0	0	0	0	0	0
7000	425	40	300	4	25	9	95	1.97772	2	0	0	3	0.333333	3	0.333333	1	0	0	0	0	0	0
7000	426	40	300	4	25	6	47	1.6721	2	0	0	2	0.5	2	0.5	1	0	0	0	0	0	0
7000	427	40	300	4	25	4	11	1.04139	2	0	0	2	0.5	2	0.5	1	0	0	0	0	0	0
7000	429	40	300	4	25	1	1	0	1	0	0	1	1	1	1	1	0	0	0	0	0	0
7000	430	40	300	4	25	7	35	1.54407	2	0	0	3	0.333333	3	0.333333	1	0	0	0	0	0	0
7000	431	40	300	4	25	8	20	1.30103	2	0	0	6	0.166667	6	0.166667	1	0	0	0	0	0	0
7000	432	40	300	4	25	7	71	1.85126	2	0	0	2	0.5	2	0.5	1	0	0	0	0	0	0
7000	433	40	300	4	25	11	39	1.59106	2	0	0	7	0.142857	7	0.142857	1	0	0	0	0	0	0
7000	434	40	300	4	25	7	35	1.54407	2	0	0	3	0.333333	3	0.333333	1	0	0	0	0	0	0
7000	435	40	300	4	25	8	111	2.04532	3	0	0	3	0.333333	3	0.333333	1	0	0	0	0	0	0
7000	436	40	300	4	25	8	60	1.77815	2	0	0	3	0.333333	3	0.333333	1	0	0	0	0	0	0
7000	437	40	300	4	25	10	119	2.07555	3	0	0	4	0.25	4	0.25	1	0	0	0	0	0	0
7000	438	40	300	4	25	14	101	2.00432	3	0	0	8	0.125	8	0.125	1	0	0	0	0	0	0
7000	439	40	300	4	25	3	5	0.69897	1	0	0	2	0.5	2	0.5	1	0	0	0	0	0	0
7000	440	40	300	4	25	9	95	1.97772	2	0	0	3	0.333333	3	0.333333	1	0	0	0	0	0	0
7000	441	40	300	4	25	6	11	1.04139	2	0	0	5	0.2	5	0.2	1	0	0	0	0	0	0
7000	442	40	300	4	25	6	47	1.6721	2	0	0	2	0.5	2	0.5	1	0	0	0	0	0	0
7000	443	40	300	4	25	3	7	0.845098	1	0	0	1	1	1	1	1	0	0	0	0	0	0
7000	444	40	300	4	25	6	23	1.36173	2	0	0	3	0.333333	3	0.333333	1	0	0	0	0	0	0
7000	445	40	300	4	25	4	8	0.90309	1	0	0	2	0.5	2	0.5	1	0	0	0	0	0	0
7000	446	40	300	4	25	9	41	1.61278	2	0	0	6	0.166667	6	0.166667	1	0	0	0	0	0	0
7000	447	40	300	4	25	9	107	2.02938	3	0	0	3	0.333333	3	0.333333	1	0	0	0	0	0	0
7000	448	40	300	4	25	3	5	0.69897	1	0	0	2	0.5	2	0.5	1	0	0	0	0	0	0
7000	449	40	300	4	25	5	12	1.07918	2	0	0	3	0.333333	3	0.333333	1	0	0	0	0	0	0
7000	450	40	300	4	25	10	87	1.93952	2	0	0	4	0.25	4	0.25	1	0	0	0	0	0	0
7000	451	40	300	4	25	4	7	0.845098	1	0	0	3	0.333333	3	0.333333	1	0	0	0	0	0	0
7000	452	40	300	4	25	8	71	1.85126	2	0	0	3	0.333333	3	0.333333	1	0	0	0	0	0	0
7000	453	40	300	4	25	5	23	1.36173	2	0	0	2	0.5	2	0.5	1	0	0	0	0	0	0
7000	454	40	300	4	25	5	9	0.954243	1	0	0	3	0.333333	3	0.333333	1	0	0	0	0	0	0
7000	455	40	300	4	25	2	2	0.30103	1	0	0	2	0.5	2	0.5	1	0	0	0	0	0	0
7000	456	40	300	4	25	5	17	1.23045	2	0	0	2	0.5	2	0.5	1	0	0	0	0	0	0
7000	457	40	300	4	25	11	119	2.07555	3	0	0	4	0.25	4	0.25	1	0	0	0	0	0	0
7000	458	40	300	4	25	8	71	1.85126	2	0	0	3	0.333333	3	0.333333	1	0	0	0	0	0	0
7000	459	40	300	4	25	6	35	1.54407	2	0	0	2	0.5	2	0.5	1	0	0	0	0	0	0
7000	460	40	300	4	25	7	47	1.6721	2	0	0	3	0.333333	3	0.333333	1	0	0	0	0	0	0
7000	461	40	300	4	25	2	3	0.477121	1	0	0	1	1	1	1	1	0	0	0	0	0	0
7000	462	40	300	4	25	4	15	1.17609	2	0	0	1	1	1	1	1	0	0	0	0	0	0
7000	463	40	300	4	25	4	7	0.845098	1	0	0	3	0.333333	3	0.333333	1	0	0	0	0	0	0
7000	464	40	300	4	25	9	89	1.94939	2	0	0	4	0.25	4	0.25	1	0	0	0	0	0	0
7000	465	40	300	4	25	3	5	0.69897	1	0	0	2	0.5	2	0.5	1	0	0	0	0	0	0
7000	466	40	300	4	25	12	104	2.01703	3	0	0	6	0.166667	6	0.166667	1	0	0	0	0	0	0
7000	467	40	300	4	25	9	53	1.72428	2	0	0	5	0.2	5	0.2	1	0	0	0	0	0	0
7000	468	40	300	4	25	7	53	1.72428	2	0	0	2	0.5	2	0.5	1	0	0	0	0	0	0
7000	469	40	300	4	25	8	79	1.89763	2	0	0	3	0.333333	3	0.333333	1	0	0	0	0	0	0
7000	470	40	300	4	25	2	2	0.30103	1	0	0	2	0.5	2	0.5	1	0	0	0	0	0	0
7000	471	40	300	4	25	6	17	1.23045	2	0	0	3	0.333333	3	0.333333	1	0	0	0	0	0	0
7000	472	40	300	4	25	6	17	1.23045	2	0	0	4	0.25	4	0.25	1	0	0	0	0	0	0
7000	473	40	300	4	25	8	107	2.02938	3	0	0	2	0.5	2	0.5	1	0	0	0	0	0	0
7000	474	40	300	4	25	8	56	1.74819	2	0	0	3	0.333333	3	0.333333	1	0	0	0	0	0	0
7000	475	40	300	4	25	5	14	1.14613	2	0	0	2	0.5	2	0.5	1	0	0	0	0	0	0
7000	476	40	300	4	25	10	102	2.0086	3	0	0	4	0.25	4	0.25	1	0	0	0	0	0	0
7000	477	40	300	4	25	9	69	1.83885	2	0	0	4	0.25	4	0.25	1	0	0	0	0	0	0
7000	478	40	300	4	25	9	75	1.87506	2	0	0	4	0.25	4	0.25	1	0	0	0	0	0	0
7000	479	40	300	4	25	8	49	1.6902	2	0	0	4	0.25	4	0.25	1	0	0	0	0	0	0
7000	480	40	300	4	25	9	119	2.07555	3	0	0	4	0.25	4	0.25	1	0	0	0	0	0	0
7000	481	40	300	4	25	4	7	0.845098	1	0	0	3	0.333333	3	0.333333	1	0	0	0	0	0	0
7000	482	40	300	4	25	7	17	1.23045	2	0	0	5	0.2	5	0.2	1	0	0	0	0	0	0
7000	483	40	300	4	25	2	2	0.30103	1	0	0	2	0.5	2	0.5	1	0	0	0	0	0	0
7000	484	40	300	4	25	6	23	1.36173	2	0	0	3	0.333333	3	0.333333	1	0	0	0	0	0	0
7000	485	40	300	4	25	6	26	1.41497	2	0	0	2	0.5	2	0.5	1	0	0	0	0	0	0
7000	487	40	300	4	25	4	7	0.845098	1	0	0	3	0.333333	3	0.333333	1	0	0	0	0	0	0
7000	488	40	300	4	25	5	17	1.23045	2	0	0	2	0.5	2	0.5	1	0	0	0	0	0	0
7000	489	40	300	4	25	5	23	1.36173	2	0	0	2	0.5	2	0.5	1	0	0	0	0	0	0
7000	490	40	300	4	25	8	32	1.50515	2	0	0	4	0.25	4	0.25	1	0	0	0	0	0	0
7000	491	40	300	4	25	6	35	1.54407	2	0	0	2	0.5	2	0.5	1	0	0	0	0	0	0
7000	492	40	300	4	25	4	9	0.954243	1	0	0	2	0.5	2	0.5	1	0	0	0	0	0	0
7000	493	40	300	4	25	5	17	1.23045	2	0	0	2	0.5	2	0.5	1	0	0	0	0	0	0
7000	495	40	300	4	25	7	59	1.77085	2	0	0	2	0.5	2	0.5	1	0	0	0	0	0	0
7000	496	40	300	4	25	6	31	1.49136	2	0	0	3	0.333333	3	0.333333	1	0	0	0	0	0	0
7000	497	40	300	4	25	7	29	1.4624	2	0	0	4	0.25	4	0.25	1	0	0	0	0	0	0
7000	498	40	300	4	25	5	15	1.17609	2	0	0	3	0.333333	3	0.333333	1	0	0	0	0	0	0
7000	500	40	300	4	25	6	35	1.54407	2	0	0	2	0.5	2	0.5	1	0	0	0	0	0	0
7000	501	40	300	4	25	4	11	1.04139	2	0	0	2	0.5	2	0.5	1	0	0	0	0	0	0
7000	502	40	300	4	25	13	287	2.45788	3	0	0	5	0.2	5	0.2	1	0	0	0	0	0	0
7000	503	40	300	4	25	3	5	0.69897	1	0	0	2	0.5	2	0.5	1	0	0	0	0	0	0
7000	504	40	300	4	25	7	19	1.27875	2	0	0	5	0.2	5	0.2	1	0	0	0	0	0	0
7000	505	40	300	4	25	5	23	1.36173	2	0	0	2	0.5	2	0.5	1	0	0	0	0	0	0
7000	506	40	300	4	25	11	143	2.15534	3	0	0	5	0.2	5	0.2	1	0	0	0	0	0	0
7000	507	40	300	4	25	7	47	1.6721	2	0	0	3	0.333333	3	0.333333	1	0	0	0	0	0	0
7000	508	40	300	4	25	11	83	1.91908	2	0	0	6	0.166667	6	0.166667	1	0	0	0	0	0	0
7000	509	40	300	4	25	8	59	1.77085	2	0	0	4	0.25	4	0.25	1	0	0	0	0	0	0
7000	510	40	300	4	25	8	119	2.07555	3	0	0	2	0.5	2	0.5	1	0	0	0	0	0	0
7000	511	40	300	4	25	6	35	1.54407	2	0	0	2	0.5	2	0.5	1	0	0	0	0	0	0
7000	512	40	300	4	25	13	239	2.3784	3	0	0	5	0.2	5	0.2	1	0	0	0	0	0	0
7000	513	40	300	4	25	6	14	1.14613	2	0	0	4	0.25	4	0.25	1	0	0	0	0	0	0
7000	514	40	300	4	25	6	19	1.27875	2	0	0	3	0.333333	3	0.333333	1	0	0	0	0	0	0
7000	515	40	300	4	25	6	10	1	2	0	0	4	0.25	4	0.25	1	0	0	0	0	0	0
7000	516	40	300	4	25	10	72	1.85733	2	0	0	4	0.25	4	0.25	1	0	0	0	0	0	0
7000	517	40	300	4	25	10	215	2.33244	3	0	0	3	0.333333	3	0.333333	1	0	0	0	0	0	0
7000	518	40	300	4	25	3	3	0.477121	1	0	0	3	0.333333	3	0.333333	1	0	0	0	0	0	0
7000	519	40	300	4	25	8	32	1.50515	2	0	0	5	0.2	5	0.2	1	0	0	0	0	0	0
7000	521	40	300	4	25	9	143	2.15534	3	0	0	3	0.333333	3	0.333333	1	0	0	0	0	0	0
7000	522	40	300	4	25	12	377	2.57634	3	0	0	4	0.25	4	0.25	1	0	0	0	0	0	0
7000	523	40	300	4	25	7	23	1.36173	2	0	0	5	0.2	5	0.2	1	0	0	0	0	0	0
7000	524	40	300	4	25	10	140	2.14613	3	0	0	3	0.333333	3	0.333333	1	0	0	0	0	0	0
7000	525	40	300	4	25	19	365	2.56229	3	0	0	12	0.0833333	12	0.0833333	1	0	0	0	0	0	0
7000	526	40	300	4	25	4	11	1.04139	2	0	0	2	0.5	2	0.5	1	0	0	0	0	0	0
7000	527	40	300	4	25	7	17	1.23045	2	0	0	5	0.2	5	0.2	1	0	0	0	0	0	0
7000	528	40	300	4	25	3	5	0.69897	1	0	0	2	0.5	2	0.5	1	0	0	0	0	0	0
7000	529	40	300	4	25	8	71	1.85126	2	0	0	3	0.333333	3	0.333333	1	0	0	0	0	0	0
7000	530	40	300	4	25	7	71	1.85126	2	0	0	2	0.5	2	0.5	1	0	0	0	0	0	0
7000	531	40	300	4	25	10	119	2.07555	3	0	0	4	0.25	4	0.25	1	0	0	0	0	0	0
7000	532	40	300	4	25	7	71	1.85126	2	0	0	2	0.5	2	0.5	1	0	0	0	0	0	0
7000	533	40	300	4	25	4	9	0.954243	1	0	0	2	0.5	2	0.5	1	0	0	0	0	0	0
7000	534	40	300	4	25	19	971	2.98722	3	0	0	8	0.125	8	0.125	1	0.01	-2	0	0	0	0
7000	535	40	300	4	25	7	43	1.63347	2	0	0	3	0.333333	3	0.333333	1	0	0	0	0	0	0
7000	536	40	300	4	25	12	195	2.29003	3	0	0	5	0.2	5	0.2	1	0	0	0	0	0	0
7000	537	40	300	4	25	4	7	0.845098	1	0	0	3	0.333333	3	0.333333	1	0	0	0	0	0	0
7000	538	40	300	4	25	7	35	1.54407	2	0	0	3	0.333333	3	0.333333	1	0	0	0	0	0	0
7000	539	40	300	4	25	6	11	1.04139	2	0	0	5	0.2	5	0.2	1	0	0	0	0	0	0
7000	540	40	300	4	25	3	5	0.69897	1	0	0	2	0.5	2	0.5	1	0	0	0	0	0	0
7000	542	40	300	4	25	12	205	2.31175	3	0	0	4	0.25	4	0.25	1	0	0	0	0	0	0
7000	543	40	300	4	25	4	7	0.845098	1	0	0	3	0.333333	3	0.333333	1	0	0	0	0	0	0
7000	544	40	300	4	25	3	3	0.477121	1	0	0	3	0.333333	3	0.333333	1	0	0	0	0	0	0
7000	545	40	300	4	25	10	242	2.38382	3	0	0	2	0.5	2	0.5	1	0	0	0	0	0	0
7000	546	40	300	4	25	9	103	2.01284	3	0	0	4	0.25	4	0.25	1	0	0	0	0	0	0
7000	547	40	300	4	25	1	1	0	1	0	0	1	1	1	1	1	0	0	0	0	0	0
7000	548	40	300	4	25	11	224	2.35025	3	0	0	3	0.333333	3	0.333333	1	0	0	0	0	0	0
7000	549	40	300	4	25	6	29	1.4624	2	0	0	2	0.5	2	0.5	1	0	0	0	0	0	0
7000	550	40	300	4	25	5	8	0.90309	1	0	0	3	0.333333	3	0.333333	1	0	0	0	0	0	0
7000	551	40	300	4	25	4	15	1.17609	2	0	0	1	1	1	1	1	0	0	0	0	0	0
7000	552	40	300	4	25	5	11	1.04139	2	0	0	3	0.333333	3	0.333333	1	0	0	0	0	0	0
7000	553	40	300	4	25	2	2	0.30103	1	0	0	2	0.5	2	0.5	1	0	0	0	0	0	0
7000	554	40	300	4	25	6	31	1.49136	2	0	0	3	0.333333	3	0.333333	1	0	0	0	0	0	0
7000	555	40	300	4	25	7	44	1.64345	2	0	0	2	0.5	2	0.5	1	0	0	0	0	0	0
7000	556	40	300	4	25	11	269	2.42975	3	0	0	4	0.25	4	0.25	1	0	0	0	0	0	0
7000	558	40	300	4	25	15	2572	3.41027	4	0	0	4	0.25	4	0.25	1	0.01	-2	0	0	0	0
7000	559	40	300	4	25	6	47	1.6721	2	0	0	2	0.5	2	0.5	1	0	0	0	0	0	0
7000	560	40	300	4	25	10	107	2.02938	3	0	0	5	0.2	5	0.2	1	0.01	-2	0	0	0	0
7000	561	40	300	4	25	7	23	1.36173	2	0	0	3	0.333333	3	0.333333	1	0	0	0	0	0	0
7000	562	40	300	4	25	6	47	1.6721	2	0	0	2	0.5	2	0.5	1	0	0	0	0	0	0
7000	563	40	300	4	25	10	207	2.31597	3	0	0	3	0.333333	3	0.333333	1	0	0	0	0	0	0
7000	564	40	300	4	25	8	45	1.65321	2	0	0	5	0.2	5	0.2	1	0	0	0	0	0	0
7000	565	40	300	4	25	5	11	1.04139	2	0	0	3	0.333333	3	0.333333	1	0	0	0	0	0	0
7000	566	40	300	4	25	8	35	1.54407	2	0	0	4	0.25	4	0.25	1	0	0	0	0	0	0
7000	567	40	300	4	25	8	119	2.07555	3	0	0	2	0.5	2	0.5	1	0	0	0	0	0	0
7000	568	40	300	4	25	14	764	2.88309	3	0	0	4	0.25	4	0.25	1	0	0	0	0	0	0
7000	569	40	300	4	25	3	7	0.845098	1	0	0	1	1	1	1	1	0	0	0	0	0	0
7000	570	40	300	4	25	12	215	2.33244	3	0	0	5	0.2	5	0.2	1	0	0	0	0	0	0
7000	571	40	300	4	25	9	47	1.6721	2	0	0	5	0.2	5	0.2	1	0	0	0	0	0	0
7000	572	40	300	4	25	8	143	2.15534	3	0	0	2	0.5	2	0.5	1	0	0	0	0	0	0
7000	573	40	300	4	25	3	5	0.69897	1	0	0	2	0.5	2	0.5	1	0	0	0	0	0	0
7000	574	40	300	4	25	4	8	0.90309	1	0	0	2	0.5	2	0.5	1	0	0	0	0	0	0
7000	575	40	300	4	25	4	11	1.04139	2	0	0	2	0.5	2	0.5	1	0	0	0	0	0	0
7000	576	40	300	4	25	5	15	1.17609	2	0	0	3	0.333333	3	0.333333	1	0	0	0	0	0	0
7000	577	40	300	4	25	9	37	1.5682	2	0	0	5	0.2	5	0.2	1	0	0	0	0	0	0
7000	579	40	300	4	25	9	155	2.19033	3	0	0	3	0.333333	3	0.333333	1	0	0	0	0	0	0
7000	580	40	300	4	25	7	31	1.49136	2	0	0	4	0.25	4	0.25	1	0	0	0	0	0	0
7000	581	40	300	4	25	10	179	2.25285	3	0	0	4	0.25	4	0.25	1	0	0	0	0	0	0
7000	582	40	300	4	25	9	47	1.6721	2	0	0	5	0.2	5	0.2	1	0	0	0	0	0	0
7000	583	40	300	4	25	2	3	0.477121	1	0	0	1	1	1	1	1	0	0	0	0	0	0
7000	584	40	300	4	25	1	1	0	1	0	0	1	1	1	1	1	0	0	0	0	0	0
7000	585	40	300	4	25	5	11	1.04139	2	0	0	3	0.333333	3	0.333333	1	0	0	0	0	0	0
7000	587	40	300	4	25	7	71	1.85126	2	0	0	2	0.5	2	0.5	1	0	0	0	0	0	0
7000	588	40	300	4	25	3	5	0.69897	1	0	0	2	0.5	2	0.5	1	0	0	0	0	0	0
7000	589	40	300	4	25	7	17	1.23045	2	0	0	5	0.2	5	0.2	1	0	0	0	0	0	0
7000	590	40	300	4	25	7	25	1.39794	2	0	0	4	0.25	4	0.25	1	0	0	0	0	0	0
7000	591	40	300	4	25	6	14	1.14613	2	0	0	4	0.25	4	0.25	1	0	0	0	0	0	0
7000	592	40	300	4	25	6	17	1.23045	2	0	0	4	0.25	4	0.25	1	0	0	0	0	0	0
7000	593	40	300	4	25	12	424	2.62737	3	0	0	4	0.25	4	0.25	1	0	0	0	0	0	0
7000	594	40	300	4	25	4	11	1.04139	2	0	0	2	0.5	2	0.5	1	0	0	0.01	-2	0	0
7000	595	40	300	4	25	6	35	1.54407	2	0	0	2	0.5	2	0.5	1	0	0	0	0	0	0
7000	596	40	300	4	25	5	11	1.04139	2	0	0	3	0.333333	3	0.333333	1	0	0	0	0	0	0
7000	597	40	300	4	25	7	19	1.27875	2	0	0	4	0.25	4	0.25	1	0	0	0	0	0	0
7000	598	40	300	4	25	9	95	1.97772	2	0	0	3	0.333333	3	0.333333	1	0	0	0	0	0	0
7000	599	40	300	4	25	7	29	1.4624	2	0	0	4	0.25	4	0.25	1	0	0	0	0	0	0
7000	600	40	300	4	25	13	204	2.30963	3	0	0	6	0.166667	6	0.166667	1	0	0	0	0	0	0
7000	601	40	300	4	25	6	35	1.54407	2	0	0	2	0.5	2	0.5	1	0	0	0	0	0	0
7000	602	40	300	4	25	8	11	1.04139	2	0	0	6	0.166667	6	0.166667	1	0	0	0	0	0	0
7000	603	40	300	4	25	2	2	0.30103	1	0	0	2	0.5	2	0.5	1	0	0	0	0	0	0
7000	604	40	300	4	25	5	23	1.36173	2	0	0	2	0.5	2	0.5	1	0	0	0	0	0	0
7000	605	40	300	4	25	3	7	0.845098	1	0	0	1	1	1	1	1	0	0	0	0	0	0
7000	606	40	300	4	25	8	107	2.02938	3	0	0	2	0.5	2	0.5	1	0	0	0	0	0	0
7000	607	40	300	4	25	4	7	0.845098	1	0	0	3	0.333333	3	0.333333	1	0	0	0	0	0	0
7000	608	40	300	4	25	6	21	1.32222	2	0	0	3	0.333333	3	0.333333	1	0	0	0	0	0	0
7000	609	40	300	4	25	4	11	1.04139	2	0	0	2	0.5	2	0.5	1	0	0	0	0	0	0
7000	610	40	300	4	25	6	23	1.36173	2	0	0	3	0.333333	3	0.333333	1	0	0	0	0	0	0
7000	611	40	300	4	25	12	287	2.45788	3	0	0	4	0.25	4	0.25	1	0	0	0	0	0	0
7000	612	40	300	4	25	4	7	0.845098	1	0	0	3	0.333333	3	0.333333	1	0	0	0	0	0	0
7000	613	40	300	4	25	8	20	1.30103	2	0	0	6	0.166667	6	0.166667	1	0	0	0	0	0	0
7000	614	40	300	4	25	6	15	1.17609	2	0	0	3	0.333333	3	0.333333	1	0	0	0	0	0	0
7000	615	40	300	4	25	2	2	0.30103	1	0	0	2	0.5	2	0.5	1	0	0	0	0	0	0
7000	616	40	300	4	25	4	11	1.04139	2	0	0	2	0.5	2	0.5	1	0	0	0	0	0	0
7000	617	40	300	4	25	5	14	1.14613	2	0	0	2	0.5	2	0.5	1	0	0	0	0	0	0
7000	618	40	300	4	25	2	3	0.477121	1	0	0	1	1	1	1	1	0	0	0	0	0	0
7000	619	40	300	4	25	4	15	1.17609	2	0	0	1	1	1	1	1	0	0	0	0	0	0
7000	620	40	300	4	25	4	11	1.04139	2	0	0	2	0.5	2	0.5	1	0	0	0	0	0	0
7000	624	40	300	4	25	9	105	2.02119	3	0	0	3	0.333333	3	0.333333	1	0	0	0	0	0	0
7000	625	40	300	4	25	8	30	1.47712	2	0	0	5	0.2	5	0.2	1	0	0	0	0	0	0
7000	626	40	300	4	25	7	47	1.6721	2	0	0	3	0.333333	3	0.333333	1	0	0	0	0	0	0
7000	627	40	300	4	25	9	49	1.6902	2	0	0	4	0.25	4	0.25	1	0	0	0	0	0	0
7000	628	40	300	4	25	4	8	0.90309	1	0	0	2	0.5	2	0.5	1	0	0	0	0	0	0
7000	629	40	300	4	25	8	107	2.02938	3	0	0	2	0.5	2	0.5	1	0	0	0	0	0	0
7000	631	40	300	4	25	5	15	1.17609	2	0	0	3	0.333333	3	0.333333	1	0	0	0	0	0	0
7000	632	40	300	4	25	11	255	2.40654	3	0	0	3	0.333333	3	0.333333	1	0	0	0	0	0	0
7000	633	40	300	4	25	10	308	2.48855	3	0	0	2	0.5	2	0.5	1	0	0	0	0	0	0
7000	634	40	300	4	25	12	51	1.70757	2	0	0	8	0.125	8	0.125	1	0	0	0	0	0	0
7000	635	40	300	4	25	5	17	1.23045	2	0	0	2	0.5	2	0.5	1	0	0	0	0	0	0
7000	636	40	300	4	25	6	21	1.32222	2	0	0	3	0.333333	3	0.333333	1	0	0	0	0	0	0
7000	637	40	300	4	25	5	14	1.14613	2	0	0	2	0.5	2	0.5	1	0	0	0	0	0	0
7000	638	40	300	4	25	9	135	2.13033	3	0	0	4	0.25	4	0.25	1	0	0	0	0	0	0
7000	639	40	300	4	25	1	1	0	1	0	0	1	1	1	1	1	0	0	0	0	0	0
7000	640	40	300	4	25	6	11	1.04139	2	0	0	4	0.25	4	0.25	1	0	0	0	0	0	0
7000	641	40	300	4	25	7	29	1.4624	2	0	0	4	0.25	4	0.25	1	0	0	0	0	0	0
7000	642	40	300	4	25	11	119	2.07555	3	0	0	5	0.2	5	0.2	1	0	0	0	0	0	0
7000	643	40	300	4	25	7	53	1.72428	2	0	0	2	0.5	2	0.5	1	0	0	0	0	0	0
7000	644	40	300	4	25	6	23	1.36173	2	0	0	3	0.333333	3	0.333333	1	0	0	0	0	0	0
7000	645	40	300	4	25	2	3	0.477121	1	0	0	1	1	1	1	1	0	0	0	0	0	0
7000	646	40	300	4	25	7	53	1.72428	2	0	0	2	0.5	2	0.5	1	0	0	0	0	0	0
7000	647	40	300	4	25	11	151	2.17898	3	0	0	3	0.333333	3	0.333333	1	0	0	0	0	0	0
7000	648	40	300	4	25	8	55	1.74036	2	0	0	3	0.333333	3	0.333333	1	0	0	0	0	0	0
7000	649	40	300	4	25	2	2	0.30103	1	0	0	2	0.5	2	0.5	1	0	0	0	0	0	0
7000	650	40	300	4	25	16	503	2.70157	3	0	0	9	0.111111	9	0.111111	1	0	0	0	0	0	0
7000	651	40	300	4	25	7	31	1.49136	2	0	0	3	0.333333	3	0.333333	1	0	0	0	0	0	0
7000	652	40	300	4	25	3	7	0.845098	1	0	0	1	1	1	1	1	0	0	0	0	0	0
7000	653	40	300	4	25	8	87	1.93952	2	0	0	3	0.333333	3	0.333333	1	0	0	0	0	0	0
7000	654	40	300	4	25	5	23	1.36173	2	0	0	2	0.5	2	0.5	1	0	0	0	0	0	0
7000	655	40	300	4	25	13	311	2.49276	3	0	0	4	0.25	4	0.25	1	0	0	0	0	0	0
7000	656	40	300	4	25	10	47	1.6721	2	0	0	6	0.166667	6	0.166667	1	0	0	0	0	0	0
7000	657	40	300	4	25	5	23	1.36173	2	0	0	2	0.5	2	0.5	1	0	0	0	0	0	0
7000	658	40	300	4	25	5	17	1.23045	2	0	0	2	0.5	2	0.5	1	0	0	0	0	0	0
7000	659	40	300	4	25	4	11	1.04139	2	0	0	2	0.5	2	0.5	1	0	0	0	0	0	0
7000	660	40	300	4	25	5	9	0.954243	1	0	0	4	0.25	4	0.25	1	0	0	0	0	0	0
7000	661	40	300	4	25	6	47	1.6721	2	0	0	2	0.5	2	0.5	1	0	0	0	0	0	0
7000	662	40	300	4	25	9	29	1.4624	2	0	0	5	0.2	5	0.2	1	0	0	0	0	0	0
7000	663	40	300	4	25	8	47	1.6721	2	0	0	5	0.2	5	0.2	1	0	0	0	0	0	0
7000	664	40	300	4	25	8	47	1.6721	2	0	0	3	0.333333	3	0.333333	1	0	0	0	0	0	0
7000	665	40	300	4	25	8	71	1.85126	2	0	0	4	0.25	4	0.25	1	0	0	0	0	0	0
7000	666	40	300	4	25	5	23	1.36173	2	0	0	2	0.5	2	0.5	1	0	0	0	0	0	0
7000	667	40	300	4	25	5	17	1.23045	2	0	0	2	0.5	2	0.5	1	0	0	0	0	0	0
7000	668	40	300	4	25	4	11	1.04139	2	0	0	2	0.5	2	0.5	1	0	0	0	0	0	0
7000	669	40	300	4	25	5	11	1.04139	2	0	0	3	0.333333	3	0.333333	1	0	0	0	0	0	0
7000	670	40	300	4	25	16	1443	3.15927	4	0	0	5	0.2	5	0.2	1	0.01	-2	0	0	0	0
7000	671	40	300	4	25	10	107	2.02938	3	0	0	5	0.2	5	0.2	1	0	0	0	0	0	0
7000	672	40	300	4	25	8	107	2.02938	3	0	0	2	0.5	2	0.5	1	0	0	0	0	0	0
7000	673	40	300	4	25	7	35	1.54407	2	0	0	3	0.333333	3	0.333333	1	0	0	0	0	0	0
7000	674	40	300	4	25	4	11	1.04139	2	0	0	2	0.5	2	0.5	1	0	0	0	0	0	0
7000	675	40	300	4	25	7	71	1.85126	2	0	0	2	0.5	2	0.5	1	0	0	0	0	0	0
7000	676	40	300	4	25	5	16	1.20412	2	0	0	2	0.5	2	0.5	1	0	0	0	0	0	0
7000	677	40	300	4	25	4	15	1.17609	2	0	0	1	1	1	1	1	0	0	0	0	0	0
7000	678	40	300	4	25	6	14	1.14613	2	0	0	4	0.25	4	0.25	1	0	0	0	0	0	0
7000	679	40	300	4	25	5	15	1.17609	2	0	0	3	0.333333	3	0.333333	1	0	0	0	0	0	0
7000	680	40	300	4	25	15	799	2.90255	3	0	0	4	0.25	4	0.25	1	0	0	0	0	0	0
7000	681	40	300	4	25	7	69	1.83885	2	0	0	2	0.5	2	0.5	1	0	0	0	0	0	0
7000	682	40	300	4	25	6	39	1.59106	2	0	0	2	0.5	2	0.5	1	0	0	0	0	0	0
7000	683	40	300	4	25	5	19	1.27875	2	0	0	2	0.5	2	0.5	1	0	0	0	0	0	0
7000	684	40	300	4	25	11	143	2.15534	3	0	0	4	0.25	4	0.25	1	0	0	0	0	0	0
7000	685	40	300	4	25	4	11	1.04139	2	0	0	2	0.5	2	0.5	1	0	0	0	0	0	0
7000	686	40	300	4	25	7	71	1.85126	2	0	0	2	0.5	2	0.5	1	0	0	0	0	0	0
7000	687	40	300	4	25	8	95	1.97772	2	0	0	3	0.333333	3	0.333333	1	0	0	0	0	0	0
7000	688	40	300	4	25	9	27	1.43136	2	0	0	6	0.166667	6	0.166667	1	0	0	0	0	0	0
7000	689	40	300	4	25	6	19	1.27875	2	0	0	3	0.333333	3	0.333333	1	0	0	0	0	0	0
7000	690	40	300	4	25	1	1	0	1	0	0	1	1	1	1	1	0	0	0	0	0	0
7000	691	40	300	4	25	4	11	1.04139	2	0	0	2	0.5	2	0.5	1	0	0	0	0	0	0
7000	692	40	300	4	25	8	95	1.97772	2	0	0	2	0.5	2	0.5	1	0	0	0	0	0	0
7000	693	40	300	4	25	5	15	1.17609	2	0	0	3	0.333333	3	0.333333	1	0	0	0	0	0	0
7000	694	40	300	4	25	10	103	2.01284	3	0	0	5	0.2	5	0.2	1	0	0	0	0	0	0
7000	695	40	300	4	25	8	107	2.02938	3	0	0	2	0.5	2	0.5	1	0	0	0	0	0	0
7000	696	40	300	4	25	8	71	1.85126	2	0	0	3	0.333333	3	0.333333	1	0	0	0	0	0	0
7000	697	40	300	4	25	9	89	1.94939	2	0	0	4	0.25	4	0.25	1	0	0	0	0	0	0
7000	698	40	300	4	25	9	91	1.95904	2	0	0	3	0.333333	3	0.333333	1	0	0	0	0	0	0
7000	699	40	300	4	25	7	24	1.38021	2	0	0	4	0.25	4	0.25	1	0	0	0	0	0	0
7000	700	40	300	4	25	3	3	0.477121	1	0	0	3	0.333333	3	0.333333	1	0	0	0	0	0	0
7000	701	40	300	4	25	4	8	0.90309	1	0	0	2	0.5	2	0.5	1	0	0	0	0	0	0
7000	702	40	300	4	25	3	5	0.69897	1	0	0	2	0.5	2	0.5	1	0	0	0	0	0	0
7000	703	40	300	4	25	8	191	2.28103	3	0	0	2	0.5	2	0.5	1	0	0	0	0	0	0
7000	704	40	300	4	25	6	21	1.32222	2	0	0	3	0.333333	3	0.333333	1	0	0	0	0	0	0
7000	705	40	300	4	25	13	78	1.89209	2	0	0	8	0.125	8	0.125	1	0	0	0	0	0	0
7000	706	40	300	4	25	8	59	1.77085	2	0	0	4	0.25	4	0.25	1	0	0	0	0	0	0
7000	707	40	300	4	25	3	7	0.845098	1	0	0	1	1	1	1	1	0	0	0	0	0	0
7000	708	40	300	4	25	8	89	1.94939	2	0	0	2	0.5	2	0.5	1	0	0	0	0	0	0
7000	709	40	300	4	25	4	11	1.04139	2	0	0	2	0.5	2	0.5	1	0	0	0	0	0	0
7000	710	40	300	4	25	6	11	1.04139	2	0	0	5	0.2	5	0.2	1	0	0	0	0	0	0
7000	711	40	300	4	25	3	5	0.69897	1	0	0	2	0.5	2	0.5	1	0	0	0	0	0	0
7000	712	40	300	4	25	13	1123	3.05038	4	0	0	3	0.333333	3	0.333333	1	0	0	0	0	0	0
7000	713	40	300	4	25	10	74	1.86923	2	0	0	4	0.25	4	0.25	1	0	0	0	0	0	0
7000	714	40	300	4	25	4	11	1.04139	2	0	0	2	0.5	2	0.5	1	0	0	0	0	0	0
7000	715	40	300	4	25	9	62	1.79239	2	0	0	4	0.25	4	0.25	1	0	0	0	0	0	0
7000	716	40	300	4	25	8	71	1.85126	2	0	0	3	0.333333	3	0.333333	1	0	0	0	0	0	0
7000	717	40	300	4	25	11	269	2.42975	3	0	0	3	0.333333	3	0.333333	1	0	0	0	0	0	0
7000	718	40	300	4	25	5	17	1.23045	2	0	0	2	0.5	2	0.5	1	0	0	0	0	0	0
7000	719	40	300	4	25	7	53	1.72428	2	0	0	2	0.5	2	0.5	1	0	0	0	0	0	0
7000	720	40	300	4	25	9	25	1.39794	2	0	0	7	0.142857	7	0.142857	1	0	0	0	0	0	0
7000	721	40	300	4	25	7	31	1.49136	2	0	0	4	0.25	4	0.25	1	0	0	0	0	0	0
7000	722	40	300	4	25	3	7	0.845098	1	0	0	1	1	1	1	1	0	0	0	0	0	0
7000	723	40	300	4	25	5	23	1.36173	2	0	0	2	0.5	2	0.5	1	0	0	0	0	0	0
7000	724	40	300	4	25	10	87	1.93952	2	0	0	4	0.25	4	0.25	1	0	0	0	0	0	0
7000	725	40	300	4	25	8	15	1.17609	2	0	0	7	0.142857	7	0.142857	1	0	0	0	0	0	0
7000	726	40	300	4	25	4	8	0.90309	1	0	0	2	0.5	2	0.5	1	0	0	0	0	0	0
7000	728	40	300	4	25	5	9	0.954243	1	0	0	4	0.25	4	0.25	1	0	0	0	0	0	0
7000	729	40	300	4	25	10	167	2.22272	3	0	0	3	0.333333	3	0.333333	1	0	0	0	0	0	0
7000	730	40	300	4	25	12	224	2.35025	3	0	0	4	0.25	4	0.25	1	0	0	0	0	0	0
7000	731	40	300	4	25	6	35	1.54407	2	0	0	2	0.5	2	0.5	1	0	0	0	0	0	0
7000	732	40	300	4	25	5	11	1.04139	2	0	0	3	0.333333	3	0.333333	1	0	0	0	0	0	0
7000	733	40	300	4	25	4	5	0.69897	1	0	0	3	0.333333	3	0.333333	1	0	0	0	0	0	0
7000	734	40	300	4	25	7	83	1.91908	2	0	0	2	0.5	2	0.5	1	0	0	0	0	0	0
7000	735	40	300	4	25	5	6	0.778151	1	0	0	4	0.25	4	0.25	1	0	0	0	0	0	0
7000	736	40	300	4	25	18	1247	3.09587	4	0	0	7	0.142857	7	0.142857	1	0.01	-2	0	0	0	0
7000	737	40	300	4	25	5	23	1.36173	2	0	0	2	0.5	2	0.5	1	0	0	0	0	0	0
7000	738	40	300	4	25	2	2	0.30103	1	0	0	2	0.5	2	0.5	1	0	0	0	0	0	0
7000	739	40	300	4	25	8	35	1.54407	2	0	0	5	0.2	5	0.2	1	0	0	0	0	0	0
7000	740	40	300	4	25	6	35	1.54407	2	0	0	2	0.5	2	0.5	1	0	0	0	0	0	0
7000	741	40	300	4	25	9	156	2.19312	3	0	0	2	0.5	2	0.5	1	0	0	0	0	0	0
7000	742	40	300	4	25	5	23	1.36173	2	0	0	2	0.5	2	0.5	1	0	0	0	0	0	0
7000	743	40	300	4	25	3	3	0.477121	1	0	0	3	0.333333	3	0.333333	1	0	0	0	0	0	0
7000	744	40	300	4	25	6	47	1.6721	2	0	0	2	0.5	2	0.5	1	0	0	0	0	0	0
7000	745	40	300	4	25	6	22	1.34242	2	0	0	3	0.333333	3	0.333333	1	0	0	0	0	0	0
7000	746	40	300	4	25	11	209	2.32015	3	0	0	4	0.25	4	0.25	1	0	0	0	0	0	0
7000	747	40	300	4	25	8	20	1.30103	2	0	0	6	0.166667	6	0.166667	1	0	0	0	0	0	0
7000	748	40	300	4	25	4	11	1.04139	2	0	0	2	0.5	2	0.5	1	0	0	0	0	0	0
7000	749	40	300	4	25	3	3	0.477121	1	0	0	3	0.333333	3	0.333333	1	0	0	0	0	0	0
7000	750	40	300	4	25	7	25	1.39794	2	0	0	4	0.25	4	0.25	1	0	0	0	0	0	0
7000	751	40	300	4	25	8	59	1.77085	2	0	0	3	0.333333	3	0.333333	1	0	0	0	0	0	0
7000	752	40	300	4	25	5	11	1.04139	2	0	0	3	0.333333	3	0.333333	1	0	0	0	0	0	0
7000	753	40	300	4	25	10	159	2.2014	3	0	0	4	0.25	4	0.25	1	0	0	0	0	0	0
7000	754	40	300	4	25	8	27	1.43136	2	0	0	6	0.166667	6	0.166667	1	0	0	0	0	0	0
7000	755	40	300	4	25	7	53	1.72428	2	0	0	2	0.5	2	0.5	1	0	0	0	0	0	0
7000	756	40	300	4	25	9	215	2.33244	3	0	0	2	0.5	2	0.5	1	0	0	0	0	0	0
7000	757	40	300	4	25	5	23	1.36173	2	0	0	2	0.5	2	0.5	1	0	0	0	0	0	0
7000	758	40	300	4	25	11	191	2.28103	3	0	0	5	0.2	5	0.2	1	0	0	0	0	0	0
7000	759	40	300	4	25	6	23	1.36173	2	0	0	3	0.333333	3	0.333333	1	0	0	0	0	0	0
7000	760	40	300	4	25	8	42	1.62325	2	0	0	4	0.25	4	0.25	1	0	0	0	0	0	0
7000	761	40	300	4	25	1	1	0	1	0	0	1	1	1	1	1	0	0	0	0	0	0
7000	762	40	300	4	25	8	78	1.89209	2	0	0	3	0.333333	3	0.333333	1	0	0	0	0	0	0
7000	764	40	300	4	25	8	107	2.02938	3	0	0	2	0.5	2	0.5	1	0	0	0	0	0	0
7000	765	40	300	4	25	4	11	1.04139	2	0	0	2	0.5	2	0.5	1	0	0	0	0	0	0
7000	766	40	300	4	25	5	23	1.36173	2	0	0	2	0.5	2	0.5	1	0	0	0	0	0	0
7000	767	40	300	4	25	8	95	1.97772	2	0	0	3	0.333333	3	0.333333	1	0	0	0	0	0	0
7000	768	40	300	4	25	5	17	1.23045	2	0	0	2	0.5	2	0.5	1	0	0	0	0	0	0
7000	769	40	300	4	25	6	23	1.36173	2	0	0	3	0.333333	3	0.333333	1	0	0	0	0	0	0
7000	770	40	300	4	25	5	8	0.90309	1	0	0	4	0.25	4	0.25	1	0	0	0	0	0	0
7000	771	40	300	4	25	5	17	1.23045	2	0	0	2	0.5	2	0.5	1	0	0	0	0	0	0
7000	772	40	300	4	25	10	215	2.33244	3	0	0	4	0.25	4	0.25	1	0	0	0	0	0	0
7000	773	40	300	4	25	3	5	0.69897	1	0	0	2	0.5	2	0.5	1	0	0	0	0	0	0
7000	774	40	300	4	25	1	1	0	1	0	0	1	1	1	1	1	0	0	0	0	0	0
7000	775	40	300	4	25	9	119	2.07555	3	0	0	4	0.25	4	0.25	1	0	0	0	0	0	0
7000	776	40	300	4	25	3	5	0.69897	1	0	0	2	0.5	2	0.5	1	0	0	0	0	0	0
7000	777	40	300	4	25	12	539	2.73159	3	0	0	4	0.25	4	0.25	1	0	0	0	0	0	0
7000	778	40	300	4	25	6	19	1.27875	2	0	0	4	0.25	4	0.25	1	0	0	0	0	0	0
7000	779	40	300	4	25	4	11	1.04139	2	0	0	2	0.5	2	0.5	1	0	0	0	0	0	0
7000	780	40	300	4	25	7	25	1.39794	2	0	0	4	0.25	4	0.25	1	0	0	0	0	0	0
7000	781	40	300	4	25	3	7	0.845098	1	0	0	1	1	1	1	1	0	0	0	0	0	0
7000	782	40	300	4	25	3	5	0.69897	1	0	0	2	0.5	2	0.5	1	0	0	0	0	0	0
7000	783	40	300	4	25	6	19	1.27875	2	0	0	3	0.333333	3	0.333333	1	0	0	0	0	0	0
7000	784	40	300	4	25	10	119	2.07555	3	0	0	4	0.25	4	0.25	1	0	0	0	0	0	0
7000	785	40	300	4	25	14	87	1.93952	2	0	0	10	0.1	10	0.1	1	0	0	0	0	0	0
7000	787	40	300	4	25	3	5	0.69897	1	0	0	2	0.5	2	0.5	1	0	0	0	0	0	0
7000	788	40	300	4	25	8	32	1.50515	2	0	0	5	0.2	5	0.2	1	0	0	0	0	0	0
7000	789	40	300	4	25	4	11	1.04139	2	0	0	2	0.5	2	0.5	1	0	0	0	0	0	0
7000	790	40	300	4	25	6	35	1.54407	2	0	0	2	0.5	2	0.5	1	0	0	0	0	0	0
7000	791	40	300	4	25	8	53	1.72428	2	0	0	4	0.25	4	0.25	1	0	0	0	0	0	0
7000	792	40	300	4	25	10	110	2.04139	3	0	0	4	0.25	4	0.25	1	0	0	0	0	0	0
7000	793	40	300	4	25	9	287	2.45788	3	0	0	2	0.5	2	0.5	1	0	0	0	0	0	0
7000	794	40	300	4	25	7	47	1.6721	2	0	0	3	0.333333	3	0.333333	1	0	0	0	0	0	0
7000	795	40	300	4	25	2	2	0.30103	1	0	0	2	0.5	2	0.5	1	0	0	0	0	0	0
7000	796	40	300	4	25	3	5	0.69897	1	0	0	2	0.5	2	0.5	1	0	0	0	0	0	0
7000	797	40	300	4	25	9	59	1.77085	2	0	0	4	0.25	4	0.25	1	0	0	0	0	0	0
7000	798	40	300	4	25	10	169	2.22789	3	0	0	3	0.333333	3	0.333333	1	0	0	0	0	0	0
7000	799	40	300	4	25	10	143	2.15534	3	0	0	4	0.25	4	0.25	1	0	0	0	0	0	0
7000	800	40	300	4	25	14	719	2.85673	3	0	0	4	0.25	4	0.25	1	0	0	0	0	0	0
7000	801	40	300	4	25	11	126	2.10037	3	0	0	4	0.25	4	0.25	1	0	0	0	0	0	0
7000	802	40	300	4	25	10	117	2.06819	3	0	0	3	0.333333	3	0.333333	1	0	0	0	0	0	0
7000	804	40	300	4	25	6	19	1.27875	2	0	0	3	0.333333	3	0.333333	1	0	0	0	0	0	0
7000	806	40	300	4	25	8	49	1.6902	2	0	0	3	0.333333	3	0.333333	1	0	0	0	0	0	0
7000	807	40	300	4	25	15	629	2.79865	3	0	0	5	0.2	5	0.2	1	0	0	0	0	0	0
7000	808	40	300	4	25	5	11	1.04139	2	0	0	3	0.333333	3	0.333333	1	0	0	0	0	0	0
7000	809	40	300	4	25	3	5	0.69897	1	0	0	2	0.5	2	0.5	1	0	0	0	0	0	0
7000	810	40	300	4	25	10	63	1.79934	2	0	0	6	0.166667	6	0.166667	1	0	0	0	0	0	0
7000	811	40	300	4	25	11	103	2.01284	3	0	0	6	0.166667	6	0.166667	1	0	0	0	0	0	0
7000	812	40	300	4	25	5	17	1.23045	2	0	0	2	0.5	2	0.5	1	0	0	0	0	0	0
7000	813	40	300	4	25	2	3	0.477121	1	0	0	1	1	1	1	1	0	0	0	0	0	0
7000	814	40	300	4	25	8	77	1.88649	2	0	0	3	0.333333	3	0.333333	1	0	0	0	0	0	0
7000	815	40	300	4	25	6	23	1.36173	2	0	0	3	0.333333	3	0.333333	1	0	0	0	0	0	0
7000	816	40	300	4	25	7	27	1.43136	2	0	0	4	0.25	4	0.25	1	0	0	0	0	0	0
7000	817	40	300	4	25	6	44	1.64345	2	0	0	2	0.5	2	0.5	1	0	0	0	0	0	0
7000	818	40	300	4	25	11	194	2.2878	3	0	0	4	0.25	4	0.25	1	0	0	0	0	0	0
7000	819	40	300	4	25	6	23	1.36173	2	0	0	3	0.333333	3	0.333333	1	0	0	0	0	0	0
7000	820	40	300	4	25	3	5	0.69897	1	0	0	2	0.5	2	0.5	1	0	0	0	0	0	0
7000	821	40	300	4	25	5	23	1.36173	2	0	0	2	0.5	2	0.5	1	0	0	0	0	0	0
7000	822	40	300	4	25	3	7	0.845098	1	0	0	1	1	1	1	1	0	0	0	0	0	0
7000	823	40	300	4	25	2	3	0.477121	1	0	0	1	1	1	1	1	0	0	0	0	0	0
7000	824	40	300	4	25	9	37	1.5682	2	0	0	6	0.166667	6	0.166667	1	0	0	0	0	0	0
7000	825	40	300	4	25	6	35	1.54407	2	0	0	2	0.5	2	0.5	1	0	0	0	0	0	0
7000	826	40	300	4	25	1	1	0	1	0	0	1	1	1	1	1	0	0	0	0	0	0
7000	827	40	300	4	25	2	2	0.30103	1	0	0	2	0.5	2	0.5	1	0	0	0	0	0	0
7000	828	40	300	4	25	3	5	0.69897	1	0	0	2	0.5	2	0.5	1	0	0	0	0	0	0
7000	829	40	300	4	25	10	99	1.99564	2	0	0	4	0.25	4	0.25	1	0	0	0	0	0	0
7000	830	40	300	4	25	11	93	1.96848	2	0	0	4	0.25	4	0.25	1	0	0	0	0	0	0
7000	831	40	300	4	25	9	33	1.51851	2	0	0	6	0.166667	6	0.166667	1	0	0	0	0	0	0
7000	832	40	300	4	25	9	119	2.07555	3	0	0	4	0.25	4	0.25	1	0	0	0	0	0	0
7000	833	40	300	4	25	9	107	2.02938	3	0	0	3	0.333333	3	0.333333	1	0	0	0	0	0	0
7000	834	40	300	4	25	8	59	1.77085	2	0	0	4	0.25	4	0.25	1	0	0	0	0	0	0
7000	835	40	300	4	25	3	5	0.69897	1	0	0	2	0.5	2	0.5	1	0	0	0	0	0	0
7000	836	40	300	4	25	18	296	2.47129	3	0	0	9	0.111111	9	0.111111	1	0	0	0	0	0	0
7000	837	40	300	4	25	8	59	1.77085	2	0	0	4	0.25	4	0.25	1	0	0	0	0	0	0
7000	838	40	300	4	25	7	71	1.85126	2	0	0	2	0.5	2	0.5	1	0	0	0	0	0	0
7000	840	40	300	4	25	5	15	1.17609	2	0	0	2	0.5	2	0.5	1	0	0	0	0	0	0
7000	841	40	300	4	25	6	35	1.54407	2	0	0	2	0.5	2	0.5	1	0	0	0	0	0	0
7000	842	40	300	4	25	8	43	1.63347	2	0	0	4	0.25	4	0.25	1	0	0	0	0	0	0
7000	843	40	300	4	25	8	41	1.61278	2	0	0	4	0.25	4	0.25	1	0	0	0	0	0	0
7000	844	40	300	4	25	10	215	2.33244	3	0	0	3	0.333333	3	0.333333	1	0	0	0	0	0	0
7000	845	40	300	4	25	5	19	1.27875	2	0	0	2	0.5	2	0.5	1	0	0	0	0	0	0
7000	846	40	300	4	25	6	23	1.36173	2	0	0	3	0.333333	3	0.333333	1	0	0	0	0	0	0
7000	847	40	300	4	25	5	15	1.17609	2	0	0	3	0.333333	3	0.333333	1	0	0	0	0	0	0
7000	848	40	300	4	25	9	215	2.33244	3	0	0	2	0.5	2	0.5	1	0	0	0	0	0	0
7000	849	40	300	4	25	7	41	1.61278	2	0	0	3	0.333333	3	0.333333	1	0	0	0	0	0	0
7000	850	40	300	4	25	5	9	0.954243	1	0	0	4	0.25	4	0.25	1	0	0	0	0	0	0
7000	851	40	300	4	25	8	95	1.97772	2	0	0	3	0.333333	3	0.333333	1	0	0	0	0	0	0
7000	852	40	300	4	25	4	11	1.04139	2	0	0	2	0.5	2	0.5	1	0	0	0	0	0	0
7000	853	40	300	4	25	8	107	2.02938	3	0	0	2	0.5	2	0.5	1	0	0	0	0	0	0
7000	854	40	300	4	25	5	23	1.36173	2	0	0	2	0.5	2	0.5	1	0	0	0	0	0	0
7000	855	40	300	4	25	2	3	0.477121	1	0	0	1	1	1	1	1	0	0	0	0	0	0
7000	856	40	300	4	25	3	3	0.477121	1	0	0	3	0.333333	3	0.333333	1	0	0	0	0	0	0
7000	857	40	300	4	25	8	41	1.61278	2	0	0	4	0.25	4	0.25	1	0	0	0	0	0	0
7000	858	40	300	4	25	10	83	1.91908	2	0	0	6	0.166667	6	0.166667	1	0	0	0	0	0	0
7000	859	40	300	4	25	12	575	2.75967	3	0	0	3	0.333333	3	0.333333	1	0	0	0	0	0	0
7000	860	40	300	4	25	2	2	0.30103	1	0	0	2	0.5	2	0.5	1	0	0	0	0	0	0
7000	861	40	300	4	25	3	5	0.69897	1	0	0	2	0.5	2	0.5	1	0	0	0	0	0	0
7000	862	40	300	4	25	12	179	2.25285	3	0	0	5	0.2	5	0.2	1	0	0	0	0	0	0
7000	863	40	300	4	25	5	11	1.04139	2	0	0	3	0.333333	3	0.333333	1	0	0	0	0	0	0
7000	864	40	300	4	25	3	5	0.69897	1	0	0	2	0.5	2	0.5	1	0	0	0	0	0	0
7000	865	40	300	4	25	17	191	2.28103	3	0	0	9	0.111111	9	0.111111	1	0	0	0	0	0	0
7000	866	40	300	4	25	8	63	1.79934	2	0	0	3	0.333333	3	0.333333	1	0	0	0	0	0	0
7000	867	40	300	4	25	10	79	1.89763	2	0	0	5	0.2	5	0.2	1	0	0	0	0	0	0
7000	868	40	300	4	25	3	5	0.69897	1	0	0	2	0.5	2	0.5	1	0	0	0	0	0	0
7000	869	40	300	4	25	5	23	1.36173	2	0	0	2	0.5	2	0.5	1	0	0	0	0	0	0
7000	870	40	300	4	25	2	2	0.30103	1	0	0	2	0.5	2	0.5	1	0	0	0	0	0	0
7000	871	40	300	4	25	7	31	1.49136	2	0	0	3	0.333333	3	0.333333	1	0	0	0	0	0	0
7000	872	40	300	4	25	9	47	1.6721	2	0	0	5	0.2	5	0.2	1	0	0	0	0	0	0
7000	873	40	300	4	25	7	53	1.72428	2	0	0	2	0.5	2	0.5	1	0	0	0	0	0	0
7000	874	40	300	4	25	5	15	1.17609	2	0	0	3	0.333333	3	0.333333	1	0	0	0	0	0	0
7000	875	40	300	4	25	4	11	1.04139	2	0	0	2	0.5	2	0.5	1	0	0	0	0	0	0
7000	876	40	300	4	25	8	127	2.1038	3	0	0	2	0.5	2	0.5	1	0	0	0	0	0	0
7000	877	40	300	4	25	8	87	1.93952	2	0	0	3	0.333333	3	0.333333	1	0	0	0	0	0	0
7000	878	40	300	4	25	9	96	1.98227	2	0	0	3	0.333333	3	0.333333	1	0	0	0	0	0	0
7000	879	40	300	4	25	8	27	1.43136	2	0	0	4	0.25	4	0.25	1	0	0	0	0	0	0
7000	880	40	300	4	25	13	303	2.48144	3	0	0	6	0.166667	6	0.166667	1	0	0	0	0	0	0
7000	881	40	300	4	25	9	161	2.20683	3	0	0	2	0.5	2	0.5	1	0	0	0	0	0	0
7000	882	40	300	4	25	12	179	2.25285	3	0	0	6	0.166667	6	0.166667	1	0	0	0	0	0	0
7000	883	40	300	4	25	5	31	1.49136	2	0	0	1	1	1	1	1	0	0	0	0	0	0
7000	884	40	300	4	25	8	71	1.85126	2	0	0	3	0.333333	3	0.333333	1	0	0	0	0	0	0
7000	885	40	300	4	25	1	1	0	1	0	0	1	1	1	1	1	0	0	0	0	0	0
7000	887	40	300	4	25	4	11	1.04139	2	0	0	2	0.5	2	0.5	1	0	0	0	0	0	0
7000	888	40	300	4	25	7	39	1.59106	2	0	0	4	0.25	4	0.25	1	0	0	0	0	0	0
7000	889	40	300	4	25	9	83	1.91908	2	0	0	4	0.25	4	0.25	1	0	0	0	0	0	0
7000	890	40	300	4	25	11	123	2.08991	3	0	0	5	0.2	5	0.2	1	0	0	0	0	0	0
7000	892	40	300	4	25	9	89	1.94939	2	0	0	4	0.25	4	0.25	1	0	0	0	0	0	0
7000	894	40	300	4	25	4	11	1.04139	2	0	0	2	0.5	2	0.5	1	0	0	0	0	0	0
7000	895	40	300	4	25	6	35	1.54407	2	0	0	2	0.5	2	0.5	1	0	0	0	0	0	0
7000	896	40	300	4	25	8	35	1.54407	2	0	0	5	0.2	5	0.2	1	0	0	0	0	0	0
7000	897	40	300	4	25	10	119	2.07555	3	0	0	5	0.2	5	0.2	1	0	0	0	0	0	0
7000	898	40	300	4	25	11	125	2.09691	3	0	0	6	0.166667	6	0.166667	1	0	0	0	0	0	0
7000	899	40	300	4	25	9	121	2.08279	3	0	0	3	0.333333	3	0.333333	1	0	0	0	0	0	0
7000	900	40	300	4	25	4	11	1.04139	2	0	0	2	0.5	2	0.5	1	0	0	0	0	0	0
7000	901	40	300	4	25	8	44	1.64345	2	0	0	4	0.25	4	0.25	1	0	0	0	0	0	0
7000	902	40	300	4	25	4	4	0.60206	1	0	0	4	0.25	4	0.25	1	0	0	0	0	0	0
7000	903	40	300	4	25	8	107	2.02938	3	0	0	2	0.5	2	0.5	1	0	0	0	0	0	0
7000	904	40	300	4	25	3	5	0.69897	1	0	0	2	0.5	2	0.5	1	0	0	0	0	0	0
7000	905	40	300	4	25	2	2	0.30103	1	0	0	2	0.5	2	0.5	1	0	0	0	0	0	0
7000	906	40	300	4	25	1	1	0	1	0	0	1	1	1	1	1	0	0	0	0	0	0
7000	907	40	300	4	25	14	307	2.48714	3	0	0	7	0.142857	7	0.142857	1	0	0	0	0	0	0
7000	908	40	300	4	25	5	23	1.36173	2	0	0	2	0.5	2	0.5	1	0	0	0	0	0	0
7000	909	40	300	4	25	9	101	2.00432	3	0	0	4	0.25	4	0.25	1	0	0	0	0	0	0
7000	911	40	300	4	25	4	7	0.845098	1	0	0	3	0.333333	3	0.333333	1	0	0	0	0	0	0
7000	912	40	300	4	25	3	7	0.845098	1	0	0	1	1	1	1	1	0	0	0	0	0	0
7000	913	40	300	4	25	4	9	0.954243	1	0	0	2	0.5	2	0.5	1	0	0	0	0	0	0
7000	914	40	300	4	25	4	11	1.04139	2	0	0	2	0.5	2	0.5	1	0	0	0	0	0	0
7000	915	40	300	4	25	7	63	1.79934	2	0	0	3	0.333333	3	0.333333	1	0	0	0	0	0	0
7000	916	40	300	4	25	11	239	2.3784	3	0	0	4	0.25	4	0.25	1	0	0	0	0	0	0
7000	919	40	300	4	25	2	3	0.477121	1	0	0	1	1	1	1	1	0	0	0	0	0	0
7000	921	40	300	4	25	14	306	2.48572	3	0	0	6	0.166667	6	0.166667	1	0	0	0	0	0	0
7000	922	40	300	4	25	4	11	1.04139	2	0	0	2	0.5	2	0.5	1	0	0	0	0	0	0
7000	923	40	300	4	25	5	14	1.14613	2	0	0	2	0.5	2	0.5	1	0	0	0	0	0	0
7000	924	40	300	4	25	2	3	0.477121	1	0	0	1	1	1	1	1	0	0	0	0	0	0
7000	925	40	300	4	25	10	111	2.04532	3	0	0	5	0.2	5	0.2	1	0	0	0	0	0	0
7000	926	40	300	4	25	10	79	1.89763	2	0	0	6	0.166667	6	0.166667	1	0	0	0	0	0	0
7000	927	40	300	4	25	6	21	1.32222	2	0	0	3	0.333333	3	0.333333	1	0	0	0	0	0	0
7000	928	40	300	4	25	9	59	1.77085	2	0	0	5	0.2	5	0.2	1	0	0	0	0	0	0
7000	929	40	300	4	25	6	26	1.41497	2	0	0	2	0.5	2	0.5	1	0	0	0	0	0	0
7000	930	40	300	4	25	5	11	1.04139	2	0	0	3	0.333333	3	0.333333	1	0	0	0	0	0	0
7000	931	40	300	4	25	7	47	1.6721	2	0	0	3	0.333333	3	0.333333	1	0	0	0	0	0	0
7000	932	40	300	4	25	13	80	1.90309	2	0	0	6	0.166667	6	0.166667	1	0	0	0	0	0	0
7000	933	40	300	4	25	4	11	1.04139	2	0	0	2	0.5	2	0.5	1	0	0	0	0	0	0
7000	934	40	300	4	25	3	7	0.845098	1	0	0	1	1	1	1	1	0	0	0	0	0	0
7000	935	40	300	4	25	4	11	1.04139	2	0	0	2	0.5	2	0.5	1	0	0	0	0	0	0
7000	936	40	300	4	25	8	143	2.15534	3	0	0	2	0.5	2	0.5	1	0	0	0	0	0	0
7000	938	40	300	4	25	4	11	1.04139	2	0	0	2	0.5	2	0.5	1	0	0	0	0	0	0
7000	939	40	300	4	25	4	11	1.04139	2	0	0	2	0.5	2	0.5	1	0	0	0	0	0	0
7000	940	40	300	4	25	6	29	1.4624	2	0	0	2	0.5	2	0.5	1	0	0	0	0	0	0
7000	941	40	300	4	25	5	15	1.17609	2	0	0	3	0.333333	3	0.333333	1	0	0	0	0	0	0
7000	942	40	300	4	25	2	2	0.30103	1	0	0	2	0.5	2	0.5	1	0	0	0	0	0	0
7000	943	40	300	4	25	7	18	1.25527	2	0	0	4	0.25	4	0.25	1	0	0	0	0	0	0
7000	944	40	300	4	25	6	18	1.25527	2	0	0	3	0.333333	3	0.333333	1	0	0	0	0	0	0
7000	945	40	300	4	25	7	24	1.38021	2	0	0	3	0.333333	3	0.333333	1	0	0	0	0	0	0
7000	946	40	300	4	25	4	7	0.845098	1	0	0	3	0.333333	3	0.333333	1	0	0	0	0	0	0
7000	947	40	300	4	25	6	25	1.39794	2	0	0	3	0.333333	3	0.333333	1	0	0	0	0	0	0
7000	948	40	300	4	25	6	14	1.14613	2	0	0	4	0.25	4	0.25	1	0	0	0	0	0	0
7000	949	40	300	4	25	4	11	1.04139	2	0	0	2	0.5	2	0.5	1	0	0	0	0	0	0
7000	950	40	300	4	25	1	1	0	1	0	0	1	1	1	1	1	0	0	0	0	0	0
7000	951	40	300	4	25	7	28	1.44716	2	0	0	3	0.333333	3	0.333333	1	0	0	0	0	0	0
7000	952	40	300	4	25	6	35	1.54407	2	0	0	2	0.5	2	0.5	1	0	0	0	0	0	0
7000	953	40	300	4	25	5	15	1.17609	2	0	0	3	0.333333	3	0.333333	1	0	0	0	0	0	0
7000	955	40	300	4	25	6	23	1.36173	2	0	0	3	0.333333	3	0.333333	1	0	0	0	0	0	0
7000	956	40	300	4	25	16	695	2.84198	3	0	0	5	0.2	5	0.2	1	0	0	0	0	0	0
7000	957	40	300	4	25	10	191	2.28103	3	0	0	3	0.333333	3	0.333333	1	0	0	0	0	0	0
7000	958	40	300	4	25	5	9	0.954243	1	0	0	4	0.25	4	0.25	1	0	0	0	0	0	0
7000	959	40	300	4	25	4	8	0.90309	1	0	0	2	0.5	2	0.5	1	0	0	0	0	0	0
7000	960	40	300	4	25	6	35	1.54407	2	0	0	2	0.5	2	0.5	1	0	0	0	0	0	0
7000	961	40	300	4	25	5	17	1.23045	2	0	0	2	0.5	2	0.5	1	0	0	0	0	0	0
7000	962	40	300	4	25	5	23	1.36173	2	0	0	2	0.5	2	0.5	1	0	0	0	0	0	0
7000	963	40	300	4	25	14	404	2.60638	3	0	0	5	0.2	5	0.2	1	0	0	0	0	0	0
7000	964	40	300	4	25	12	135	2.13033	3	0	0	5	0.2	5	0.2	1	0	0	0	0	0	0
7000	965	40	300	4	25	13	170	2.23045	3	0	0	6	0.166667	6	0.166667	1	0	0	0	0	0	0
7000	966	40	300	4	25	12	287	2.45788	3	0	0	4	0.25	4	0.25	1	0	0	0	0	0	0
7000	967	40	300	4	25	9	143	2.15534	3	0	0	3	0.333333	3	0.333333	1	0	0	0	0	0	0
7000	968	40	300	4	25	6	47	1.6721	2	0	0	2	0.5	2	0.5	1	0	0	0	0	0	0
7000	969	40	300	4	25	9	43	1.63347	2	0	0	4	0.25	4	0.25	1	0	0	0	0	0	0
7000	970	40	300	4	25	6	19	1.27875	2	0	0	4	0.25	4	0.25	1	0	0	0	0	0	0
7000	971	40	300	4	25	14	153	2.18469	3	0	0	5	0.2	5	0.2	1	0	0	0	0	0	0
7000	972	40	300	4	25	10	88	1.94448	2	0	0	5	0.2	5	0.2	1	0	0	0	0	0	0
7000	973	40	300	4	25	4	15	1.17609	2	0	0	1	1	1	1	1	0	0	0	0	0	0
7000	974	40	300	4	25	3	5	0.69897	1	0	0	2	0.5	2	0.5	1	0	0	0	0	0	0
7000	975	40	300	4	25	6	23	1.36173	2	0	0	3	0.333333	3	0.333333	1	0	0	0	0	0	0
7000	976	40	300	4	25	7	35	1.54407	2	0	0	3	0.333333	3	0.333333	1	0	0	0	0	0	0
7000	977	40	300	4	25	5	19	1.27875	2	0	0	2	0.5	2	0.5	1	0	0	0	0	0	0
7000	978	40	300	4	25	4	11	1.04139	2	0	0	2	0.5	2	0.5	1	0	0	0	0	0	0
7000	980	40	300	4	25	11	143	2.15534	3	0	0	5	0.2	5	0.2	1	0	0	0	0	0	0
7000	981	40	300	4	25	6	11	1.04139	2	0	0	5	0.2	5	0.2	1	0	0	0	0	0	0
7000	982	40	300	4	25	12	167	2.22272	3	0	0	7	0.142857	7	0.142857	1	0	0	0	0	0	0
7000	983	40	300	4	25	7	53	1.72428	2	0	0	2	0.5	2	0.5	1	0	0	0	0	0	0
7000	984	40	300	4	25	9	89	1.94939	2	0	0	4	0.25	4	0.25	1	0	0	0	0	0	0
7000	986	40	300	4	25	6	31	1.49136	2	0	0	3	0.333333	3	0.333333	1	0	0	0	0	0	0
7000	987	40	300	4	25	8	21	1.32222	2	0	0	4	0.25	4	0.25	1	0	0	0	0	0	0
7000	988	40	300	4	25	2	3	0.477121	1	0	0	1	1	1	1	1	0	0	0	0	0	0
7000	989	40	300	4	25	8	59	1.77085	2	0	0	4	0.25	4	0.25	1	0	0	0	0	0	0
7000	990	40	300	4	25	12	293	2.46687	3	0	0	4	0.25	4	0.25	1	0	0	0	0	0	0
7000	991	40	300	4	25	6	17	1.23045	2	0	0	3	0.333333	3	0.333333	1	0	0	0	0	0	0
7000	993	40	300	4	25	4	11	1.04139	2	0	0	2	0.5	2	0.5	1	0	0	0	0	0	0
7000	994	40	300	4	25	7	17	1.23045	2	0	0	5	0.2	5	0.2	1	0	0	0	0	0	0
7000	995	40	300	4	25	16	888	2.94841	3	0	0	5	0.2	5	0.2	1	0	0	0	0	0	0
7000	996	40	300	4	25	11	183	2.26245	3	0	0	5	0.2	5	0.2	1	0	0	0	0	0	0
7000	997	40	300	4	25	15	1349	3.13001	4	0	0	4	0.25	4	0.25	1	0	0	0.01	-2	0	0
7000	998	40	300	4	25	12	103	2.01284	3	0	0	6	0.166667	6	0.166667	1	0	0	0	0	0	0
7000	999	40	300	4	25	6	47	1.6721	2	0	0	2	0.5	2	0.5	1	0	0	0	0	0	0
7000	1000	40	300	4	25	3	5	0.69897	1	0	0	2	0.5	2	0.5	1	0	0	0	0	0	0
