10000	1	50	300	4	25	2	3	0	0	1	1	1	0	0	0	0
10000	2	50	300	4	25	5	23	0	0	2	2	1	0	0	0	0
10000	3	50	300	4	25	7	47	0	0	3	3	1	0	0	0	0
10000	4	50	300	4	25	2	2	0	0	2	2	1	0	0	0	0
10000	5	50	300	4	25	5	17	0	0	2	2	1	0	0	0	0
10000	6	50	300	4	25	5	23	0	0	2	2	1	0	0	0	0
10000	7	50	300	4	25	4	8	0	0	2	2	1	0	0	0	0
10000	8	50	300	4	25	6	23	0	0	3	3	1	0	0	0	0
10000	9	50	300	4	25	6	19	0	0	4	4	1	0	0	0	0
10000	10	50	300	4	25	2	2	0	0	2	2	1	0	0	0	0
10000	11	50	300	4	25	1	1	0	0	1	1	1	0	0	0	0
10000	12	50	300	4	25	4	7	0	0	3	3	1	0	0	0	0
10000	13	50	300	4	25	5	23	0	0	2	2	1	0	0	0	0
10000	14	50	300	4	25	6	47	0	0	2	2	1	0	0	0	0
10000	15	50	300	4	25	2	2	0	0	2	2	1	0	0	0	0
10000	17	50	300	4	25	9	89	0	0	4	4	1	0	0	0	0
10000	18	50	300	4	25	5	23	0	0	2	2	1	0	0	0	0
10000	19	50	300	4	25	5	17	0	0	2	2	1	0	0	0	0
10000	20	50	300	4	25	4	11	0	0	2	2	1	0	0	0	0
10000	21	50	300	4	25	4	11	0	0	2	2	1	0	0	0	0
10000	22	50	300	4	25	7	53	0	0	2	2	1	0	0	0	0
10000	23	50	300	4	25	10	323	1	0	2	2	1	0	0	0.01	0
10000	24	50	300	4	25	7	95	0	0	2	2	1	0	0	0	0
10000	25	50	300	4	25	8	95	0	0	3	3	1	0	0	0	0
10000	26	50	300	4	25	4	9	0	0	2	2	1	0	0	0	0
10000	27	50	300	4	25	7	10	0	0	5	5	1	0	0	0	0
10000	28	50	300	4	25	8	41	0	0	4	4	1	0	0	0	0
10000	29	50	300	4	25	6	35	0	0	2	2	1	0	0	0	0
10000	30	50	300	4	25	9	59	1	0	4	4	1	0	0	0	0
10000	31	50	300	4	25	4	15	0	0	1	1	1	0	0	0	0
10000	32	50	300	4	25	3	5	0	0	2	2	1	0	0	0	0
10000	33	50	300	4	25	4	4	0	0	4	4	1	0	0	0	0
10000	34	50	300	4	25	5	15	0	0	3	3	1	0	0	0	0
10000	35	50	300	4	25	2	3	0	0	1	1	1	0	0	0	0
10000	36	50	300	4	25	6	47	0	0	2	2	1	0	0	0	0
10000	37	50	300	4	25	6	29	0	0	2	2	1	0	0	0	0
10000	38	50	300	4	25	3	5	0	0	2	2	1	0	0	0	0
10000	39	50	300	4	25	9	215	1	0	2	2	1	0	0	0.01	0
10000	40	50	300	4	25	5	11	0	0	3	3	1	0	0	0	0
10000	42	50	300	4	25	1	1	0	0	1	1	1	0	0	0	0
10000	43	50	300	4	25	3	3	0	0	3	3	1	0	0	0	0
10000	44	50	300	4	25	6	23	0	0	3	3	1	0	0	0	0
10000	45	50	300	4	25	9	143	0	0	3	3	1	0	0	0	0
10000	46	50	300	4	25	3	5	0	0	2	2	1	0	0	0	0
10000	47	50	300	4	25	3	5	0	0	2	2	1	0	0	0	0
10000	48	50	300	4	25	5	17	0	0	2	2	1	0	0	0	0
10000	49	50	300	4	25	3	5	0	0	2	2	1	0	0	0	0
10000	50	50	300	4	25	6	35	0	0	2	2	1	0	0	0	0
10000	51	50	300	4	25	3	7	0	0	1	1	1	0	0	0	0
10000	52	50	300	4	25	3	4	0	0	2	2	1	0	0	0	0
10000	53	50	300	4	25	5	17	0	0	2	2	1	0	0	0	0
10000	54	50	300	4	25	5	23	0	0	2	2	1	0	0	0	0
10000	55	50	300	4	25	8	59	1	0	4	4	1	0	0	0	0
10000	56	50	300	4	25	3	7	0	0	1	1	1	0	0	0	0
10000	57	50	300	4	25	6	35	0	0	2	2	1	0	0	0	0
10000	58	50	300	4	25	3	5	0	0	2	2	1	0	0	0	0
10000	59	50	300	4	25	2	3	0	0	1	1	1	0	0	0	0
10000	60	50	300	4	25	9	215	1	0	2	2	1	0	0	0	0
10000	61	50	300	4	25	7	53	0	0	2	2	1	0	0	0	0
10000	62	50	300	4	25	7	53	0	0	2	2	1	0	0	0	0
10000	63	50	300	4	25	2	2	0	0	2	2	1	0	0	0	0
10000	64	50	300	4	25	11	101	0	0	5	5	1	0	0	0	0
10000	65	50	300	4	25	3	5	0	0	2	2	1	0	0	0	0
10000	66	50	300	4	25	5	17	0	0	2	2	1	0	0	0	0
10000	67	50	300	4	25	3	5	0	0	2	2	1	0	0	0	0
10000	68	50	300	4	25	4	11	0	0	2	2	1	0	0	0	0
10000	69	50	300	4	25	4	15	0	0	1	1	1	0	0	0	0
10000	70	50	300	4	25	5	17	0	0	2	2	1	0	0	0	0
10000	71	50	300	4	25	3	5	0	0	2	2	1	0	0	0	0
10000	72	50	300	4	25	3	7	0	0	1	1	1	0	0	0	0
10000	73	50	300	4	25	2	3	0	0	1	1	1	0	0	0	0
10000	74	50	300	4	25	3	5	0	0	2	2	1	0	0	0	0
10000	75	50	300	4	25	5	11	0	0	3	3	1	0	0	0	0
10000	76	50	300	4	25	4	11	0	0	2	2	1	0	0	0	0
10000	77	50	300	4	25	7	95	0	0	2	2	1	0	0	0	0
10000	78	50	300	4	25	3	7	0	0	1	1	1	0	0	0	0
10000	79	50	300	4	25	7	29	0	0	3	3	1	0	0	0	0
10000	80	50	300	4	25	7	71	0	0	2	2	1	0	0	0	0
10000	81	50	300	4	25	8	59	0	0	4	4	1	0	0	0	0
10000	82	50	300	4	25	3	5	0	0	2	2	1	0	0	0	0
10000	83	50	300	4	25	5	23	0	0	2	2	1	0	0	0	0
10000	84	50	300	4	25	4	11	0	0	2	2	1	0	0	0	0
10000	85	50	300	4	25	9	215	0	0	2	2	1	0	0	0	0
10000	86	50	300	4	25	8	71	0	0	3	3	1	0	0	0	0
10000	87	50	300	4	25	12	1295	0	0	2	2	1	0	0	0	0
10000	88	50	300	4	25	7	53	0	0	2	2	1	0	0	0	0
10000	89	50	300	4	25	7	53	0	0	2	2	1	0	0	0	0
10000	90	50	300	4	25	1	1	0	0	1	1	1	0	0	0	0
10000	91	50	300	4	25	11	503	0	0	3	3	1	0	0	0	0
10000	92	50	300	4	25	6	35	0	0	2	2	1	0	0	0	0
10000	93	50	300	4	25	5	17	0	0	2	2	1	0	0	0	0
10000	94	50	300	4	25	5	23	0	0	2	2	1	0	0	0	0
10000	95	50	300	4	25	7	31	0	0	4	4	1	0	0	0	0
10000	96	50	300	4	25	13	269	0	0	7	7	1	0	0	0	0
10000	97	50	300	4	25	3	5	0	0	2	2	1	0	0	0	0
10000	98	50	300	4	25	3	5	0	0	2	2	1	0	0	0	0
10000	99	50	300	4	25	2	3	0	0	1	1	1	0	0	0	0
10000	100	50	300	4	25	4	11	0	0	2	2	1	0	0	0	0
10000	101	50	300	4	25	2	2	0	0	2	2	1	0	0	0	0
10000	102	50	300	4	25	4	11	0	0	2	2	1	0	0	0	0
10000	103	50	300	4	25	4	15	0	0	1	1	1	0	0	0	0
10000	104	50	300	4	25	2	2	0	0	2	2	1	0	0	0	0
10000	105	50	300	4	25	6	31	0	0	2	2	1	0	0	0	0
10000	106	50	300	4	25	5	23	0	0	2	2	1	0	0	0	0
10000	107	50	300	4	25	9	125	0	0	3	3	1	0	0	0	0
10000	108	50	300	4	25	3	7	0	0	1	1	1	0	0	0	0
10000	109	50	300	4	25	6	23	0	0	3	3	1	0	0	0	0
10000	110	50	300	4	25	4	11	0	0	2	2	1	0	0	0	0
10000	111	50	300	4	25	7	53	0	0	2	2	1	0	0	0	0
10000	112	50	300	4	25	2	3	0	0	1	1	1	0	0	0	0
10000	113	50	300	4	25	3	7	0	0	1	1	1	0	0	0	0
10000	114	50	300	4	25	8	71	0	0	3	3	1	0	0	0	0
10000	115	50	300	4	25	4	11	0	0	2	2	1	0	0	0	0
10000	116	50	300	4	25	4	11	0	0	2	2	1	0	0	0	0
10000	117	50	300	4	25	4	11	0	0	2	2	1	0	0	0	0
10000	118	50	300	4	25	5	23	0	0	2	2	1	0	0	0	0
10000	119	50	300	4	25	4	8	0	0	2	2	1	0	0	0	0
10000	120	50	300	4	25	8	71	0	0	3	3	1	0	0	0	0
10000	121	50	300	4	25	7	47	0	0	3	3	1	0	0	0	0
10000	122	50	300	4	25	4	6	0	0	3	3	1	0	0	0	0
10000	123	50	300	4	25	4	11	0	0	2	2	1	0	0	0	0
10000	124	50	300	4	25	5	9	0	0	4	4	1	0	0	0	0
10000	125	50	300	4	25	8	71	0	0	3	3	1	0	0	0	0
10000	126	50	300	4	25	6	47	0	0	2	2	1	0	0	0	0
10000	127	50	300	4	25	5	11	0	0	3	3	1	0	0	0	0
10000	128	50	300	4	25	3	5	0	0	2	2	1	0	0	0	0
10000	129	50	300	4	25	5	23	0	0	2	2	1	0	0	0	0
10000	131	50	300	4	25	10	63	0	0	7	7	1	0	0	0	0
10000	132	50	300	4	25	6	11	0	0	5	5	1	0	0	0	0
10000	133	50	300	4	25	4	11	0	0	2	2	1	0	0	0	0
10000	134	50	300	4	25	4	11	0	0	2	2	1	0	0	0	0
10000	135	50	300	4	25	2	3	0	0	1	1	1	0	0	0	0
10000	136	50	300	4	25	3	5	0	0	2	2	1	0	0	0	0
10000	137	50	300	4	25	5	14	0	0	2	2	1	0	0	0	0
10000	138	50	300	4	25	3	5	0	0	2	2	1	0	0	0	0
10000	139	50	300	4	25	4	9	0	0	2	2	1	0	0	0	0
10000	140	50	300	4	25	9	107	0	0	3	3	1	0	0	0	0
10000	141	50	300	4	25	3	5	0	0	2	2	1	0	0	0	0
10000	142	50	300	4	25	13	1727	0	0	2	2	1	0	0	0	0
10000	143	50	300	4	25	3	5	0	0	2	2	1	0	0	0	0
10000	144	50	300	4	25	4	7	0	0	3	3	1	0	0	0	0
10000	145	50	300	4	25	5	23	0	0	2	2	1	0	0	0	0
10000	146	50	300	4	25	6	35	0	0	2	2	1	0	0	0	0
10000	147	50	300	4	25	10	71	0	0	5	5	1	0	0	0	0
10000	148	50	300	4	25	2	2	0	0	2	2	1	0	0	0	0
10000	149	50	300	4	25	4	11	0	0	2	2	1	0	0	0	0
10000	150	50	300	4	25	7	95	0	0	2	2	1	0	0	0	0
10000	151	50	300	4	25	2	3	0	0	1	1	1	0	0	0	0
10000	152	50	300	4	25	9	89	0	0	4	4	1	0	0	0	0
10000	153	50	300	4	25	12	539	0	0	4	4	1	0	0	0	0
10000	154	50	300	4	25	1	1	0	0	1	1	1	0	0	0	0
10000	155	50	300	4	25	8	104	0	0	2	2	1	0	0	0	0
10000	156	50	300	4	25	9	71	0	0	5	5	1	0	0	0	0
10000	157	50	300	4	25	4	7	0	0	3	3	1	0	0	0	0
10000	158	50	300	4	25	7	71	0	0	2	2	1	0	0	0	0
10000	159	50	300	4	25	2	2	0	0	2	2	1	0	0	0	0
10000	160	50	300	4	25	6	35	0	0	2	2	1	0	0	0	0
10000	161	50	300	4	25	10	64	0	0	4	4	1	0	0	0	0
10000	162	50	300	4	25	8	107	0	0	2	2	1	0	0	0	0
10000	163	50	300	4	25	12	319	0	0	5	5	1	0	0	0	0
10000	164	50	300	4	25	5	15	0	0	3	3	1	0	0	0	0
10000	165	50	300	4	25	11	107	0	0	5	5	1	0	0	0	0
10000	166	50	300	4	25	6	23	0	0	3	3	1	0	0	0	0
10000	167	50	300	4	25	5	15	0	0	3	3	1	0	0	0	0
10000	168	50	300	4	25	2	3	0	0	1	1	1	0	0	0	0
10000	169	50	300	4	25	3	7	0	0	1	1	1	0	0	0	0
10000	170	50	300	4	25	4	11	0	0	2	2	1	0	0	0	0
10000	171	50	300	4	25	6	47	0	0	2	2	1	0	0	0	0
10000	172	50	300	4	25	4	11	0	0	2	2	1	0	0	0	0
10000	173	50	300	4	25	2	3	0	0	1	1	1	0	0	0	0
10000	174	50	300	4	25	5	18	0	0	2	2	1	0	0	0	0
10000	175	50	300	4	25	6	15	0	0	4	4	1	0	0	0	0
10000	176	50	300	4	25	6	6	0	0	6	6	1	0	0	0	0
10000	177	50	300	4	25	7	53	0	0	2	2	1	0	0	0	0
10000	178	50	300	4	25	7	71	0	0	2	2	1	0	0	0	0
10000	179	50	300	4	25	8	44	0	0	4	4	1	0	0	0	0
10000	180	50	300	4	25	6	47	0	0	2	2	1	0	0	0	0
10000	181	50	300	4	25	4	15	0	0	1	1	1	0	0	0	0
10000	182	50	300	4	25	2	3	0	0	1	1	1	0	0	0	0
10000	183	50	300	4	25	10	82	0	0	6	6	1	0	0	0	0
10000	184	50	300	4	25	3	4	0	0	2	2	1	0	0	0	0
10000	185	50	300	4	25	7	63	0	0	3	3	1	0	0	0	0
10000	186	50	300	4	25	1	1	0	0	1	1	1	0	0	0	0
10000	187	50	300	4	25	3	5	0	0	2	2	1	0	0	0	0
10000	188	50	300	4	25	3	7	0	0	1	1	1	0	0	0	0
10000	189	50	300	4	25	3	5	0	0	2	2	1	0	0	0	0
10000	190	50	300	4	25	6	14	0	0	4	4	1	0	0	0	0
10000	191	50	300	4	25	5	15	0	0	3	3	1	0	0	0	0
10000	192	50	300	4	25	8	35	0	0	5	5	1	0	0	0	0
10000	193	50	300	4	25	2	2	0	0	2	2	1	0	0	0	0
10000	194	50	300	4	25	8	44	0	0	4	4	1	0	0	0	0
10000	195	50	300	4	25	6	35	0	0	2	2	1	0	0	0	0
10000	196	50	300	4	25	9	287	0	0	2	2	1	0	0	0	0
10000	197	50	300	4	25	3	7	0	0	1	1	1	0	0	0	0
10000	198	50	300	4	25	8	35	0	0	5	5	1	0	0	0	0
10000	199	50	300	4	25	5	31	0	0	1	1	1	0	0	0	0
10000	200	50	300	4	25	9	239	0	0	2	2	1	0	0	0	0
10000	201	50	300	4	25	2	3	0	0	1	1	1	0	0	0	0
10000	202	50	300	4	25	8	89	1	0	2	2	1	0	0	0	0
10000	203	50	300	4	25	8	89	0	0	2	2	1	0	0	0	0
10000	204	50	300	4	25	5	17	0	0	2	2	1	0	0	0	0
10000	205	50	300	4	25	1	1	0	0	1	1	1	0	0	0	0
10000	207	50	300	4	25	7	53	0	0	2	2	1	0	0	0	0
10000	208	50	300	4	25	10	431	0	0	2	2	1	0	0	0	0
10000	209	50	300	4	25	5	17	0	0	2	2	1	0	0	0	0
10000	210	50	300	4	25	4	7	0	0	3	3	1	0	0	0	0
10000	211	50	300	4	25	4	8	0	0	2	2	1	0	0	0	0
10000	212	50	300	4	25	2	2	0	0	2	2	1	0	0	0	0
10000	213	50	300	4	25	2	3	0	0	1	1	1	0	0	0	0
10000	214	50	300	4	25	5	15	0	0	3	3	1	0	0	0	0
10000	215	50	300	4	25	8	15	0	0	7	7	1	0	0	0	0
10000	216	50	300	4	25	5	15	0	0	3	3	1	0	0	0	0
10000	217	50	300	4	25	3	7	0	0	1	1	1	0	0	0	0
10000	218	50	300	4	25	7	53	0	0	2	2	1	0	0	0	0
10000	219	50	300	4	25	8	127	1	0	2	2	1	0	0	0	0
10000	220	50	300	4	25	8	107	0	0	2	2	1	0	0	0	0
10000	221	50	300	4	25	4	11	0	0	2	2	1	0	0	0	0
10000	222	50	300	4	25	11	21	0	0	10	10	1	0	0	0	0
10000	223	50	300	4	25	7	31	0	0	4	4	1	0	0	0	0
10000	224	50	300	4	25	8	71	0	0	3	3	1	0	0	0	0
10000	225	50	300	4	25	5	9	0	0	4	4	1	0	0	0	0
10000	226	50	300	4	25	2	3	0	0	1	1	1	0	0	0	0
10000	227	50	300	4	25	7	53	0	0	2	2	1	0	0	0	0
10000	228	50	300	4	25	4	7	0	0	3	3	1	0	0	0	0
10000	229	50	300	4	25	5	17	0	0	2	2	1	0	0	0	0
10000	230	50	300	4	25	5	15	0	0	3	3	1	0	0	0	0
10000	231	50	300	4	25	3	7	0	0	1	1	1	0	0	0	0
10000	232	50	300	4	25	10	287	0	0	2	2	1	0	0	0	0
10000	233	50	300	4	25	8	143	0	0	2	2	1	0	0	0	0
10000	234	50	300	4	25	9	159	0	0	3	3	1	0	0	0	0
10000	235	50	300	4	25	4	6	0	0	3	3	1	0	0	0	0
10000	236	50	300	4	25	15	2591	1	0	3	3	1	0.01	0	0.03	0
10000	237	50	300	4	25	3	7	0	0	1	1	1	0	0	0	0
10000	238	50	300	4	25	8	107	0	0	2	2	1	0	0	0	0
10000	239	50	300	4	25	5	17	0	0	2	2	1	0	0	0	0
10000	240	50	300	4	25	5	23	0	0	2	2	1	0	0	0	0
10000	241	50	300	4	25	6	31	0	0	3	3	1	0	0	0	0
10000	242	50	300	4	25	9	215	0	0	2	2	1	0	0	0	0
10000	243	50	300	4	25	8	107	0	0	2	2	1	0	0	0	0
10000	244	50	300	4	25	6	35	0	0	2	2	1	0	0	0	0
10000	245	50	300	4	25	2	2	0	0	2	2	1	0	0	0	0
10000	246	50	300	4	25	14	335	1	0	5	5	1	0	0	0.01	0
10000	247	50	300	4	25	5	17	1	0	2	2	1	0	0	0	0
10000	248	50	300	4	25	4	8	0	0	2	2	1	0	0	0	0
10000	249	50	300	4	25	6	47	0	0	2	2	1	0	0	0	0
10000	250	50	300	4	25	9	125	0	0	3	3	1	0	0	0	0
10000	251	50	300	4	25	8	107	0	0	2	2	1	0	0	0	0
10000	252	50	300	4	25	6	23	0	0	3	3	1	0	0	0	0
10000	253	50	300	4	25	1	1	0	0	1	1	1	0	0	0	0
10000	254	50	300	4	25	5	9	0	0	4	4	1	0	0	0	0
10000	255	50	300	4	25	7	53	0	0	2	2	1	0	0	0	0
10000	256	50	300	4	25	10	79	0	0	4	4	1	0	0	0	0
10000	257	50	300	4	25	6	47	0	0	2	2	1	0	0	0	0
10000	258	50	300	4	25	3	5	0	0	2	2	1	0	0	0	0
10000	259	50	300	4	25	3	7	0	0	1	1	1	0	0	0	0
10000	260	50	300	4	25	6	19	0	0	4	4	1	0	0	0	0
10000	261	50	300	4	25	2	3	0	0	1	1	1	0	0	0	0
10000	262	50	300	4	25	4	7	0	0	3	3	1	0	0	0	0
10000	263	50	300	4	25	3	5	0	0	2	2	1	0	0	0	0
10000	264	50	300	4	25	3	5	0	0	2	2	1	0	0	0	0
10000	265	50	300	4	25	4	11	0	0	2	2	1	0	0	0	0
10000	266	50	300	4	25	4	15	0	0	1	1	1	0	0	0	0
10000	267	50	300	4	25	5	17	0	0	2	2	1	0	0	0	0
10000	268	50	300	4	25	9	63	0	0	3	3	1	0	0	0	0
10000	269	50	300	4	25	4	11	0	0	2	2	1	0	0	0	0
10000	270	50	300	4	25	4	8	0	0	2	2	1	0	0	0	0
10000	271	50	300	4	25	8	103	0	0	2	2	1	0	0	0	0
10000	272	50	300	4	25	5	9	0	0	4	4	1	0	0	0	0
10000	273	50	300	4	25	3	7	0	0	1	1	1	0	0	0	0
10000	274	50	300	4	25	7	39	0	0	4	4	1	0	0	0	0
10000	275	50	300	4	25	1	1	0	0	1	1	1	0	0	0	0
10000	276	50	300	4	25	3	7	0	0	1	1	1	0	0	0	0
10000	277	50	300	4	25	7	39	0	0	4	4	1	0	0	0	0
10000	278	50	300	4	25	5	19	0	0	2	2	1	0	0	0	0
10000	279	50	300	4	25	6	11	0	0	5	5	1	0	0	0	0
10000	280	50	300	4	25	6	23	0	0	3	3	1	0	0	0	0
10000	281	50	300	4	25	4	11	0	0	2	2	1	0	0	0	0
10000	282	50	300	4	25	4	11	0	0	2	2	1	0	0	0	0
10000	283	50	300	4	25	5	23	0	0	2	2	1	0	0	0	0
10000	284	50	300	4	25	6	35	0	0	2	2	1	0	0	0	0
10000	285	50	300	4	25	6	11	0	0	5	5	1	0	0	0	0
10000	286	50	300	4	25	11	575	0	0	3	3	1	0	0	0	0
10000	287	50	300	4	25	11	53	0	0	8	8	1	0	0	0	0
10000	288	50	300	4	25	3	5	0	0	2	2	1	0	0	0	0
10000	289	50	300	4	25	7	39	0	0	4	4	1	0	0	0	0
10000	290	50	300	4	25	7	35	0	0	3	3	1	0	0	0	0
10000	291	50	300	4	25	5	8	0	0	4	4	1	0	0	0	0
10000	292	50	300	4	25	5	13	0	0	3	3	1	0	0	0	0
10000	293	50	300	4	25	5	14	0	0	2	2	1	0	0	0	0
10000	294	50	300	4	25	4	11	0	0	2	2	1	0	0	0	0
10000	295	50	300	4	25	3	7	0	0	1	1	1	0	0	0	0
10000	296	50	300	4	25	1	1	0	0	1	1	1	0	0	0	0
10000	297	50	300	4	25	8	35	0	0	5	5	1	0	0	0	0
10000	298	50	300	4	25	4	15	0	0	1	1	1	0	0	0	0
10000	299	50	300	4	25	8	95	0	0	3	3	1	0	0	0	0
10000	300	50	300	4	25	10	471	0	0	2	2	1	0	0	0	0
10000	301	50	300	4	25	6	26	0	0	2	2	1	0	0	0	0
10000	302	50	300	4	25	5	23	0	0	2	2	1	0	0	0	0
10000	303	50	300	4	25	5	23	0	0	2	2	1	0	0	0	0
10000	304	50	300	4	25	6	35	0	0	2	2	1	0	0	0	0
10000	305	50	300	4	25	3	7	0	0	1	1	1	0	0	0	0
10000	306	50	300	4	25	6	17	0	0	3	3	1	0	0	0	0
10000	307	50	300	4	25	9	166	0	0	2	2	1	0	0	0	0
10000	308	50	300	4	25	3	7	0	0	1	1	1	0	0	0	0
10000	309	50	300	4	25	7	75	0	0	2	2	1	0	0	0	0
10000	310	50	300	4	25	1	1	0	0	1	1	1	0	0	0	0
10000	311	50	300	4	25	5	23	0	0	2	2	1	0	0	0	0
10000	312	50	300	4	25	10	87	0	0	4	4	1	0	0	0	0
10000	313	50	300	4	25	5	17	0	0	2	2	1	0	0	0	0
10000	314	50	300	4	25	3	5	0	0	2	2	1	0	0	0	0
10000	315	50	300	4	25	10	79	0	0	5	5	1	0	0	0	0
10000	316	50	300	4	25	5	17	0	0	2	2	1	0	0	0	0
10000	317	50	300	4	25	8	43	0	0	5	5	1	0	0	0	0
10000	318	50	300	4	25	6	35	0	0	2	2	1	0	0	0	0
10000	319	50	300	4	25	2	3	0	0	1	1	1	0	0	0	0
10000	320	50	300	4	25	4	15	0	0	1	1	1	0	0	0	0
10000	321	50	300	4	25	4	11	0	0	2	2	1	0	0	0	0
10000	322	50	300	4	25	5	17	0	0	2	2	1	0	0	0	0
10000	323	50	300	4	25	7	53	0	0	2	2	1	0	0	0	0
10000	324	50	300	4	25	8	47	0	0	5	5	1	0	0	0	0
10000	325	50	300	4	25	2	2	0	0	2	2	1	0	0	0	0
10000	326	50	300	4	25	7	47	0	0	3	3	1	0	0	0	0
10000	327	50	300	4	25	5	15	0	0	3	3	1	0	0	0	0
10000	328	50	300	4	25	4	11	0	0	2	2	1	0	0	0	0
10000	329	50	300	4	25	6	20	0	0	3	3	1	0	0	0	0
10000	330	50	300	4	25	4	11	0	0	2	2	1	0	0	0	0
10000	331	50	300	4	25	10	431	0	0	2	2	1	0	0	0	0
10000	332	50	300	4	25	6	35	0	0	2	2	1	0	0	0	0
10000	335	50	300	4	25	8	83	0	0	3	3	1	0	0	0	0
10000	336	50	300	4	25	2	3	0	0	1	1	1	0	0	0	0
10000	337	50	300	4	25	4	11	0	0	2	2	1	0	0	0	0
10000	338	50	300	4	25	4	7	0	0	3	3	1	0	0	0	0
10000	339	50	300	4	25	1	1	0	0	1	1	1	0	0	0	0
10000	340	50	300	4	25	3	7	0	0	1	1	1	0	0	0	0
10000	341	50	300	4	25	4	11	0	0	2	2	1	0	0	0	0
10000	342	50	300	4	25	4	15	0	0	1	1	1	0	0	0	0
10000	343	50	300	4	25	7	29	0	0	4	4	1	0	0	0	0
10000	344	50	300	4	25	6	47	0	0	2	2	1	0	0	0	0
10000	345	50	300	4	25	11	143	0	0	5	5	1	0	0	0	0
10000	346	50	300	4	25	5	17	0	0	2	2	1	0	0	0	0
10000	347	50	300	4	25	6	35	0	0	2	2	1	0	0	0	0
10000	348	50	300	4	25	3	3	0	0	3	3	1	0	0	0	0
10000	349	50	300	4	25	8	63	0	0	3	3	1	0	0	0	0
10000	350	50	300	4	25	1	1	0	0	1	1	1	0	0	0	0
10000	351	50	300	4	25	6	31	0	0	3	3	1	0	0	0	0
10000	352	50	300	4	25	2	3	0	0	1	1	1	0	0	0	0
10000	353	50	300	4	25	1	1	0	0	1	1	1	0	0	0	0
10000	354	50	300	4	25	7	29	0	0	4	4	1	0	0	0	0
10000	355	50	300	4	25	5	15	0	0	3	3	1	0	0	0	0
10000	356	50	300	4	25	4	11	0	0	2	2	1	0	0	0	0
10000	357	50	300	4	25	9	63	0	0	4	4	1	0	0	0	0
10000	358	50	300	4	25	8	107	0	0	2	2	1	0	0	0	0
10000	359	50	300	4	25	10	511	1	0	2	2	1	0	0	0.01	0
10000	360	50	300	4	25	6	20	0	0	3	3	1	0	0	0	0
10000	361	50	300	4	25	7	19	0	0	4	4	1	0	0	0	0
10000	362	50	300	4	25	3	7	0	0	1	1	1	0	0	0	0
10000	363	50	300	4	25	7	71	0	0	2	2	1	0	0	0	0
10000	364	50	300	4	25	7	17	0	0	5	5	1	0	0	0	0
10000	365	50	300	4	25	2	2	0	0	2	2	1	0	0	0	0
10000	366	50	300	4	25	4	15	0	0	1	1	1	0	0	0	0
10000	367	50	300	4	25	1	1	0	0	1	1	1	0	0	0	0
10000	368	50	300	4	25	1	1	0	0	1	1	1	0	0	0	0
10000	369	50	300	4	25	8	143	0	0	2	2	1	0	0	0	0
10000	370	50	300	4	25	2	3	0	0	1	1	1	0	0	0	0
10000	371	50	300	4	25	2	3	0	0	1	1	1	0	0	0	0
10000	372	50	300	4	25	7	41	0	0	3	3	1	0	0	0	0
10000	373	50	300	4	25	7	47	0	0	3	3	1	0	0	0	0
10000	374	50	300	4	25	4	7	0	0	3	3	1	0	0	0	0
10000	375	50	300	4	25	8	107	0	0	2	2	1	0	0	0	0
10000	376	50	300	4	25	7	39	0	0	4	4	1	0	0	0	0
10000	377	50	300	4	25	10	191	0	0	3	3	1	0	0	0	0
10000	378	50	300	4	25	3	5	0	0	2	2	1	0	0	0	0
10000	379	50	300	4	25	8	71	1	0	3	3	1	0	0	0	0
10000	380	50	300	4	25	4	11	0	0	2	2	1	0	0	0	0
10000	381	50	300	4	25	10	108	0	0	4	4	1	0	0	0	0
10000	382	50	300	4	25	9	65	0	0	5	5	1	0	0	0	0
10000	383	50	300	4	25	3	7	0	0	1	1	1	0	0	0	0
10000	384	50	300	4	25	3	5	0	0	2	2	1	0	0	0	0
10000	385	50	300	4	25	3	5	0	0	2	2	1	0	0	0	0
10000	386	50	300	4	25	5	9	0	0	4	4	1	0	0	0	0
10000	387	50	300	4	25	4	11	0	0	2	2	1	0	0	0	0
10000	388	50	300	4	25	5	23	0	0	2	2	1	0	0	0	0
10000	389	50	300	4	25	8	59	0	0	4	4	1	0	0	0	0
10000	390	50	300	4	25	11	575	1	0	3	3	1	0	0	0	0
10000	391	50	300	4	25	3	5	0	0	2	2	1	0	0	0	0
10000	392	50	300	4	25	8	59	0	0	4	4	1	0	0	0	0
10000	393	50	300	4	25	5	23	0	0	2	2	1	0	0	0	0
10000	394	50	300	4	25	3	7	0	0	1	1	1	0	0	0	0
10000	395	50	300	4	25	4	11	0	0	2	2	1	0	0	0	0
10000	396	50	300	4	25	6	35	0	0	2	2	1	0	0	0	0
10000	397	50	300	4	25	4	11	0	0	2	2	1	0	0	0	0
10000	398	50	300	4	25	6	35	0	0	2	2	1	0	0	0	0
10000	399	50	300	4	25	6	35	0	0	2	2	1	0	0	0	0
10000	400	50	300	4	25	5	9	0	0	4	4	1	0	0	0	0
10000	401	50	300	4	25	4	12	1	1	1.5	2	0.75	0	0	0	0
10000	402	50	300	4	25	2	3	0	0	1	1	1	0	0	0	0
10000	403	50	300	4	25	2	3	0	0	1	1	1	0	0	0	0
10000	404	50	300	4	25	10	394	1	0	2	2	1	0	0	0.01	0
10000	405	50	300	4	25	12	229	0	0	4	4	1	0	0	0	0
10000	406	50	300	4	25	3	5	0	0	2	2	1	0	0	0	0
10000	407	50	300	4	25	3	7	0	0	1	1	1	0	0	0	0
10000	408	50	300	4	25	6	26	0	0	2	2	1	0	0	0	0
10000	409	50	300	4	25	5	17	0	0	2	2	1	0	0	0	0
10000	410	50	300	4	25	6	23	0	0	3	3	1	0	0	0	0
10000	411	50	300	4	25	1	1	0	0	1	1	1	0	0	0	0
10000	412	50	300	4	25	2	3	0	0	1	1	1	0	0	0	0
10000	413	50	300	4	25	2	3	0	0	1	1	1	0	0	0	0
10000	414	50	300	4	25	4	11	0	0	2	2	1	0	0	0	0
10000	415	50	300	4	25	6	23	0	0	3	3	1	0	0	0	0
10000	416	50	300	4	25	5	10	0	0	3	3	1	0	0	0	0
10000	417	50	300	4	25	3	5	0	0	2	2	1	0	0	0	0
10000	418	50	300	4	25	6	26	0	0	2	2	1	0	0	0	0
10000	419	50	300	4	25	13	599	0	0	4	4	1	0	0	0	0
10000	420	50	300	4	25	7	71	0	0	2	2	1	0	0	0	0
10000	421	50	300	4	25	7	47	0	0	3	3	1	0	0	0	0
10000	422	50	300	4	25	3	7	0	0	1	1	1	0	0	0	0
10000	423	50	300	4	25	6	23	0	0	3	3	1	0	0	0	0
10000	424	50	300	4	25	9	143	1	0	3	3	1	0	0	0	0
10000	425	50	300	4	25	7	47	0	0	3	3	1	0	0	0	0
10000	426	50	300	4	25	1	1	0	0	1	1	1	0	0	0	0
10000	427	50	300	4	25	2	3	0	0	1	1	1	0	0	0	0
10000	428	50	300	4	25	8	35	0	0	5	5	1	0	0	0	0
10000	429	50	300	4	25	7	41	0	0	3	3	1	0	0	0	0
10000	430	50	300	4	25	6	35	0	0	2	2	1	0	0	0	0
10000	431	50	300	4	25	4	7	0	0	3	3	1	0	0	0	0
10000	432	50	300	4	25	7	71	0	0	2	2	1	0	0	0	0
10000	433	50	300	4	25	12	123	0	0	7	7	1	0	0	0	0
10000	434	50	300	4	25	7	63	0	0	3	3	1	0	0	0	0
10000	435	50	300	4	25	9	98	0	0	3	3	1	0	0	0	0
10000	436	50	300	4	25	4	11	0	0	2	2	1	0	0	0	0
10000	437	50	300	4	25	6	35	0	0	2	2	1	0	0	0	0
10000	438	50	300	4	25	7	23	0	0	5	5	1	0	0	0	0
10000	440	50	300	4	25	8	79	0	0	4	4	1	0	0	0	0
10000	441	50	300	4	25	7	83	0	0	2	2	1	0	0	0	0
10000	442	50	300	4	25	5	23	0	0	2	2	1	0	0	0	0
10000	444	50	300	4	25	11	215	0	0	5	5	1	0	0	0	0
10000	445	50	300	4	25	3	5	0	0	2	2	1	0	0	0	0
10000	446	50	300	4	25	4	11	0	0	2	2	1	0	0	0	0
10000	447	50	300	4	25	7	71	0	0	2	2	1	0	0	0	0
10000	448	50	300	4	25	3	5	0	0	2	2	1	0	0	0	0
10000	449	50	300	4	25	7	71	0	0	2	2	1	0	0	0	0
10000	450	50	300	4	25	10	132	0	0	3	3	1	0	0	0	0
10000	451	50	300	4	25	7	53	0	0	2	2	1	0	0	0	0
10000	452	50	300	4	25	3	7	0	0	1	1	1	0	0	0	0
10000	453	50	300	4	25	4	8	0	0	2	2	1	0	0	0	0
10000	454	50	300	4	25	5	23	0	0	2	2	1	0	0	0	0
10000	456	50	300	4	25	5	17	0	0	2	2	1	0	0	0	0
10000	457	50	300	4	25	3	5	0	0	2	2	1	0	0	0	0
10000	458	50	300	4	25	5	23	0	0	2	2	1	0	0	0	0
10000	459	50	300	4	25	5	31	0	0	1	1	1	0	0	0	0
10000	460	50	300	4	25	5	23	0	0	2	2	1	0	0	0	0
10000	461	50	300	4	25	2	3	0	0	1	1	1	0	0	0	0
10000	462	50	300	4	25	3	5	0	0	2	2	1	0	0	0	0
10000	463	50	300	4	25	5	17	0	0	2	2	1	0	0	0	0
10000	464	50	300	4	25	6	35	0	0	2	2	1	0	0	0	0
10000	465	50	300	4	25	1	1	0	0	1	1	1	0	0	0	0
10000	466	50	300	4	25	7	23	0	0	5	5	1	0	0	0	0
10000	467	50	300	4	25	4	8	0	0	2	2	1	0	0	0	0
10000	468	50	300	4	25	7	40	1	1	2.33333	3	0.777778	0	0	0	0
10000	469	50	300	4	25	5	17	0	0	2	2	1	0	0	0	0
10000	470	50	300	4	25	2	2	0	0	2	2	1	0	0	0	0
10000	471	50	300	4	25	10	211	0	0	3	3	1	0	0	0	0
10000	472	50	300	4	25	3	7	0	0	1	1	1	0	0	0	0
10000	473	50	300	4	25	5	15	0	0	3	3	1	0	0	0	0
10000	474	50	300	4	25	2	3	0	0	1	1	1	0	0	0	0
10000	475	50	300	4	25	2	3	0	0	1	1	1	0	0	0	0
10000	476	50	300	4	25	4	11	0	0	2	2	1	0	0	0	0
10000	477	50	300	4	25	7	53	0	0	2	2	1	0	0	0	0
10000	478	50	300	4	25	7	71	0	0	2	2	1	0	0	0	0
10000	479	50	300	4	25	3	5	0	0	2	2	1	0	0	0	0
10000	480	50	300	4	25	9	119	0	0	4	4	1	0	0	0	0
10000	481	50	300	4	25	3	5	0	0	2	2	1	0	0	0	0
10000	482	50	300	4	25	3	4	0	0	2	2	1	0	0	0	0
10000	484	50	300	4	25	5	17	0	0	2	2	1	0	0	0	0
10000	485	50	300	4	25	5	17	0	0	2	2	1	0	0	0	0
10000	486	50	300	4	25	5	11	0	0	3	3	1	0	0	0	0
10000	487	50	300	4	25	3	5	0	0	2	2	1	0	0	0	0
10000	488	50	300	4	25	11	485	0	0	2	2	1	0	0	0	0
10000	489	50	300	4	25	7	71	0	0	2	2	1	0	0	0	0
10000	490	50	300	4	25	6	19	0	0	4	4	1	0	0	0	0
10000	491	50	300	4	25	7	71	0	0	2	2	1	0	0	0	0
10000	492	50	300	4	25	3	7	0	0	1	1	1	0	0	0	0
10000	493	50	300	4	25	3	7	0	0	1	1	1	0	0	0	0
10000	494	50	300	4	25	2	3	0	0	1	1	1	0	0	0	0
10000	495	50	300	4	25	8	119	1	0	2	2	1	0	0	0	0
10000	496	50	300	4	25	6	20	0	0	3	3	1	0	0	0	0
10000	497	50	300	4	25	6	31	0	0	3	3	1	0	0	0	0
10000	498	50	300	4	25	8	59	0	0	4	4	1	0	0	0	0
10000	499	50	300	4	25	4	11	0	0	2	2	1	0	0	0	0
10000	500	50	300	4	25	9	89	1	0	4	4	1	0	0	0.01	0
10000	501	50	300	4	25	4	8	0	0	2	2	1	0	0	0	0
10000	502	50	300	4	25	11	197	0	0	4	4	1	0	0	0	0
10000	503	50	300	4	25	2	3	0	0	1	1	1	0	0	0	0
10000	504	50	300	4	25	6	35	0	0	2	2	1	0	0	0	0
10000	505	50	300	4	25	5	17	1	0	2	2	1	0	0	0	0
10000	506	50	300	4	25	4	15	0	0	1	1	1	0	0	0	0
10000	507	50	300	4	25	10	323	0	0	2	2	1	0	0	0	0
10000	508	50	300	4	25	7	35	0	0	3	3	1	0	0	0	0
10000	509	50	300	4	25	9	95	0	0	3	3	1	0	0	0	0
10000	510	50	300	4	25	9	143	0	0	3	3	1	0	0	0	0
10000	511	50	300	4	25	5	15	0	0	3	3	1	0	0	0	0
10000	512	50	300	4	25	10	143	0	0	5	5	1	0	0	0	0
10000	513	50	300	4	25	3	5	0	0	2	2	1	0	0	0	0
10000	514	50	300	4	25	5	19	0	0	2	2	1	0	0	0	0
10000	515	50	300	4	25	6	11	0	0	5	5	1	0	0	0	0
10000	516	50	300	4	25	3	7	0	0	1	1	1	0	0	0	0
10000	517	50	300	4	25	7	55	0	0	3	3	1	0	0	0	0
10000	518	50	300	4	25	2	2	0	0	2	2	1	0	0	0	0
10000	519	50	300	4	25	4	8	0	0	2	2	1	0	0	0	0
10000	520	50	300	4	25	5	23	0	0	2	2	1	0	0	0	0
10000	521	50	300	4	25	7	55	0	0	3	3	1	0	0	0	0
10000	522	50	300	4	25	8	71	0	0	3	3	1	0	0	0	0
10000	523	50	300	4	25	3	7	0	0	1	1	1	0	0	0	0
10000	524	50	300	4	25	7	95	0	0	2	2	1	0	0	0	0
10000	525	50	300	4	25	10	107	1	0	5	5	1	0	0	0	0
10000	526	50	300	4	25	1	1	0	0	1	1	1	0	0	0	0
10000	527	50	300	4	25	3	5	0	0	2	2	1	0	0	0	0
10000	528	50	300	4	25	1	1	0	0	1	1	1	0	0	0	0
10000	529	50	300	4	25	3	5	0	0	2	2	1	0	0	0	0
10000	530	50	300	4	25	11	167	0	0	6	6	1	0	0	0	0
10000	531	50	300	4	25	10	71	0	0	5	5	1	0	0	0	0
10000	532	50	300	4	25	3	7	0	0	1	1	1	0	0	0	0
10000	534	50	300	4	25	7	47	0	0	3	3	1	0	0	0	0
10000	535	50	300	4	25	2	3	0	0	1	1	1	0	0	0	0
10000	536	50	300	4	25	6	31	0	0	3	3	1	0	0	0	0
10000	537	50	300	4	25	6	63	0	0	1	1	1	0	0	0	0
10000	538	50	300	4	25	3	5	0	0	2	2	1	0	0	0	0
10000	539	50	300	4	25	3	5	0	0	2	2	1	0	0	0	0
10000	540	50	300	4	25	2	3	0	0	1	1	1	0	0	0	0
10000	541	50	300	4	25	4	7	0	0	3	3	1	0	0	0	0
10000	542	50	300	4	25	13	701	0	0	4	4	1	0	0	0	0
10000	543	50	300	4	25	4	7	0	0	3	3	1	0	0	0	0
10000	544	50	300	4	25	2	3	0	0	1	1	1	0	0	0	0
10000	545	50	300	4	25	5	23	0	0	2	2	1	0	0	0	0
10000	546	50	300	4	25	6	29	0	0	2	2	1	0	0	0	0
10000	547	50	300	4	25	3	5	0	0	2	2	1	0	0	0	0
10000	548	50	300	4	25	6	22	1	1	2.5	3	0.833333	0	0	0	0
10000	549	50	300	4	25	5	17	0	0	2	2	1	0	0	0	0
10000	550	50	300	4	25	4	11	0	0	2	2	1	0	0	0	0
10000	551	50	300	4	25	5	17	0	0	2	2	1	0	0	0	0
10000	552	50	300	4	25	2	3	0	0	1	1	1	0	0	0	0
10000	553	50	300	4	25	3	5	0	0	2	2	1	0	0	0	0
10000	554	50	300	4	25	2	3	0	0	1	1	1	0	0	0	0
10000	555	50	300	4	25	1	1	0	0	1	1	1	0	0	0	0
10000	556	50	300	4	25	4	15	0	0	1	1	1	0	0	0	0
10000	557	50	300	4	25	7	79	0	0	2	2	1	0	0	0	0
10000	558	50	300	4	25	6	31	0	0	3	3	1	0	0	0	0
10000	559	50	300	4	25	7	47	0	0	3	3	1	0	0	0	0
10000	560	50	300	4	25	6	47	0	0	2	2	1	0	0	0	0
10000	561	50	300	4	25	5	15	0	0	3	3	1	0	0	0	0
10000	562	50	300	4	25	2	3	0	0	1	1	1	0	0	0	0
10000	563	50	300	4	25	7	35	0	0	3	3	1	0	0	0	0
10000	564	50	300	4	25	6	35	0	0	2	2	1	0	0	0	0
10000	565	50	300	4	25	8	39	0	0	4	4	1	0	0	0	0
10000	566	50	300	4	25	4	8	0	0	2	2	1	0	0	0	0
10000	567	50	300	4	25	3	7	0	0	1	1	1	0	0	0	0
10000	568	50	300	4	25	5	31	0	0	1	1	1	0	0	0	0
10000	569	50	300	4	25	4	11	0	0	2	2	1	0	0	0	0
10000	570	50	300	4	25	8	71	0	0	3	3	1	0	0	0	0
10000	571	50	300	4	25	2	3	0	0	1	1	1	0	0	0	0
10000	572	50	300	4	25	5	15	0	0	3	3	1	0	0	0	0
10000	574	50	300	4	25	3	7	0	0	1	1	1	0	0	0	0
10000	575	50	300	4	25	4	15	0	0	1	1	1	0	0	0	0
10000	576	50	300	4	25	6	23	0	0	3	3	1	0	0	0	0
10000	577	50	300	4	25	7	47	0	0	3	3	1	0	0	0	0
10000	578	50	300	4	25	6	11	0	0	5	5	1	0	0	0	0
10000	579	50	300	4	25	8	107	0	0	2	2	1	0	0	0	0
10000	580	50	300	4	25	5	15	0	0	3	3	1	0	0	0	0
10000	581	50	300	4	25	7	71	0	0	2	2	1	0	0	0	0
10000	582	50	300	4	25	6	17	0	0	3	3	1	0	0	0	0
10000	583	50	300	4	25	3	4	0	0	2	2	1	0	0	0	0
10000	584	50	300	4	25	2	2	0	0	2	2	1	0	0	0	0
10000	585	50	300	4	25	5	23	0	0	2	2	1	0	0	0	0
10000	586	50	300	4	25	6	35	0	0	2	2	1	0	0	0	0
10000	587	50	300	4	25	10	179	0	0	4	4	1	0	0	0	0
10000	588	50	300	4	25	5	11	0	0	3	3	1	0	0	0	0
10000	589	50	300	4	25	4	15	0	0	1	1	1	0	0	0	0
10000	590	50	300	4	25	6	47	0	0	2	2	1	0	0	0	0
10000	591	50	300	4	25	2	3	0	0	1	1	1	0	0	0	0
10000	592	50	300	4	25	7	29	0	0	4	4	1	0	0	0	0
10000	593	50	300	4	25	9	287	1	0	2	2	1	0	0	0	0
10000	594	50	300	4	25	7	47	0	0	3	3	1	0	0	0	0
10000	595	50	300	4	25	6	23	0	0	3	3	1	0	0	0	0
10000	596	50	300	4	25	7	35	0	0	3	3	1	0	0	0	0
10000	597	50	300	4	25	3	5	0	0	2	2	1	0	0	0	0
10000	598	50	300	4	25	3	7	0	0	1	1	1	0	0	0	0
10000	599	50	300	4	25	2	2	0	0	2	2	1	0	0	0	0
10000	600	50	300	4	25	6	47	0	0	2	2	1	0	0	0	0
10000	601	50	300	4	25	6	35	0	0	2	2	1	0	0	0	0
10000	602	50	300	4	25	1	1	0	0	1	1	1	0	0	0	0
10000	603	50	300	4	25	1	1	0	0	1	1	1	0	0	0	0
10000	604	50	300	4	25	4	11	0	0	2	2	1	0	0	0	0
10000	605	50	300	4	25	6	35	0	0	2	2	1	0	0	0	0
10000	606	50	300	4	25	4	11	0	0	2	2	1	0	0	0	0
10000	607	50	300	4	25	8	39	0	0	4	4	1	0	0	0	0
10000	608	50	300	4	25	5	17	0	0	2	2	1	0	0	0	0
10000	609	50	300	4	25	3	7	0	0	1	1	1	0	0	0	0
10000	610	50	300	4	25	11	149	0	0	4	4	1	0	0	0	0
10000	611	50	300	4	25	6	19	0	0	3	3	1	0	0	0	0
10000	612	50	300	4	25	3	5	0	0	2	2	1	0.01	0	0	0
10000	613	50	300	4	25	6	27	0	0	3	3	1	0	0	0	0
10000	614	50	300	4	25	4	11	0	0	2	2	1	0	0	0	0
10000	615	50	300	4	25	2	3	0	0	1	1	1	0	0	0	0
10000	616	50	300	4	25	1	1	0	0	1	1	1	0	0	0	0
10000	617	50	300	4	25	3	5	0	0	2	2	1	0	0	0	0
10000	618	50	300	4	25	5	17	0	0	2	2	1	0	0	0	0
10000	619	50	300	4	25	4	15	0	0	1	1	1	0	0	0	0
10000	620	50	300	4	25	3	5	0	0	2	2	1	0	0	0	0
10000	621	50	300	4	25	4	11	0	0	2	2	1	0	0	0	0
10000	622	50	300	4	25	2	3	0	0	1	1	1	0	0	0	0
10000	623	50	300	4	25	6	29	0	0	2	2	1	0	0	0	0
10000	624	50	300	4	25	7	53	0	0	2	2	1	0	0	0	0
10000	625	50	300	4	25	6	27	0	0	3	3	1	0	0	0	0
10000	626	50	300	4	25	4	11	0	0	2	2	1	0	0	0	0
10000	627	50	300	4	25	9	59	0	0	3	3	1	0	0	0	0
10000	628	50	300	4	25	5	23	0	0	2	2	1	0	0	0	0
10000	629	50	300	4	25	4	15	0	0	1	1	1	0	0	0	0
10000	630	50	300	4	25	4	8	0	0	2	2	1	0	0	0	0
10000	632	50	300	4	25	7	71	0	0	2	2	1	0	0	0	0
10000	633	50	300	4	25	6	47	0	0	2	2	1	0	0	0	0
10000	634	50	300	4	25	6	19	0	0	4	4	1	0	0	0	0
10000	635	50	300	4	25	4	11	0	0	2	2	1	0	0	0	0
10000	637	50	300	4	25	2	2	0	0	2	2	1	0	0	0	0
10000	638	50	300	4	25	11	215	0	0	5	5	1	0	0	0	0
10000	639	50	300	4	25	4	15	0	0	1	1	1	0	0	0	0
10000	640	50	300	4	25	6	19	0	0	3	3	1	0	0	0	0
10000	641	50	300	4	25	7	35	0	0	3	3	1	0	0	0	0
10000	642	50	300	4	25	12	191	0	0	5	5	1	0	0	0	0
10000	643	50	300	4	25	8	62	1	0	3	3	1	0	0	0	0
10000	644	50	300	4	25	2	2	0	0	2	2	1	0	0	0	0
10000	645	50	300	4	25	5	17	0	0	2	2	1	0	0	0	0
10000	646	50	300	4	25	7	23	0	0	5	5	1	0	0	0	0
10000	647	50	300	4	25	3	7	0	0	1	1	1	0	0	0	0
10000	648	50	300	4	25	8	83	0	0	3	3	1	0	0	0	0
10000	649	50	300	4	25	8	39	0	0	4	4	1	0	0	0	0
10000	650	50	300	4	25	9	119	0	0	4	4	1	0	0	0	0
10000	651	50	300	4	25	2	3	0	0	1	1	1	0	0	0	0
10000	652	50	300	4	25	4	11	0	0	2	2	1	0	0	0	0
10000	653	50	300	4	25	8	107	0	0	2	2	1	0	0	0	0
10000	654	50	300	4	25	4	11	0	0	2	2	1	0	0	0	0
10000	655	50	300	4	25	4	11	0	0	2	2	1	0	0	0	0
10000	656	50	300	4	25	8	35	0	0	5	5	1	0	0	0	0
10000	657	50	300	4	25	3	7	0	0	1	1	1	0	0	0	0
10000	658	50	300	4	25	3	7	0	0	1	1	1	0	0	0	0
10000	659	50	300	4	25	5	23	0	0	2	2	1	0	0	0	0
10000	660	50	300	4	25	4	11	0	0	2	2	1	0	0	0	0
10000	661	50	300	4	25	5	31	0	0	1	1	1	0	0	0	0
10000	662	50	300	4	25	7	19	0	0	4	4	1	0	0	0	0
10000	663	50	300	4	25	6	14	0	0	4	4	1	0	0	0	0
10000	664	50	300	4	25	3	5	0	0	2	2	1	0	0	0	0
10000	665	50	300	4	25	6	31	0	0	3	3	1	0	0	0	0
10000	666	50	300	4	25	9	89	0	0	4	4	1	0	0	0	0
10000	667	50	300	4	25	3	7	0	0	1	1	1	0	0	0	0
10000	668	50	300	4	25	6	35	0	0	2	2	1	0	0	0	0
10000	669	50	300	4	25	1	1	0	0	1	1	1	0	0	0	0
10000	670	50	300	4	25	10	323	1	0	2	2	1	0	0	0	0
10000	671	50	300	4	25	7	35	0	0	3	3	1	0	0	0	0
10000	672	50	300	4	25	9	161	0	0	2	2	1	0	0	0	0
10000	673	50	300	4	25	1	1	0	0	1	1	1	0	0	0	0
10000	674	50	300	4	25	2	3	0	0	1	1	1	0	0	0	0
10000	675	50	300	4	25	9	215	1	0	2	2	1	0	0	0	0
10000	676	50	300	4	25	9	215	0	0	2	2	1	0	0	0	0
10000	677	50	300	4	25	7	71	0	0	2	2	1	0	0	0	0
10000	678	50	300	4	25	5	15	0	0	3	3	1	0	0	0	0
10000	679	50	300	4	25	3	3	0	0	3	3	1	0	0	0	0
10000	680	50	300	4	25	13	299	0	0	4	4	1	0	0	0	0
10000	681	50	300	4	25	5	27	1	1	1.5	2	0.75	0	0	0	0
10000	682	50	300	4	25	7	53	0	0	2	2	1	0	0	0	0
10000	683	50	300	4	25	5	17	0	0	2	2	1	0	0	0	0
10000	684	50	300	4	25	16	1211	0	0	7	7	1	0.01	0	0	0
10000	685	50	300	4	25	4	11	0	0	2	2	1	0	0	0	0
10000	686	50	300	4	25	2	3	0	0	1	1	1	0	0	0	0
10000	687	50	300	4	25	8	59	0	0	4	4	1	0	0	0	0
10000	688	50	300	4	25	8	44	0	0	4	4	1	0	0	0	0
10000	689	50	300	4	25	8	44	0	0	4	4	1	0	0	0	0
10000	690	50	300	4	25	1	1	0	0	1	1	1	0	0	0	0
10000	691	50	300	4	25	8	59	0	0	3	3	1	0	0	0	0
10000	692	50	300	4	25	6	35	0	0	2	2	1	0	0	0	0
10000	693	50	300	4	25	5	17	0	0	2	2	1	0	0	0	0
10000	694	50	300	4	25	3	5	0	0	2	2	1	0	0	0	0
10000	695	50	300	4	25	5	23	0	0	2	2	1	0	0	0	0
10000	696	50	300	4	25	6	35	0	0	2	2	1	0	0	0	0
10000	697	50	300	4	25	5	23	0	0	2	2	1	0	0	0	0
10000	698	50	300	4	25	3	4	0	0	2	2	1	0	0	0	0
10000	700	50	300	4	25	5	9	0	0	4	4	1	0	0	0	0
10000	701	50	300	4	25	2	3	0	0	1	1	1	0	0	0	0
10000	702	50	300	4	25	8	80	1	0	2	2	1	0	0	0	0
10000	703	50	300	4	25	7	71	0	0	2	2	1	0	0	0	0
10000	704	50	300	4	25	2	3	0	0	1	1	1	0	0	0	0
10000	705	50	300	4	25	4	11	0	0	2	2	1	0	0	0	0
10000	706	50	300	4	25	8	107	0	0	2	2	1	0	0	0	0
10000	707	50	300	4	25	2	3	0	0	1	1	1	0	0	0	0
10000	708	50	300	4	25	8	95	0	0	3	3	1	0	0	0	0
10000	709	50	300	4	25	6	26	0	0	2	2	1	0	0	0	0
10000	710	50	300	4	25	4	7	0	0	3	3	1	0	0	0	0
10000	711	50	300	4	25	3	5	0	0	2	2	1	0	0	0	0
10000	712	50	300	4	25	13	1246	1	0	3	3	1	0	0	0.02	0
10000	713	50	300	4	25	6	23	0	0	3	3	1	0	0	0	0
10000	714	50	300	4	25	7	23	0	0	5	5	1	0	0	0	0
10000	716	50	300	4	25	10	95	0	0	5	5	1	0	0	0	0
10000	717	50	300	4	25	13	509	1	0	4	4	1	0	0	0.01	0
10000	718	50	300	4	25	4	11	0	0	2	2	1	0	0	0	0
10000	719	50	300	4	25	5	17	0	0	2	2	1	0	0	0	0
10000	720	50	300	4	25	2	2	0	0	2	2	1	0	0	0	0
10000	721	50	300	4	25	6	14	0	0	4	4	1	0	0	0	0
10000	722	50	300	4	25	1	1	0	0	1	1	1	0	0	0	0
10000	723	50	300	4	25	4	11	0	0	2	2	1	0	0	0	0
10000	724	50	300	4	25	7	95	0	0	2	2	1	0	0	0	0
10000	725	50	300	4	25	1	1	0	0	1	1	1	0	0	0	0
10000	726	50	300	4	25	2	3	0	0	1	1	1	0	0	0	0
10000	727	50	300	4	25	3	7	0	0	1	1	1	0	0	0	0
10000	728	50	300	4	25	5	23	0	0	2	2	1	0	0	0	0
10000	729	50	300	4	25	5	31	0	0	1	1	1	0	0	0	0
10000	730	50	300	4	25	5	31	0	0	1	1	1	0	0	0	0
10000	731	50	300	4	25	3	7	0	0	1	1	1	0	0	0	0
10000	732	50	300	4	25	1	1	0	0	1	1	1	0	0	0	0
10000	733	50	300	4	25	4	11	0	0	2	2	1	0	0	0	0
10000	734	50	300	4	25	4	8	0	0	2	2	1	0	0	0	0
10000	735	50	300	4	25	10	50	0	0	6	6	1	0	0	0	0
10000	736	50	300	4	25	14	539	0	0	5	5	1	0	0	0	0
10000	737	50	300	4	25	4	7	0	0	3	3	1	0	0	0	0
10000	738	50	300	4	25	2	2	0	0	2	2	1	0	0	0	0
10000	739	50	300	4	25	9	89	0	0	4	4	1	0	0	0	0
10000	740	50	300	4	25	3	7	0	0	1	1	1	0	0	0	0
10000	741	50	300	4	25	4	15	0	0	1	1	1	0	0	0	0
10000	742	50	300	4	25	3	7	0	0	1	1	1	0	0	0	0
10000	743	50	300	4	25	5	17	0	0	2	2	1	0	0	0	0
10000	744	50	300	4	25	5	23	0	0	2	2	1	0	0	0	0
10000	745	50	300	4	25	3	5	0	0	2	2	1	0	0	0	0
10000	746	50	300	4	25	9	114	0	0	3	3	1	0	0	0	0
10000	747	50	300	4	25	4	7	0	0	3	3	1	0	0	0	0
10000	748	50	300	4	25	2	2	0	0	2	2	1	0	0	0	0
10000	749	50	300	4	25	4	4	0	0	4	4	1	0	0	0	0
10000	750	50	300	4	25	6	14	0	0	4	4	1	0	0	0	0
10000	751	50	300	4	25	3	5	0	0	2	2	1	0	0	0	0
10000	752	50	300	4	25	3	7	0	0	1	1	1	0	0	0	0
10000	753	50	300	4	25	3	7	0	0	1	1	1	0	0	0	0
10000	754	50	300	4	25	7	19	0	0	4	4	1	0	0	0	0
10000	755	50	300	4	25	6	35	0	0	2	2	1	0	0	0	0
10000	756	50	300	4	25	5	23	0	0	2	2	1	0	0	0	0
10000	757	50	300	4	25	8	44	0	0	4	4	1	0	0	0	0
10000	758	50	300	4	25	6	11	0	0	5	5	1	0	0	0	0
10000	759	50	300	4	25	5	23	0	0	2	2	1	0	0	0	0
10000	760	50	300	4	25	10	222	1	1	2.33333	3	0.777778	0	0	0.01	0
10000	761	50	300	4	25	3	5	0	0	2	2	1	0	0	0	0
10000	762	50	300	4	25	6	35	0	0	2	2	1	0	0	0	0
10000	763	50	300	4	25	3	7	0	0	1	1	1	0	0	0	0
10000	764	50	300	4	25	1	1	0	0	1	1	1	0	0	0	0
10000	765	50	300	4	25	3	3	0	0	3	3	1	0	0	0	0
10000	766	50	300	4	25	8	107	0	0	2	2	1	0	0	0	0
10000	767	50	300	4	25	5	23	0	0	2	2	1	0	0	0	0
10000	768	50	300	4	25	3	5	0	0	2	2	1	0	0	0	0
10000	769	50	300	4	25	2	3	0	0	1	1	1	0	0	0	0
10000	770	50	300	4	25	6	27	0	0	3	3	1	0	0	0	0
10000	771	50	300	4	25	4	8	0	0	2	2	1	0	0	0	0
10000	772	50	300	4	25	9	167	0	0	3	3	1	0	0	0	0
10000	773	50	300	4	25	4	11	0	0	2	2	1	0	0	0	0
10000	774	50	300	4	25	3	5	0	0	2	2	1	0	0	0	0
10000	775	50	300	4	25	7	47	1	0	3	3	1	0	0	0.01	0
10000	776	50	300	4	25	3	7	0	0	1	1	1	0	0	0	0
10000	777	50	300	4	25	11	359	0	0	4	4	1	0	0	0	0
10000	778	50	300	4	25	11	114	0	0	5	5	1	0	0	0	0
10000	779	50	300	4	25	5	18	0	0	2	2	1	0	0	0	0
10000	780	50	300	4	25	3	5	0	0	2	2	1	0	0	0	0
10000	781	50	300	4	25	4	7	0	0	3	3	1	0	0	0	0
10000	782	50	300	4	25	4	11	0	0	2	2	1	0	0	0	0
10000	783	50	300	4	25	8	71	0	0	3	3	1	0	0	0	0
10000	784	50	300	4	25	6	23	0	0	3	3	1	0	0	0	0
10000	785	50	300	4	25	7	13	0	0	6	6	1	0	0	0	0
10000	786	50	300	4	25	7	47	0	0	3	3	1	0	0	0	0
10000	787	50	300	4	25	6	35	0	0	2	2	1	0	0	0	0
10000	788	50	300	4	25	4	11	0	0	2	2	1	0	0	0	0
10000	789	50	300	4	25	2	3	0	0	1	1	1	0	0	0	0
10000	790	50	300	4	25	7	53	0	0	2	2	1	0	0	0	0
10000	791	50	300	4	25	6	23	0	0	3	3	1	0	0	0	0
10000	792	50	300	4	25	10	215	0	0	3	3	1	0	0	0	0
10000	793	50	300	4	25	5	17	0	0	2	2	1	0	0	0	0
10000	794	50	300	4	25	1	1	0	0	1	1	1	0	0	0	0
10000	795	50	300	4	25	1	1	0	0	1	1	1	0	0	0	0
10000	796	50	300	4	25	4	11	0	0	2	2	1	0	0	0	0
10000	797	50	300	4	25	5	17	0	0	2	2	1	0	0	0	0
10000	798	50	300	4	25	6	47	0	0	2	2	1	0	0	0	0
10000	799	50	300	4	25	6	23	0	0	3	3	1	0	0	0	0
10000	800	50	300	4	25	6	35	0	0	2	2	1	0	0	0	0
10000	801	50	300	4	25	6	26	0	0	2	2	1	0	0	0	0
10000	802	50	300	4	25	8	107	0	0	2	2	1	0	0	0	0
10000	803	50	300	4	25	8	107	0	0	2	2	1	0	0	0	0
10000	804	50	300	4	25	1	1	0	0	1	1	1	0	0	0	0
10000	805	50	300	4	25	7	25	0	0	3	3	1	0	0	0	0
10000	806	50	300	4	25	3	7	0	0	1	1	1	0	0	0	0
10000	807	50	300	4	25	12	539	0	0	3	3	1	0	0	0	0
10000	808	50	300	4	25	4	8	0	0	2	2	1	0	0	0	0
10000	809	50	300	4	25	4	11	0	0	2	2	1	0	0	0	0
10000	810	50	300	4	25	5	17	0	0	2	2	1	0	0	0	0
10000	811	50	300	4	25	11	109	0	0	5	5	1	0	0	0	0
10000	812	50	300	4	25	1	1	0	0	1	1	1	0	0	0	0
10000	813	50	300	4	25	2	3	0	0	1	1	1	0	0	0	0
10000	814	50	300	4	25	7	71	0	0	2	2	1	0	0	0	0
10000	815	50	300	4	25	7	95	0	0	2	2	1	0	0	0	0
10000	816	50	300	4	25	7	53	0	0	2	2	1	0	0	0	0
10000	817	50	300	4	25	4	11	0	0	2	2	1	0	0	0	0
10000	818	50	300	4	25	6	47	0	0	2	2	1	0	0	0	0
10000	819	50	300	4	25	2	2	0	0	2	2	1	0	0	0	0
10000	820	50	300	4	25	1	1	0	0	1	1	1	0	0	0	0
10000	821	50	300	4	25	2	2	0	0	2	2	1	0	0	0	0
10000	822	50	300	4	25	3	3	0	0	3	3	1	0	0	0	0
10000	823	50	300	4	25	7	53	0	0	2	2	1	0	0	0	0
10000	824	50	300	4	25	6	23	0	0	3	3	1	0	0	0	0
10000	825	50	300	4	25	7	53	0	0	2	2	1	0	0	0	0
10000	826	50	300	4	25	2	3	0	0	1	1	1	0	0	0	0
10000	828	50	300	4	25	5	17	0	0	2	2	1	0	0	0	0
10000	829	50	300	4	25	7	29	0	0	4	4	1	0	0	0	0
10000	830	50	300	4	25	1	1	0	0	1	1	1	0	0	0	0
10000	831	50	300	4	25	7	29	0	0	4	4	1	0	0	0	0
10000	832	50	300	4	25	7	71	0	0	2	2	1	0	0	0	0
10000	833	50	300	4	25	10	191	0	0	3	3	1	0	0	0	0
10000	834	50	300	4	25	4	6	0	0	3	3	1	0	0	0	0
10000	835	50	300	4	25	4	11	0	0	2	2	1	0	0	0	0
10000	836	50	300	4	25	14	283	0	0	7	7	1	0	0	0	0
10000	837	50	300	4	25	7	35	0	0	3	3	1	0	0	0	0
10000	838	50	300	4	25	4	11	0	0	2	2	1	0	0	0	0
10000	839	50	300	4	25	10	184	0	0	3	3	1	0	0	0	0
10000	840	50	300	4	25	2	3	0	0	1	1	1	0	0	0	0
10000	841	50	300	4	25	2	3	0	0	1	1	1	0	0	0	0
10000	842	50	300	4	25	4	8	0	0	2	2	1	0	0	0	0
10000	843	50	300	4	25	5	17	0	0	2	2	1	0	0	0	0
10000	844	50	300	4	25	5	9	0	0	4	4	1	0	0	0	0
10000	845	50	300	4	25	4	11	0	0	2	2	1	0	0	0	0
10000	846	50	300	4	25	7	71	0	0	2	2	1	0	0	0	0
10000	847	50	300	4	25	6	31	0	0	3	3	1	0	0	0	0
10000	848	50	300	4	25	10	215	0	0	3	3	1	0	0	0	0
10000	849	50	300	4	25	10	215	0	0	3	3	1	0	0	0	0
10000	850	50	300	4	25	8	39	0	0	4	4	1	0	0	0	0
10000	851	50	300	4	25	10	111	0	0	6	6	1	0	0	0	0
10000	852	50	300	4	25	2	3	0	0	1	1	1	0	0	0	0
10000	853	50	300	4	25	6	35	0	0	2	2	1	0	0	0	0
10000	854	50	300	4	25	9	53	0	0	5	5	1	0	0	0	0
10000	855	50	300	4	25	3	5	0	0	2	2	1	0	0	0	0
10000	856	50	300	4	25	5	17	0	0	2	2	1	0	0	0	0
10000	857	50	300	4	25	4	15	0	0	1	1	1	0	0	0	0
10000	858	50	300	4	25	8	39	0	0	4	4	1	0	0	0	0
10000	859	50	300	4	25	13	174	0	0	6	6	1	0	0	0	0
10000	860	50	300	4	25	2	2	0	0	2	2	1	0	0	0	0
10000	861	50	300	4	25	3	5	0	0	2	2	1	0	0	0	0
10000	862	50	300	4	25	9	29	0	0	5	5	1	0	0	0	0
10000	863	50	300	4	25	3	5	0	0	2	2	1	0	0	0	0
10000	864	50	300	4	25	4	11	0	0	2	2	1	0	0	0	0
10000	865	50	300	4	25	6	23	0	0	3	3	1	0	0	0	0
10000	866	50	300	4	25	5	9	0	0	4	4	1	0	0	0	0
10000	867	50	300	4	25	5	31	0	0	1	1	1	0	0	0	0
10000	868	50	300	4	25	2	2	0	0	2	2	1	0	0	0	0
10000	869	50	300	4	25	5	20	0	0	2	2	1	0	0	0	0
10000	870	50	300	4	25	2	2	0	0	2	2	1	0	0	0	0
10000	871	50	300	4	25	7	71	0	0	2	2	1	0	0	0	0
10000	872	50	300	4	25	10	119	0	0	4	4	1	0	0	0	0
10000	873	50	300	4	25	4	15	0	0	1	1	1	0	0	0	0
10000	874	50	300	4	25	8	59	0	0	4	4	1	0	0	0	0
10000	875	50	300	4	25	6	31	0	0	3	3	1	0	0	0	0
10000	876	50	300	4	25	5	10	0	0	3	3	1	0	0	0	0
10000	877	50	300	4	25	8	71	0	0	3	3	1	0	0	0	0
10000	878	50	300	4	25	4	11	0	0	2	2	1	0	0	0	0
10000	879	50	300	4	25	2	3	0	0	1	1	1	0	0	0	0
10000	880	50	300	4	25	6	35	0	0	2	2	1	0	0	0	0
10000	881	50	300	4	25	4	11	0	0	2	2	1	0	0	0	0
10000	882	50	300	4	25	5	23	0	0	2	2	1	0	0	0	0
10000	883	50	300	4	25	11	152	0	0	5	5	1	0	0	0	0
10000	884	50	300	4	25	6	35	0	0	2	2	1	0	0	0	0
10000	885	50	300	4	25	1	1	0	0	1	1	1	0	0	0	0
10000	886	50	300	4	25	4	11	0	0	2	2	1	0	0	0	0
10000	887	50	300	4	25	6	35	0	0	2	2	1	0	0	0	0
10000	888	50	300	4	25	5	23	0	0	2	2	1	0	0	0	0
10000	889	50	300	4	25	7	47	0	0	3	3	1	0	0	0	0
10000	890	50	300	4	25	10	103	0	0	4	4	1	0	0	0	0
10000	891	50	300	4	25	12	371	0	0	5	5	1	0	0	0	0
10000	892	50	300	4	25	9	143	0	0	3	3	1	0	0	0	0
10000	893	50	300	4	25	1	1	0	0	1	1	1	0	0	0	0
10000	894	50	300	4	25	4	8	0	0	2	2	1	0	0	0	0
10000	895	50	300	4	25	7	71	0	0	2	2	1	0	0	0	0
10000	896	50	300	4	25	4	8	0	0	2	2	1	0	0	0	0
10000	897	50	300	4	25	3	3	0	0	3	3	1	0	0	0	0
10000	898	50	300	4	25	12	359	0	0	5	5	1	0	0	0	0
10000	899	50	300	4	25	9	71	0	0	4	4	1	0	0	0	0
10000	900	50	300	4	25	3	5	0	0	2	2	1	0	0	0	0
10000	901	50	300	4	25	6	19	0	0	4	4	1	0	0	0	0
10000	902	50	300	4	25	3	5	0	0	2	2	1	0	0	0	0
10000	903	50	300	4	25	5	23	0	0	2	2	1	0	0	0	0
10000	904	50	300	4	25	1	1	0	0	1	1	1	0	0	0	0
10000	905	50	300	4	25	2	3	0	0	1	1	1	0	0	0	0
10000	906	50	300	4	25	4	8	0	0	2	2	1	0	0	0	0
10000	907	50	300	4	25	4	11	0	0	2	2	1	0	0	0	0
10000	908	50	300	4	25	7	53	0	0	2	2	1	0	0	0	0
10000	909	50	300	4	25	6	15	0	0	4	4	1	0	0	0	0
10000	910	50	300	4	25	6	26	0	0	2	2	1	0	0	0	0
10000	911	50	300	4	25	3	7	0	0	1	1	1	0	0	0	0
10000	912	50	300	4	25	4	11	0	0	2	2	1	0	0	0	0
10000	913	50	300	4	25	4	11	0	0	2	2	1	0	0	0	0
10000	914	50	300	4	25	6	47	0	0	2	2	1	0	0	0	0
10000	915	50	300	4	25	3	7	0	0	1	1	1	0	0	0	0
10000	916	50	300	4	25	8	95	1	0	3	3	1	0	0	0	0
10000	917	50	300	4	25	12	323	0	0	5	5	1	0	0	0	0
10000	918	50	300	4	25	6	35	0	0	2	2	1	0	0	0	0
10000	919	50	300	4	25	6	35	0	0	2	2	1	0	0	0	0
10000	920	50	300	4	25	3	7	0	0	1	1	1	0	0	0	0
10000	921	50	300	4	25	9	143	0	0	3	3	1	0	0	0	0
10000	922	50	300	4	25	3	5	0	0	2	2	1	0	0	0	0
10000	923	50	300	4	25	5	15	0	0	3	3	1	0	0	0	0
10000	924	50	300	4	25	3	7	0	0	1	1	1	0	0	0	0
10000	925	50	300	4	25	4	15	0	0	1	1	1	0	0	0	0
10000	926	50	300	4	25	7	47	0	0	3	3	1	0	0	0	0
10000	927	50	300	4	25	3	5	0	0	2	2	1	0	0	0	0
10000	928	50	300	4	25	7	63	0	0	3	3	1	0	0	0	0
10000	929	50	300	4	25	4	11	0	0	2	2	1	0	0	0	0
10000	930	50	300	4	25	3	7	0	0	1	1	1	0	0	0	0
10000	931	50	300	4	25	4	11	0	0	2	2	1	0	0	0	0
10000	932	50	300	4	25	7	47	0	0	3	3	1	0	0	0	0
10000	933	50	300	4	25	6	35	0	0	2	2	1	0	0	0	0
10000	934	50	300	4	25	6	35	0	0	2	2	1	0	0	0	0
10000	935	50	300	4	25	2	3	0	0	1	1	1	0	0	0	0
10000	936	50	300	4	25	8	79	0	0	4	4	1	0	0	0	0
10000	937	50	300	4	25	4	11	0	0	2	2	1	0	0	0	0
10000	938	50	300	4	25	6	47	0	0	2	2	1	0	0	0	0
10000	939	50	300	4	25	7	39	0	0	3	3	1	0	0	0	0
10000	940	50	300	4	25	7	47	0	0	3	3	1	0	0	0	0
10000	941	50	300	4	25	6	31	0	0	3	3	1	0	0	0	0
10000	942	50	300	4	25	7	29	0	0	4	4	1	0	0	0	0
10000	943	50	300	4	25	7	53	0	0	2	2	1	0	0	0	0
10000	944	50	300	4	25	3	5	0	0	2	2	1	0	0	0	0
10000	945	50	300	4	25	4	11	0	0	2	2	1	0	0	0	0
10000	946	50	300	4	25	2	3	0	0	1	1	1	0	0	0	0
10000	947	50	300	4	25	3	7	0	0	1	1	1	0	0	0	0
10000	948	50	300	4	25	5	17	1	0	2	2	1	0	0	0	0
10000	949	50	300	4	25	4	7	0	0	3	3	1	0	0	0	0
10000	950	50	300	4	25	1	1	0	0	1	1	1	0	0	0	0
10000	951	50	300	4	25	4	11	0	0	2	2	1	0	0	0	0
10000	952	50	300	4	25	6	47	0	0	2	2	1	0	0	0	0
10000	953	50	300	4	25	7	53	0	0	2	2	1	0	0	0	0
10000	954	50	300	4	25	7	53	0	0	2	2	1	0	0	0	0
10000	955	50	300	4	25	4	11	0	0	2	2	1	0	0	0	0
10000	956	50	300	4	25	13	299	0	0	4	4	1	0	0	0	0
10000	957	50	300	4	25	10	239	0	0	3	3	1	0	0	0	0
10000	958	50	300	4	25	2	2	0	0	2	2	1	0	0	0	0
10000	959	50	300	4	25	6	35	0	0	2	2	1	0	0	0	0
10000	960	50	300	4	25	7	71	0	0	2	2	1	0	0	0	0
10000	961	50	300	4	25	6	29	0	0	2	2	1	0	0	0	0
10000	962	50	300	4	25	6	35	0	0	2	2	1	0	0	0	0
10000	963	50	300	4	25	9	53	0	0	5	5	1	0	0	0	0
10000	964	50	300	4	25	8	47	0	0	5	5	1	0	0	0	0
10000	965	50	300	4	25	5	23	0	0	2	2	1	0	0	0	0
10000	966	50	300	4	25	10	215	0	0	3	3	1	0	0	0	0
10000	967	50	300	4	25	8	59	0	0	4	4	1	0	0	0	0
10000	968	50	300	4	25	6	35	0	0	2	2	1	0	0	0	0
10000	969	50	300	4	25	5	23	0	0	2	2	1	0	0	0	0
10000	970	50	300	4	25	5	17	1	0	2	2	1	0	0	0	0
10000	971	50	300	4	25	7	71	0	0	2	2	1	0	0	0	0
10000	972	50	300	4	25	5	17	0	0	2	2	1	0	0	0	0
10000	973	50	300	4	25	6	26	0	0	2	2	1	0	0	0	0
10000	974	50	300	4	25	4	11	0	0	2	2	1	0	0	0	0
10000	975	50	300	4	25	6	35	0	0	2	2	1	0	0	0	0
10000	976	50	300	4	25	3	5	0	0	2	2	1	0	0	0	0
10000	977	50	300	4	25	7	17	0	0	5	5	1	0	0	0	0
10000	978	50	300	4	25	4	11	0	0	2	2	1	0	0	0	0
10000	979	50	300	4	25	3	5	0	0	2	2	1	0	0	0	0
10000	980	50	300	4	25	9	95	0	0	3	3	1	0	0	0	0
10000	981	50	300	4	25	3	7	0	0	1	1	1	0	0	0	0
10000	982	50	300	4	25	8	107	0	0	2	2	1	0	0	0	0
10000	983	50	300	4	25	13	774	0	0	4	4	1	0	0	0	0
10000	984	50	300	4	25	2	3	0	0	1	1	1	0	0	0	0
10000	985	50	300	4	25	10	187	0	0	3	3	1	0	0	0	0
10000	986	50	300	4	25	4	11	0	0	2	2	1	0	0	0	0
10000	987	50	300	4	25	2	2	0	0	2	2	1	0	0	0	0
10000	988	50	300	4	25	6	23	0	0	3	3	1	0	0	0	0
10000	989	50	300	4	25	6	35	0	0	2	2	1	0	0	0	0
10000	990	50	300	4	25	4	7	0	0	3	3	1	0	0	0	0
10000	991	50	300	4	25	5	17	0	0	2	2	1	0	0	0	0
10000	992	50	300	4	25	6	35	0	0	2	2	1	0	0	0	0
10000	993	50	300	4	25	6	19	0	0	4	4	1	0	0	0	0
10000	994	50	300	4	25	8	20	0	0	6	6	1	0	0	0	0
10000	995	50	300	4	25	7	47	0	0	3	3	1	0	0	0	0
10000	996	50	300	4	25	5	21	1	0	2	2	1	0	0	0	0
10000	997	50	300	4	25	7	59	0	0	2	2	1	0	0	0	0
10000	998	50	300	4	25	3	7	0	0	1	1	1	0	0	0	0
10000	999	50	300	4	25	6	47	0	0	2	2	1	0	0	0	0
10000	1000	50	300	4	25	3	7	0	0	1	1	1	0	0	0	0
