10000	1	90	300	4	25	19	23294	4.36724	5	1	0	3	0.333333	3	0.333333	1	0.18	-0.744727	0.03	-1.52288	0.45	-0.346787
10000	2	90	300	4	25	24	139867	5.14572	6	1	0	4	0.25	4	0.25	1	1.51	0.178977	0.24	-0.619789	1.28	0.10721
10000	3	90	300	4	25	19	9011	3.95477	4	0	0	5	0.2	5	0.2	1	0.04	-1.39794	0	0	0	0
10000	4	90	300	4	25	12	539	2.73159	3	0	0	3	0.333333	3	0.333333	1	0	0	0	0	0	0
10000	5	90	300	4	25	21	839	2.92376	3	0	0	14	0.0714286	14	0.0714286	1	0	0	0	0	0	0
10000	6	90	300	4	25	16	2303	3.36229	4	1	0	4	0.25	4	0.25	1	0.01	-2	0	0	0.03	-1.52288
10000	7	90	300	4	25	13	719	2.85673	3	0	0	4	0.25	4	0.25	1	0	0	0	0	0	0
10000	8	90	300	4	25	18	863	2.93601	3	0	0	11	0.0909091	11	0.0909091	1	0	0	0	0	0	0
10000	9	90	300	4	25	21	13461	4.12908	5	0	0	6	0.166667	6	0.166667	1	0.11	-0.958607	0	0	0	0
10000	10	90	300	4	25	10	200	2.30103	3	0	0	4	0.25	4	0.25	1	0	0	0	0	0	0
10000	11	90	300	4	25	19	3210	3.50651	4	0	0	6	0.166667	6	0.166667	1	0.02	-1.69897	0	0	0	0
10000	12	90	300	4	25	19	5290	3.72346	4	0	0	5	0.2	5	0.2	1	0.02	-1.69897	0.01	-2	0	0
10000	13	90	300	4	25	26	25372	4.40435	5	0	0	7	0.142857	7	0.142857	1	0.16	-0.79588	0.03	-1.52288	0	0
10000	14	90	300	4	25	16	3455	3.53845	4	0	0	3	0.333333	3	0.333333	1	0.02	-1.69897	0	0	0	0
10000	15	90	300	4	25	13	731	2.86392	3	0	0	5	0.2	5	0.2	1	0	0	0	0	0	0
10000	16	90	300	4	25	11	647	2.8109	3	1	0	2	0.5	2	0.5	1	0	0	0	0	0	0
10000	17	90	300	4	25	16	2807	3.44824	4	0	0	6	0.166667	6	0.166667	1	0.02	-1.69897	0	0	0	0
10000	18	90	300	4	25	19	5143	3.71122	4	0	0	4	0.25	4	0.25	1	0.03	-1.52288	0.01	-2	0	0
10000	19	90	300	4	25	13	2591	3.41347	4	0	0	2	0.5	2	0.5	1	0.01	-2	0	0	0	0
10000	20	90	300	4	25	14	1274	3.10517	4	0	0	4	0.25	4	0.25	1	0	0	0	0	0	0
10000	21	90	300	4	25	16	4031	3.60541	4	0	0	4	0.25	4	0.25	1	0.02	-1.69897	0	0	0	0
10000	22	90	300	4	25	16	4991	3.69819	4	1	0	3	0.333333	3	0.333333	1	0.02	-1.69897	0.01	-2	0.25	-0.60206
10000	23	90	300	4	25	20	39749	4.59933	5	0	0	3	0.333333	3	0.333333	1	0.35	-0.455932	0.05	-1.30103	0	0
10000	24	90	300	4	25	17	10367	4.01565	5	0	0	3	0.333333	3	0.333333	1	0.05	-1.30103	0.01	-2	0	0
10000	25	90	300	4	25	13	1213	3.08386	4	0	0	4	0.25	4	0.25	1	0	0	0.01	-2	0	0
10000	26	90	300	4	25	14	1526	3.18355	4	0	0	3	0.333333	3	0.333333	1	0.01	-2	0	0	0	0
10000	27	90	300	4	25	11	131	2.11727	3	0	0	5	0.2	5	0.2	1	0	0	0	0	0	0
10000	28	90	300	4	25	24	231464	5.36448	6	0	0	5	0.2	5	0.2	1	1.56	0.193125	0.28	-0.552842	0	0
10000	29	90	300	4	25	16	2807	3.44824	4	0	0	4	0.25	4	0.25	1	0.03	-1.52288	0	0	0	0
10000	30	90	300	4	25	14	1079	3.03302	4	0	0	5	0.2	5	0.2	1	0	0	0	0	0	0
10000	31	90	300	4	25	23	28277	4.45143	5	1	0	7	0.142857	7	0.142857	1	0.31	-0.508638	0.04	-1.39794	0.29	-0.537602
10000	32	90	300	4	25	13	1079	3.03302	4	0	0	4	0.25	4	0.25	1	0	0	0	0	0	0
10000	33	90	300	4	25	24	81828	4.9129	5	1	0	4	0.25	4	0.25	1	0.73	-0.136677	0.12	-0.920819	0.61	-0.21467
10000	34	90	300	4	25	16	1319	3.12024	4	0	0	5	0.2	5	0.2	1	0.01	-2	0	0	0	0
10000	35	90	300	4	25	16	3484	3.54208	4	0	0	3	0.333333	3	0.333333	1	0.02	-1.69897	0	0	0	0
10000	36	90	300	4	25	23	22615	4.3544	5	1	0	5	0.2	5	0.2	1	0.13	-0.886057	0.02	-1.69897	0.22	-0.657577
10000	37	90	300	4	25	20	2591	3.41347	4	0	0	7	0.142857	7	0.142857	1	0.01	-2	0	0	0	0
10000	38	90	300	4	25	18	4231	3.62644	4	0	0	7	0.142857	7	0.142857	1	0.03	-1.52288	0	0	0	0
10000	39	90	300	4	25	22	61441	4.78846	5	1	0	5	0.2	5	0.2	1	0.46	-0.337242	0.09	-1.04576	3.29	0.517196
10000	40	90	300	4	25	17	2629	3.41979	4	1	0	5	0.2	5	0.2	1	0.01	-2	0	0	0.03	-1.52288
10000	41	90	300	4	25	18	4324	3.63589	4	0	0	4	0.25	4	0.25	1	0.03	-1.52288	0	0	0	0
10000	42	90	300	4	25	11	359	2.55509	3	0	0	4	0.25	4	0.25	1	0	0	0	0	0	0
10000	43	90	300	4	25	13	799	2.90255	3	0	0	4	0.25	4	0.25	1	0	0	0	0	0	0
10000	44	90	300	4	25	31	65681	4.81744	5	1	0	6	0.166667	6	0.166667	1	0.45	-0.346787	0.08	-1.09691	2.19	0.340444
10000	45	90	300	4	25	19	2403	3.38075	4	1	0	5	0.2	5	0.2	1	0.01	-2	0	0	0.03	-1.52288
10000	46	90	300	4	25	18	4428	3.64621	4	0	0	4	0.25	4	0.25	1	0.02	-1.69897	0.01	-2	0	0
10000	47	90	300	4	25	15	5427	3.73456	4	0	0	3	0.333333	3	0.333333	1	0.02	-1.69897	0.01	-2	0	0
10000	48	90	300	4	25	15	5471	3.73807	4	0	0	3	0.333333	3	0.333333	1	0.02	-1.69897	0	0	0	0
10000	49	90	300	4	25	14	2015	3.30428	4	0	0	3	0.333333	3	0.333333	1	0	0	0	0	0	0
10000	50	90	300	4	25	23	77673	4.89027	5	1	1	3.66667	0.272727	4	0.25	0.916667	0.4	-0.39794	0.07	-1.1549	0.67	-0.173925
10000	51	90	300	4	25	18	8159	3.91164	4	1	0	5	0.2	5	0.2	1	0.04	-1.39794	0.01	-2	0.08	-1.09691
10000	52	90	300	4	25	19	5208	3.71667	4	0	0	6	0.166667	6	0.166667	1	0.02	-1.69897	0	0	0	0
10000	53	90	300	4	25	23	4661	3.66848	4	0	0	12	0.0833333	12	0.0833333	1	0.02	-1.69897	0	0	0	0
10000	54	90	300	4	25	16	3455	3.53845	4	0	0	4	0.25	4	0.25	1	0.02	-1.69897	0	0	0	0
10000	55	90	300	4	25	21	13199	4.12054	5	0	0	6	0.166667	6	0.166667	1	0.09	-1.04576	0.01	-2	0	0
10000	56	90	300	4	25	23	94116	4.97366	5	0	0	4	0.25	4	0.25	1	0.86	-0.0655015	0.09	-1.04576	0	0
10000	57	90	300	4	25	19	15641	4.19426	5	0	0	4	0.25	4	0.25	1	0.08	-1.09691	0.02	-1.69897	0	0
10000	58	90	300	4	25	18	2331	3.36754	4	0	0	6	0.166667	6	0.166667	1	0.01	-2	0	0	0	0
10000	59	90	300	4	25	7	71	1.85126	2	0	0	2	0.5	2	0.5	1	0	0	0	0	0	0
10000	60	90	300	4	25	18	8639	3.93646	4	0	0	4	0.25	4	0.25	1	0.04	-1.39794	0.01	-2	0	0
10000	61	90	300	4	25	19	5034	3.70191	4	0	0	5	0.2	5	0.2	1	0.02	-1.69897	0	0	0	0
10000	62	90	300	4	25	12	719	2.85673	3	0	0	4	0.25	4	0.25	1	0	0	0	0	0	0
10000	63	90	300	4	25	18	6421	3.8076	4	0	0	4	0.25	4	0.25	1	0.04	-1.39794	0.01	-2	0	0
10000	64	90	300	4	25	17	2575	3.41078	4	1	0	5	0.2	5	0.2	1	0.01	-2	0	0	0.03	-1.52288
10000	65	90	300	4	25	22	22815	4.35822	5	0	0	5	0.2	5	0.2	1	0.12	-0.920819	0.03	-1.52288	0	0
10000	66	90	300	4	25	15	7178	3.856	4	0	0	2	0.5	2	0.5	1	0.03	-1.52288	0.01	-2	0	0
10000	67	90	300	4	25	13	1265	3.10209	4	0	0	3	0.333333	3	0.333333	1	0	0	0	0	0	0
10000	68	90	300	4	25	15	1811	3.25792	4	1	0	3	0.333333	3	0.333333	1	0	0	0.01	-2	0.03	-1.52288
10000	69	90	300	4	25	16	2016	3.30449	4	1	0	5	0.2	5	0.2	1	0	0	0.01	-2	0.02	-1.69897
10000	70	90	300	4	25	19	10039	4.00169	5	1	0	5	0.2	5	0.2	1	0.07	-1.1549	0	0	0.1	-1
10000	71	90	300	4	25	21	18143	4.25871	5	0	0	8	0.125	8	0.125	1	0.21	-0.677781	0.01	-2	0	0
10000	72	90	300	4	25	7	51	1.70757	2	0	0	3	0.333333	3	0.333333	1	0	0	0	0	0	0
10000	73	90	300	4	25	11	1151	3.06108	4	0	0	2	0.5	2	0.5	1	0	0	0	0	0	0
10000	74	90	300	4	25	10	359	2.55509	3	0	0	2	0.5	2	0.5	1	0	0	0	0	0	0
10000	75	90	300	4	25	13	1295	3.11227	4	0	0	3	0.333333	3	0.333333	1	0	0	0	0	0	0
10000	76	90	300	4	25	22	41471	4.61774	5	0	0	6	0.166667	6	0.166667	1	0.24	-0.619789	0.04	-1.39794	0	0
10000	77	90	300	4	25	17	6911	3.83954	4	0	0	5	0.2	5	0.2	1	0.04	-1.39794	0	0	0	0
10000	78	90	300	4	25	23	16139	4.20788	5	0	0	6	0.166667	6	0.166667	1	0.09	-1.04576	0.01	-2	0	0
10000	79	90	300	4	25	19	5295	3.72387	4	1	0	5	0.2	5	0.2	1	0.03	-1.52288	0	0	0.06	-1.22185
10000	80	90	300	4	25	18	15551	4.19176	5	0	0	5	0.2	5	0.2	1	0.07	-1.1549	0.01	-2	0	0
10000	81	90	300	4	25	17	6125	3.78711	4	0	0	4	0.25	4	0.25	1	0.03	-1.52288	0	0	0	0
10000	82	90	300	4	25	17	9373	3.97188	4	0	0	3	0.333333	3	0.333333	1	0.05	-1.30103	0	0	0	0
10000	83	90	300	4	25	20	10295	4.01263	5	1	0	6	0.166667	6	0.166667	1	0.06	-1.22185	0.01	-2	0.09	-1.04576
10000	84	90	300	4	25	22	90719	4.9577	5	1	0	4	0.25	4	0.25	1	0.77	-0.113509	0.07	-1.1549	1.81	0.257679
10000	85	90	300	4	25	30	2484005	6.39515	7	1	0	4	0.25	4	0.25	1	20.88	1.31973	4.4	0.643453	160.05	2.20426
10000	86	90	300	4	25	18	6183	3.7912	4	0	0	5	0.2	5	0.2	1	0.04	-1.39794	0	0	0	0
10000	87	90	300	4	25	22	136487	5.13509	6	1	0	3	0.333333	3	0.333333	1	0.91	-0.0409586	0.19	-0.721246	5.6	0.748188
10000	88	90	300	4	25	23	19205	4.28341	5	1	0	6	0.166667	6	0.166667	1	0.15	-0.823909	0.02	-1.69897	0.17	-0.769551
10000	89	90	300	4	25	19	12955	4.11244	5	0	0	4	0.25	4	0.25	1	0.07	-1.1549	0.01	-2	0	0
10000	90	90	300	4	25	14	616	2.78958	3	0	0	5	0.2	5	0.2	1	0	0	0	0	0	0
10000	91	90	300	4	25	21	27952	4.44641	5	1	0	4	0.25	4	0.25	1	0.25	-0.60206	0.03	-1.52288	0.28	-0.552842
10000	92	90	300	4	25	20	25623	4.40863	5	0	0	4	0.25	4	0.25	1	0.14	-0.853872	0.03	-1.52288	0	0
10000	93	90	300	4	25	19	12829	4.10819	5	1	0	4	0.25	4	0.25	1	0.07	-1.1549	0.01	-2	0.44	-0.356547
10000	94	90	300	4	25	23	21961	4.34165	5	0	0	6	0.166667	6	0.166667	1	0.21	-0.677781	0.04	-1.39794	0	0
10000	95	90	300	4	25	18	6551	3.81631	4	0	0	6	0.166667	6	0.166667	1	0.03	-1.52288	0	0	0	0
10000	96	90	300	4	25	26	69119	4.8396	5	1	0	8	0.125	8	0.125	1	0.92	-0.0362122	0.08	-1.09691	0.89	-0.05061
10000	97	90	300	4	25	16	1931	3.28578	4	0	0	6	0.166667	6	0.166667	1	0.01	-2	0	0	0	0
10000	98	90	300	4	25	14	359	2.55509	3	0	0	5	0.2	5	0.2	1	0	0	0	0	0	0
10000	99	90	300	4	25	12	543	2.7348	3	1	0	3	0.333333	3	0.333333	1	0	0	0	0	0	0
10000	100	90	300	4	25	19	3212	3.50678	4	0	0	5	0.2	5	0.2	1	0.01	-2	0	0	0	0
10000	101	90	300	4	25	13	921	2.96426	3	0	0	3	0.333333	3	0.333333	1	0	0	0	0	0	0
10000	102	90	300	4	25	17	7679	3.8853	4	0	0	4	0.25	4	0.25	1	0.03	-1.52288	0	0	0	0
10000	103	90	300	4	25	20	7516	3.87599	4	0	0	5	0.2	5	0.2	1	0.04	-1.39794	0.01	-2	0	0
10000	104	90	300	4	25	9	287	2.45788	3	1	0	2	0.5	2	0.5	1	0	0	0	0	0	0
10000	105	90	300	4	25	20	19773	4.29607	5	1	1	4.5	0.222222	5	0.2	0.9	0.11	-0.958607	0.02	-1.69897	0.21	-0.677781
10000	106	90	300	4	25	11	251	2.39967	3	1	0	4	0.25	4	0.25	1	0	0	0	0	0	0
10000	107	90	300	4	25	16	907	2.95761	3	0	0	6	0.166667	6	0.166667	1	0	0	0	0	0	0
10000	108	90	300	4	25	20	24766	4.39386	5	0	0	4	0.25	4	0.25	1	0.18	-0.744727	0.04	-1.39794	0	0
10000	109	90	300	4	25	23	4799	3.68115	4	0	0	7	0.142857	7	0.142857	1	0.04	-1.39794	0	0	0	0
10000	110	90	300	4	25	8	143	2.15534	3	0	0	2	0.5	2	0.5	1	0	0	0	0	0	0
10000	111	90	300	4	25	13	1007	3.00303	4	0	0	3	0.333333	3	0.333333	1	0	0	0	0	0	0
10000	112	90	300	4	25	23	746495	5.87303	6	1	0	3	0.333333	3	0.333333	1	5.84	0.766413	0.62	-0.207608	144.85	2.16092
10000	113	90	300	4	25	15	1787	3.25212	4	0	0	5	0.2	5	0.2	1	0	0	0.01	-2	0	0
10000	114	90	300	4	25	21	61633	4.78981	5	0	0	4	0.25	4	0.25	1	0.46	-0.337242	0.08	-1.09691	0	0
10000	115	90	300	4	25	25	22817	4.35826	5	0	0	6	0.166667	6	0.166667	1	0.21	-0.677781	0.03	-1.52288	0	0
10000	116	90	300	4	25	13	2591	3.41347	4	0	0	2	0.5	2	0.5	1	0	0	0.01	-2	0	0
10000	117	90	300	4	25	14	1546	3.18921	4	0	0	5	0.2	5	0.2	1	0.01	-2	0	0	0	0
10000	118	90	300	4	25	16	6335	3.80175	4	0	0	3	0.333333	3	0.333333	1	0.03	-1.52288	0	0	0	0
10000	119	90	300	4	25	13	719	2.85673	3	0	0	4	0.25	4	0.25	1	0	0	0	0	0	0
10000	120	90	300	4	25	13	1296	3.11261	4	0	0	3	0.333333	3	0.333333	1	0	0	0	0	0	0
10000	121	90	300	4	25	19	6407	3.80665	4	0	0	5	0.2	5	0.2	1	0.04	-1.39794	0	0	0	0
10000	122	90	300	4	25	15	2494	3.3969	4	0	0	3	0.333333	3	0.333333	1	0.01	-2	0	0	0	0
10000	123	90	300	4	25	16	2491	3.39637	4	1	1	3.5	0.285714	4	0.25	0.875	0.01	-2	0	0	0.03	-1.52288
10000	124	90	300	4	25	22	7567	3.87892	4	0	0	6	0.166667	6	0.166667	1	0.05	-1.30103	0.01	-2	0	0
10000	125	90	300	4	25	14	680	2.83251	3	1	0	5	0.2	5	0.2	1	0	0	0	0	0.01	-2
10000	126	90	300	4	25	13	1199	3.07882	4	0	0	4	0.25	4	0.25	1	0	0	0	0	0	0
10000	127	90	300	4	25	20	11065	4.04395	5	0	0	4	0.25	4	0.25	1	0.06	-1.22185	0.01	-2	0	0
10000	128	90	300	4	25	17	3266	3.51402	4	0	0	4	0.25	4	0.25	1	0.01	-2	0.01	-2	0	0
10000	129	90	300	4	25	12	1727	3.23729	4	0	0	2	0.5	2	0.5	1	0	0	0	0	0	0
10000	130	90	300	4	25	7	35	1.54407	2	0	0	3	0.333333	3	0.333333	1	0	0	0	0	0	0
10000	131	90	300	4	25	22	7089	3.85058	4	1	0	7	0.142857	7	0.142857	1	0.04	-1.39794	0	0	0.23	-0.638272
10000	132	90	300	4	25	21	7775	3.8907	4	0	0	7	0.142857	7	0.142857	1	0.06	-1.22185	0.01	-2	0	0
10000	133	90	300	4	25	16	6479	3.81151	4	0	0	4	0.25	4	0.25	1	0.03	-1.52288	0	0	0	0
10000	134	90	300	4	25	28	206648	5.31523	6	1	0	5	0.2	5	0.2	1	1.91	0.281033	0.44	-0.356547	6.83	0.834421
10000	135	90	300	4	25	13	539	2.73159	3	0	0	4	0.25	4	0.25	1	0	0	0	0	0	0
10000	136	90	300	4	25	15	1679	3.22505	4	0	0	4	0.25	4	0.25	1	0.01	-2	0	0	0	0
10000	137	90	300	4	25	24	101176	5.00508	6	1	0	5	0.2	5	0.2	1	0.79	-0.102373	0.13	-0.886057	0.99	-0.00436481
10000	138	90	300	4	25	12	672	2.82737	3	0	0	4	0.25	4	0.25	1	0	0	0	0	0	0
10000	139	90	300	4	25	17	3207	3.5061	4	0	0	6	0.166667	6	0.166667	1	0.02	-1.69897	0	0	0	0
10000	140	90	300	4	25	18	6510	3.81358	4	1	0	5	0.2	5	0.2	1	0.03	-1.52288	0	0	0.06	-1.22185
10000	141	90	300	4	25	18	2815	3.44948	4	0	0	6	0.166667	6	0.166667	1	0.01	-2	0.01	-2	0	0
10000	142	90	300	4	25	17	4232	3.62655	4	0	0	4	0.25	4	0.25	1	0.02	-1.69897	0.01	-2	0	0
10000	143	90	300	4	25	12	479	2.68034	3	0	0	4	0.25	4	0.25	1	0	0	0	0	0	0
10000	144	90	300	4	25	12	575	2.75967	3	0	0	3	0.333333	3	0.333333	1	0	0	0	0	0	0
10000	145	90	300	4	25	15	1517	3.18099	4	1	0	4	0.25	4	0.25	1	0	0	0	0	0.02	-1.69897
10000	146	90	300	4	25	18	12095	4.08261	5	0	0	6	0.166667	6	0.166667	1	0.1	-1	0.01	-2	0	0
10000	147	90	300	4	25	30	222956	5.34822	6	0	0	6	0.166667	6	0.166667	1	1.99	0.298853	0.52	-0.283997	0	0
10000	148	90	300	4	25	17	2279	3.35774	4	0	0	4	0.25	4	0.25	1	0.01	-2	0	0	0	0
10000	149	90	300	4	25	15	3887	3.58961	4	0	0	3	0.333333	3	0.333333	1	0.02	-1.69897	0	0	0	0
10000	150	90	300	4	25	15	4036	3.60595	4	1	0	3	0.333333	3	0.333333	1	0.01	-2	0.01	-2	0.05	-1.30103
10000	151	90	300	4	25	21	16639	4.22113	5	1	0	7	0.142857	7	0.142857	1	0.11	-0.958607	0.02	-1.69897	0.14	-0.853872
10000	152	90	300	4	25	22	36287	4.55975	5	0	0	5	0.2	5	0.2	1	0.2	-0.69897	0.04	-1.39794	0	0
10000	153	90	300	4	25	23	89277	4.95074	5	1	0	4	0.25	4	0.25	1	0.65	-0.187087	0.12	-0.920819	0.8	-0.09691
10000	154	90	300	4	25	10	127	2.1038	3	0	0	4	0.25	4	0.25	1	0	0	0	0	0	0
10000	155	90	300	4	25	12	719	2.85673	3	0	0	3	0.333333	3	0.333333	1	0	0	0	0	0	0
10000	156	90	300	4	25	20	6233	3.7947	4	0	0	6	0.166667	6	0.166667	1	0.03	-1.52288	0	0	0	0
10000	157	90	300	4	25	16	599	2.77743	3	0	0	7	0.142857	7	0.142857	1	0	0	0	0	0	0
10000	158	90	300	4	25	25	133644	5.12595	6	1	0	6	0.166667	6	0.166667	1	0.92	-0.0362122	0.18	-0.744727	14.83	1.17114
10000	159	90	300	4	25	15	5183	3.71458	4	0	0	3	0.333333	3	0.333333	1	0.02	-1.69897	0	0	0	0
10000	160	90	300	4	25	14	612	2.78675	3	0	0	4	0.25	4	0.25	1	0	0	0	0	0	0
10000	161	90	300	4	25	18	3580	3.55388	4	0	0	5	0.2	5	0.2	1	0.02	-1.69897	0.01	-2	0	0
10000	162	90	300	4	25	22	7857	3.89526	4	1	0	6	0.166667	6	0.166667	1	0.07	-1.1549	0.01	-2	0.07	-1.1549
10000	163	90	300	4	25	26	176229	5.24608	6	1	0	6	0.166667	6	0.166667	1	1.9	0.278754	0.26	-0.585027	0.71	-0.148742
10000	164	90	300	4	25	15	3534	3.54827	4	0	0	3	0.333333	3	0.333333	1	0.01	-2	0.01	-2	0	0
10000	165	90	300	4	25	31	157820	5.19816	6	0	0	8	0.125	8	0.125	1	1.44	0.158362	0.3	-0.522879	0	0
10000	166	90	300	4	25	21	10199	4.00856	5	0	0	6	0.166667	6	0.166667	1	0.05	-1.30103	0.01	-2	0	0
10000	167	90	300	4	25	26	441367	5.6448	6	1	0	5	0.2	5	0.2	1	2.94	0.468347	0.62	-0.207608	2.24	0.350248
10000	168	90	300	4	25	12	555	2.74429	3	0	0	3	0.333333	3	0.333333	1	0.01	-2	0	0	0	0
10000	169	90	300	4	25	20	26636	4.42547	5	1	0	4	0.25	4	0.25	1	0.15	-0.823909	0.04	-1.39794	0.45	-0.346787
10000	170	90	300	4	25	22	63684	4.80403	5	1	0	4	0.25	4	0.25	1	0.46	-0.337242	0.07	-1.1549	1.19	0.075547
10000	171	90	300	4	25	23	29653	4.47207	5	0	0	5	0.2	5	0.2	1	0.21	-0.677781	0.03	-1.52288	0	0
10000	172	90	300	4	25	21	34559	4.53856	5	0	0	5	0.2	5	0.2	1	0.21	-0.677781	0.03	-1.52288	0	0
10000	173	90	300	4	25	16	2879	3.45924	4	0	0	5	0.2	5	0.2	1	0.01	-2	0.01	-2	0	0
10000	174	90	300	4	25	17	2750	3.43933	4	0	0	5	0.2	5	0.2	1	0.01	-2	0	0	0	0
10000	175	90	300	4	25	19	6310	3.80003	4	0	0	5	0.2	5	0.2	1	0.03	-1.52288	0	0	0	0
10000	176	90	300	4	25	17	2735	3.43696	4	0	0	6	0.166667	6	0.166667	1	0.02	-1.69897	0	0	0	0
10000	177	90	300	4	25	17	8191	3.91334	4	1	1	2.66667	0.375	3	0.333333	0.888889	0.06	-1.22185	0.01	-2	1.38	0.139879
10000	178	90	300	4	25	25	78706	4.89601	5	0	0	5	0.2	5	0.2	1	0.45	-0.346787	0.16	-0.79588	0	0
10000	179	90	300	4	25	18	2303	3.36229	4	0	0	5	0.2	5	0.2	1	0.01	-2	0	0	0	0
10000	180	90	300	4	25	12	831	2.9196	3	0	0	4	0.25	4	0.25	1	0	0	0	0	0	0
10000	181	90	300	4	25	27	117034	5.06831	6	1	0	5	0.2	5	0.2	1	1.25	0.09691	0.14	-0.853872	5.62	0.749736
10000	182	90	300	4	25	14	809	2.90795	3	0	0	4	0.25	4	0.25	1	0	0	0	0	0	0
10000	183	90	300	4	25	25	132909	5.12355	6	1	0	5	0.2	5	0.2	1	1.36	0.133539	0.14	-0.853872	6.41	0.806858
10000	184	90	300	4	25	17	7655	3.88395	4	0	0	4	0.25	4	0.25	1	0.04	-1.39794	0.01	-2	0	0
10000	185	90	300	4	25	18	10367	4.01565	5	0	0	4	0.25	4	0.25	1	0.04	-1.39794	0.02	-1.69897	0	0
10000	186	90	300	4	25	22	18545	4.26823	5	0	0	7	0.142857	7	0.142857	1	0.1	-1	0.02	-1.69897	0	0
10000	187	90	300	4	25	15	2278	3.35755	4	0	0	4	0.25	4	0.25	1	0.01	-2	0	0	0	0
10000	188	90	300	4	25	17	6104	3.78561	4	0	0	5	0.2	5	0.2	1	0.03	-1.52288	0	0	0	0
10000	189	90	300	4	25	12	297	2.47276	3	0	0	5	0.2	5	0.2	1	0	0	0	0	0	0
10000	190	90	300	4	25	27	90237	4.95538	5	0	0	6	0.166667	6	0.166667	1	0.64	-0.19382	0.16	-0.79588	0	0
10000	191	90	300	4	25	14	1567	3.19507	4	0	0	4	0.25	4	0.25	1	0	0	0	0	0	0
10000	192	90	300	4	25	24	24241	4.38455	5	0	0	6	0.166667	6	0.166667	1	0.2	-0.69897	0.02	-1.69897	0	0
10000	193	90	300	4	25	13	1133	3.05423	4	0	0	3	0.333333	3	0.333333	1	0	0	0.01	-2	0	0
10000	194	90	300	4	25	16	895	2.95182	3	0	0	6	0.166667	6	0.166667	1	0	0	0	0	0	0
10000	195	90	300	4	25	20	41471	4.61774	5	0	0	3	0.333333	3	0.333333	1	0.27	-0.568636	0.03	-1.52288	0	0
10000	196	90	300	4	25	20	19651	4.29338	5	0	0	4	0.25	4	0.25	1	0.1	-1	0.02	-1.69897	0	0
10000	197	90	300	4	25	19	13567	4.13248	5	0	0	4	0.25	4	0.25	1	0.07	-1.1549	0.01	-2	0	0
10000	198	90	300	4	25	24	56699	4.75358	5	0	0	6	0.166667	6	0.166667	1	0.42	-0.376751	0.04	-1.39794	0	0
10000	199	90	300	4	25	23	38094	4.58086	5	0	0	4	0.25	4	0.25	1	0.19	-0.721246	0.03	-1.52288	0	0
10000	200	90	300	4	25	19	25919	4.41362	5	0	0	3	0.333333	3	0.333333	1	0.15	-0.823909	0.03	-1.52288	0	0
10000	201	90	300	4	25	15	1671	3.22298	4	0	0	4	0.25	4	0.25	1	0.01	-2	0	0	0	0
10000	202	90	300	4	25	15	4308	3.63428	4	0	0	3	0.333333	3	0.333333	1	0.02	-1.69897	0	0	0	0
10000	203	90	300	4	25	16	2375	3.37566	4	0	0	5	0.2	5	0.2	1	0.01	-2	0	0	0	0
10000	204	90	300	4	25	13	1588	3.20085	4	0	0	2	0.5	2	0.5	1	0	0	0	0	0	0
10000	205	90	300	4	25	7	29	1.4624	2	0	0	4	0.25	4	0.25	1	0	0	0	0	0	0
10000	206	90	300	4	25	14	1151	3.06108	4	0	0	4	0.25	4	0.25	1	0	0	0	0	0	0
10000	207	90	300	4	25	15	4607	3.66342	4	0	0	3	0.333333	3	0.333333	1	0.02	-1.69897	0.01	-2	0	0
10000	208	90	300	4	25	15	10407	4.01733	5	0	0	2	0.5	2	0.5	1	0.12	-0.920819	0.02	-1.69897	0	0
10000	209	90	300	4	25	13	3455	3.53845	4	0	0	2	0.5	2	0.5	1	0.01	-2	0	0	0	0
10000	210	90	300	4	25	25	23246	4.36635	5	0	0	9	0.111111	9	0.111111	1	0.28	-0.552842	0.01	-2	0	0
10000	211	90	300	4	25	23	31679	4.50077	5	0	0	5	0.2	5	0.2	1	0.14	-0.853872	0.04	-1.39794	0	0
10000	212	90	300	4	25	12	323	2.5092	3	0	0	5	0.2	5	0.2	1	0	0	0	0	0	0
10000	213	90	300	4	25	19	11335	4.05442	5	0	0	6	0.166667	6	0.166667	1	0.07	-1.1549	0.01	-2	0	0
10000	214	90	300	4	25	13	1079	3.03302	4	0	0	3	0.333333	3	0.333333	1	0	0	0	0	0	0
10000	215	90	300	4	25	21	1165	3.06633	4	0	0	13	0.0769231	13	0.0769231	1	0.01	-2	0	0	0	0
10000	216	90	300	4	25	18	4074	3.61002	4	0	0	4	0.25	4	0.25	1	0.02	-1.69897	0	0	0	0
10000	217	90	300	4	25	14	1679	3.22505	4	0	0	4	0.25	4	0.25	1	0	0	0.01	-2	0	0
10000	218	90	300	4	25	21	7815	3.89293	4	0	0	7	0.142857	7	0.142857	1	0.05	-1.30103	0.01	-2	0	0
10000	219	90	300	4	25	24	64613	4.81032	5	1	0	5	0.2	5	0.2	1	0.39	-0.408935	0.07	-1.1549	2.46	0.390935
10000	220	90	300	4	25	22	23374	4.36873	5	0	0	6	0.166667	6	0.166667	1	0.27	-0.568636	0.02	-1.69897	0	0
10000	221	90	300	4	25	15	3887	3.58961	4	0	0	4	0.25	4	0.25	1	0.02	-1.69897	0	0	0	0
10000	222	90	300	4	25	19	4798	3.68106	4	0	0	9	0.111111	9	0.111111	1	0.06	-1.22185	0	0	0	0
10000	223	90	300	4	25	29	62498	4.79587	5	1	0	8	0.125	8	0.125	1	0.5	-0.30103	0.07	-1.1549	0.64	-0.19382
10000	224	90	300	4	25	18	27647	4.44165	5	0	0	3	0.333333	3	0.333333	1	0.15	-0.823909	0.02	-1.69897	0	0
10000	225	90	300	4	25	15	521	2.71684	3	1	0	6	0.166667	6	0.166667	1	0	0	0	0	0.01	-2
10000	226	90	300	4	25	9	143	2.15534	3	0	0	3	0.333333	3	0.333333	1	0	0	0	0	0	0
10000	227	90	300	4	25	21	15836	4.19965	5	0	0	6	0.166667	6	0.166667	1	0.09	-1.04576	0.01	-2	0	0
10000	228	90	300	4	25	12	207	2.31597	3	0	0	6	0.166667	6	0.166667	1	0	0	0	0	0	0
10000	229	90	300	4	25	13	569	2.75511	3	1	0	4	0.25	4	0.25	1	0	0	0	0	0.01	-2
10000	230	90	300	4	25	15	3071	3.48728	4	0	0	4	0.25	4	0.25	1	0.01	-2	0	0	0	0
10000	231	90	300	4	25	13	1319	3.12024	4	0	0	3	0.333333	3	0.333333	1	0	0	0	0	0	0
10000	232	90	300	4	25	19	18431	4.26555	5	0	0	4	0.25	4	0.25	1	0.08	-1.09691	0.03	-1.52288	0	0
10000	233	90	300	4	25	17	6479	3.81151	4	0	0	4	0.25	4	0.25	1	0.04	-1.39794	0	0	0	0
10000	234	90	300	4	25	19	12102	4.08286	5	0	0	6	0.166667	6	0.166667	1	0.06	-1.22185	0	0	0	0
10000	235	90	300	4	25	21	2450	3.38917	4	0	0	7	0.142857	7	0.142857	1	0.02	-1.69897	0	0	0	0
10000	236	90	300	4	25	23	50133	4.70012	5	1	0	4	0.25	4	0.25	1	0.28	-0.552842	0.06	-1.22185	0.48	-0.318759
10000	237	90	300	4	25	15	397	2.59879	3	0	0	6	0.166667	6	0.166667	1	0	0	0	0	0	0
10000	238	90	300	4	25	21	46135	4.66403	5	1	0	3	0.333333	3	0.333333	1	0.39	-0.408935	0.04	-1.39794	0.43	-0.366532
10000	239	90	300	4	25	19	5451	3.73648	4	0	0	4	0.25	4	0.25	1	0.02	-1.69897	0	0	0	0
10000	240	90	300	4	25	21	29159	4.46477	5	0	0	4	0.25	4	0.25	1	0.16	-0.79588	0.02	-1.69897	0	0
10000	241	90	300	4	25	19	7101	3.85132	4	0	0	6	0.166667	6	0.166667	1	0.06	-1.22185	0.01	-2	0	0
10000	242	90	300	4	25	34	679001	5.83187	6	0	0	9	0.111111	9	0.111111	1	4.85	0.685742	0.66	-0.180456	0	0
10000	243	90	300	4	25	18	17447	4.24172	5	0	0	4	0.25	4	0.25	1	0.1	-1	0.01	-2	0	0
10000	244	90	300	4	25	13	1079	3.03302	4	0	0	4	0.25	4	0.25	1	0	0	0	0	0	0
10000	245	90	300	4	25	13	791	2.89818	3	0	0	4	0.25	4	0.25	1	0	0	0	0	0	0
10000	246	90	300	4	25	22	10607	4.02559	5	1	0	6	0.166667	6	0.166667	1	0.09	-1.04576	0.01	-2	0.1	-1
10000	247	90	300	4	25	23	34043	4.53203	5	1	0	5	0.2	5	0.2	1	0.25	-0.60206	0.02	-1.69897	0.32	-0.49485
10000	248	90	300	4	25	19	6089	3.78455	4	1	0	6	0.166667	6	0.166667	1	0.04	-1.39794	0	0	0.06	-1.22185
10000	249	90	300	4	25	15	2515	3.40054	4	1	0	3	0.333333	3	0.333333	1	0.01	-2	0	0	0.07	-1.1549
10000	250	90	300	4	25	29	25912	4.4135	5	0	0	8	0.125	8	0.125	1	0.24	-0.619789	0.04	-1.39794	0	0
10000	251	90	300	4	25	21	23956	4.37941	5	1	0	6	0.166667	6	0.166667	1	0.11	-0.958607	0.02	-1.69897	0.23	-0.638272
10000	252	90	300	4	25	19	14705	4.16747	5	0	0	5	0.2	5	0.2	1	0.08	-1.09691	0.01	-2	0	0
10000	253	90	300	4	25	18	6803	3.8327	4	1	0	6	0.166667	6	0.166667	1	0.03	-1.52288	0	0	0.05	-1.30103
10000	254	90	300	4	25	18	2177	3.33786	4	0	0	5	0.2	5	0.2	1	0.01	-2	0	0	0	0
10000	255	90	300	4	25	24	61903	4.79171	5	1	0	5	0.2	5	0.2	1	0.77	-0.113509	0.06	-1.22185	0.52	-0.283997
10000	256	90	300	4	25	28	45863	4.66146	5	0	0	5	0.2	5	0.2	1	0.36	-0.443697	0.05	-1.30103	0	0
10000	257	90	300	4	25	16	2303	3.36229	4	0	0	6	0.166667	6	0.166667	1	0.01	-2	0	0	0	0
10000	258	90	300	4	25	6	63	1.79934	2	0	0	1	1	1	1	1	0	0	0	0	0	0
10000	259	90	300	4	25	13	1919	3.28307	4	0	0	3	0.333333	3	0.333333	1	0	0	0.01	-2	0	0
10000	260	90	300	4	25	12	155	2.19033	3	0	0	7	0.142857	7	0.142857	1	0	0	0	0	0	0
10000	261	90	300	4	25	19	4991	3.69819	4	0	0	6	0.166667	6	0.166667	1	0.04	-1.39794	0	0	0	0
10000	262	90	300	4	25	15	3023	3.48044	4	1	0	3	0.333333	3	0.333333	1	0.02	-1.69897	0	0	0.03	-1.52288
10000	263	90	300	4	25	20	6821	3.83385	4	0	0	9	0.111111	9	0.111111	1	0.04	-1.39794	0	0	0	0
10000	264	90	300	4	25	8	143	2.15534	3	0	0	2	0.5	2	0.5	1	0	0	0	0	0	0
10000	265	90	300	4	25	14	1311	3.1176	4	1	0	5	0.2	5	0.2	1	0	0	0.01	-2	0.01	-2
10000	266	90	300	4	25	21	120041	5.07933	6	1	0	3	0.333333	3	0.333333	1	0.85	-0.0705811	0.12	-0.920819	1.01	0.00432137
10000	267	90	300	4	25	13	1727	3.23729	4	0	0	3	0.333333	3	0.333333	1	0	0	0.01	-2	0	0
10000	268	90	300	4	25	18	5615	3.74935	4	0	0	4	0.25	4	0.25	1	0.04	-1.39794	0	0	0	0
10000	269	90	300	4	25	13	671	2.82672	3	0	0	5	0.2	5	0.2	1	0	0	0	0	0	0
10000	270	90	300	4	25	14	628	2.79796	3	0	0	4	0.25	4	0.25	1	0	0	0	0	0	0
10000	271	90	300	4	25	10	451	2.65418	3	1	0	2	0.5	2	0.5	1	0	0	0	0	0	0
10000	272	90	300	4	25	18	5903	3.77107	4	0	0	5	0.2	5	0.2	1	0.03	-1.52288	0	0	0	0
10000	273	90	300	4	25	14	1279	3.10687	4	0	0	4	0.25	4	0.25	1	0	0	0	0	0	0
10000	274	90	300	4	25	16	5078	3.70569	4	0	0	3	0.333333	3	0.333333	1	0.02	-1.69897	0.01	-2	0	0
10000	275	90	300	4	25	11	95	1.97772	2	0	0	4	0.25	4	0.25	1	0	0	0	0	0	0
10000	276	90	300	4	25	16	7485	3.87419	4	0	0	3	0.333333	3	0.333333	1	0.1	-1	0	0	0	0
10000	277	90	300	4	25	20	3263	3.51362	4	0	0	5	0.2	5	0.2	1	0.02	-1.69897	0	0	0	0
10000	278	90	300	4	25	13	1451	3.16167	4	1	1	2.5	0.4	3	0.333333	0.833333	0	0	0	0	0.07	-1.1549
10000	279	90	300	4	25	16	923	2.9652	3	0	0	7	0.142857	7	0.142857	1	0	0	0	0	0	0
10000	280	90	300	4	25	27	9539	3.9795	4	0	0	13	0.0769231	13	0.0769231	1	0.07	-1.1549	0.01	-2	0	0
10000	281	90	300	4	25	13	339	2.5302	3	1	1	4.5	0.222222	5	0.2	0.9	0	0	0	0	0	0
10000	282	90	300	4	25	22	17382	4.2401	5	0	0	6	0.166667	6	0.166667	1	0.11	-0.958607	0.03	-1.52288	0	0
10000	283	90	300	4	25	19	6380	3.80482	4	0	0	8	0.125	8	0.125	1	0.02	-1.69897	0.01	-2	0	0
10000	284	90	300	4	25	22	21423	4.33088	5	1	0	6	0.166667	6	0.166667	1	0.09	-1.04576	0.01	-2	0.2	-0.69897
10000	285	90	300	4	25	18	5491	3.73965	4	0	0	6	0.166667	6	0.166667	1	0.04	-1.39794	0	0	0	0
10000	286	90	300	4	25	23	23760	4.37585	5	0	0	8	0.125	8	0.125	1	0.24	-0.619789	0.03	-1.52288	0	0
10000	287	90	300	4	25	40	538904	5.73151	6	1	0	12	0.0833333	12	0.0833333	1	7.43	0.870989	1.27	0.103804	4.43	0.646404
10000	288	90	300	4	25	16	2729	3.436	4	0	0	6	0.166667	6	0.166667	1	0.01	-2	0.01	-2	0	0
10000	289	90	300	4	25	27	59326	4.77325	5	0	0	6	0.166667	6	0.166667	1	0.79	-0.102373	0.09	-1.04576	0	0
10000	290	90	300	4	25	16	3854	3.58591	4	0	0	3	0.333333	3	0.333333	1	0.01	-2	0.01	-2	0	0
10000	291	90	300	4	25	23	18210	4.26031	5	0	0	8	0.125	8	0.125	1	0.14	-0.853872	0.01	-2	0	0
10000	292	90	300	4	25	18	5390	3.73159	4	1	0	4	0.25	4	0.25	1	0.02	-1.69897	0.01	-2	0.12	-0.920819
10000	293	90	300	4	25	22	11510	4.06108	5	0	0	4	0.25	4	0.25	1	0.09	-1.04576	0.01	-2	0	0
10000	294	90	300	4	25	26	108736	5.03637	6	0	0	6	0.166667	6	0.166667	1	1.25	0.09691	0.19	-0.721246	0	0
10000	295	90	300	4	25	23	131289	5.11823	6	1	0	4	0.25	4	0.25	1	0.75	-0.124939	0.14	-0.853872	1.14	0.0569049
10000	296	90	300	4	25	12	1295	3.11227	4	0	0	2	0.5	2	0.5	1	0	0	0	0	0	0
10000	297	90	300	4	25	20	14319	4.15591	5	0	0	5	0.2	5	0.2	1	0.09	-1.04576	0.02	-1.69897	0	0
10000	298	90	300	4	25	22	112857	5.05253	6	1	0	3	0.333333	3	0.333333	1	1.33	0.123852	0.16	-0.79588	0.78	-0.107905
10000	299	90	300	4	25	29	49956	4.69859	5	0	0	9	0.111111	9	0.111111	1	0.58	-0.236572	0.03	-1.52288	0	0
10000	300	90	300	4	25	16	7656	3.884	4	0	0	3	0.333333	3	0.333333	1	0.03	-1.52288	0	0	0	0
10000	301	90	300	4	25	22	4584	3.66124	4	0	0	8	0.125	8	0.125	1	0.02	-1.69897	0	0	0	0
10000	302	90	300	4	25	15	5183	3.71458	4	0	0	3	0.333333	3	0.333333	1	0.02	-1.69897	0	0	0	0
10000	303	90	300	4	25	18	39621	4.59793	5	0	0	3	0.333333	3	0.333333	1	0.21	-0.677781	0.03	-1.52288	0	0
10000	304	90	300	4	25	11	287	2.45788	3	0	0	5	0.2	5	0.2	1	0	0	0	0	0	0
10000	305	90	300	4	25	15	3800	3.57978	4	1	0	3	0.333333	3	0.333333	1	0.03	-1.52288	0	0	0.05	-1.30103
10000	306	90	300	4	25	14	728	2.86213	3	1	0	5	0.2	5	0.2	1	0	0	0	0	0.02	-1.69897
10000	307	90	300	4	25	22	22760	4.35717	5	1	0	4	0.25	4	0.25	1	0.2	-0.69897	0.01	-2	0.22	-0.657577
10000	308	90	300	4	25	12	975	2.989	3	0	0	3	0.333333	3	0.333333	1	0	0	0	0	0	0
10000	309	90	300	4	25	20	14087	4.14882	5	0	0	5	0.2	5	0.2	1	0.13	-0.886057	0	0	0	0
10000	310	90	300	4	25	10	165	2.21748	3	1	1	3.5	0.285714	4	0.25	0.875	0	0	0	0	0	0
10000	311	90	300	4	25	14	2735	3.43696	4	0	0	3	0.333333	3	0.333333	1	0.01	-2	0	0	0	0
10000	312	90	300	4	25	26	74445	4.87184	5	1	0	5	0.2	5	0.2	1	0.78	-0.107905	0.12	-0.920819	1.34	0.127105
10000	313	90	300	4	25	8	127	2.1038	3	0	0	3	0.333333	3	0.333333	1	0	0	0	0	0	0
10000	314	90	300	4	25	11	435	2.63849	3	1	0	3	0.333333	3	0.333333	1	0	0	0	0	0.01	-2
10000	315	90	300	4	25	17	3955	3.59715	4	0	0	5	0.2	5	0.2	1	0.02	-1.69897	0	0	0	0
10000	316	90	300	4	25	13	1281	3.10755	4	0	0	3	0.333333	3	0.333333	1	0	0	0	0	0	0
10000	317	90	300	4	25	28	247113	5.3929	6	1	0	6	0.166667	6	0.166667	1	2.27	0.356026	0.35	-0.455932	18.73	1.27254
10000	318	90	300	4	25	18	11015	4.04198	5	1	0	3	0.333333	3	0.333333	1	0.06	-1.22185	0.01	-2	0.12	-0.920819
10000	319	90	300	4	25	14	2303	3.36229	4	0	0	4	0.25	4	0.25	1	0.01	-2	0	0	0	0
10000	320	90	300	4	25	18	3555	3.55084	4	0	0	4	0.25	4	0.25	1	0.02	-1.69897	0.01	-2	0	0
10000	321	90	300	4	25	16	4535	3.65658	4	0	0	3	0.333333	3	0.333333	1	0.02	-1.69897	0.01	-2	0	0
10000	322	90	300	4	25	11	770	2.88649	3	1	0	2	0.5	2	0.5	1	0	0	0	0	0.02	-1.69897
10000	323	90	300	4	25	18	3065	3.48643	4	0	0	4	0.25	4	0.25	1	0.02	-1.69897	0	0	0	0
10000	324	90	300	4	25	14	3071	3.48728	4	0	0	3	0.333333	3	0.333333	1	0.03	-1.52288	0	0	0	0
10000	325	90	300	4	25	9	287	2.45788	3	1	0	2	0.5	2	0.5	1	0	0	0	0	0	0
10000	326	90	300	4	25	18	10079	4.00342	5	0	0	4	0.25	4	0.25	1	0.05	-1.30103	0.01	-2	0	0
10000	327	90	300	4	25	16	2239	3.35005	4	0	0	4	0.25	4	0.25	1	0.01	-2	0	0	0	0
10000	328	90	300	4	25	18	7862	3.89553	4	0	0	5	0.2	5	0.2	1	0.03	-1.52288	0.01	-2	0	0
10000	329	90	300	4	25	19	2484	3.39515	4	0	0	8	0.125	8	0.125	1	0.01	-2	0	0	0	0
10000	330	90	300	4	25	12	831	2.9196	3	0	0	3	0.333333	3	0.333333	1	0	0	0	0	0	0
10000	331	90	300	4	25	20	27850	4.44483	5	0	0	4	0.25	4	0.25	1	0.15	-0.823909	0.04	-1.39794	0	0
10000	332	90	300	4	25	18	5786	3.76238	4	0	0	5	0.2	5	0.2	1	0.03	-1.52288	0	0	0	0
10000	333	90	300	4	25	13	879	2.94399	3	0	0	3	0.333333	3	0.333333	1	0	0	0	0	0	0
10000	334	90	300	4	25	12	1295	3.11227	4	1	0	2	0.5	2	0.5	1	0	0	0	0	0.02	-1.69897
10000	335	90	300	4	25	16	2220	3.34635	4	0	0	5	0.2	5	0.2	1	0.01	-2	0	0	0	0
10000	336	90	300	4	25	20	46079	4.6635	5	0	0	4	0.25	4	0.25	1	0.28	-0.552842	0.04	-1.39794	0	0
10000	337	90	300	4	25	14	721	2.85794	3	0	0	6	0.166667	6	0.166667	1	0	0	0	0	0	0
10000	338	90	300	4	25	15	5183	3.71458	4	1	0	3	0.333333	3	0.333333	1	0.02	-1.69897	0	0	0.04	-1.39794
10000	339	90	300	4	25	14	2159	3.33425	4	1	0	4	0.25	4	0.25	1	0	0	0	0	0.03	-1.52288
10000	340	90	300	4	25	18	5229	3.71842	4	0	0	6	0.166667	6	0.166667	1	0.02	-1.69897	0.01	-2	0	0
10000	341	90	300	4	25	17	2666	3.42586	4	0	0	6	0.166667	6	0.166667	1	0.01	-2	0	0	0	0
10000	342	90	300	4	25	18	5399	3.73231	4	1	0	5	0.2	5	0.2	1	0.02	-1.69897	0	0	0.06	-1.22185
10000	343	90	300	4	25	24	11014	4.04195	5	0	0	6	0.166667	6	0.166667	1	0.07	-1.1549	0.01	-2	0	0
10000	344	90	300	4	25	16	1607	3.20602	4	0	0	5	0.2	5	0.2	1	0	0	0	0	0	0
10000	345	90	300	4	25	27	16832	4.22614	5	0	0	9	0.111111	9	0.111111	1	0.11	-0.958607	0.01	-2	0	0
10000	346	90	300	4	25	20	15321	4.18529	5	1	0	4	0.25	4	0.25	1	0.14	-0.853872	0.02	-1.69897	0.11	-0.958607
10000	347	90	300	4	25	15	2303	3.36229	4	0	0	3	0.333333	3	0.333333	1	0.01	-2	0	0	0	0
10000	348	90	300	4	25	23	3676	3.56538	4	0	0	8	0.125	8	0.125	1	0.02	-1.69897	0	0	0	0
10000	349	90	300	4	25	26	78513	4.89494	5	1	0	6	0.166667	6	0.166667	1	0.83	-0.0809219	0.09	-1.04576	0.67	-0.173925
10000	350	90	300	4	25	13	1727	3.23729	4	0	0	2	0.5	2	0.5	1	0	0	0	0	0	0
10000	351	90	300	4	25	16	7727	3.88801	4	0	0	3	0.333333	3	0.333333	1	0.04	-1.39794	0.01	-2	0	0
10000	352	90	300	4	25	14	3455	3.53845	4	0	0	3	0.333333	3	0.333333	1	0.02	-1.69897	0	0	0	0
10000	353	90	300	4	25	14	1199	3.07882	4	0	0	4	0.25	4	0.25	1	0	0	0	0	0	0
10000	354	90	300	4	25	15	828	2.91803	3	0	0	4	0.25	4	0.25	1	0	0	0	0	0	0
10000	355	90	300	4	25	19	14281	4.15476	5	1	0	4	0.25	4	0.25	1	0.08	-1.09691	0.02	-1.69897	0.12	-0.920819
10000	356	90	300	4	25	18	6974	3.84348	4	1	0	4	0.25	4	0.25	1	0.03	-1.52288	0.01	-2	0.07	-1.1549
10000	357	90	300	4	25	26	31749	4.50173	5	0	0	6	0.166667	6	0.166667	1	0.26	-0.585027	0.04	-1.39794	0	0
10000	358	90	300	4	25	17	7397	3.86906	4	0	0	5	0.2	5	0.2	1	0.03	-1.52288	0	0	0	0
10000	359	90	300	4	25	28	733774	5.86556	6	0	0	5	0.2	5	0.2	1	5.52	0.741939	0.84	-0.0757207	0	0
10000	360	90	300	4	25	16	4219	3.62521	4	1	0	4	0.25	4	0.25	1	0.03	-1.52288	0	0	0.09	-1.04576
10000	361	90	300	4	25	19	2015	3.30428	4	0	0	5	0.2	5	0.2	1	0.01	-2	0	0	0	0
10000	362	90	300	4	25	12	1023	3.00988	4	1	0	3	0.333333	3	0.333333	1	0	0	0	0	0.01	-2
10000	363	90	300	4	25	18	29716	4.47299	5	1	0	3	0.333333	3	0.333333	1	0.15	-0.823909	0.04	-1.39794	0.29	-0.537602
10000	364	90	300	4	25	22	17639	4.24647	5	0	0	6	0.166667	6	0.166667	1	0.18	-0.744727	0.03	-1.52288	0	0
10000	365	90	300	4	25	19	18210	4.26031	5	1	0	4	0.25	4	0.25	1	0.12	-0.920819	0.02	-1.69897	0.16	-0.79588
10000	366	90	300	4	25	14	2058	3.31345	4	1	0	3	0.333333	3	0.333333	1	0	0	0.01	-2	0.01	-2
10000	367	90	300	4	25	12	275	2.43933	3	0	0	4	0.25	4	0.25	1	0	0	0	0	0	0
10000	368	90	300	4	25	8	39	1.59106	2	0	0	4	0.25	4	0.25	1	0	0	0	0	0	0
10000	369	90	300	4	25	25	324863	5.5117	6	1	0	5	0.2	5	0.2	1	3.37	0.52763	0.35	-0.455932	12.37	1.09237
10000	370	90	300	4	25	18	4991	3.69819	4	0	0	6	0.166667	6	0.166667	1	0.03	-1.52288	0.01	-2	0	0
10000	371	90	300	4	25	16	4715	3.67348	4	1	0	4	0.25	4	0.25	1	0.03	-1.52288	0	0	0.04	-1.39794
10000	372	90	300	4	25	17	14207	4.1525	5	0	0	3	0.333333	3	0.333333	1	0.07	-1.1549	0.01	-2	0	0
10000	373	90	300	4	25	18	8099	3.90843	4	0	0	4	0.25	4	0.25	1	0.04	-1.39794	0	0	0	0
10000	374	90	300	4	25	15	825	2.91645	3	0	0	6	0.166667	6	0.166667	1	0	0	0	0	0	0
10000	375	90	300	4	25	20	10116	4.00501	5	1	0	5	0.2	5	0.2	1	0.06	-1.22185	0.01	-2	0.1	-1
10000	376	90	300	4	25	17	4942	3.6939	4	0	0	4	0.25	4	0.25	1	0.05	-1.30103	0	0	0	0
10000	377	90	300	4	25	26	27651	4.44171	5	1	0	7	0.142857	7	0.142857	1	0.26	-0.585027	0.05	-1.30103	0.27	-0.568636
10000	378	90	300	4	25	13	867	2.93802	3	0	0	4	0.25	4	0.25	1	0	0	0	0	0	0
10000	379	90	300	4	25	12	739	2.86864	3	1	0	2	0.5	2	0.5	1	0	0	0	0	0.01	-2
10000	380	90	300	4	25	16	1583	3.19948	4	0	0	6	0.166667	6	0.166667	1	0.01	-2	0	0	0	0
10000	381	90	300	4	25	15	1929	3.28533	4	1	0	3	0.333333	3	0.333333	1	0.01	-2	0	0	0.02	-1.69897
10000	382	90	300	4	25	15	1920	3.2833	4	0	0	4	0.25	4	0.25	1	0	0	0.01	-2	0	0
10000	383	90	300	4	25	18	8639	3.93646	4	0	0	5	0.2	5	0.2	1	0.05	-1.30103	0	0	0	0
10000	384	90	300	4	25	9	417	2.62014	3	1	1	1.5	0.666667	2	0.5	0.75	0	0	0	0	0	0
10000	385	90	300	4	25	13	647	2.8109	3	1	1	3.5	0.285714	4	0.25	0.875	0	0	0	0	0.01	-2
10000	386	90	300	4	25	24	36320	4.56015	5	1	0	5	0.2	5	0.2	1	0.33	-0.481486	0.04	-1.39794	0.51	-0.29243
10000	387	90	300	4	25	20	20648	4.31488	5	1	0	4	0.25	4	0.25	1	0.14	-0.853872	0.02	-1.69897	0.15	-0.823909
10000	388	90	300	4	25	12	215	2.33244	3	0	0	6	0.166667	6	0.166667	1	0	0	0	0	0	0
10000	389	90	300	4	25	19	23327	4.36786	5	0	0	4	0.25	4	0.25	1	0.14	-0.853872	0.02	-1.69897	0	0
10000	390	90	300	4	25	28	753604	5.87714	6	1	0	5	0.2	5	0.2	1	5.92	0.772322	0.76	-0.119186	35.89	1.55497
10000	391	90	300	4	25	14	1439	3.15806	4	1	0	4	0.25	4	0.25	1	0.06	-1.22185	0.01	-2	0.01	-2
10000	392	90	300	4	25	20	64511	4.80963	5	1	0	3	0.333333	3	0.333333	1	0.45	-0.346787	0.06	-1.22185	0.56	-0.251812
10000	393	90	300	4	25	16	5824	3.76522	4	0	0	3	0.333333	3	0.333333	1	0.03	-1.52288	0	0	0	0
10000	394	90	300	4	25	18	11411	4.05732	5	0	0	4	0.25	4	0.25	1	0.1	-1	0.01	-2	0	0
10000	395	90	300	4	25	16	4607	3.66342	4	0	0	3	0.333333	3	0.333333	1	0.02	-1.69897	0.01	-2	0	0
10000	396	90	300	4	25	15	1199	3.07882	4	0	0	4	0.25	4	0.25	1	0	0	0	0	0	0
10000	397	90	300	4	25	14	1939	3.28758	4	0	0	3	0.333333	3	0.333333	1	0.01	-2	0	0	0	0
10000	398	90	300	4	25	22	43146	4.63494	5	1	0	4	0.25	4	0.25	1	0.26	-0.585027	0.05	-1.30103	1.54	0.187521
10000	399	90	300	4	25	13	1835	3.26364	4	0	0	2	0.5	2	0.5	1	0	0	0	0	0	0
10000	400	90	300	4	25	14	539	2.73159	3	0	0	6	0.166667	6	0.166667	1	0	0	0	0	0	0
10000	401	90	300	4	25	15	4150	3.61805	4	0	0	4	0.25	4	0.25	1	0.02	-1.69897	0	0	0	0
10000	402	90	300	4	25	14	3071	3.48728	4	0	0	3	0.333333	3	0.333333	1	0.01	-2	0	0	0	0
10000	403	90	300	4	25	10	191	2.28103	3	0	0	3	0.333333	3	0.333333	1	0	0	0	0	0	0
10000	404	90	300	4	25	19	17618	4.24596	5	1	0	4	0.25	4	0.25	1	0.09	-1.04576	0.03	-1.52288	0.18	-0.744727
10000	405	90	300	4	25	23	31986	4.50496	5	1	0	6	0.166667	6	0.166667	1	0.26	-0.585027	0.02	-1.69897	0.3	-0.522879
10000	406	90	300	4	25	9	107	2.02938	3	0	0	3	0.333333	3	0.333333	1	0	0	0	0	0	0
10000	407	90	300	4	25	13	1915	3.28217	4	1	1	2.5	0.4	3	0.333333	0.833333	0.01	-2	0	0	0.03	-1.52288
10000	408	90	300	4	25	12	767	2.8848	3	0	0	3	0.333333	3	0.333333	1	0	0	0	0	0	0
10000	409	90	300	4	25	12	959	2.98182	3	0	0	4	0.25	4	0.25	1	0	0	0	0	0	0
10000	410	90	300	4	25	14	1199	3.07882	4	0	0	4	0.25	4	0.25	1	0	0	0	0	0	0
10000	411	90	300	4	25	18	2454	3.38987	4	0	0	5	0.2	5	0.2	1	0.01	-2	0	0	0	0
10000	412	90	300	4	25	15	5831	3.76574	4	0	0	2	0.5	2	0.5	1	0.02	-1.69897	0.01	-2	0	0
10000	413	90	300	4	25	12	413	2.61595	3	1	0	4	0.25	4	0.25	1	0	0	0	0	0	0
10000	414	90	300	4	25	17	5399	3.73231	4	0	0	4	0.25	4	0.25	1	0.02	-1.69897	0.01	-2	0	0
10000	415	90	300	4	25	7	47	1.6721	2	0	0	3	0.333333	3	0.333333	1	0	0	0	0	0	0
10000	416	90	300	4	25	13	559	2.74741	3	0	0	6	0.166667	6	0.166667	1	0	0	0	0	0	0
10000	417	90	300	4	25	15	3450	3.53782	4	0	0	3	0.333333	3	0.333333	1	0.01	-2	0.01	-2	0	0
10000	418	90	300	4	25	13	959	2.98182	3	1	0	4	0.25	4	0.25	1	0	0	0	0	0.02	-1.69897
10000	419	90	300	4	25	26	166280	5.22084	6	1	0	7	0.142857	7	0.142857	1	1.26	0.100371	0.13	-0.886057	0.97	-0.0132283
10000	420	90	300	4	25	21	9193	3.96346	4	1	0	5	0.2	5	0.2	1	0.04	-1.39794	0.02	-1.69897	0.17	-0.769551
10000	421	90	300	4	25	21	36098	4.55748	5	0	0	4	0.25	4	0.25	1	0.27	-0.568636	0.04	-1.39794	0	0
10000	422	90	300	4	25	11	309	2.48996	3	1	0	3	0.333333	3	0.333333	1	0	0	0	0	0	0
10000	423	90	300	4	25	12	597	2.77597	3	0	0	3	0.333333	3	0.333333	1	0	0	0	0	0	0
10000	424	90	300	4	25	22	57133	4.75689	5	0	0	4	0.25	4	0.25	1	0.41	-0.387216	0.06	-1.22185	0	0
10000	425	90	300	4	25	14	719	2.85673	3	0	0	5	0.2	5	0.2	1	0	0	0	0	0	0
10000	426	90	300	4	25	11	744	2.87157	3	1	0	2	0.5	2	0.5	1	0	0	0	0	0.02	-1.69897
10000	427	90	300	4	25	13	959	2.98182	3	0	0	4	0.25	4	0.25	1	0	0	0	0	0	0
10000	428	90	300	4	25	27	101245	5.00537	6	0	0	8	0.125	8	0.125	1	0.63	-0.200659	0.12	-0.920819	0	0
10000	429	90	300	4	25	18	3267	3.51415	4	0	0	5	0.2	5	0.2	1	0.01	-2	0.01	-2	0	0
10000	430	90	300	4	25	19	30719	4.48741	5	0	0	4	0.25	4	0.25	1	0.16	-0.79588	0.03	-1.52288	0	0
10000	431	90	300	4	25	16	5039	3.70234	4	1	0	4	0.25	4	0.25	1	0.02	-1.69897	0	0	0.04	-1.39794
10000	432	90	300	4	25	14	4607	3.66342	4	0	0	3	0.333333	3	0.333333	1	0.02	-1.69897	0	0	0	0
10000	433	90	300	4	25	30	63815	4.80492	5	0	0	13	0.0769231	13	0.0769231	1	1.02	0.00860017	0.07	-1.1549	0	0
10000	434	90	300	4	25	19	9380	3.9722	4	0	0	5	0.2	5	0.2	1	0.05	-1.30103	0	0	0	0
10000	435	90	300	4	25	14	1187	3.07445	4	1	0	3	0.333333	3	0.333333	1	0	0	0	0	0.02	-1.69897
10000	436	90	300	4	25	18	31103	4.4928	5	0	0	3	0.333333	3	0.333333	1	0.22	-0.657577	0.04	-1.39794	0	0
10000	437	90	300	4	25	16	9596	3.98209	4	0	0	3	0.333333	3	0.333333	1	0.06	-1.22185	0.02	-1.69897	0	0
10000	438	90	300	4	25	15	402	2.60423	3	0	0	8	0.125	8	0.125	1	0	0	0	0	0	0
10000	439	90	300	4	25	9	95	1.97772	2	0	0	3	0.333333	3	0.333333	1	0	0	0	0	0	0
10000	440	90	300	4	25	25	148513	5.17176	6	1	0	7	0.142857	7	0.142857	1	1.86	0.269513	0.17	-0.769551	0.61	-0.21467
10000	441	90	300	4	25	19	17878	4.25232	5	0	0	3	0.333333	3	0.333333	1	0.2	-0.69897	0.03	-1.52288	0	0
10000	442	90	300	4	25	17	6483	3.81178	4	0	0	5	0.2	5	0.2	1	0.04	-1.39794	0.01	-2	0	0
10000	443	90	300	4	25	16	1977	3.29601	4	0	0	6	0.166667	6	0.166667	1	0.01	-2	0	0	0	0
10000	444	90	300	4	25	21	6143	3.78838	4	0	0	9	0.111111	9	0.111111	1	0.04	-1.39794	0	0	0	0
10000	445	90	300	4	25	19	16127	4.20755	5	1	0	6	0.166667	6	0.166667	1	0.09	-1.04576	0.01	-2	0.15	-0.823909
10000	446	90	300	4	25	12	671	2.82672	3	0	0	3	0.333333	3	0.333333	1	0	0	0	0	0	0
10000	447	90	300	4	25	21	14894	4.17301	5	0	0	5	0.2	5	0.2	1	0.07	-1.1549	0.02	-1.69897	0	0
10000	448	90	300	4	25	18	15773	4.19791	5	0	0	3	0.333333	3	0.333333	1	0.1	-1	0.01	-2	0	0
10000	449	90	300	4	25	20	4031	3.60541	4	1	0	7	0.142857	7	0.142857	1	0.02	-1.69897	0	0	0.03	-1.52288
10000	450	90	300	4	25	19	4701	3.67219	4	0	0	8	0.125	8	0.125	1	0.01	-2	0.01	-2	0	0
10000	451	90	300	4	25	18	6299	3.79927	4	0	0	4	0.25	4	0.25	1	0.04	-1.39794	0	0	0	0
10000	452	90	300	4	25	12	1295	3.11227	4	1	0	2	0.5	2	0.5	1	0	0	0	0	0.01	-2
10000	453	90	300	4	25	8	191	2.28103	3	0	0	2	0.5	2	0.5	1	0	0	0	0	0	0
10000	454	90	300	4	25	15	1450	3.16137	4	0	0	4	0.25	4	0.25	1	0	0	0	0	0	0
10000	455	90	300	4	25	16	10859	4.03579	5	0	0	2	0.5	2	0.5	1	0.05	-1.30103	0.01	-2	0	0
10000	456	90	300	4	25	20	28799	4.45938	5	1	0	4	0.25	4	0.25	1	0.14	-0.853872	0.02	-1.69897	0.24	-0.619789
10000	457	90	300	4	25	11	152	2.18184	3	1	0	4	0.25	4	0.25	1	0	0	0	0	0.01	-2
10000	458	90	300	4	25	15	1055	3.02325	4	1	0	5	0.2	5	0.2	1	0	0	0	0	0.02	-1.69897
10000	459	90	300	4	25	21	64799	4.81157	5	0	0	4	0.25	4	0.25	1	0.4	-0.39794	0.07	-1.1549	0	0
10000	460	90	300	4	25	17	5615	3.74935	4	0	0	4	0.25	4	0.25	1	0.02	-1.69897	0.01	-2	0	0
10000	461	90	300	4	25	9	81	1.90849	2	0	0	4	0.25	4	0.25	1	0	0	0	0	0	0
10000	462	90	300	4	25	23	5519	3.74186	4	0	0	10	0.1	10	0.1	1	0.05	-1.30103	0	0	0	0
10000	463	90	300	4	25	13	1439	3.15806	4	1	0	3	0.333333	3	0.333333	1	0	0	0	0	0.02	-1.69897
10000	464	90	300	4	25	20	37996	4.57974	5	0	0	4	0.25	4	0.25	1	0.2	-0.69897	0.03	-1.52288	0	0
10000	465	90	300	4	25	15	2759	3.44075	4	0	0	3	0.333333	3	0.333333	1	0.01	-2	0	0	0	0
10000	466	90	300	4	25	25	42420	4.62757	5	0	0	8	0.125	8	0.125	1	0.36	-0.443697	0.03	-1.52288	0	0
10000	467	90	300	4	25	17	4982	3.6974	4	1	0	4	0.25	4	0.25	1	0.03	-1.52288	0	0	0.05	-1.30103
10000	468	90	300	4	25	15	2222	3.34674	4	1	0	4	0.25	4	0.25	1	0.01	-2	0	0	0.02	-1.69897
10000	469	90	300	4	25	18	31679	4.50077	5	1	0	3	0.333333	3	0.333333	1	0.18	-0.744727	0.04	-1.39794	0.29	-0.537602
10000	470	90	300	4	25	17	5620	3.74974	4	1	0	4	0.25	4	0.25	1	0.04	-1.39794	0	0	0.06	-1.22185
10000	471	90	300	4	25	19	5465	3.73759	4	0	0	5	0.2	5	0.2	1	0.03	-1.52288	0	0	0	0
10000	472	90	300	4	25	11	269	2.42975	3	0	0	4	0.25	4	0.25	1	0	0	0	0	0	0
10000	473	90	300	4	25	26	25919	4.41362	5	0	0	7	0.142857	7	0.142857	1	0.17	-0.769551	0.04	-1.39794	0	0
10000	474	90	300	4	25	16	2349	3.37088	4	0	0	4	0.25	4	0.25	1	0.01	-2	0	0	0	0
10000	475	90	300	4	25	13	413	2.61595	3	0	0	4	0.25	4	0.25	1	0	0	0	0	0	0
10000	476	90	300	4	25	20	8681	3.93857	4	0	0	6	0.166667	6	0.166667	1	0.04	-1.39794	0	0	0	0
10000	477	90	300	4	25	17	931	2.96895	3	0	0	6	0.166667	6	0.166667	1	0	0	0	0	0	0
10000	478	90	300	4	25	17	5697	3.75565	4	0	0	5	0.2	5	0.2	1	0.03	-1.52288	0.01	-2	0	0
10000	479	90	300	4	25	13	1919	3.28307	4	0	0	3	0.333333	3	0.333333	1	0.01	-2	0	0	0	0
10000	480	90	300	4	25	24	9260	3.96661	4	0	0	12	0.0833333	12	0.0833333	1	0.05	-1.30103	0.01	-2	0	0
10000	481	90	300	4	25	19	8420	3.92531	4	1	0	5	0.2	5	0.2	1	0.05	-1.30103	0	0	1.11	0.045323
10000	482	90	300	4	25	10	133	2.12385	3	0	0	3	0.333333	3	0.333333	1	0	0	0	0	0	0
10000	483	90	300	4	25	11	767	2.8848	3	0	0	3	0.333333	3	0.333333	1	0	0	0	0	0	0
10000	484	90	300	4	25	19	36404	4.56115	5	1	0	4	0.25	4	0.25	1	0.18	-0.744727	0.04	-1.39794	0.31	-0.508638
10000	485	90	300	4	25	15	1781	3.25066	4	0	0	4	0.25	4	0.25	1	0.01	-2	0	0	0	0
10000	486	90	300	4	25	14	2127	3.32777	4	1	1	2.5	0.4	3	0.333333	0.833333	0.01	-2	0	0	0.02	-1.69897
10000	487	90	300	4	25	12	619	2.79169	3	0	0	4	0.25	4	0.25	1	0	0	0	0	0	0
10000	488	90	300	4	25	28	178757	5.25226	6	0	0	5	0.2	5	0.2	1	1.49	0.173186	0.28	-0.552842	0	0
10000	489	90	300	4	25	15	3839	3.58422	4	1	0	4	0.25	4	0.25	1	0.01	-2	0	0	0.04	-1.39794
10000	490	90	300	4	25	15	2148	3.33203	4	0	0	3	0.333333	3	0.333333	1	0.01	-2	0	0	0	0
10000	491	90	300	4	25	25	114657	5.0594	6	1	0	4	0.25	4	0.25	1	0.78	-0.107905	0.21	-0.677781	4.39	0.642465
10000	492	90	300	4	25	9	511	2.70842	3	0	0	1	1	1	1	1	0	0	0	0	0	0
10000	493	90	300	4	25	29	89999	4.95424	5	0	0	9	0.111111	9	0.111111	1	0.85	-0.0705811	0.1	-1	0	0
10000	494	90	300	4	25	15	3023	3.48044	4	1	0	3	0.333333	3	0.333333	1	0.01	-2	0	0	0.04	-1.39794
10000	495	90	300	4	25	18	4926	3.69249	4	1	0	4	0.25	4	0.25	1	0.03	-1.52288	0	0	0.05	-1.30103
10000	496	90	300	4	25	17	1681	3.22557	4	0	0	6	0.166667	6	0.166667	1	0.01	-2	0	0	0	0
10000	497	90	300	4	25	23	31103	4.4928	5	0	0	7	0.142857	7	0.142857	1	0.17	-0.769551	0.02	-1.69897	0	0
10000	498	90	300	4	25	15	959	2.98182	3	0	0	4	0.25	4	0.25	1	0	0	0	0	0	0
10000	499	90	300	4	25	18	7920	3.89873	4	0	0	4	0.25	4	0.25	1	0.07	-1.1549	0.01	-2	0	0
10000	500	90	300	4	25	19	14591	4.16409	5	0	0	3	0.333333	3	0.333333	1	0.07	-1.1549	0.02	-1.69897	0	0
10000	501	90	300	4	25	20	20864	4.3194	5	0	0	4	0.25	4	0.25	1	0.18	-0.744727	0.03	-1.52288	0	0
10000	502	90	300	4	25	29	49007	4.69026	5	0	0	7	0.142857	7	0.142857	1	0.57	-0.244125	0.03	-1.52288	0	0
10000	503	90	300	4	25	17	3071	3.48728	4	0	0	5	0.2	5	0.2	1	0.04	-1.39794	0.01	-2	0	0
10000	504	90	300	4	25	18	6341	3.80216	4	0	0	5	0.2	5	0.2	1	0.03	-1.52288	0	0	0	0
10000	505	90	300	4	25	15	4642	3.66671	4	0	0	3	0.333333	3	0.333333	1	0.02	-1.69897	0	0	0	0
10000	506	90	300	4	25	21	21682	4.3361	5	1	0	5	0.2	5	0.2	1	0.15	-0.823909	0.02	-1.69897	0.62	-0.207608
10000	507	90	300	4	25	16	3455	3.53845	4	0	0	5	0.2	5	0.2	1	0.02	-1.69897	0	0	0	0
10000	508	90	300	4	25	15	671	2.82672	3	1	0	5	0.2	5	0.2	1	0	0	0	0	0.02	-1.69897
10000	509	90	300	4	25	26	194673	5.28931	6	0	0	5	0.2	5	0.2	1	3.75	0.574031	0.49	-0.309804	0	0
10000	510	90	300	4	25	17	7807	3.89248	4	1	0	4	0.25	4	0.25	1	0.06	-1.22185	0	0	0.08	-1.09691
10000	511	90	300	4	25	16	1946	3.28914	4	0	0	4	0.25	4	0.25	1	0	0	0.01	-2	0	0
10000	512	90	300	4	25	21	16510	4.21775	5	0	0	5	0.2	5	0.2	1	0.13	-0.886057	0.03	-1.52288	0	0
10000	513	90	300	4	25	15	1242	3.09412	4	1	0	5	0.2	5	0.2	1	0.01	-2	0	0	0.05	-1.30103
10000	514	90	300	4	25	16	3563	3.55182	4	1	1	3.5	0.285714	4	0.25	0.875	0.02	-1.69897	0	0	0.05	-1.30103
10000	515	90	300	4	25	13	585	2.76716	3	0	0	6	0.166667	6	0.166667	1	0	0	0	0	0	0
10000	516	90	300	4	25	18	1870	3.27184	4	0	0	6	0.166667	6	0.166667	1	0.01	-2	0	0	0	0
10000	517	90	300	4	25	20	18560	4.26858	5	0	0	4	0.25	4	0.25	1	0.1	-1	0.01	-2	0	0
10000	518	90	300	4	25	9	127	2.1038	3	0	0	3	0.333333	3	0.333333	1	0	0	0	0	0	0
10000	519	90	300	4	25	16	541	2.7332	3	0	0	6	0.166667	6	0.166667	1	0	0	0	0	0	0
10000	520	90	300	4	25	21	23668	4.37416	5	1	0	4	0.25	4	0.25	1	0.14	-0.853872	0.03	-1.52288	0.64	-0.19382
10000	521	90	300	4	25	23	6133	3.78767	4	0	0	7	0.142857	7	0.142857	1	0.05	-1.30103	0	0	0	0
10000	522	90	300	4	25	18	7179	3.85606	4	0	0	4	0.25	4	0.25	1	0.04	-1.39794	0	0	0	0
10000	523	90	300	4	25	17	6085	3.78426	4	0	0	4	0.25	4	0.25	1	0.02	-1.69897	0.01	-2	0	0
10000	524	90	300	4	25	16	7285	3.86243	4	0	0	3	0.333333	3	0.333333	1	0.04	-1.39794	0.01	-2	0	0
10000	525	90	300	4	25	19	1383	3.14082	4	0	0	8	0.125	8	0.125	1	0.01	-2	0	0	0	0
10000	526	90	300	4	25	18	11366	4.05561	5	0	0	4	0.25	4	0.25	1	0.06	-1.22185	0.01	-2	0	0
10000	527	90	300	4	25	16	2495	3.39707	4	0	0	6	0.166667	6	0.166667	1	0.01	-2	0	0	0	0
10000	528	90	300	4	25	17	4319	3.63538	4	0	0	6	0.166667	6	0.166667	1	0.01	-2	0.01	-2	0	0
10000	529	90	300	4	25	12	809	2.90795	3	0	0	3	0.333333	3	0.333333	1	0	0	0	0	0	0
10000	530	90	300	4	25	26	36749	4.56525	5	0	0	6	0.166667	6	0.166667	1	0.34	-0.468521	0.04	-1.39794	0	0
10000	531	90	300	4	25	18	5277	3.72239	4	0	0	4	0.25	4	0.25	1	0.04	-1.39794	0	0	0	0
10000	532	90	300	4	25	19	18928	4.2771	5	0	0	4	0.25	4	0.25	1	0.11	-0.958607	0.01	-2	0	0
10000	533	90	300	4	25	19	15551	4.19176	5	1	0	3	0.333333	3	0.333333	1	0.08	-1.09691	0.01	-2	0.16	-0.79588
10000	534	90	300	4	25	19	6173	3.7905	4	0	0	6	0.166667	6	0.166667	1	0.06	-1.22185	0	0	0	0
10000	535	90	300	4	25	17	4017	3.6039	4	1	0	6	0.166667	6	0.166667	1	0.03	-1.52288	0.01	-2	0.05	-1.30103
10000	536	90	300	4	25	19	5548	3.74414	4	0	0	5	0.2	5	0.2	1	0.03	-1.52288	0	0	0	0
10000	537	90	300	4	25	17	10367	4.01565	5	0	0	3	0.333333	3	0.333333	1	0.06	-1.22185	0.01	-2	0	0
10000	538	90	300	4	25	18	32700	4.51455	5	1	1	2.33333	0.428571	3	0.333333	0.777778	0.18	-0.744727	0.04	-1.39794	0.34	-0.468521
10000	539	90	300	4	25	17	5615	3.74935	4	0	0	5	0.2	5	0.2	1	0.03	-1.52288	0	0	0	0
10000	540	90	300	4	25	8	191	2.28103	3	0	0	2	0.5	2	0.5	1	0	0	0	0	0	0
10000	541	90	300	4	25	21	22903	4.35989	5	0	0	4	0.25	4	0.25	1	0.18	-0.744727	0.04	-1.39794	0	0
10000	542	90	300	4	25	22	32972	4.51815	5	1	0	4	0.25	4	0.25	1	0.19	-0.721246	0.05	-1.30103	0.32	-0.49485
10000	543	90	300	4	25	28	119223	5.07636	6	1	0	6	0.166667	6	0.166667	1	0.99	-0.00436481	0.14	-0.853872	0.96	-0.0177288
10000	544	90	300	4	25	16	3887	3.58961	4	0	0	5	0.2	5	0.2	1	0.01	-2	0.01	-2	0	0
10000	545	90	300	4	25	22	29159	4.46477	5	0	0	5	0.2	5	0.2	1	0.17	-0.769551	0.03	-1.52288	0	0
10000	546	90	300	4	25	12	462	2.66464	3	0	0	4	0.25	4	0.25	1	0	0	0	0	0	0
10000	547	90	300	4	25	10	143	2.15534	3	0	0	3	0.333333	3	0.333333	1	0	0	0	0	0	0
10000	548	90	300	4	25	18	6689	3.82536	4	0	0	4	0.25	4	0.25	1	0.03	-1.52288	0	0	0	0
10000	549	90	300	4	25	17	9719	3.98762	4	0	0	4	0.25	4	0.25	1	0.05	-1.30103	0.01	-2	0	0
10000	550	90	300	4	25	14	779	2.89154	3	0	0	4	0.25	4	0.25	1	0	0	0	0	0	0
10000	551	90	300	4	25	14	1919	3.28307	4	0	0	3	0.333333	3	0.333333	1	0.01	-2	0	0	0	0
10000	552	90	300	4	25	15	197	2.29447	3	0	0	10	0.1	10	0.1	1	0	0	0	0	0	0
10000	553	90	300	4	25	17	3401	3.53161	4	0	0	4	0.25	4	0.25	1	0.02	-1.69897	0	0	0	0
10000	554	90	300	4	25	12	863	2.93601	3	0	0	3	0.333333	3	0.333333	1	0	0	0	0	0	0
10000	555	90	300	4	25	14	1439	3.15806	4	0	0	4	0.25	4	0.25	1	0	0	0	0	0	0
10000	556	90	300	4	25	16	14687	4.16693	5	1	0	2	0.5	2	0.5	1	0.08	-1.09691	0.01	-2	0.14	-0.853872
10000	557	90	300	4	25	20	19466	4.28928	5	0	0	4	0.25	4	0.25	1	0.13	-0.886057	0.01	-2	0	0
10000	558	90	300	4	25	13	1079	3.03302	4	0	0	4	0.25	4	0.25	1	0	0	0	0	0	0
10000	559	90	300	4	25	27	125390	5.09826	6	1	0	5	0.2	5	0.2	1	1.26	0.100371	0.24	-0.619789	0.95	-0.0222764
10000	560	90	300	4	25	21	19968	4.30033	5	0	0	5	0.2	5	0.2	1	0.21	-0.677781	0.02	-1.69897	0	0
10000	561	90	300	4	25	16	3995	3.60152	4	0	0	4	0.25	4	0.25	1	0.02	-1.69897	0	0	0	0
10000	562	90	300	4	25	18	4319	3.63538	4	1	0	5	0.2	5	0.2	1	0.02	-1.69897	0	0	0.05	-1.30103
10000	563	90	300	4	25	16	2279	3.35774	4	0	0	4	0.25	4	0.25	1	0.01	-2	0	0	0	0
10000	564	90	300	4	25	23	146504	5.16585	6	0	0	4	0.25	4	0.25	1	0.98	-0.00877392	0.29	-0.537602	0	0
10000	565	90	300	4	25	20	11199	4.04918	5	0	0	4	0.25	4	0.25	1	0.07	-1.1549	0.01	-2	0	0
10000	566	90	300	4	25	14	854	2.93146	3	0	0	4	0.25	4	0.25	1	0	0	0	0	0	0
10000	567	90	300	4	25	12	179	2.25285	3	0	0	5	0.2	5	0.2	1	0	0	0	0	0	0
10000	568	90	300	4	25	18	4211	3.62439	4	0	0	6	0.166667	6	0.166667	1	0.02	-1.69897	0	0	0	0
10000	569	90	300	4	25	23	57295	4.75812	5	0	0	6	0.166667	6	0.166667	1	0.35	-0.455932	0.06	-1.22185	0	0
10000	570	90	300	4	25	14	1727	3.23729	4	0	0	3	0.333333	3	0.333333	1	0.01	-2	0	0	0	0
10000	571	90	300	4	25	13	863	2.93601	3	0	0	3	0.333333	3	0.333333	1	0	0	0	0	0	0
10000	572	90	300	4	25	23	21599	4.33443	5	1	0	7	0.142857	7	0.142857	1	0.2	-0.69897	0.03	-1.52288	0.24	-0.619789
10000	573	90	300	4	25	10	138	2.13988	3	0	0	4	0.25	4	0.25	1	0	0	0	0	0	0
10000	574	90	300	4	25	19	6546	3.81598	4	1	0	5	0.2	5	0.2	1	0.04	-1.39794	0.01	-2	0.06	-1.22185
10000	575	90	300	4	25	18	10727	4.03048	5	1	0	3	0.333333	3	0.333333	1	0.05	-1.30103	0.01	-2	0.12	-0.920819
10000	576	90	300	4	25	21	8407	3.92464	4	0	0	8	0.125	8	0.125	1	0.05	-1.30103	0.01	-2	0	0
10000	577	90	300	4	25	16	9426	3.97433	4	0	0	3	0.333333	3	0.333333	1	0.04	-1.39794	0.01	-2	0	0
10000	578	90	300	4	25	16	1299	3.11361	4	0	0	5	0.2	5	0.2	1	0	0	0	0	0	0
10000	579	90	300	4	25	17	5104	3.70791	4	0	0	4	0.25	4	0.25	1	0.03	-1.52288	0	0	0	0
10000	580	90	300	4	25	18	10862	4.03591	5	0	0	4	0.25	4	0.25	1	0.05	-1.30103	0.02	-1.69897	0	0
10000	581	90	300	4	25	22	28799	4.45938	5	0	0	5	0.2	5	0.2	1	0.28	-0.552842	0.03	-1.52288	0	0
10000	582	90	300	4	25	18	2687	3.42927	4	1	0	5	0.2	5	0.2	1	0.01	-2	0	0	0.03	-1.52288
10000	583	90	300	4	25	16	263	2.41996	3	0	0	11	0.0909091	11	0.0909091	1	0	0	0	0	0	0
10000	584	90	300	4	25	12	447	2.65031	3	0	0	4	0.25	4	0.25	1	0	0	0	0	0	0
10000	585	90	300	4	25	25	31967	4.5047	5	0	0	7	0.142857	7	0.142857	1	0.27	-0.568636	0.02	-1.69897	0	0
10000	586	90	300	4	25	21	20956	4.32131	5	0	0	5	0.2	5	0.2	1	0.15	-0.823909	0.02	-1.69897	0	0
10000	587	90	300	4	25	20	20505	4.31186	5	0	0	4	0.25	4	0.25	1	0.11	-0.958607	0.03	-1.52288	0	0
10000	588	90	300	4	25	14	545	2.7364	3	0	0	5	0.2	5	0.2	1	0	0	0	0	0	0
10000	589	90	300	4	25	14	1775	3.2492	4	0	0	3	0.333333	3	0.333333	1	0	0	0	0	0	0
10000	590	90	300	4	25	22	71175	4.85233	5	1	0	4	0.25	4	0.25	1	0.57	-0.244125	0.07	-1.1549	12.14	1.08422
10000	591	90	300	4	25	8	83	1.91908	2	0	0	3	0.333333	3	0.333333	1	0	0	0	0	0	0
10000	592	90	300	4	25	15	2659	3.42472	4	0	0	4	0.25	4	0.25	1	0.01	-2	0	0	0	0
10000	593	90	300	4	25	23	236169	5.37322	6	1	0	3	0.333333	3	0.333333	1	1.62	0.209515	0.29	-0.537602	5.5	0.740363
10000	594	90	300	4	25	27	137397	5.13798	6	1	0	6	0.166667	6	0.166667	1	1.46	0.164353	0.18	-0.744727	2.85	0.454845
10000	595	90	300	4	25	23	94454	4.97522	5	1	0	5	0.2	5	0.2	1	0.57	-0.244125	0.13	-0.886057	1.12	0.049218
10000	596	90	300	4	25	20	9232	3.9653	4	0	0	4	0.25	4	0.25	1	0.06	-1.22185	0.01	-2	0	0
10000	597	90	300	4	25	18	7775	3.8907	4	1	0	4	0.25	4	0.25	1	0.03	-1.52288	0.01	-2	0.08	-1.09691
10000	598	90	300	4	25	11	191	2.28103	3	0	0	5	0.2	5	0.2	1	0	0	0	0	0	0
10000	599	90	300	4	25	8	95	1.97772	2	0	0	3	0.333333	3	0.333333	1	0	0	0	0	0	0
10000	600	90	300	4	25	14	1512	3.17955	4	0	0	5	0.2	5	0.2	1	0	0	0	0	0	0
10000	601	90	300	4	25	26	131861	5.12012	6	0	0	7	0.142857	7	0.142857	1	0.93	-0.0315171	0.16	-0.79588	0	0
10000	602	90	300	4	25	13	479	2.68034	3	0	0	4	0.25	4	0.25	1	0	0	0	0	0	0
10000	603	90	300	4	25	14	1295	3.11227	4	0	0	5	0.2	5	0.2	1	0	0	0.01	-2	0	0
10000	604	90	300	4	25	19	32255	4.5086	5	0	0	6	0.166667	6	0.166667	1	0.34	-0.468521	0.02	-1.69897	0	0
10000	605	90	300	4	25	24	67625	4.83011	5	1	0	4	0.25	4	0.25	1	0.61	-0.21467	0.09	-1.04576	8.12	0.909556
10000	606	90	300	4	25	19	9972	3.99878	4	0	0	6	0.166667	6	0.166667	1	0.06	-1.22185	0	0	0	0
10000	607	90	300	4	25	25	42390	4.62726	5	1	0	9	0.111111	9	0.111111	1	0.25	-0.60206	0.05	-1.30103	0.4	-0.39794
10000	608	90	300	4	25	12	1295	3.11227	4	0	0	2	0.5	2	0.5	1	0	0	0	0	0	0
10000	609	90	300	4	25	18	7967	3.90129	4	0	0	6	0.166667	6	0.166667	1	0.03	-1.52288	0.01	-2	0	0
10000	610	90	300	4	25	15	3839	3.58422	4	0	0	4	0.25	4	0.25	1	0.02	-1.69897	0	0	0	0
10000	611	90	300	4	25	21	32237	4.50835	5	0	0	5	0.2	5	0.2	1	0.25	-0.60206	0.04	-1.39794	0	0
10000	612	90	300	4	25	9	263	2.41996	3	0	0	2	0.5	2	0.5	1	0	0	0	0	0	0
10000	613	90	300	4	25	26	74843	4.87415	5	0	0	8	0.125	8	0.125	1	1.1	0.0413927	0.05	-1.30103	0	0
10000	614	90	300	4	25	16	913	2.96047	3	0	0	6	0.166667	6	0.166667	1	0	0	0	0	0	0
10000	615	90	300	4	25	23	51183	4.70913	5	1	0	5	0.2	5	0.2	1	0.4	-0.39794	0.07	-1.1549	1.88	0.274158
10000	616	90	300	4	25	17	11663	4.06681	5	0	0	4	0.25	4	0.25	1	0.05	-1.30103	0.01	-2	0	0
10000	617	90	300	4	25	21	6970	3.84323	4	0	0	9	0.111111	9	0.111111	1	0.05	-1.30103	0.01	-2	0	0
10000	618	90	300	4	25	17	6470	3.8109	4	0	0	4	0.25	4	0.25	1	0.03	-1.52288	0.01	-2	0	0
10000	619	90	300	4	25	17	9719	3.98762	4	0	0	4	0.25	4	0.25	1	0.04	-1.39794	0	0	0	0
10000	620	90	300	4	25	16	2303	3.36229	4	1	0	3	0.333333	3	0.333333	1	0.01	-2	0	0	0.03	-1.52288
10000	621	90	300	4	25	13	495	2.69461	3	0	0	4	0.25	4	0.25	1	0	0	0	0	0	0
10000	622	90	300	4	25	18	8647	3.93687	4	1	0	4	0.25	4	0.25	1	0.03	-1.52288	0.01	-2	0.1	-1
10000	623	90	300	4	25	23	17279	4.23752	5	1	0	7	0.142857	7	0.142857	1	0.08	-1.09691	0.01	-2	0.16	-0.79588
10000	624	90	300	4	25	16	13823	4.1406	5	0	0	3	0.333333	3	0.333333	1	0.08	-1.09691	0.01	-2	0	0
10000	625	90	300	4	25	15	2040	3.30963	4	0	0	3	0.333333	3	0.333333	1	0.01	-2	0	0	0	0
10000	626	90	300	4	25	17	10751	4.03145	5	0	0	3	0.333333	3	0.333333	1	0.06	-1.22185	0.02	-1.69897	0	0
10000	627	90	300	4	25	23	17545	4.24415	5	0	0	6	0.166667	6	0.166667	1	0.16	-0.79588	0.02	-1.69897	0	0
10000	628	90	300	4	25	12	393	2.59439	3	0	0	4	0.25	4	0.25	1	0	0	0	0	0	0
10000	629	90	300	4	25	21	52110	4.71692	5	1	0	5	0.2	5	0.2	1	0.35	-0.455932	0.04	-1.39794	1.63	0.212188
10000	630	90	300	4	25	17	1025	3.01072	4	0	0	7	0.142857	7	0.142857	1	0	0	0	0	0	0
10000	631	90	300	4	25	14	1871	3.27207	4	0	0	4	0.25	4	0.25	1	0.01	-2	0	0	0	0
10000	632	90	300	4	25	13	1079	3.03302	4	0	0	4	0.25	4	0.25	1	0	0	0	0	0	0
10000	633	90	300	4	25	20	35457	4.5497	5	0	0	4	0.25	4	0.25	1	0.22	-0.657577	0.03	-1.52288	0	0
10000	634	90	300	4	25	35	193429	5.28652	6	1	0	9	0.111111	9	0.111111	1	1.54	0.187521	0.26	-0.585027	12.4	1.09342
10000	635	90	300	4	25	11	767	2.8848	3	0	0	3	0.333333	3	0.333333	1	0	0	0	0	0	0
10000	636	90	300	4	25	16	6479	3.81151	4	0	0	4	0.25	4	0.25	1	0.04	-1.39794	0	0	0	0
10000	637	90	300	4	25	6	23	1.36173	2	0	0	3	0.333333	3	0.333333	1	0	0	0	0	0	0
10000	638	90	300	4	25	22	46538	4.66781	5	1	0	5	0.2	5	0.2	1	0.46	-0.337242	0.07	-1.1549	0.43	-0.366532
10000	639	90	300	4	25	10	287	2.45788	3	0	0	3	0.333333	3	0.333333	1	0	0	0	0	0	0
10000	640	90	300	4	25	18	4319	3.63538	4	0	0	8	0.125	8	0.125	1	0.02	-1.69897	0	0	0	0
10000	641	90	300	4	25	15	1399	3.14582	4	0	0	4	0.25	4	0.25	1	0	0	0	0	0	0
10000	642	90	300	4	25	18	1763	3.24625	4	0	0	6	0.166667	6	0.166667	1	0.01	-2	0	0	0	0
10000	643	90	300	4	25	22	19559	4.29135	5	0	0	4	0.25	4	0.25	1	0.15	-0.823909	0.03	-1.52288	0	0
10000	644	90	300	4	25	22	5879	3.7693	4	0	0	6	0.166667	6	0.166667	1	0.04	-1.39794	0	0	0	0
10000	645	90	300	4	25	13	1535	3.18611	4	0	0	3	0.333333	3	0.333333	1	0	0	0	0	0	0
10000	646	90	300	4	25	20	6590	3.81889	4	0	0	6	0.166667	6	0.166667	1	0.03	-1.52288	0.01	-2	0	0
10000	647	90	300	4	25	18	12398	4.09335	5	1	0	3	0.333333	3	0.333333	1	0.08	-1.09691	0.02	-1.69897	0.43	-0.366532
10000	648	90	300	4	25	21	98326	4.99267	5	0	0	3	0.333333	3	0.333333	1	0.71	-0.148742	0.16	-0.79588	0	0
10000	649	90	300	4	25	24	8999	3.95419	4	0	0	9	0.111111	9	0.111111	1	0.07	-1.1549	0.01	-2	0	0
10000	650	90	300	4	25	25	237681	5.37599	6	0	0	4	0.25	4	0.25	1	1.54	0.187521	0.29	-0.537602	0	0
10000	651	90	300	4	25	14	1619	3.20925	4	1	0	4	0.25	4	0.25	1	0.01	-2	0	0	0.02	-1.69897
10000	652	90	300	4	25	8	159	2.2014	3	0	0	2	0.5	2	0.5	1	0	0	0	0	0	0
10000	653	90	300	4	25	24	132645	5.12269	6	0	0	5	0.2	5	0.2	1	0.97	-0.0132283	0.1	-1	0	0
10000	654	90	300	4	25	15	4627	3.6653	4	0	0	4	0.25	4	0.25	1	0.02	-1.69897	0	0	0	0
10000	655	90	300	4	25	15	3431	3.53542	4	0	0	3	0.333333	3	0.333333	1	0.01	-2	0	0	0	0
10000	656	90	300	4	25	27	57949	4.76305	5	0	0	8	0.125	8	0.125	1	0.35	-0.455932	0.07	-1.1549	0	0
10000	657	90	300	4	25	14	4383	3.64177	4	0	0	2	0.5	2	0.5	1	0.02	-1.69897	0	0	0	0
10000	658	90	300	4	25	14	621	2.79309	3	0	0	4	0.25	4	0.25	1	0	0	0	0	0	0
10000	659	90	300	4	25	22	57434	4.75917	5	1	0	5	0.2	5	0.2	1	0.38	-0.420216	0.07	-1.1549	4.58	0.660865
10000	660	90	300	4	25	23	47772	4.67917	5	1	0	5	0.2	5	0.2	1	0.29	-0.537602	0.04	-1.39794	0.42	-0.376751
10000	661	90	300	4	25	23	42301	4.62635	5	1	0	7	0.142857	7	0.142857	1	0.33	-0.481486	0.04	-1.39794	0.37	-0.431798
10000	662	90	300	4	25	17	2110	3.32428	4	0	0	6	0.166667	6	0.166667	1	0.01	-2	0	0	0	0
10000	663	90	300	4	25	18	2917	3.46494	4	0	0	7	0.142857	7	0.142857	1	0.03	-1.52288	0	0	0	0
10000	664	90	300	4	25	13	479	2.68034	3	0	0	3	0.333333	3	0.333333	1	0	0	0	0	0	0
10000	665	90	300	4	25	18	2687	3.42927	4	0	0	6	0.166667	6	0.166667	1	0	0	0.01	-2	0	0
10000	666	90	300	4	25	18	6256	3.7963	4	0	0	4	0.25	4	0.25	1	0.03	-1.52288	0.01	-2	0	0
10000	667	90	300	4	25	23	56188	4.74964	5	1	0	5	0.2	5	0.2	1	0.41	-0.387216	0.08	-1.09691	0.52	-0.283997
10000	668	90	300	4	25	20	28799	4.45938	5	0	0	3	0.333333	3	0.333333	1	0.21	-0.677781	0.02	-1.69897	0	0
10000	669	90	300	4	25	18	6300	3.79934	4	0	0	4	0.25	4	0.25	1	0.03	-1.52288	0	0	0	0
10000	670	90	300	4	25	20	4559	3.65887	4	0	0	6	0.166667	6	0.166667	1	0.04	-1.39794	0	0	0	0
10000	671	90	300	4	25	27	65136	4.81382	5	0	0	8	0.125	8	0.125	1	0.54	-0.267606	0.09	-1.04576	0	0
10000	672	90	300	4	25	21	15551	4.19176	5	1	0	4	0.25	4	0.25	1	0.12	-0.920819	0.03	-1.52288	0.16	-0.79588
10000	673	90	300	4	25	12	363	2.55991	3	0	0	3	0.333333	3	0.333333	1	0	0	0	0	0	0
10000	674	90	300	4	25	16	5249	3.72008	4	0	0	3	0.333333	3	0.333333	1	0.02	-1.69897	0	0	0	0
10000	675	90	300	4	25	26	112895	5.05267	6	1	0	5	0.2	5	0.2	1	0.76	-0.119186	0.15	-0.823909	1.9	0.278754
10000	676	90	300	4	25	20	43348	4.63697	5	0	0	4	0.25	4	0.25	1	0.23	-0.638272	0.06	-1.22185	0	0
10000	677	90	300	4	25	22	19158	4.28235	5	0	0	7	0.142857	7	0.142857	1	0.16	-0.79588	0.01	-2	0	0
10000	678	90	300	4	25	18	4454	3.64875	4	0	0	5	0.2	5	0.2	1	0.01	-2	0.01	-2	0	0
10000	679	90	300	4	25	14	139	2.14301	3	0	0	6	0.166667	6	0.166667	1	0	0	0	0	0	0
10000	680	90	300	4	25	23	127658	5.10605	6	0	0	4	0.25	4	0.25	1	1.04	0.0170333	0.17	-0.769551	0	0
10000	681	90	300	4	25	21	11743	4.06978	5	0	0	6	0.166667	6	0.166667	1	0.1	-1	0	0	0	0
10000	682	90	300	4	25	22	31010	4.4915	5	0	0	5	0.2	5	0.2	1	0.21	-0.677781	0.03	-1.52288	0	0
10000	683	90	300	4	25	27	355093	5.55034	6	0	0	6	0.166667	6	0.166667	1	2.47	0.392697	0.36	-0.443697	0	0
10000	684	90	300	4	25	27	117511	5.07008	6	0	0	7	0.142857	7	0.142857	1	1.54	0.187521	0.18	-0.744727	0	0
10000	685	90	300	4	25	25	206862	5.31568	6	1	0	5	0.2	5	0.2	1	2.06	0.313867	0.21	-0.677781	0.48	-0.318759
10000	686	90	300	4	25	21	18214	4.26041	5	1	0	5	0.2	5	0.2	1	0.12	-0.920819	0.02	-1.69897	0.14	-0.853872
10000	687	90	300	4	25	15	1295	3.11227	4	0	0	4	0.25	4	0.25	1	0	0	0	0	0	0
10000	688	90	300	4	25	17	1151	3.06108	4	0	0	5	0.2	5	0.2	1	0	0	0	0	0	0
10000	689	90	300	4	25	21	32898	4.51717	5	1	0	5	0.2	5	0.2	1	0.19	-0.721246	0.04	-1.39794	0.28	-0.552842
10000	690	90	300	4	25	16	8639	3.93646	4	0	0	4	0.25	4	0.25	1	0.04	-1.39794	0	0	0	0
10000	691	90	300	4	25	29	429595	5.63306	6	1	0	6	0.166667	6	0.166667	1	3.74	0.572872	0.68	-0.167491	2.24	0.350248
10000	692	90	300	4	25	13	1619	3.20925	4	0	0	2	0.5	2	0.5	1	0	0	0.01	-2	0	0
10000	693	90	300	4	25	8	119	2.07555	3	0	0	2	0.5	2	0.5	1	0	0	0	0	0	0
10000	694	90	300	4	25	18	5399	3.73231	4	0	0	6	0.166667	6	0.166667	1	0.03	-1.52288	0.01	-2	0	0
10000	695	90	300	4	25	19	32831	4.51628	5	0	0	3	0.333333	3	0.333333	1	0.18	-0.744727	0.04	-1.39794	0	0
10000	696	90	300	4	25	19	8101	3.90854	4	0	0	4	0.25	4	0.25	1	0.05	-1.30103	0	0	0	0
10000	697	90	300	4	25	27	170144	5.23082	6	1	0	5	0.2	5	0.2	1	1.26	0.100371	0.23	-0.638272	0.61	-0.21467
10000	698	90	300	4	25	19	3694	3.5675	4	0	0	6	0.166667	6	0.166667	1	0.03	-1.52288	0	0	0	0
10000	699	90	300	4	25	11	303	2.48144	3	0	0	3	0.333333	3	0.333333	1	0	0	0	0	0	0
10000	700	90	300	4	25	18	9487	3.97713	4	0	0	4	0.25	4	0.25	1	0.06	-1.22185	0.01	-2	0	0
10000	701	90	300	4	25	15	1679	3.22505	4	1	0	6	0.166667	6	0.166667	1	0.01	-2	0	0	0.02	-1.69897
10000	702	90	300	4	25	11	374	2.57287	3	0	0	3	0.333333	3	0.333333	1	0	0	0	0	0	0
10000	703	90	300	4	25	17	2267	3.35545	4	0	0	6	0.166667	6	0.166667	1	0.01	-2	0	0	0	0
10000	704	90	300	4	25	12	559	2.74741	3	0	0	3	0.333333	3	0.333333	1	0	0	0	0	0	0
10000	705	90	300	4	25	19	7360	3.86688	4	1	0	4	0.25	4	0.25	1	0.03	-1.52288	0.01	-2	0.14	-0.853872
10000	706	90	300	4	25	14	6911	3.83954	4	1	0	2	0.5	2	0.5	1	0.02	-1.69897	0.01	-2	0.07	-1.1549
10000	707	90	300	4	25	15	3239	3.51041	4	0	0	4	0.25	4	0.25	1	0.01	-2	0	0	0	0
10000	708	90	300	4	25	23	50856	4.70634	5	0	0	4	0.25	4	0.25	1	0.39	-0.408935	0.07	-1.1549	0	0
10000	709	90	300	4	25	17	3047	3.48387	4	0	0	3	0.333333	3	0.333333	1	0.01	-2	0.01	-2	0	0
10000	710	90	300	4	25	14	279	2.4456	3	0	0	6	0.166667	6	0.166667	1	0	0	0	0	0	0
10000	711	90	300	4	25	16	1358	3.1329	4	0	0	6	0.166667	6	0.166667	1	0.01	-2	0	0	0	0
10000	712	90	300	4	25	33	1068717	6.02886	7	1	0	8	0.125	8	0.125	1	11.43	1.05805	1.07	0.0293838	90.91	1.95861
10000	713	90	300	4	25	22	53391	4.72747	5	1	0	5	0.2	5	0.2	1	0.39	-0.408935	0.04	-1.39794	0.45	-0.346787
10000	714	90	300	4	25	19	3945	3.59605	4	0	0	7	0.142857	7	0.142857	1	0.02	-1.69897	0	0	0	0
10000	715	90	300	4	25	25	180140	5.25561	6	1	0	7	0.142857	7	0.142857	1	1.2	0.0791812	0.17	-0.769551	0.48	-0.318759
10000	716	90	300	4	25	29	204001	5.30963	6	1	0	6	0.166667	6	0.166667	1	1.89	0.276462	0.41	-0.387216	1.58	0.198657
10000	717	90	300	4	25	36	427593	5.63103	6	1	0	8	0.125	8	0.125	1	3.76	0.575188	0.46	-0.337242	16.6	1.22011
10000	718	90	300	4	25	16	1265	3.10209	4	0	0	7	0.142857	7	0.142857	1	0	0	0	0	0	0
10000	719	90	300	4	25	8	95	1.97772	2	0	0	3	0.333333	3	0.333333	1	0	0	0	0	0	0
10000	720	90	300	4	25	16	774	2.88874	3	0	0	6	0.166667	6	0.166667	1	0	0	0	0	0	0
10000	721	90	300	4	25	23	2073	3.3166	4	0	0	13	0.0769231	13	0.0769231	1	0.01	-2	0	0	0	0
10000	722	90	300	4	25	11	1092	3.03822	4	0	0	2	0.5	2	0.5	1	0	0	0	0	0	0
10000	723	90	300	4	25	23	59654	4.77564	5	1	0	5	0.2	5	0.2	1	0.41	-0.387216	0.08	-1.09691	2.57	0.409933
10000	724	90	300	4	25	19	24785	4.39419	5	0	0	4	0.25	4	0.25	1	0.13	-0.886057	0.02	-1.69897	0	0
10000	725	90	300	4	25	17	389	2.58995	3	0	0	9	0.111111	9	0.111111	1	0	0	0	0	0	0
10000	726	90	300	4	25	15	473	2.67486	3	0	0	6	0.166667	6	0.166667	1	0	0	0	0	0	0
10000	727	90	300	4	25	16	2137	3.3298	4	0	0	6	0.166667	6	0.166667	1	0.01	-2	0	0	0	0
10000	728	90	300	4	25	12	341	2.53275	3	0	0	5	0.2	5	0.2	1	0	0	0	0	0	0
10000	729	90	300	4	25	14	5183	3.71458	4	0	0	2	0.5	2	0.5	1	0.02	-1.69897	0.01	-2	0	0
10000	730	90	300	4	25	26	65834	4.81845	5	0	0	7	0.142857	7	0.142857	1	0.55	-0.259637	0.04	-1.39794	0	0
10000	731	90	300	4	25	16	3490	3.54283	4	0	0	4	0.25	4	0.25	1	0.01	-2	0	0	0	0
10000	732	90	300	4	25	13	290	2.4624	3	1	0	4	0.25	4	0.25	1	0	0	0	0	0	0
10000	733	90	300	4	25	9	383	2.5832	3	0	0	2	0.5	2	0.5	1	0	0	0	0	0	0
10000	734	90	300	4	25	13	379	2.57864	3	0	0	6	0.166667	6	0.166667	1	0	0	0	0	0	0
10000	735	90	300	4	25	19	8305	3.91934	4	0	0	7	0.142857	7	0.142857	1	0.05	-1.30103	0	0	0	0
10000	736	90	300	4	25	27	77607	4.8899	5	1	0	8	0.125	8	0.125	1	1.08	0.0334238	0.09	-1.04576	0.62	-0.207608
10000	737	90	300	4	25	13	671	2.82672	3	0	0	4	0.25	4	0.25	1	0.01	-2	0	0	0	0
10000	738	90	300	4	25	12	647	2.8109	3	0	0	3	0.333333	3	0.333333	1	0	0	0	0	0	0
10000	739	90	300	4	25	13	750	2.87506	3	0	0	4	0.25	4	0.25	1	0	0	0	0	0	0
10000	740	90	300	4	25	14	2159	3.33425	4	0	0	3	0.333333	3	0.333333	1	0.01	-2	0	0	0	0
10000	741	90	300	4	25	24	49812	4.69733	5	0	0	7	0.142857	7	0.142857	1	0.38	-0.420216	0.05	-1.30103	0	0
10000	742	90	300	4	25	17	7199	3.85727	4	0	0	4	0.25	4	0.25	1	0.02	-1.69897	0.01	-2	0	0
10000	743	90	300	4	25	13	291	2.46389	3	0	0	4	0.25	4	0.25	1	0	0	0	0	0	0
10000	744	90	300	4	25	15	2084	3.3189	4	0	0	3	0.333333	3	0.333333	1	0	0	0.01	-2	0	0
10000	745	90	300	4	25	20	51839	4.71466	5	0	0	4	0.25	4	0.25	1	0.25	-0.60206	0.05	-1.30103	0	0
10000	746	90	300	4	25	31	1178054	6.07117	7	1	0	5	0.2	5	0.2	1	10.02	1.00087	1.33	0.123852	6.63	0.821514
10000	747	90	300	4	25	12	197	2.29447	3	0	0	6	0.166667	6	0.166667	1	0	0	0	0	0	0
10000	748	90	300	4	25	18	766	2.88423	3	0	0	8	0.125	8	0.125	1	0	0	0	0	0	0
10000	749	90	300	4	25	22	4306	3.63407	4	1	0	8	0.125	8	0.125	1	0.04	-1.39794	0.01	-2	0.04	-1.39794
10000	750	90	300	4	25	12	639	2.8055	3	0	0	4	0.25	4	0.25	1	0	0	0	0	0	0
10000	751	90	300	4	25	11	359	2.55509	3	0	0	4	0.25	4	0.25	1	0	0	0	0	0	0
10000	752	90	300	4	25	21	15419	4.18806	5	1	0	5	0.2	5	0.2	1	0.06	-1.22185	0.02	-1.69897	0.13	-0.886057
10000	753	90	300	4	25	12	899	2.95376	3	0	0	3	0.333333	3	0.333333	1	0	0	0	0	0	0
10000	754	90	300	4	25	18	527	2.72181	3	0	0	7	0.142857	7	0.142857	1	0	0	0	0	0	0
10000	755	90	300	4	25	21	21546	4.33337	5	0	0	6	0.166667	6	0.166667	1	0.16	-0.79588	0.01	-2	0	0
10000	756	90	300	4	25	17	8679	3.93847	4	0	0	4	0.25	4	0.25	1	0.04	-1.39794	0	0	0	0
10000	757	90	300	4	25	16	3455	3.53845	4	1	0	5	0.2	5	0.2	1	0.01	-2	0.01	-2	0.03	-1.52288
10000	758	90	300	4	25	23	25227	4.40187	5	0	0	6	0.166667	6	0.166667	1	0.19	-0.721246	0.01	-2	0	0
10000	759	90	300	4	25	19	6931	3.8408	4	0	0	5	0.2	5	0.2	1	0.05	-1.30103	0	0	0	0
10000	760	90	300	4	25	23	15391	4.18727	5	0	0	4	0.25	4	0.25	1	0.11	-0.958607	0.03	-1.52288	0	0
10000	761	90	300	4	25	23	11267	4.05181	5	0	0	5	0.2	5	0.2	1	0.11	-0.958607	0.01	-2	0	0
10000	762	90	300	4	25	24	56854	4.75476	5	0	0	6	0.166667	6	0.166667	1	0.54	-0.267606	0.07	-1.1549	0	0
10000	763	90	300	4	25	15	6911	3.83954	4	0	0	3	0.333333	3	0.333333	1	0.02	-1.69897	0.01	-2	0	0
10000	764	90	300	4	25	8	95	1.97772	2	0	0	3	0.333333	3	0.333333	1	0	0	0	0	0	0
10000	765	90	300	4	25	17	7199	3.85727	4	0	0	3	0.333333	3	0.333333	1	0.03	-1.52288	0.01	-2	0	0
10000	766	90	300	4	25	17	14975	4.17537	5	0	0	3	0.333333	3	0.333333	1	0.07	-1.1549	0.01	-2	0	0
10000	767	90	300	4	25	13	896	2.95231	3	0	0	4	0.25	4	0.25	1	0	0	0	0	0	0
10000	768	90	300	4	25	15	1583	3.19948	4	1	0	5	0.2	5	0.2	1	0	0	0.01	-2	0.01	-2
10000	769	90	300	4	25	17	4022	3.60444	4	1	0	4	0.25	4	0.25	1	0.02	-1.69897	0	0	0.04	-1.39794
10000	770	90	300	4	25	31	68709	4.83701	5	1	0	9	0.111111	9	0.111111	1	0.37	-0.431798	0.07	-1.1549	0.52	-0.283997
10000	771	90	300	4	25	12	1295	3.11227	4	0	0	2	0.5	2	0.5	1	0	0	0	0	0	0
10000	772	90	300	4	25	17	12497	4.09681	5	1	0	4	0.25	4	0.25	1	0.06	-1.22185	0	0	0.13	-0.886057
10000	773	90	300	4	25	16	6479	3.81151	4	0	0	4	0.25	4	0.25	1	0.03	-1.52288	0	0	0	0
10000	774	90	300	4	25	17	2314	3.36436	4	0	0	4	0.25	4	0.25	1	0	0	0.01	-2	0	0
10000	775	90	300	4	25	13	935	2.97081	3	0	0	4	0.25	4	0.25	1	0	0	0	0	0	0
10000	776	90	300	4	25	12	671	2.82672	3	0	0	4	0.25	4	0.25	1	0	0	0	0	0	0
10000	777	90	300	4	25	20	10970	4.04021	5	0	0	5	0.2	5	0.2	1	0.07	-1.1549	0.01	-2	0	0
10000	778	90	300	4	25	26	176505	5.24676	6	1	0	6	0.166667	6	0.166667	1	1.19	0.075547	0.36	-0.443697	0.8	-0.09691
10000	779	90	300	4	25	13	528	2.72263	3	0	0	5	0.2	5	0.2	1	0	0	0	0	0	0
10000	780	90	300	4	25	22	13187	4.12015	5	0	0	7	0.142857	7	0.142857	1	0.07	-1.1549	0.01	-2	0	0
10000	781	90	300	4	25	20	18533	4.26795	5	1	0	4	0.25	4	0.25	1	0.14	-0.853872	0.02	-1.69897	0.15	-0.823909
10000	782	90	300	4	25	13	613	2.78746	3	1	0	4	0.25	4	0.25	1	0	0	0	0	0.01	-2
10000	783	90	300	4	25	27	52173	4.71745	5	0	0	8	0.125	8	0.125	1	0.57	-0.244125	0.04	-1.39794	0	0
10000	784	90	300	4	25	19	4799	3.68115	4	0	0	6	0.166667	6	0.166667	1	0.02	-1.69897	0.01	-2	0	0
10000	785	90	300	4	25	26	19037	4.2796	5	1	0	11	0.0909091	11	0.0909091	1	0.17	-0.769551	0.01	-2	0.16	-0.79588
10000	786	90	300	4	25	17	3071	3.48728	4	0	0	4	0.25	4	0.25	1	0.02	-1.69897	0.01	-2	0	0
10000	787	90	300	4	25	14	3455	3.53845	4	0	0	3	0.333333	3	0.333333	1	0.01	-2	0	0	0	0
10000	788	90	300	4	25	23	85459	4.93176	5	0	0	5	0.2	5	0.2	1	0.53	-0.275724	0.09	-1.04576	0	0
10000	789	90	300	4	25	9	287	2.45788	3	1	0	2	0.5	2	0.5	1	0	0	0	0	0	0
10000	790	90	300	4	25	17	8299	3.91903	4	0	0	4	0.25	4	0.25	1	0.03	-1.52288	0.01	-2	0	0
10000	791	90	300	4	25	19	25919	4.41362	5	0	0	4	0.25	4	0.25	1	0.15	-0.823909	0.03	-1.52288	0	0
10000	792	90	300	4	25	26	82902	4.91857	5	1	0	6	0.166667	6	0.166667	1	0.75	-0.124939	0.09	-1.04576	0.9	-0.0457575
10000	793	90	300	4	25	23	31247	4.49481	5	0	0	7	0.142857	7	0.142857	1	0.22	-0.657577	0.04	-1.39794	0	0
10000	794	90	300	4	25	15	1959	3.29203	4	0	0	3	0.333333	3	0.333333	1	0.01	-2	0	0	0	0
10000	795	90	300	4	25	18	31535	4.49879	5	0	0	3	0.333333	3	0.333333	1	0.17	-0.769551	0.04	-1.39794	0	0
10000	796	90	300	4	25	7	95	1.97772	2	0	0	2	0.5	2	0.5	1	0	0	0	0	0	0
10000	797	90	300	4	25	22	16847	4.22652	5	0	0	5	0.2	5	0.2	1	0.13	-0.886057	0.01	-2	0	0
10000	798	90	300	4	25	26	82943	4.91878	5	1	0	5	0.2	5	0.2	1	0.57	-0.244125	0.1	-1	1.11	0.045323
10000	799	90	300	4	25	14	1100	3.04139	4	0	0	4	0.25	4	0.25	1	0	0	0	0	0	0
10000	800	90	300	4	25	18	5039	3.70234	4	0	0	6	0.166667	6	0.166667	1	0.03	-1.52288	0	0	0	0
10000	801	90	300	4	25	18	4079	3.61055	4	0	0	5	0.2	5	0.2	1	0.02	-1.69897	0.01	-2	0	0
10000	802	90	300	4	25	21	20082	4.30281	5	0	0	6	0.166667	6	0.166667	1	0.17	-0.769551	0.02	-1.69897	0	0
10000	803	90	300	4	25	22	34161	4.53353	5	0	0	6	0.166667	6	0.166667	1	0.25	-0.60206	0.04	-1.39794	0	0
10000	804	90	300	4	25	16	2024	3.30621	4	0	0	4	0.25	4	0.25	1	0.01	-2	0	0	0	0
10000	805	90	300	4	25	20	12181	4.08568	5	0	0	6	0.166667	6	0.166667	1	0.06	-1.22185	0.01	-2	0	0
10000	806	90	300	4	25	11	319	2.50379	3	0	0	5	0.2	5	0.2	1	0	0	0	0	0	0
10000	807	90	300	4	25	27	244935	5.38905	6	1	0	5	0.2	5	0.2	1	2.1	0.322219	0.28	-0.552842	0.78	-0.107905
10000	808	90	300	4	25	18	1943	3.28847	4	0	0	7	0.142857	7	0.142857	1	0.01	-2	0	0	0	0
10000	809	90	300	4	25	18	31103	4.4928	5	0	0	3	0.333333	3	0.333333	1	0.15	-0.823909	0.03	-1.52288	0	0
10000	810	90	300	4	25	18	2046	3.31091	4	1	0	5	0.2	5	0.2	1	0.01	-2	0	0	0.02	-1.69897
10000	811	90	300	4	25	23	9106	3.95933	4	1	0	7	0.142857	7	0.142857	1	0.11	-0.958607	0	0	0.27	-0.568636
10000	812	90	300	4	25	16	2871	3.45803	4	0	0	5	0.2	5	0.2	1	0.01	-2	0	0	0	0
10000	813	90	300	4	25	18	7670	3.8848	4	0	0	4	0.25	4	0.25	1	0.04	-1.39794	0	0	0	0
10000	814	90	300	4	25	22	11839	4.07332	5	0	0	8	0.125	8	0.125	1	0.07	-1.1549	0	0	0	0
10000	815	90	300	4	25	19	30640	4.48629	5	0	0	5	0.2	5	0.2	1	0.13	-0.886057	0.03	-1.52288	0	0
10000	816	90	300	4	25	32	580507	5.76381	6	1	0	6	0.166667	6	0.166667	1	5.84	0.766413	0.61	-0.21467	2.27	0.356026
10000	817	90	300	4	25	16	10367	4.01565	5	0	0	4	0.25	4	0.25	1	0.04	-1.39794	0.01	-2	0	0
10000	818	90	300	4	25	28	158570	5.20022	6	0	0	8	0.125	8	0.125	1	1.49	0.173186	0.28	-0.552842	0	0
10000	819	90	300	4	25	13	1119	3.04883	4	0	0	4	0.25	4	0.25	1	0	0	0	0	0	0
10000	820	90	300	4	25	11	244	2.38739	3	0	0	3	0.333333	3	0.333333	1	0	0	0	0	0	0
10000	821	90	300	4	25	14	1679	3.22505	4	1	0	4	0.25	4	0.25	1	0	0	0	0	0.02	-1.69897
10000	822	90	300	4	25	9	287	2.45788	3	1	0	2	0.5	2	0.5	1	0	0	0	0	0	0
10000	823	90	300	4	25	16	11519	4.06141	5	0	0	4	0.25	4	0.25	1	0.05	-1.30103	0	0	0	0
10000	824	90	300	4	25	23	7785	3.89126	4	1	1	7.5	0.133333	8	0.125	0.9375	0.05	-1.30103	0.01	-2	0.08	-1.09691
10000	825	90	300	4	25	22	62678	4.79712	5	1	0	4	0.25	4	0.25	1	0.35	-0.455932	0.06	-1.22185	2.41	0.382017
10000	826	90	300	4	25	16	5996	3.77786	4	0	0	4	0.25	4	0.25	1	0.03	-1.52288	0.01	-2	0	0
10000	827	90	300	4	25	10	287	2.45788	3	0	0	3	0.333333	3	0.333333	1	0	0	0	0	0	0
10000	828	90	300	4	25	18	9071	3.95766	4	0	0	6	0.166667	6	0.166667	1	0.04	-1.39794	0.01	-2	0	0
10000	829	90	300	4	25	15	1504	3.17725	4	0	0	4	0.25	4	0.25	1	0	0	0	0	0	0
10000	830	90	300	4	25	16	6332	3.80154	4	0	0	3	0.333333	3	0.333333	1	0.03	-1.52288	0	0	0	0
10000	831	90	300	4	25	13	527	2.72181	3	0	0	4	0.25	4	0.25	1	0	0	0	0	0	0
10000	832	90	300	4	25	23	83149	4.91986	5	1	0	6	0.166667	6	0.166667	1	0.47	-0.327902	0.09	-1.04576	0.65	-0.187087
10000	833	90	300	4	25	22	95922	4.98192	5	0	0	4	0.25	4	0.25	1	0.82	-0.0861861	0.15	-0.823909	0	0
10000	834	90	300	4	25	21	9321	3.96946	4	0	0	9	0.111111	9	0.111111	1	0.12	-0.920819	0	0	0	0
10000	835	90	300	4	25	19	11663	4.06681	5	0	0	5	0.2	5	0.2	1	0.05	-1.30103	0	0	0	0
10000	836	90	300	4	25	20	5547	3.74406	4	0	0	6	0.166667	6	0.166667	1	0.04	-1.39794	0	0	0	0
10000	837	90	300	4	25	20	719	2.85673	3	0	0	14	0.0714286	14	0.0714286	1	0	0	0	0	0	0
10000	838	90	300	4	25	17	2975	3.47349	4	0	0	6	0.166667	6	0.166667	1	0.01	-2	0	0	0	0
10000	839	90	300	4	25	23	18932	4.2772	5	1	0	6	0.166667	6	0.166667	1	0.13	-0.886057	0.01	-2	0.18	-0.744727
10000	840	90	300	4	25	12	728	2.86213	3	0	0	2	0.5	2	0.5	1	0	0	0	0	0	0
10000	841	90	300	4	25	12	449	2.65225	3	0	0	4	0.25	4	0.25	1	0	0	0	0	0	0
10000	842	90	300	4	25	16	1587	3.20058	4	0	0	5	0.2	5	0.2	1	0.01	-2	0	0	0	0
10000	843	90	300	4	25	24	8541	3.93151	4	0	0	6	0.166667	6	0.166667	1	0.06	-1.22185	0	0	0	0
10000	844	90	300	4	25	16	512	2.70927	3	0	0	9	0.111111	9	0.111111	1	0	0	0	0	0	0
10000	845	90	300	4	25	9	287	2.45788	3	0	0	2	0.5	2	0.5	1	0	0	0	0	0	0
10000	846	90	300	4	25	16	1977	3.29601	4	0	0	6	0.166667	6	0.166667	1	0.01	-2	0	0	0	0
10000	847	90	300	4	25	18	3050	3.4843	4	1	1	6.5	0.153846	7	0.142857	0.928571	0.01	-2	0.01	-2	0.02	-1.69897
10000	848	90	300	4	25	19	19439	4.28867	5	0	0	5	0.2	5	0.2	1	0.09	-1.04576	0.03	-1.52288	0	0
10000	849	90	300	4	25	28	435102	5.63859	6	1	0	5	0.2	5	0.2	1	3.48	0.541579	0.69	-0.161151	38.03	1.58013
10000	850	90	300	4	25	16	5655	3.75243	4	0	0	3	0.333333	3	0.333333	1	0.02	-1.69897	0.01	-2	0	0
10000	851	90	300	4	25	18	7279	3.86207	4	0	0	4	0.25	4	0.25	1	0.03	-1.52288	0	0	0	0
10000	852	90	300	4	25	4	11	1.04139	2	0	0	2	0.5	2	0.5	1	0	0	0	0	0	0
10000	853	90	300	4	25	17	2931	3.46702	4	0	0	6	0.166667	6	0.166667	1	0.02	-1.69897	0	0	0	0
10000	854	90	300	4	25	17	3164	3.50024	4	0	0	6	0.166667	6	0.166667	1	0.01	-2	0.01	-2	0	0
10000	855	90	300	4	25	19	18143	4.25871	5	1	0	6	0.166667	6	0.166667	1	0.09	-1.04576	0.02	-1.69897	0.16	-0.79588
10000	856	90	300	4	25	21	7237	3.85956	4	1	0	6	0.166667	6	0.166667	1	0.05	-1.30103	0.01	-2	0.07	-1.1549
10000	857	90	300	4	25	19	28875	4.46052	5	0	0	5	0.2	5	0.2	1	0.13	-0.886057	0.03	-1.52288	0	0
10000	858	90	300	4	25	20	4223	3.62562	4	0	0	5	0.2	5	0.2	1	0.02	-1.69897	0	0	0	0
10000	859	90	300	4	25	16	657	2.81757	3	0	0	7	0.142857	7	0.142857	1	0	0	0	0	0	0
10000	860	90	300	4	25	14	757	2.8791	3	0	0	5	0.2	5	0.2	1	0	0	0	0	0	0
10000	861	90	300	4	25	16	2991	3.47582	4	0	0	5	0.2	5	0.2	1	0.01	-2	0	0	0	0
10000	862	90	300	4	25	19	4319	3.63538	4	0	0	6	0.166667	6	0.166667	1	0.02	-1.69897	0	0	0	0
10000	863	90	300	4	25	18	3286	3.51667	4	0	0	8	0.125	8	0.125	1	0.03	-1.52288	0	0	0	0
10000	864	90	300	4	25	20	25014	4.39818	5	1	0	5	0.2	5	0.2	1	0.12	-0.920819	0.04	-1.39794	0.25	-0.60206
10000	865	90	300	4	25	24	7805	3.89237	4	0	0	10	0.1	10	0.1	1	0.07	-1.1549	0	0	0	0
10000	866	90	300	4	25	12	383	2.5832	3	0	0	5	0.2	5	0.2	1	0	0	0	0	0	0
10000	867	90	300	4	25	13	1404	3.14737	4	0	0	3	0.333333	3	0.333333	1	0	0	0	0	0	0
10000	868	90	300	4	25	18	10367	4.01565	5	1	0	5	0.2	5	0.2	1	0.05	-1.30103	0.01	-2	0.11	-0.958607
10000	869	90	300	4	25	21	26417	4.42188	5	0	0	5	0.2	5	0.2	1	0.17	-0.769551	0.02	-1.69897	0	0
10000	870	90	300	4	25	12	1151	3.06108	4	1	0	3	0.333333	3	0.333333	1	0	0	0	0	0.02	-1.69897
10000	871	90	300	4	25	20	4197	3.62294	4	1	0	5	0.2	5	0.2	1	0.02	-1.69897	0	0	0.04	-1.39794
10000	872	90	300	4	25	19	2375	3.37566	4	0	0	6	0.166667	6	0.166667	1	0.01	-2	0	0	0	0
10000	873	90	300	4	25	14	2647	3.42275	4	0	0	3	0.333333	3	0.333333	1	0.01	-2	0	0	0	0
10000	874	90	300	4	25	28	132271	5.12146	6	1	0	6	0.166667	6	0.166667	1	1.53	0.184691	0.27	-0.568636	1.25	0.09691
10000	875	90	300	4	25	19	19591	4.29206	5	0	0	3	0.333333	3	0.333333	1	0.11	-0.958607	0.01	-2	0	0
10000	876	90	300	4	25	12	359	2.55509	3	0	0	4	0.25	4	0.25	1	0	0	0	0	0	0
10000	877	90	300	4	25	17	5665	3.7532	4	0	0	4	0.25	4	0.25	1	0.04	-1.39794	0	0	0	0
10000	878	90	300	4	25	10	174	2.24055	3	0	0	3	0.333333	3	0.333333	1	0	0	0	0	0	0
10000	879	90	300	4	25	16	3686	3.56656	4	0	0	3	0.333333	3	0.333333	1	0.02	-1.69897	0	0	0	0
10000	880	90	300	4	25	19	52422	4.71951	5	1	0	3	0.333333	3	0.333333	1	0.28	-0.552842	0.06	-1.22185	4.63	0.665581
10000	881	90	300	4	25	13	1512	3.17955	4	0	0	2	0.5	2	0.5	1	0	0	0	0	0	0
10000	882	90	300	4	25	15	2915	3.46464	4	0	0	4	0.25	4	0.25	1	0.01	-2	0	0	0	0
10000	883	90	300	4	25	22	10467	4.01982	5	0	0	7	0.142857	7	0.142857	1	0.14	-0.853872	0.02	-1.69897	0	0
10000	884	90	300	4	25	23	53292	4.72666	5	0	0	4	0.25	4	0.25	1	0.37	-0.431798	0.09	-1.04576	0	0
10000	885	90	300	4	25	11	575	2.75967	3	0	0	3	0.333333	3	0.333333	1	0	0	0	0	0	0
10000	886	90	300	4	25	10	431	2.63448	3	0	0	2	0.5	2	0.5	1	0	0	0	0	0	0
10000	887	90	300	4	25	18	6719	3.8273	4	0	0	6	0.166667	6	0.166667	1	0.03	-1.52288	0	0	0	0
10000	888	90	300	4	25	13	959	2.98182	3	0	0	4	0.25	4	0.25	1	0	0	0	0	0	0
10000	889	90	300	4	25	15	3239	3.51041	4	1	0	3	0.333333	3	0.333333	1	0.01	-2	0	0	0.04	-1.39794
10000	890	90	300	4	25	22	19270	4.28488	5	1	0	5	0.2	5	0.2	1	0.12	-0.920819	0.02	-1.69897	0.89	-0.05061
10000	891	90	300	4	25	20	9804	3.9914	4	1	1	4.5	0.222222	5	0.2	0.9	0.05	-1.30103	0.01	-2	0.1	-1
10000	892	90	300	4	25	13	589	2.77012	3	0	0	6	0.166667	6	0.166667	1	0	0	0	0	0	0
10000	893	90	300	4	25	6	47	1.6721	2	0	0	2	0.5	2	0.5	1	0	0	0	0	0	0
10000	894	90	300	4	25	11	671	2.82672	3	1	0	3	0.333333	3	0.333333	1	0	0	0	0	0	0
10000	895	90	300	4	25	12	1151	3.06108	4	0	0	3	0.333333	3	0.333333	1	0	0	0	0	0	0
10000	896	90	300	4	25	19	16144	4.20801	5	1	0	4	0.25	4	0.25	1	0.08	-1.09691	0.02	-1.69897	0.15	-0.823909
10000	897	90	300	4	25	13	1007	3.00303	4	0	0	3	0.333333	3	0.333333	1	0	0	0.01	-2	0	0
10000	898	90	300	4	25	19	5399	3.73231	4	0	0	5	0.2	5	0.2	1	0.04	-1.39794	0	0	0	0
10000	899	90	300	4	25	17	1611	3.2071	4	0	0	4	0.25	4	0.25	1	0.01	-2	0	0	0	0
10000	900	90	300	4	25	19	24227	4.3843	5	0	0	4	0.25	4	0.25	1	0.13	-0.886057	0.02	-1.69897	0	0
10000	901	90	300	4	25	13	719	2.85673	3	0	0	4	0.25	4	0.25	1	0	0	0	0	0	0
10000	902	90	300	4	25	14	2591	3.41347	4	1	0	3	0.333333	3	0.333333	1	0.01	-2	0	0	0.03	-1.52288
10000	903	90	300	4	25	16	5039	3.70234	4	1	0	4	0.25	4	0.25	1	0.03	-1.52288	0	0	0.05	-1.30103
10000	904	90	300	4	25	10	359	2.55509	3	0	0	2	0.5	2	0.5	1	0	0	0	0	0	0
10000	905	90	300	4	25	12	1151	3.06108	4	0	0	3	0.333333	3	0.333333	1	0	0	0	0	0	0
10000	906	90	300	4	25	18	938	2.9722	3	0	0	10	0.1	10	0.1	1	0	0	0	0	0	0
10000	907	90	300	4	25	13	2591	3.41347	4	1	0	2	0.5	2	0.5	1	0	0	0.01	-2	0.03	-1.52288
10000	908	90	300	4	25	14	1663	3.22089	4	0	0	3	0.333333	3	0.333333	1	0	0	0	0	0	0
10000	909	90	300	4	25	18	1401	3.14644	4	0	0	7	0.142857	7	0.142857	1	0	0	0	0	0	0
10000	910	90	300	4	25	28	243711	5.38688	6	1	0	7	0.142857	7	0.142857	1	1.83	0.262451	0.46	-0.337242	1.6	0.20412
10000	911	90	300	4	25	10	383	2.5832	3	1	0	3	0.333333	3	0.333333	1	0	0	0	0	0	0
10000	912	90	300	4	25	22	40319	4.60551	5	0	0	6	0.166667	6	0.166667	1	0.33	-0.481486	0.03	-1.52288	0	0
10000	913	90	300	4	25	14	2023	3.306	4	0	0	3	0.333333	3	0.333333	1	0	0	0.01	-2	0	0
10000	914	90	300	4	25	18	11693	4.06793	5	0	0	4	0.25	4	0.25	1	0.07	-1.1549	0.01	-2	0	0
10000	915	90	300	4	25	12	1295	3.11227	4	0	0	2	0.5	2	0.5	1	0	0	0	0	0	0
10000	916	90	300	4	25	20	9602	3.98236	4	0	0	4	0.25	4	0.25	1	0.05	-1.30103	0.02	-1.69897	0	0
10000	917	90	300	4	25	18	10367	4.01565	5	0	0	5	0.2	5	0.2	1	0.05	-1.30103	0	0	0	0
10000	918	90	300	4	25	25	502734	5.70134	6	0	0	4	0.25	4	0.25	1	3.97	0.598791	0.56	-0.251812	0	0
10000	919	90	300	4	25	21	19425	4.28836	5	0	0	5	0.2	5	0.2	1	0.14	-0.853872	0.03	-1.52288	0	0
10000	920	90	300	4	25	21	6989	3.84442	4	0	0	7	0.142857	7	0.142857	1	0.04	-1.39794	0.01	-2	0	0
10000	921	90	300	4	25	20	4435	3.64689	4	0	0	5	0.2	5	0.2	1	0.03	-1.52288	0	0	0	0
10000	922	90	300	4	25	13	773	2.88818	3	1	0	4	0.25	4	0.25	1	0	0	0	0	0	0
10000	923	90	300	4	25	27	25174	4.40095	5	0	0	9	0.111111	9	0.111111	1	0.27	-0.568636	0.02	-1.69897	0	0
10000	924	90	300	4	25	16	11290	4.05269	5	1	0	4	0.25	4	0.25	1	0.05	-1.30103	0.01	-2	0.08	-1.09691
10000	925	90	300	4	25	13	433	2.63649	3	0	0	4	0.25	4	0.25	1	0	0	0	0	0	0
10000	926	90	300	4	25	19	14039	4.14734	5	0	0	5	0.2	5	0.2	1	0.12	-0.920819	0.01	-2	0	0
10000	927	90	300	4	25	13	313	2.49554	3	0	0	6	0.166667	6	0.166667	1	0	0	0	0	0	0
10000	928	90	300	4	25	14	2879	3.45924	4	1	0	3	0.333333	3	0.333333	1	0.01	-2	0	0	0.03	-1.52288
10000	929	90	300	4	25	20	17855	4.25176	5	0	0	7	0.142857	7	0.142857	1	0.1	-1	0.01	-2	0	0
10000	930	90	300	4	25	20	1357	3.13258	4	1	0	8	0.125	8	0.125	1	0.01	-2	0	0	0.02	-1.69897
10000	931	90	300	4	25	12	375	2.57403	3	1	0	3	0.333333	3	0.333333	1	0	0	0	0	0	0
10000	932	90	300	4	25	24	23935	4.37903	5	0	0	6	0.166667	6	0.166667	1	0.25	-0.60206	0.04	-1.39794	0	0
10000	933	90	300	4	25	27	97231	4.9878	5	0	0	7	0.142857	7	0.142857	1	1.01	0.00432137	0.12	-0.920819	0	0
10000	934	90	300	4	25	22	48137	4.68248	5	0	0	3	0.333333	3	0.333333	1	0.29	-0.537602	0.07	-1.1549	0	0
10000	935	90	300	4	25	9	383	2.5832	3	0	0	2	0.5	2	0.5	1	0	0	0	0	0	0
10000	936	90	300	4	25	23	17279	4.23752	5	0	0	8	0.125	8	0.125	1	0.1	-1	0.01	-2	0	0
10000	937	90	300	4	25	10	287	2.45788	3	1	0	3	0.333333	3	0.333333	1	0	0	0	0	0	0
10000	938	90	300	4	25	15	2213	3.34498	4	0	0	4	0.25	4	0.25	1	0.01	-2	0	0	0	0
10000	939	90	300	4	25	9	156	2.19312	3	0	0	3	0.333333	3	0.333333	1	0	0	0	0	0	0
10000	940	90	300	4	25	20	38255	4.58269	5	1	0	3	0.333333	3	0.333333	1	0.27	-0.568636	0.04	-1.39794	1.13	0.0530784
10000	941	90	300	4	25	21	10907	4.03771	5	0	0	6	0.166667	6	0.166667	1	0.09	-1.04576	0.01	-2	0	0
10000	942	90	300	4	25	14	1727	3.23729	4	0	0	4	0.25	4	0.25	1	0.01	-2	0	0	0	0
10000	943	90	300	4	25	16	1517	3.18099	4	0	0	7	0.142857	7	0.142857	1	0	0	0	0	0	0
10000	944	90	300	4	25	12	454	2.65706	3	0	0	4	0.25	4	0.25	1	0	0	0	0	0	0
10000	945	90	300	4	25	26	178065	5.25058	6	0	0	5	0.2	5	0.2	1	1.48	0.170262	0.27	-0.568636	0	0
10000	946	90	300	4	25	15	1715	3.23426	4	0	0	5	0.2	5	0.2	1	0.01	-2	0	0	0	0
10000	947	90	300	4	25	16	1371	3.13704	4	0	0	6	0.166667	6	0.166667	1	0	0	0	0	0	0
10000	948	90	300	4	25	17	3246	3.51135	4	0	0	5	0.2	5	0.2	1	0.02	-1.69897	0	0	0	0
10000	949	90	300	4	25	21	7739	3.88868	4	0	0	5	0.2	5	0.2	1	0.04	-1.39794	0.01	-2	0	0
10000	950	90	300	4	25	8	143	2.15534	3	0	0	2	0.5	2	0.5	1	0	0	0	0	0	0
10000	951	90	300	4	25	17	3841	3.58444	4	0	0	5	0.2	5	0.2	1	0.02	-1.69897	0	0	0	0
10000	952	90	300	4	25	15	1151	3.06108	4	0	0	5	0.2	5	0.2	1	0	0	0	0	0	0
10000	953	90	300	4	25	23	117836	5.07128	6	1	0	4	0.25	4	0.25	1	1.66	0.220108	0.15	-0.823909	4.21	0.624282
10000	954	90	300	4	25	19	43207	4.63555	5	1	0	3	0.333333	3	0.333333	1	0.27	-0.568636	0.07	-1.1549	0.39	-0.408935
10000	955	90	300	4	25	21	21143	4.32517	5	1	0	6	0.166667	6	0.166667	1	0.23	-0.638272	0.01	-2	0.15	-0.823909
10000	956	90	300	4	25	36	144201	5.15897	6	0	0	12	0.0833333	12	0.0833333	1	1.24	0.0934217	0.12	-0.920819	0	0
10000	957	90	300	4	25	15	1629	3.21192	4	0	0	4	0.25	4	0.25	1	0	0	0.01	-2	0	0
10000	958	90	300	4	25	11	256	2.40824	3	0	0	3	0.333333	3	0.333333	1	0	0	0	0	0	0
10000	959	90	300	4	25	15	4535	3.65658	4	0	0	3	0.333333	3	0.333333	1	0.02	-1.69897	0	0	0	0
10000	960	90	300	4	25	15	1386	3.14176	4	0	0	5	0.2	5	0.2	1	0	0	0	0	0	0
10000	961	90	300	4	25	11	779	2.89154	3	0	0	2	0.5	2	0.5	1	0	0	0	0	0	0
10000	962	90	300	4	25	24	39438	4.59591	5	0	0	4	0.25	4	0.25	1	0.28	-0.552842	0.06	-1.22185	0	0
10000	963	90	300	4	25	27	144461	5.15975	6	1	0	5	0.2	5	0.2	1	1.15	0.0606978	0.19	-0.721246	1.44	0.158362
10000	964	90	300	4	25	18	6685	3.8251	4	0	0	4	0.25	4	0.25	1	0.03	-1.52288	0	0	0	0
10000	965	90	300	4	25	17	5183	3.71458	4	0	0	5	0.2	5	0.2	1	0.02	-1.69897	0	0	0	0
10000	966	90	300	4	25	19	20447	4.31063	5	0	0	4	0.25	4	0.25	1	0.15	-0.823909	0.02	-1.69897	0	0
10000	967	90	300	4	25	19	2159	3.33425	4	0	0	8	0.125	8	0.125	1	0.01	-2	0	0	0	0
10000	968	90	300	4	25	17	11519	4.06141	5	0	0	3	0.333333	3	0.333333	1	0.06	-1.22185	0.01	-2	0	0
10000	969	90	300	4	25	16	5339	3.72746	4	0	0	4	0.25	4	0.25	1	0.02	-1.69897	0	0	0	0
10000	970	90	300	4	25	14	1439	3.15806	4	0	0	4	0.25	4	0.25	1	0	0	0	0	0	0
10000	971	90	300	4	25	16	4191	3.62232	4	1	0	3	0.333333	3	0.333333	1	0.03	-1.52288	0	0	0.04	-1.39794
10000	972	90	300	4	25	16	2459	3.39076	4	1	1	4.5	0.222222	5	0.2	0.9	0.01	-2	0	0	0.03	-1.52288
10000	973	90	300	4	25	23	18970	4.27807	5	0	0	8	0.125	8	0.125	1	0.12	-0.920819	0.01	-2	0	0
10000	974	90	300	4	25	19	9350	3.97081	4	0	0	5	0.2	5	0.2	1	0.04	-1.39794	0.01	-2	0	0
10000	975	90	300	4	25	22	14849	4.1717	5	0	0	5	0.2	5	0.2	1	0.1	-1	0.03	-1.52288	0	0
10000	976	90	300	4	25	17	11519	4.06141	5	1	0	3	0.333333	3	0.333333	1	0.06	-1.22185	0	0	1.16	0.064458
10000	977	90	300	4	25	15	623	2.79449	3	0	0	6	0.166667	6	0.166667	1	0	0	0	0	0	0
10000	978	90	300	4	25	14	959	2.98182	3	0	0	4	0.25	4	0.25	1	0	0	0	0	0	0
10000	979	90	300	4	25	10	287	2.45788	3	0	0	3	0.333333	3	0.333333	1	0	0	0	0	0	0
10000	980	90	300	4	25	27	25271	4.40262	5	0	0	11	0.0909091	11	0.0909091	1	0.18	-0.744727	0.02	-1.69897	0	0
10000	981	90	300	4	25	12	959	2.98182	3	0	0	3	0.333333	3	0.333333	1	0.01	-2	0	0	0	0
10000	982	90	300	4	25	16	8531	3.931	4	1	0	3	0.333333	3	0.333333	1	0.04	-1.39794	0.01	-2	0.1	-1
10000	983	90	300	4	25	27	51689	4.7134	5	0	0	6	0.166667	6	0.166667	1	0.36	-0.443697	0.08	-1.09691	0	0
10000	984	90	300	4	25	16	3743	3.57322	4	0	0	4	0.25	4	0.25	1	0.02	-1.69897	0	0	0	0
10000	985	90	300	4	25	22	191122	5.28131	6	1	1	3.5	0.285714	4	0.25	0.875	1.38	0.139879	0.21	-0.677781	6.53	0.814913
10000	986	90	300	4	25	18	4977	3.69697	4	0	0	5	0.2	5	0.2	1	0.03	-1.52288	0.01	-2	0	0
10000	987	90	300	4	25	17	1505	3.17754	4	0	0	5	0.2	5	0.2	1	0.01	-2	0	0	0	0
10000	988	90	300	4	25	14	855	2.93197	3	0	0	4	0.25	4	0.25	1	0	0	0	0	0	0
10000	989	90	300	4	25	21	8804	3.94468	4	1	0	5	0.2	5	0.2	1	0.06	-1.22185	0.01	-2	0.77	-0.113509
10000	990	90	300	4	25	14	615	2.78888	3	0	0	5	0.2	5	0.2	1	0	0	0	0	0	0
10000	991	90	300	4	25	9	191	2.28103	3	0	0	3	0.333333	3	0.333333	1	0	0	0	0	0	0
10000	992	90	300	4	25	15	5759	3.76035	4	0	0	4	0.25	4	0.25	1	0.02	-1.69897	0.01	-2	0	0
10000	993	90	300	4	25	16	1119	3.04883	4	0	0	5	0.2	5	0.2	1	0	0	0	0	0	0
10000	994	90	300	4	25	18	2459	3.39076	4	0	0	5	0.2	5	0.2	1	0.02	-1.69897	0	0	0	0
10000	995	90	300	4	25	26	71313	4.85317	5	0	0	8	0.125	8	0.125	1	0.94	-0.0268721	0.09	-1.04576	0	0
10000	996	90	300	4	25	18	6513	3.81378	4	0	0	4	0.25	4	0.25	1	0.04	-1.39794	0.01	-2	0	0
10000	997	90	300	4	25	19	11616	4.06506	5	0	0	4	0.25	4	0.25	1	0.06	-1.22185	0.01	-2	0	0
10000	998	90	300	4	25	21	46655	4.6689	5	0	0	5	0.2	5	0.2	1	0.43	-0.366532	0.04	-1.39794	0	0
10000	999	90	300	4	25	18	6479	3.81151	4	0	0	5	0.2	5	0.2	1	0.05	-1.30103	0	0	0	0
10000	1000	90	300	4	25	19	17346	4.2392	5	0	0	4	0.25	4	0.25	1	0.1	-1	0.02	-1.69897	0	0
