9000	1	50	300	4	25	4	9	0	0	2	2	1	0	0	0	0
9000	2	50	300	4	25	5	23	0	0	2	2	1	0	0	0	0
9000	3	50	300	4	25	8	95	0	0	3	3	1	0	0	0	0
9000	4	50	300	4	25	2	2	0	0	2	2	1	0	0	0	0
9000	5	50	300	4	25	9	86	0	0	4	4	1	0	0	0	0
9000	6	50	300	4	25	6	35	0	0	2	2	1	0	0	0	0
9000	7	50	300	4	25	7	40	1	1	2.33333	3	0.777778	0	0	0	0
9000	8	50	300	4	25	10	64	1	0	4	4	1	0	0	0	0
9000	9	50	300	4	25	6	19	0	0	4	4	1	0	0	0	0
9000	10	50	300	4	25	2	2	0	0	2	2	1	0	0	0	0
9000	11	50	300	4	25	1	1	0	0	1	1	1	0	0	0	0
9000	12	50	300	4	25	6	27	0	0	3	3	1	0	0	0	0
9000	13	50	300	4	25	8	107	0	0	2	2	1	0	0	0	0
9000	14	50	300	4	25	7	71	0	0	2	2	1	0	0	0	0
9000	15	50	300	4	25	3	5	0	0	2	2	1	0	0	0	0
9000	16	50	300	4	25	2	3	0	0	1	1	1	0	0	0	0
9000	17	50	300	4	25	10	179	0	0	4	4	1	0	0	0	0
9000	18	50	300	4	25	8	35	0	0	5	5	1	0	0	0	0
9000	19	50	300	4	25	7	71	0	0	2	2	1	0	0	0	0
9000	20	50	300	4	25	4	11	0	0	2	2	1	0	0	0	0
9000	21	50	300	4	25	7	47	0	0	3	3	1	0	0	0	0
9000	22	50	300	4	25	9	161	0	0	2	2	1	0	0	0	0
9000	23	50	300	4	25	12	431	0	0	5	5	1	0	0	0	0
9000	24	50	300	4	25	7	95	0	0	2	2	1	0	0	0	0
9000	25	50	300	4	25	11	273	0	0	4	4	1	0	0	0	0
9000	26	50	300	4	25	4	11	0	0	2	2	1	0	0	0	0
9000	27	50	300	4	25	7	10	0	0	5	5	1	0	0	0	0
9000	28	50	300	4	25	8	53	1	0	3	3	1	0	0	0.01	0
9000	29	50	300	4	25	6	35	0	0	2	2	1	0	0	0	0
9000	30	50	300	4	25	11	159	0	0	4	4	1	0	0	0	0
9000	31	50	300	4	25	4	15	0	0	1	1	1	0	0	0	0
9000	32	50	300	4	25	4	7	0	0	3	3	1	0	0	0	0
9000	33	50	300	4	25	8	35	0	0	5	5	1	0	0	0	0
9000	34	50	300	4	25	5	15	0	0	3	3	1	0	0	0	0
9000	35	50	300	4	25	4	11	0	0	2	2	1	0	0	0	0
9000	36	50	300	4	25	6	47	0	0	2	2	1	0	0	0	0
9000	37	50	300	4	25	7	34	0	0	3	3	1	0	0	0	0
9000	38	50	300	4	25	3	5	0	0	2	2	1	0	0	0	0
9000	39	50	300	4	25	9	215	1	0	2	2	1	0	0	0	0
9000	40	50	300	4	25	5	11	0	0	3	3	1	0	0	0	0
9000	41	50	300	4	25	2	2	0	0	2	2	1	0	0	0	0
9000	42	50	300	4	25	4	11	0	0	2	2	1	0	0	0	0
9000	43	50	300	4	25	4	7	0	0	3	3	1	0	0	0	0
9000	44	50	300	4	25	9	143	0	0	3	3	1	0	0	0	0
9000	45	50	300	4	25	10	287	0	0	3	3	1	0	0	0	0
9000	46	50	300	4	25	3	5	0	0	2	2	1	0	0	0	0
9000	47	50	300	4	25	4	11	0	0	2	2	1	0	0	0	0
9000	48	50	300	4	25	5	17	0	0	2	2	1	0	0	0	0
9000	49	50	300	4	25	3	5	0	0	2	2	1	0	0	0	0
9000	50	50	300	4	25	9	145	1	1	2.5	3	0.833333	0	0	0.01	0
9000	51	50	300	4	25	6	35	0	0	2	2	1	0	0	0	0
9000	52	50	300	4	25	5	15	0	0	3	3	1	0	0	0	0
9000	53	50	300	4	25	5	17	0	0	2	2	1	0	0	0	0
9000	54	50	300	4	25	5	23	0	0	2	2	1	0	0	0	0
9000	55	50	300	4	25	12	109	0	0	6	6	1	0	0	0	0
9000	56	50	300	4	25	5	15	0	0	3	3	1	0	0	0	0
9000	57	50	300	4	25	6	35	0	0	2	2	1	0	0	0	0
9000	58	50	300	4	25	3	5	0	0	2	2	1	0	0	0	0
9000	59	50	300	4	25	2	3	0	0	1	1	1	0	0	0	0
9000	60	50	300	4	25	11	647	1	0	2	2	1	0	0	0.01	0
9000	61	50	300	4	25	8	59	0	0	3	3	1	0	0	0	0
9000	62	50	300	4	25	10	215	0	0	3	3	1	0	0	0	0
9000	63	50	300	4	25	6	14	0	0	3	3	1	0	0	0	0
9000	64	50	300	4	25	13	341	1	0	5	5	1	0	0	0	0
9000	65	50	300	4	25	3	5	0	0	2	2	1	0	0	0	0
9000	66	50	300	4	25	8	71	0	0	3	3	1	0	0	0	0
9000	67	50	300	4	25	5	11	0	0	3	3	1	0	0	0	0
9000	68	50	300	4	25	6	47	0	0	2	2	1	0	0	0	0
9000	69	50	300	4	25	6	31	0	0	3	3	1	0	0	0	0
9000	70	50	300	4	25	7	19	0	0	5	5	1	0	0	0	0
9000	71	50	300	4	25	3	5	0	0	2	2	1	0	0	0	0
9000	72	50	300	4	25	3	7	0	0	1	1	1	0	0	0	0
9000	73	50	300	4	25	3	7	0	0	1	1	1	0	0	0	0
9000	74	50	300	4	25	3	5	0	0	2	2	1	0	0	0	0
9000	75	50	300	4	25	5	11	0	0	3	3	1	0	0	0	0
9000	76	50	300	4	25	4	11	0	0	2	2	1	0	0	0	0
9000	77	50	300	4	25	7	95	0	0	2	2	1	0	0	0	0
9000	78	50	300	4	25	3	7	0	0	1	1	1	0	0	0	0
9000	79	50	300	4	25	9	161	0	0	2	2	1	0	0	0	0
9000	80	50	300	4	25	8	71	0	0	3	3	1	0	0	0	0
9000	81	50	300	4	25	15	863	0	0	5	5	1	0	0	0	0
9000	82	50	300	4	25	4	11	0	0	2	2	1	0	0	0	0
9000	83	50	300	4	25	7	63	0	0	3	3	1	0	0	0	0
9000	84	50	300	4	25	6	35	0	0	2	2	1	0	0	0	0
9000	85	50	300	4	25	12	440	0	0	3	3	1	0	0	0	0
9000	86	50	300	4	25	8	71	0	0	3	3	1	0	0	0	0
9000	87	50	300	4	25	12	1295	0	0	2	2	1	0	0	0	0
9000	88	50	300	4	25	8	59	0	0	4	4	1	0	0	0	0
9000	89	50	300	4	25	7	53	0	0	2	2	1	0	0	0	0
9000	90	50	300	4	25	1	1	0	0	1	1	1	0	0	0	0
9000	91	50	300	4	25	11	503	0	0	3	3	1	0	0	0	0
9000	92	50	300	4	25	7	53	0	0	2	2	1	0	0	0	0
9000	93	50	300	4	25	6	35	0	0	2	2	1	0	0	0	0
9000	94	50	300	4	25	8	63	1	0	3	3	1	0	0	0	0
9000	95	50	300	4	25	9	95	0	0	4	4	1	0	0	0	0
9000	96	50	300	4	25	13	269	0	0	7	7	1	0	0	0	0
9000	97	50	300	4	25	3	5	0	0	2	2	1	0	0	0	0
9000	98	50	300	4	25	6	35	0	0	2	2	1	0	0	0	0
9000	99	50	300	4	25	3	5	0	0	2	2	1	0	0	0	0
9000	100	50	300	4	25	6	35	0	0	2	2	1	0	0	0	0
9000	101	50	300	4	25	2	2	0	0	2	2	1	0	0	0	0
9000	102	50	300	4	25	6	47	0	0	2	2	1	0	0	0	0
9000	103	50	300	4	25	8	71	0	0	3	3	1	0	0	0	0
9000	104	50	300	4	25	2	2	0	0	2	2	1	0	0	0	0
9000	105	50	300	4	25	6	35	0	0	2	2	1	0	0	0	0
9000	106	50	300	4	25	6	39	0	0	2	2	1	0	0	0	0
9000	107	50	300	4	25	9	161	0	0	2	2	1	0	0	0	0
9000	108	50	300	4	25	5	21	0	0	2	2	1	0	0	0	0
9000	109	50	300	4	25	6	23	0	0	3	3	1	0	0	0	0
9000	110	50	300	4	25	4	11	0	0	2	2	1	0	0	0	0
9000	111	50	300	4	25	7	53	0	0	2	2	1	0	0	0	0
9000	112	50	300	4	25	3	7	0	0	1	1	1	0	0	0	0
9000	113	50	300	4	25	3	7	0	0	1	1	1	0	0	0	0
9000	114	50	300	4	25	9	65	0	0	5	5	1	0	0	0	0
9000	115	50	300	4	25	5	23	0	0	2	2	1	0	0	0	0
9000	116	50	300	4	25	4	11	0	0	2	2	1	0	0	0	0
9000	117	50	300	4	25	5	15	0	0	3	3	1	0	0	0	0
9000	118	50	300	4	25	7	39	0	0	4	4	1	0	0	0	0
9000	119	50	300	4	25	5	11	0	0	3	3	1	0	0	0	0
9000	120	50	300	4	25	8	71	0	0	3	3	1	0	0	0	0
9000	121	50	300	4	25	8	107	0	0	2	2	1	0	0	0	0
9000	122	50	300	4	25	4	8	0	0	2	2	1	0	0	0	0
9000	123	50	300	4	25	6	35	0	0	2	2	1	0	0	0	0
9000	124	50	300	4	25	8	14	0	0	7	7	1	0	0	0	0
9000	125	50	300	4	25	8	71	0	0	3	3	1	0	0	0	0
9000	126	50	300	4	25	6	47	0	0	2	2	1	0	0	0	0
9000	127	50	300	4	25	5	15	0	0	3	3	1	0	0	0	0
9000	128	50	300	4	25	4	11	0	0	2	2	1	0	0	0	0
9000	129	50	300	4	25	12	262	0	0	6	6	1	0	0	0	0
9000	131	50	300	4	25	10	71	0	0	6	6	1	0	0	0	0
9000	132	50	300	4	25	6	13	0	0	4	4	1	0	0	0	0
9000	133	50	300	4	25	4	11	0	0	2	2	1	0	0	0	0
9000	134	50	300	4	25	7	71	0	0	2	2	1	0	0	0	0
9000	135	50	300	4	25	3	7	0	0	1	1	1	0	0	0	0
9000	136	50	300	4	25	3	5	0	0	2	2	1	0	0	0	0
9000	137	50	300	4	25	7	41	0	0	3	3	1	0	0	0	0
9000	138	50	300	4	25	4	11	0	0	2	2	1	0	0	0	0
9000	139	50	300	4	25	5	19	0	0	2	2	1	0	0	0	0
9000	140	50	300	4	25	9	107	0	0	3	3	1	0	0	0	0
9000	141	50	300	4	25	5	17	0	0	2	2	1	0	0	0	0
9000	142	50	300	4	25	14	2380	0	0	3	3	1	0.01	0	0	0
9000	143	50	300	4	25	5	17	0	0	2	2	1	0	0	0	0
9000	144	50	300	4	25	4	7	0	0	3	3	1	0	0	0	0
9000	145	50	300	4	25	7	71	0	0	2	2	1	0	0	0	0
9000	146	50	300	4	25	9	95	0	0	4	4	1	0	0	0	0
9000	147	50	300	4	25	11	383	1	0	3	3	1	0	0	0	0
9000	148	50	300	4	25	2	2	0	0	2	2	1	0	0	0	0
9000	149	50	300	4	25	7	47	0	0	3	3	1	0	0	0	0
9000	150	50	300	4	25	10	287	0	0	3	3	1	0	0	0	0
9000	151	50	300	4	25	2	3	0	0	1	1	1	0	0	0	0
9000	152	50	300	4	25	10	83	0	0	6	6	1	0	0	0	0
9000	153	50	300	4	25	13	1259	0	0	3	3	1	0	0	0	0
9000	154	50	300	4	25	3	5	0	0	2	2	1	0	0	0	0
9000	155	50	300	4	25	9	179	0	0	2	2	1	0	0	0	0
9000	156	50	300	4	25	9	71	0	0	5	5	1	0	0	0	0
9000	157	50	300	4	25	4	7	0	0	3	3	1	0	0	0	0
9000	158	50	300	4	25	7	71	0	0	2	2	1	0	0	0	0
9000	159	50	300	4	25	2	2	0	0	2	2	1	0	0	0	0
9000	160	50	300	4	25	9	127	0	0	3	3	1	0	0	0	0
9000	161	50	300	4	25	10	119	0	0	4	4	1	0	0	0	0
9000	162	50	300	4	25	8	107	0	0	2	2	1	0	0	0	0
9000	163	50	300	4	25	12	383	0	0	5	5	1	0	0	0	0
9000	164	50	300	4	25	8	49	0	0	4	4	1	0	0	0	0
9000	165	50	300	4	25	11	119	0	0	5	5	1	0	0	0	0
9000	166	50	300	4	25	6	23	0	0	3	3	1	0	0	0	0
9000	167	50	300	4	25	8	66	1	0	3	3	1	0	0	0	0
9000	168	50	300	4	25	2	3	0	0	1	1	1	0	0	0	0
9000	169	50	300	4	25	3	7	0	0	1	1	1	0	0	0	0
9000	170	50	300	4	25	4	11	0	0	2	2	1	0	0	0	0
9000	171	50	300	4	25	9	153	0	0	2	2	1	0	0	0	0
9000	172	50	300	4	25	4	11	0	0	2	2	1	0	0	0	0
9000	173	50	300	4	25	3	7	0	0	1	1	1	0	0	0	0
9000	174	50	300	4	25	5	23	0	0	2	2	1	0	0	0	0
9000	175	50	300	4	25	6	21	0	0	3	3	1	0	0	0	0
9000	176	50	300	4	25	8	15	0	0	7	7	1	0	0	0	0
9000	177	50	300	4	25	7	53	0	0	2	2	1	0	0	0	0
9000	178	50	300	4	25	7	71	0	0	2	2	1	0	0	0	0
9000	179	50	300	4	25	8	44	0	0	4	4	1	0	0	0	0
9000	180	50	300	4	25	6	47	0	0	2	2	1	0	0	0	0
9000	181	50	300	4	25	7	75	0	0	2	2	1	0	0	0	0
9000	182	50	300	4	25	3	7	0	0	1	1	1	0	0	0	0
9000	183	50	300	4	25	10	115	0	0	5	5	1	0	0	0	0
9000	184	50	300	4	25	3	7	0	0	1	1	1	0	0	0	0
9000	185	50	300	4	25	7	63	0	0	3	3	1	0	0	0	0
9000	186	50	300	4	25	4	7	0	0	3	3	1	0	0	0	0
9000	187	50	300	4	25	5	17	0	0	2	2	1	0	0	0	0
9000	188	50	300	4	25	4	15	0	0	1	1	1	0	0	0	0
9000	189	50	300	4	25	5	17	0	0	2	2	1	0	0	0	0
9000	190	50	300	4	25	7	15	0	0	5	5	1	0	0	0	0
9000	191	50	300	4	25	5	15	0	0	3	3	1	0	0	0	0
9000	192	50	300	4	25	11	63	0	0	7	7	1	0	0	0	0
9000	193	50	300	4	25	3	3	0	0	3	3	1	0	0	0	0
9000	194	50	300	4	25	9	71	0	0	5	5	1	0	0	0	0
9000	195	50	300	4	25	8	90	0	0	3	3	1	0	0	0	0
9000	196	50	300	4	25	10	306	0	0	3	3	1	0	0	0	0
9000	197	50	300	4	25	4	11	0	0	2	2	1	0	0	0	0
9000	198	50	300	4	25	8	35	0	0	5	5	1	0	0	0	0
9000	199	50	300	4	25	7	71	0	0	2	2	1	0	0	0	0
9000	200	50	300	4	25	9	287	0	0	2	2	1	0	0	0	0
9000	201	50	300	4	25	5	20	1	0	2	2	1	0	0	0	0
9000	202	50	300	4	25	9	215	0	0	2	2	1	0	0	0	0
9000	203	50	300	4	25	8	107	0	0	2	2	1	0	0	0	0
9000	204	50	300	4	25	5	17	0	0	2	2	1	0	0	0	0
9000	205	50	300	4	25	2	3	0	0	1	1	1	0	0	0	0
9000	206	50	300	4	25	1	1	0	0	1	1	1	0	0	0	0
9000	207	50	300	4	25	8	59	0	0	4	4	1	0	0	0	0
9000	208	50	300	4	25	10	431	0	0	2	2	1	0	0	0	0
9000	209	50	300	4	25	7	53	0	0	2	2	1	0	0	0	0
9000	210	50	300	4	25	6	23	0	0	3	3	1	0	0	0	0
9000	211	50	300	4	25	4	8	0	0	2	2	1	0	0	0	0
9000	212	50	300	4	25	3	5	0	0	2	2	1	0	0	0	0
9000	213	50	300	4	25	5	31	0	0	1	1	1	0	0	0	0
9000	214	50	300	4	25	5	15	0	0	3	3	1	0	0	0	0
9000	215	50	300	4	25	8	15	0	0	7	7	1	0	0	0	0
9000	216	50	300	4	25	6	35	0	0	2	2	1	0	0	0	0
9000	217	50	300	4	25	3	7	0	0	1	1	1	0	0	0	0
9000	218	50	300	4	25	9	54	0	0	4	4	1	0	0	0	0
9000	219	50	300	4	25	8	131	1	0	2	2	1	0	0	0	0
9000	220	50	300	4	25	9	215	1	0	2	2	1	0	0	0	0
9000	221	50	300	4	25	6	35	0	0	2	2	1	0	0	0	0
9000	222	50	300	4	25	14	98	0	0	10	10	1	0	0	0	0
9000	223	50	300	4	25	9	67	1	0	4	4	1	0	0	0	0
9000	224	50	300	4	25	8	95	0	0	3	3	1	0	0	0	0
9000	225	50	300	4	25	7	17	0	0	5	5	1	0	0	0	0
9000	226	50	300	4	25	3	7	0	0	1	1	1	0	0	0	0
9000	227	50	300	4	25	10	92	0	0	5	5	1	0	0	0	0
9000	228	50	300	4	25	4	11	0	0	2	2	1	0	0	0	0
9000	229	50	300	4	25	6	23	0	0	3	3	1	0	0	0	0
9000	230	50	300	4	25	5	15	0	0	3	3	1	0	0	0	0
9000	231	50	300	4	25	3	7	0	0	1	1	1	0	0	0	0
9000	232	50	300	4	25	11	253	0	0	3	3	1	0	0	0	0
9000	233	50	300	4	25	9	179	0	0	2	2	1	0	0	0	0
9000	234	50	300	4	25	11	311	0	0	4	4	1	0	0	0	0
9000	235	50	300	4	25	4	6	0	0	3	3	1	0	0	0	0
9000	236	50	300	4	25	15	2591	1	0	3	3	1	0.01	0	0.03	0
9000	237	50	300	4	25	5	17	1	0	2	2	1	0	0	0	0
9000	238	50	300	4	25	11	199	0	0	4	4	1	0	0	0	0
9000	239	50	300	4	25	6	26	0	0	2	2	1	0	0	0	0
9000	240	50	300	4	25	5	23	0	0	2	2	1	0	0	0	0
9000	241	50	300	4	25	6	31	0	0	3	3	1	0	0	0	0
9000	242	50	300	4	25	9	215	0	0	2	2	1	0	0	0	0
9000	243	50	300	4	25	12	235	0	0	5	5	1	0	0	0	0
9000	244	50	300	4	25	9	107	0	0	3	3	1	0	0	0	0
9000	245	50	300	4	25	3	5	0	0	2	2	1	0	0	0	0
9000	246	50	300	4	25	14	383	0	0	5	5	1	0	0	0	0
9000	247	50	300	4	25	6	35	0	0	2	2	1	0	0	0	0
9000	248	50	300	4	25	5	17	0	0	2	2	1	0	0	0	0
9000	249	50	300	4	25	6	47	0	0	2	2	1	0	0	0	0
9000	250	50	300	4	25	10	323	1	0	2	2	1	0	0	0.01	0
9000	251	50	300	4	25	8	107	0	0	2	2	1	0	0	0	0
9000	252	50	300	4	25	7	47	0	0	3	3	1	0	0	0	0
9000	253	50	300	4	25	1	1	0	0	1	1	1	0	0	0	0
9000	254	50	300	4	25	6	11	0	0	5	5	1	0	0	0	0
9000	255	50	300	4	25	8	143	0	0	2	2	1	0	0	0	0
9000	256	50	300	4	25	14	179	1	0	5	5	1	0	0	0	0
9000	257	50	300	4	25	6	47	0	0	2	2	1	0	0	0	0
9000	258	50	300	4	25	5	17	0	0	2	2	1	0	0	0	0
9000	259	50	300	4	25	3	7	0	0	1	1	1	0	0	0	0
9000	260	50	300	4	25	7	47	0	0	3	3	1	0	0	0	0
9000	261	50	300	4	25	2	3	0	0	1	1	1	0	0	0	0
9000	262	50	300	4	25	5	11	0	0	3	3	1	0	0	0	0
9000	263	50	300	4	25	3	5	0	0	2	2	1	0	0	0	0
9000	264	50	300	4	25	4	11	0	0	2	2	1	0	0	0	0
9000	265	50	300	4	25	6	31	0	0	3	3	1	0	0	0	0
9000	266	50	300	4	25	4	15	0	0	1	1	1	0	0	0	0
9000	267	50	300	4	25	6	17	0	0	4	4	1	0	0	0	0
9000	268	50	300	4	25	11	191	0	0	5	5	1	0	0	0	0
9000	269	50	300	4	25	7	29	0	0	4	4	1	0	0	0	0
9000	270	50	300	4	25	7	29	0	0	3	3	1	0	0	0	0
9000	271	50	300	4	25	9	125	0	0	3	3	1	0	0	0	0
9000	272	50	300	4	25	5	9	0	0	4	4	1	0	0	0	0
9000	273	50	300	4	25	3	7	0	0	1	1	1	0	0	0	0
9000	274	50	300	4	25	9	119	0	0	4	4	1	0	0	0	0
9000	275	50	300	4	25	3	5	0	0	2	2	1	0	0	0	0
9000	276	50	300	4	25	4	11	0	0	2	2	1	0	0	0	0
9000	277	50	300	4	25	7	39	0	0	4	4	1	0	0	0	0
9000	278	50	300	4	25	5	23	0	0	2	2	1	0	0	0	0
9000	279	50	300	4	25	8	27	0	0	6	6	1	0	0	0	0
9000	280	50	300	4	25	8	47	1	0	3	3	1	0	0	0	0
9000	281	50	300	4	25	4	11	0	0	2	2	1	0	0	0	0
9000	282	50	300	4	25	4	11	0	0	2	2	1	0	0	0	0
9000	283	50	300	4	25	5	23	0	0	2	2	1	0	0	0	0
9000	284	50	300	4	25	7	47	0	0	3	3	1	0	0	0	0
9000	285	50	300	4	25	6	11	0	0	5	5	1	0	0	0	0
9000	286	50	300	4	25	11	575	0	0	3	3	1	0	0	0	0
9000	287	50	300	4	25	15	103	0	0	12	12	1	0	0	0	0
9000	288	50	300	4	25	6	26	0	0	2	2	1	0	0	0	0
9000	289	50	300	4	25	9	114	0	0	4	4	1	0	0	0	0
9000	290	50	300	4	25	9	98	0	0	3	3	1	0	0	0	0
9000	291	50	300	4	25	8	41	0	0	4	4	1	0	0	0	0
9000	292	50	300	4	25	8	55	0	0	4	4	1	0	0	0	0
9000	293	50	300	4	25	6	29	0	0	2	2	1	0	0	0	0
9000	294	50	300	4	25	6	23	0	0	3	3	1	0	0	0	0
9000	295	50	300	4	25	5	19	0	0	2	2	1	0	0	0	0
9000	296	50	300	4	25	3	3	0	0	3	3	1	0	0	0	0
9000	297	50	300	4	25	10	62	0	0	6	6	1	0	0	0	0
9000	298	50	300	4	25	4	15	0	0	1	1	1	0	0	0	0
9000	299	50	300	4	25	11	239	0	0	4	4	1	0	0	0	0
9000	300	50	300	4	25	10	499	0	0	2	2	1	0	0	0	0
9000	301	50	300	4	25	9	215	0	0	2	2	1	0	0	0	0
9000	302	50	300	4	25	6	35	0	0	2	2	1	0	0	0	0
9000	303	50	300	4	25	5	23	0	0	2	2	1	0	0	0	0
9000	304	50	300	4	25	6	35	0	0	2	2	1	0	0	0	0
9000	305	50	300	4	25	4	15	0	0	1	1	1	0	0	0	0
9000	306	50	300	4	25	6	35	0	0	2	2	1	0	0	0	0
9000	307	50	300	4	25	11	417	0	0	3	3	1	0	0	0	0
9000	308	50	300	4	25	3	7	0	0	1	1	1	0	0	0	0
9000	309	50	300	4	25	9	179	0	0	2	2	1	0	0	0	0
9000	310	50	300	4	25	3	3	0	0	3	3	1	0	0	0	0
9000	311	50	300	4	25	7	95	0	0	2	2	1	0	0	0	0
9000	312	50	300	4	25	14	401	0	0	7	7	1	0	0	0	0
9000	313	50	300	4	25	5	17	0	0	2	2	1	0	0	0	0
9000	314	50	300	4	25	6	35	0	0	2	2	1	0	0	0	0
9000	315	50	300	4	25	15	503	0	0	5	5	1	0	0	0	0
9000	316	50	300	4	25	5	17	0	0	2	2	1	0	0	0	0
9000	317	50	300	4	25	8	63	0	0	4	4	1	0	0	0	0
9000	318	50	300	4	25	7	71	0	0	2	2	1	0	0	0	0
9000	319	50	300	4	25	7	29	0	0	4	4	1	0	0	0	0
9000	320	50	300	4	25	4	15	0	0	1	1	1	0	0	0	0
9000	321	50	300	4	25	6	35	0	0	2	2	1	0	0	0	0
9000	322	50	300	4	25	5	23	0	0	2	2	1	0	0	0	0
9000	323	50	300	4	25	8	47	1	0	3	3	1	0	0	0	0
9000	324	50	300	4	25	8	47	0	0	5	5	1	0	0	0	0
9000	325	50	300	4	25	4	4	0	0	4	4	1	0	0	0	0
9000	326	50	300	4	25	10	257	0	0	2	2	1	0	0	0	0
9000	327	50	300	4	25	6	23	0	0	3	3	1	0	0	0	0
9000	328	50	300	4	25	4	11	0	0	2	2	1	0	0	0	0
9000	329	50	300	4	25	6	35	0	0	2	2	1	0	0	0	0
9000	330	50	300	4	25	6	47	0	0	2	2	1	0	0	0	0
9000	331	50	300	4	25	13	648	1	1	3.5	4	0.875	0	0	0.02	0
9000	332	50	300	4	25	6	35	0	0	2	2	1	0	0	0	0
9000	333	50	300	4	25	1	1	0	0	1	1	1	0	0	0	0
9000	335	50	300	4	25	8	107	0	0	2	2	1	0	0	0	0
9000	336	50	300	4	25	2	3	0	0	1	1	1	0	0	0	0
9000	337	50	300	4	25	6	19	0	0	3	3	1	0	0	0	0
9000	338	50	300	4	25	4	7	0	0	3	3	1	0	0	0	0
9000	339	50	300	4	25	1	1	0	0	1	1	1	0	0	0	0
9000	340	50	300	4	25	6	35	0	0	2	2	1	0	0	0	0
9000	341	50	300	4	25	5	23	0	0	2	2	1	0	0	0	0
9000	342	50	300	4	25	6	47	0	0	2	2	1	0	0	0	0
9000	343	50	300	4	25	10	215	0	0	3	3	1	0	0	0	0
9000	344	50	300	4	25	8	63	0	0	4	4	1	0	0	0	0
9000	345	50	300	4	25	13	489	0	0	5	5	1	0	0	0	0
9000	346	50	300	4	25	8	35	0	0	5	5	1	0	0	0	0
9000	347	50	300	4	25	6	35	0	0	2	2	1	0	0	0	0
9000	348	50	300	4	25	4	7	0	0	3	3	1	0	0	0	0
9000	349	50	300	4	25	10	119	0	0	4	4	1	0	0	0	0
9000	350	50	300	4	25	7	19	0	0	5	5	1	0	0	0	0
9000	351	50	300	4	25	9	95	0	0	5	5	1	0	0	0	0
9000	352	50	300	4	25	2	3	0	0	1	1	1	0	0	0	0
9000	353	50	300	4	25	2	3	0	0	1	1	1	0	0	0	0
9000	354	50	300	4	25	8	35	0	0	5	5	1	0	0	0	0
9000	355	50	300	4	25	5	15	0	0	3	3	1	0	0	0	0
9000	356	50	300	4	25	6	47	0	0	2	2	1	0	0	0	0
9000	357	50	300	4	25	11	131	0	0	5	5	1	0	0	0	0
9000	358	50	300	4	25	8	107	0	0	2	2	1	0	0	0	0
9000	359	50	300	4	25	13	3183	0	0	2	2	1	0.01	0	0	0
9000	360	50	300	4	25	9	77	0	0	4	4	1	0	0	0	0
9000	361	50	300	4	25	7	19	0	0	4	4	1	0	0	0	0
9000	362	50	300	4	25	3	7	0	0	1	1	1	0	0	0	0
9000	363	50	300	4	25	7	71	0	0	2	2	1	0	0	0	0
9000	364	50	300	4	25	11	90	0	0	6	6	1	0	0	0	0
9000	365	50	300	4	25	4	11	0	0	2	2	1	0	0	0	0
9000	366	50	300	4	25	4	15	0	0	1	1	1	0	0	0	0
9000	367	50	300	4	25	1	1	0	0	1	1	1	0	0	0	0
9000	368	50	300	4	25	3	4	0	0	2	2	1	0	0	0	0
9000	369	50	300	4	25	8	143	0	0	2	2	1	0	0	0	0
9000	370	50	300	4	25	2	3	0	0	1	1	1	0	0	0	0
9000	371	50	300	4	25	2	3	0	0	1	1	1	0	0	0	0
9000	372	50	300	4	25	9	83	0	0	3	3	1	0	0	0	0
9000	373	50	300	4	25	8	53	0	0	4	4	1	0	0	0	0
9000	374	50	300	4	25	5	21	0	0	2	2	1	0	0	0	0
9000	375	50	300	4	25	9	143	0	0	3	3	1	0	0	0	0
9000	376	50	300	4	25	9	79	0	0	4	4	1	0	0	0	0
9000	377	50	300	4	25	10	191	0	0	3	3	1	0	0	0	0
9000	378	50	300	4	25	4	11	0	0	2	2	1	0	0	0	0
9000	379	50	300	4	25	8	83	0	0	3	3	1	0	0	0	0
9000	380	50	300	4	25	5	23	0	0	2	2	1	0	0	0	0
9000	381	50	300	4	25	10	210	0	0	2	2	1	0	0	0	0
9000	382	50	300	4	25	9	112	0	0	4	4	1	0	0	0	0
9000	383	50	300	4	25	4	15	0	0	1	1	1	0	0	0	0
9000	384	50	300	4	25	4	11	0	0	2	2	1	0	0	0	0
9000	385	50	300	4	25	8	39	0	0	4	4	1	0	0	0	0
9000	386	50	300	4	25	6	17	0	0	3	3	1	0	0	0	0
9000	387	50	300	4	25	4	11	0	0	2	2	1	0	0	0	0
9000	388	50	300	4	25	5	23	0	0	2	2	1	0	0	0	0
9000	389	50	300	4	25	10	175	0	0	4	4	1	0	0	0	0
9000	390	50	300	4	25	12	1463	0	0	3	3	1	0	0	0	0
9000	391	50	300	4	25	3	5	0	0	2	2	1	0	0	0	0
9000	392	50	300	4	25	8	59	0	0	4	4	1	0	0	0	0
9000	393	50	300	4	25	7	42	0	0	3	3	1	0	0	0	0
9000	394	50	300	4	25	3	7	0	0	1	1	1	0	0	0	0
9000	395	50	300	4	25	4	11	0	0	2	2	1	0	0	0	0
9000	396	50	300	4	25	6	35	0	0	2	2	1	0	0	0	0
9000	397	50	300	4	25	4	11	0	0	2	2	1	0	0	0	0
9000	398	50	300	4	25	9	287	0	0	2	2	1	0	0	0	0
9000	399	50	300	4	25	7	71	0	0	2	2	1	0	0	0	0
9000	400	50	300	4	25	7	23	0	0	5	5	1	0	0	0	0
9000	401	50	300	4	25	7	59	0	0	2	2	1	0	0	0	0
9000	402	50	300	4	25	2	3	0	0	1	1	1	0	0	0	0
9000	403	50	300	4	25	2	3	0	0	1	1	1	0	0	0	0
9000	404	50	300	4	25	13	1435	0	0	4	4	1	0	0	0	0
9000	405	50	300	4	25	12	249	0	0	4	4	1	0	0	0	0
9000	406	50	300	4	25	4	11	0	0	2	2	1	0	0	0	0
9000	407	50	300	4	25	5	31	0	0	1	1	1	0	0	0	0
9000	408	50	300	4	25	6	26	0	0	2	2	1	0	0	0	0
9000	409	50	300	4	25	5	17	0	0	2	2	1	0	0	0	0
9000	410	50	300	4	25	9	127	0	0	3	3	1	0	0	0	0
9000	411	50	300	4	25	3	5	0	0	2	2	1	0	0	0	0
9000	412	50	300	4	25	2	3	0	0	1	1	1	0	0	0	0
9000	413	50	300	4	25	3	5	0	0	2	2	1	0	0	0	0
9000	414	50	300	4	25	6	35	0	0	2	2	1	0	0	0	0
9000	415	50	300	4	25	7	53	0	0	2	2	1	0	0	0	0
9000	416	50	300	4	25	8	32	0	0	5	5	1	0	0	0	0
9000	417	50	300	4	25	3	5	0	0	2	2	1	0	0	0	0
9000	418	50	300	4	25	6	26	0	0	2	2	1	0	0	0	0
9000	419	50	300	4	25	13	719	0	0	4	4	1	0	0	0	0
9000	420	50	300	4	25	11	323	0	0	3	3	1	0	0	0	0
9000	421	50	300	4	25	9	161	0	0	2	2	1	0	0	0	0
9000	422	50	300	4	25	3	7	0	0	1	1	1	0	0	0	0
9000	423	50	300	4	25	7	71	0	0	2	2	1	0	0	0	0
9000	424	50	300	4	25	12	647	1	0	4	4	1	0	0	0.01	0
9000	425	50	300	4	25	7	47	0	0	3	3	1	0	0	0	0
9000	426	50	300	4	25	4	8	0	0	2	2	1	0	0	0	0
9000	427	50	300	4	25	3	5	0	0	2	2	1	0	0	0	0
9000	428	50	300	4	25	8	35	0	0	5	5	1	0	0	0	0
9000	429	50	300	4	25	7	71	0	0	2	2	1	0	0	0	0
9000	430	50	300	4	25	6	35	0	0	2	2	1	0	0	0	0
9000	431	50	300	4	25	5	13	0	0	2	2	1	0	0	0	0
9000	432	50	300	4	25	7	71	0	0	2	2	1	0	0	0	0
9000	433	50	300	4	25	12	185	0	0	7	7	1	0.02	0	0	0
9000	434	50	300	4	25	9	127	0	0	3	3	1	0	0	0	0
9000	435	50	300	4	25	9	125	0	0	3	3	1	0	0	0	0
9000	436	50	300	4	25	4	11	0	0	2	2	1	0	0	0	0
9000	437	50	300	4	25	7	47	0	0	3	3	1	0	0	0	0
9000	438	50	300	4	25	10	37	0	0	7	7	1	0	0	0	0
9000	439	50	300	4	25	2	2	0	0	2	2	1	0	0	0	0
9000	440	50	300	4	25	8	95	0	0	3	3	1	0	0	0	0
9000	441	50	300	4	25	7	95	0	0	2	2	1	0	0	0	0
9000	442	50	300	4	25	5	23	0	0	2	2	1	0	0	0	0
9000	444	50	300	4	25	12	235	0	0	5	5	1	0	0	0	0
9000	445	50	300	4	25	4	11	0	0	2	2	1	0	0	0	0
9000	446	50	300	4	25	6	26	0	0	2	2	1	0	0	0	0
9000	447	50	300	4	25	11	431	0	0	3	3	1	0	0	0	0
9000	448	50	300	4	25	3	5	0	0	2	2	1	0	0	0	0
9000	449	50	300	4	25	7	71	0	0	2	2	1	0	0	0	0
9000	450	50	300	4	25	10	161	0	0	3	3	1	0	0	0	0
9000	451	50	300	4	25	10	269	1	0	2	2	1	0	0	0	0
9000	452	50	300	4	25	4	15	0	0	1	1	1	0	0	0	0
9000	453	50	300	4	25	5	17	0	0	2	2	1	0	0	0	0
9000	454	50	300	4	25	5	23	0	0	2	2	1	0	0	0	0
9000	456	50	300	4	25	6	15	0	0	4	4	1	0	0	0	0
9000	457	50	300	4	25	5	9	0	0	4	4	1	0	0	0	0
9000	458	50	300	4	25	7	71	0	0	2	2	1	0	0	0	0
9000	459	50	300	4	25	5	31	0	0	1	1	1	0	0	0	0
9000	460	50	300	4	25	7	56	0	0	2	2	1	0	0	0	0
9000	461	50	300	4	25	2	3	0	0	1	1	1	0	0	0	0
9000	462	50	300	4	25	4	11	0	0	2	2	1	0	0	0	0
9000	463	50	300	4	25	7	20	0	0	4	4	1	0	0	0	0
9000	464	50	300	4	25	8	107	0	0	2	2	1	0	0	0	0
9000	465	50	300	4	25	1	1	0	0	1	1	1	0	0	0	0
9000	466	50	300	4	25	9	41	0	0	6	6	1	0	0	0	0
9000	467	50	300	4	25	5	13	0	0	3	3	1	0	0	0	0
9000	468	50	300	4	25	10	117	0	0	4	4	1	0	0	0	0
9000	469	50	300	4	25	7	47	0	0	3	3	1	0	0	0	0
9000	470	50	300	4	25	2	2	0	0	2	2	1	0	0	0	0
9000	471	50	300	4	25	14	312	0	0	6	6	1	0	0	0	0
9000	472	50	300	4	25	4	9	0	0	2	2	1	0	0	0	0
9000	473	50	300	4	25	7	29	0	0	4	4	1	0	0	0	0
9000	474	50	300	4	25	2	3	0	0	1	1	1	0	0	0	0
9000	475	50	300	4	25	3	7	0	0	1	1	1	0	0	0	0
9000	476	50	300	4	25	5	14	0	0	2	2	1	0	0	0	0
9000	477	50	300	4	25	12	143	0	0	6	6	1	0	0	0	0
9000	478	50	300	4	25	7	71	0	0	2	2	1	0	0	0	0
9000	479	50	300	4	25	3	5	0	0	2	2	1	0	0	0	0
9000	480	50	300	4	25	12	251	0	0	5	5	1	0	0	0	0
9000	481	50	300	4	25	8	20	0	0	6	6	1	0	0	0	0
9000	482	50	300	4	25	3	4	0	0	2	2	1	0	0	0	0
9000	484	50	300	4	25	5	17	0	0	2	2	1	0	0	0	0
9000	485	50	300	4	25	7	29	0	0	4	4	1	0	0	0	0
9000	486	50	300	4	25	6	14	0	0	4	4	1	0	0	0	0
9000	487	50	300	4	25	3	5	0	0	2	2	1	0	0	0	0
9000	488	50	300	4	25	12	647	0	0	3	3	1	0	0	0	0
9000	489	50	300	4	25	8	107	0	0	2	2	1	0	0	0	0
9000	490	50	300	4	25	9	65	0	0	4	4	1	0	0	0	0
9000	491	50	300	4	25	7	71	0	0	2	2	1	0	0	0	0
9000	492	50	300	4	25	3	7	0	0	1	1	1	0	0	0	0
9000	493	50	300	4	25	3	7	0	0	1	1	1	0	0	0	0
9000	494	50	300	4	25	3	7	0	0	1	1	1	0	0	0	0
9000	495	50	300	4	25	8	143	0	0	2	2	1	0	0	0	0
9000	496	50	300	4	25	6	26	0	0	2	2	1	0	0	0	0
9000	497	50	300	4	25	7	47	0	0	3	3	1	0	0	0	0
9000	498	50	300	4	25	9	79	0	0	4	4	1	0	0	0	0
9000	499	50	300	4	25	5	23	0	0	2	2	1	0	0	0	0
9000	500	50	300	4	25	9	89	1	0	4	4	1	0	0	0	0
9000	501	50	300	4	25	4	8	0	0	2	2	1	0	0	0	0
9000	502	50	300	4	25	14	779	0	0	5	5	1	0	0	0	0
9000	503	50	300	4	25	4	8	0	0	2	2	1	0	0	0	0
9000	504	50	300	4	25	6	35	0	0	2	2	1	0	0	0	0
9000	505	50	300	4	25	6	35	0	0	2	2	1	0	0	0	0
9000	506	50	300	4	25	4	15	0	0	1	1	1	0	0	0	0
9000	507	50	300	4	25	11	251	0	0	4	4	1	0	0	0	0
9000	508	50	300	4	25	10	95	0	0	5	5	1	0	0	0	0
9000	509	50	300	4	25	12	287	0	0	5	5	1	0	0	0	0
9000	510	50	300	4	25	9	179	0	0	2	2	1	0	0	0	0
9000	511	50	300	4	25	6	31	0	0	3	3	1	0	0	0	0
9000	512	50	300	4	25	12	323	0	0	5	5	1	0	0	0	0
9000	513	50	300	4	25	8	47	0	0	3	3	1	0	0	0	0
9000	514	50	300	4	25	7	62	0	0	2	2	1	0	0	0	0
9000	515	50	300	4	25	8	71	0	0	3	3	1	0	0	0	0
9000	516	50	300	4	25	4	15	0	0	1	1	1	0	0	0	0
9000	517	50	300	4	25	7	55	0	0	3	3	1	0	0	0	0
9000	518	50	300	4	25	2	2	0	0	2	2	1	0	0	0	0
9000	519	50	300	4	25	6	14	0	0	4	4	1	0	0	0	0
9000	520	50	300	4	25	5	27	1	1	1.5	2	0.75	0	0	0	0
9000	521	50	300	4	25	10	134	0	0	4	4	1	0	0	0	0
9000	522	50	300	4	25	8	71	0	0	3	3	1	0	0	0	0
9000	523	50	300	4	25	4	11	0	0	2	2	1	0	0	0	0
9000	524	50	300	4	25	8	113	0	0	2	2	1	0	0	0	0
9000	525	50	300	4	25	12	188	0	0	6	6	1	0	0	0	0
9000	526	50	300	4	25	2	2	0	0	2	2	1	0	0	0	0
9000	527	50	300	4	25	4	11	0	0	2	2	1	0	0	0	0
9000	528	50	300	4	25	2	3	0	0	1	1	1	0	0	0	0
9000	529	50	300	4	25	4	7	0	0	3	3	1	0	0	0	0
9000	530	50	300	4	25	11	167	0	0	6	6	1	0	0	0	0
9000	531	50	300	4	25	13	161	0	0	8	8	1	0	0	0	0
9000	532	50	300	4	25	4	15	0	0	1	1	1	0	0	0	0
9000	533	50	300	4	25	1	1	0	0	1	1	1	0	0	0	0
9000	534	50	300	4	25	9	127	0	0	3	3	1	0	0	0	0
9000	535	50	300	4	25	3	7	0	0	1	1	1	0	0	0	0
9000	536	50	300	4	25	7	47	0	0	3	3	1	0	0	0	0
9000	537	50	300	4	25	6	63	0	0	1	1	1	0	0	0	0
9000	538	50	300	4	25	4	7	0	0	3	3	1	0	0	0	0
9000	539	50	300	4	25	3	5	0	0	2	2	1	0	0	0	0
9000	540	50	300	4	25	4	9	0	0	2	2	1	0	0	0	0
9000	541	50	300	4	25	4	7	0	0	3	3	1	0	0	0	0
9000	542	50	300	4	25	13	809	0	0	4	4	1	0	0	0	0
9000	543	50	300	4	25	4	11	0	0	2	2	1	0	0	0	0
9000	544	50	300	4	25	3	5	0	0	2	2	1	0	0	0	0
9000	545	50	300	4	25	6	47	0	0	2	2	1	0	0	0	0
9000	546	50	300	4	25	7	41	0	0	3	3	1	0	0	0	0
9000	547	50	300	4	25	4	11	0	0	2	2	1	0	0	0	0
9000	548	50	300	4	25	6	26	0	0	2	2	1	0	0	0	0
9000	549	50	300	4	25	6	35	0	0	2	2	1	0	0	0	0
9000	550	50	300	4	25	4	11	0	0	2	2	1	0	0	0	0
9000	551	50	300	4	25	6	35	0	0	2	2	1	0	0	0	0
9000	552	50	300	4	25	2	3	0	0	1	1	1	0	0	0	0
9000	553	50	300	4	25	5	9	0	0	4	4	1	0	0	0	0
9000	554	50	300	4	25	6	40	1	0	2	2	1	0	0	0	0
9000	555	50	300	4	25	4	7	0	0	3	3	1	0	0	0	0
9000	556	50	300	4	25	6	47	0	0	2	2	1	0	0	0	0
9000	557	50	300	4	25	8	105	0	0	3	3	1	0	0	0	0
9000	558	50	300	4	25	8	47	0	0	4	4	1	0	0	0	0
9000	559	50	300	4	25	10	120	0	0	3	3	1	0	0	0	0
9000	560	50	300	4	25	6	47	0	0	2	2	1	0	0	0	0
9000	561	50	300	4	25	6	31	0	0	3	3	1	0	0	0	0
9000	562	50	300	4	25	4	7	0	0	3	3	1	0	0	0	0
9000	563	50	300	4	25	11	54	0	0	6	6	1	0	0	0	0
9000	564	50	300	4	25	8	53	0	0	3	3	1	0	0	0	0
9000	565	50	300	4	25	9	69	0	0	3	3	1	0	0	0	0
9000	566	50	300	4	25	4	8	0	0	2	2	1	0	0	0	0
9000	567	50	300	4	25	6	23	0	0	3	3	1	0	0	0	0
9000	568	50	300	4	25	6	49	1	1	1.5	2	0.75	0	0	0	0
9000	569	50	300	4	25	4	11	0	0	2	2	1	0	0	0	0
9000	570	50	300	4	25	9	65	0	0	4	4	1	0	0	0	0
9000	571	50	300	4	25	2	3	0	0	1	1	1	0	0	0	0
9000	572	50	300	4	25	7	47	0	0	3	3	1	0	0	0	0
9000	573	50	300	4	25	3	5	0	0	2	2	1	0	0	0	0
9000	574	50	300	4	25	5	17	0	0	2	2	1	0	0	0	0
9000	575	50	300	4	25	4	15	0	0	1	1	1	0	0	0	0
9000	576	50	300	4	25	7	44	0	0	2	2	1	0	0	0	0
9000	577	50	300	4	25	7	47	0	0	3	3	1	0	0	0	0
9000	578	50	300	4	25	7	19	0	0	4	4	1	0	0	0	0
9000	579	50	300	4	25	13	499	0	0	4	4	1	0	0	0	0
9000	580	50	300	4	25	6	31	0	0	3	3	1	0	0	0	0
9000	581	50	300	4	25	8	71	1	0	3	3	1	0	0	0	0
9000	582	50	300	4	25	6	23	0	0	2	2	1	0	0	0	0
9000	583	50	300	4	25	3	4	0	0	2	2	1	0	0	0	0
9000	584	50	300	4	25	2	2	0	0	2	2	1	0	0	0	0
9000	585	50	300	4	25	5	23	0	0	2	2	1	0	0	0	0
9000	586	50	300	4	25	8	85	1	1	2.5	3	0.833333	0	0	0	0
9000	587	50	300	4	25	12	442	0	0	4	4	1	0	0	0	0
9000	588	50	300	4	25	5	11	0	0	3	3	1	0	0	0	0
9000	589	50	300	4	25	6	35	0	0	2	2	1	0	0	0	0
9000	590	50	300	4	25	6	47	0	0	2	2	1	0	0	0	0
9000	591	50	300	4	25	2	3	0	0	1	1	1	0	0	0	0
9000	592	50	300	4	25	7	29	0	0	4	4	1	0	0	0	0
9000	593	50	300	4	25	9	287	1	0	2	2	1	0	0	0	0
9000	594	50	300	4	25	7	47	0	0	3	3	1	0	0	0	0
9000	595	50	300	4	25	8	50	1	0	3	3	1	0	0	0	0
9000	596	50	300	4	25	7	35	0	0	3	3	1	0	0	0	0
9000	597	50	300	4	25	4	8	0	0	2	2	1	0	0	0	0
9000	598	50	300	4	25	7	19	0	0	5	5	1	0	0	0	0
9000	599	50	300	4	25	4	7	0	0	3	3	1	0	0	0	0
9000	600	50	300	4	25	7	71	0	0	2	2	1	0	0	0	0
9000	601	50	300	4	25	6	35	0	0	2	2	1	0	0	0	0
9000	602	50	300	4	25	1	1	0	0	1	1	1	0	0	0	0
9000	603	50	300	4	25	1	1	0	0	1	1	1	0	0	0	0
9000	604	50	300	4	25	5	20	0	0	2	2	1	0	0	0	0
9000	605	50	300	4	25	6	35	0	0	2	2	1	0	0	0	0
9000	606	50	300	4	25	4	15	0	0	1	1	1	0	0	0	0
9000	607	50	300	4	25	8	47	0	0	4	4	1	0	0	0	0
9000	608	50	300	4	25	6	33	0	0	2	2	1	0	0	0	0
9000	609	50	300	4	25	4	15	0	0	1	1	1	0	0	0	0
9000	610	50	300	4	25	14	239	0	0	7	7	1	0	0	0	0
9000	611	50	300	4	25	6	23	0	0	3	3	1	0	0	0	0
9000	612	50	300	4	25	4	7	0	0	3	3	1	0	0	0	0
9000	613	50	300	4	25	8	83	0	0	3	3	1	0	0	0	0
9000	614	50	300	4	25	7	31	0	0	3	3	1	0	0	0	0
9000	615	50	300	4	25	2	3	0	0	1	1	1	0	0	0	0
9000	616	50	300	4	25	1	1	0	0	1	1	1	0	0	0	0
9000	617	50	300	4	25	4	15	0	0	1	1	1	0	0	0	0
9000	618	50	300	4	25	5	17	0	0	2	2	1	0	0	0	0
9000	619	50	300	4	25	4	15	0	0	1	1	1	0	0	0	0
9000	620	50	300	4	25	4	11	0	0	2	2	1	0	0	0	0
9000	621	50	300	4	25	6	19	0	0	3	3	1	0	0	0	0
9000	622	50	300	4	25	4	8	0	0	2	2	1	0	0	0	0
9000	623	50	300	4	25	10	79	0	0	4	4	1	0	0	0	0
9000	624	50	300	4	25	7	53	0	0	2	2	1	0	0	0	0
9000	625	50	300	4	25	11	158	0	0	4	4	1	0	0	0	0
9000	626	50	300	4	25	4	11	0	0	2	2	1	0	0	0	0
9000	627	50	300	4	25	10	139	0	0	3	3	1	0	0	0	0
9000	628	50	300	4	25	5	23	0	0	2	2	1	0	0	0	0
9000	629	50	300	4	25	4	15	0	0	1	1	1	0	0	0	0
9000	630	50	300	4	25	8	59	0	0	4	4	1	0	0	0	0
9000	632	50	300	4	25	9	215	0	0	2	2	1	0	0	0	0
9000	633	50	300	4	25	7	95	0	0	2	2	1	0	0	0	0
9000	634	50	300	4	25	6	19	0	0	4	4	1	0	0	0	0
9000	635	50	300	4	25	4	11	0	0	2	2	1	0	0	0	0
9000	636	50	300	4	25	1	1	0	0	1	1	1	0	0	0	0
9000	637	50	300	4	25	2	2	0	0	2	2	1	0	0	0	0
9000	638	50	300	4	25	11	395	0	0	3	3	1	0	0	0	0
9000	639	50	300	4	25	4	15	0	0	1	1	1	0	0	0	0
9000	640	50	300	4	25	7	20	0	0	5	5	1	0	0	0	0
9000	641	50	300	4	25	7	35	0	0	3	3	1	0	0	0	0
9000	642	50	300	4	25	13	191	0	0	7	7	1	0	0	0	0
9000	643	50	300	4	25	10	215	0	0	3	3	1	0	0	0	0
9000	644	50	300	4	25	7	29	0	0	4	4	1	0	0	0	0
9000	645	50	300	4	25	8	47	0	0	3	3	1	0	0	0	0
9000	646	50	300	4	25	8	47	0	0	4	4	1	0	0	0	0
9000	647	50	300	4	25	3	7	0	0	1	1	1	0	0	0	0
9000	648	50	300	4	25	9	127	0	0	3	3	1	0	0	0	0
9000	649	50	300	4	25	9	59	0	0	4	4	1	0	0	0	0
9000	650	50	300	4	25	11	175	0	0	5	5	1	0	0	0	0
9000	651	50	300	4	25	3	5	0	0	2	2	1	0	0	0	0
9000	652	50	300	4	25	4	11	0	0	2	2	1	0	0	0	0
9000	653	50	300	4	25	9	215	0	0	2	2	1	0	0	0	0
9000	654	50	300	4	25	4	11	0	0	2	2	1	0	0	0	0
9000	655	50	300	4	25	6	21	0	0	3	3	1	0	0	0	0
9000	656	50	300	4	25	8	35	0	0	5	5	1	0	0	0	0
9000	657	50	300	4	25	5	19	0	0	2	2	1	0	0	0	0
9000	658	50	300	4	25	3	7	0	0	1	1	1	0	0	0	0
9000	659	50	300	4	25	5	23	0	0	2	2	1	0	0	0	0
9000	660	50	300	4	25	5	17	0	0	2	2	1	0	0	0	0
9000	661	50	300	4	25	6	63	0	0	1	1	1	0	0	0	0
9000	662	50	300	4	25	10	74	0	0	4	4	1	0	0	0	0
9000	663	50	300	4	25	9	59	0	0	4	4	1	0	0	0	0
9000	664	50	300	4	25	4	11	0	0	2	2	1	0	0	0	0
9000	665	50	300	4	25	9	90	0	0	4	4	1	0	0	0	0
9000	666	50	300	4	25	10	323	0	0	2	2	1	0	0	0	0
9000	667	50	300	4	25	4	11	0	0	2	2	1	0	0	0	0
9000	668	50	300	4	25	6	35	0	0	2	2	1	0	0	0	0
9000	669	50	300	4	25	2	3	0	0	1	1	1	0	0	0	0
9000	670	50	300	4	25	15	691	0	0	6	6	1	0	0	0	0
9000	671	50	300	4	25	7	35	0	0	3	3	1	0	0	0	0
9000	672	50	300	4	25	12	323	0	0	5	5	1	0	0	0	0
9000	673	50	300	4	25	2	3	0	0	1	1	1	0	0	0	0
9000	674	50	300	4	25	4	11	0	0	2	2	1	0	0	0	0
9000	675	50	300	4	25	10	287	0	0	3	3	1	0	0	0	0
9000	676	50	300	4	25	12	431	0	0	4	4	1	0	0	0	0
9000	677	50	300	4	25	7	71	0	0	2	2	1	0	0	0	0
9000	678	50	300	4	25	5	15	0	0	3	3	1	0	0	0	0
9000	679	50	300	4	25	3	5	0	0	2	2	1	0	0	0	0
9000	680	50	300	4	25	15	349	0	0	5	5	1	0	0	0	0
9000	681	50	300	4	25	6	63	0	0	1	1	1	0	0	0	0
9000	682	50	300	4	25	9	125	0	0	3	3	1	0	0	0	0
9000	683	50	300	4	25	6	35	0	0	2	2	1	0	0	0	0
9000	684	50	300	4	25	18	1863	0	0	7	7	1	0.01	0	0	0
9000	685	50	300	4	25	4	11	0	0	2	2	1	0	0	0	0
9000	686	50	300	4	25	3	7	0	0	1	1	1	0	0	0	0
9000	687	50	300	4	25	8	59	0	0	4	4	1	0	0	0	0
9000	688	50	300	4	25	9	53	0	0	5	5	1	0	0	0	0
9000	689	50	300	4	25	8	59	0	0	3	3	1	0	0	0	0
9000	690	50	300	4	25	1	1	0	0	1	1	1	0	0	0	0
9000	691	50	300	4	25	8	71	0	0	3	3	1	0	0	0	0
9000	692	50	300	4	25	6	35	0	0	2	2	1	0	0	0	0
9000	693	50	300	4	25	6	15	0	0	4	4	1	0	0	0	0
9000	694	50	300	4	25	6	13	0	0	4	4	1	0	0	0	0
9000	695	50	300	4	25	6	47	0	0	2	2	1	0	0	0	0
9000	696	50	300	4	25	8	80	1	0	2	2	1	0	0	0	0
9000	697	50	300	4	25	7	38	0	0	3	3	1	0	0	0	0
9000	698	50	300	4	25	5	23	0	0	2	2	1	0	0	0	0
9000	699	50	300	4	25	1	1	0	0	1	1	1	0	0	0	0
9000	700	50	300	4	25	5	9	0	0	4	4	1	0	0	0	0
9000	701	50	300	4	25	2	3	0	0	1	1	1	0	0	0	0
9000	702	50	300	4	25	8	80	1	0	2	2	1	0	0	0	0
9000	703	50	300	4	25	10	431	1	0	2	2	1	0	0	0.01	0
9000	704	50	300	4	25	3	5	0	0	2	2	1	0	0	0	0
9000	705	50	300	4	25	5	23	0	0	2	2	1	0	0	0	0
9000	706	50	300	4	25	10	185	0	0	3	3	1	0	0	0	0
9000	707	50	300	4	25	2	3	0	0	1	1	1	0	0	0	0
9000	708	50	300	4	25	10	323	0	0	2	2	1	0	0	0	0
9000	709	50	300	4	25	6	26	0	0	2	2	1	0	0	0	0
9000	710	50	300	4	25	4	7	0	0	3	3	1	0	0	0	0
9000	711	50	300	4	25	7	35	0	0	3	3	1	0	0	0	0
9000	712	50	300	4	25	14	1994	0	0	3	3	1	0.01	0	0	0
9000	713	50	300	4	25	6	23	0	0	3	3	1	0	0	0	0
9000	714	50	300	4	25	8	30	0	0	5	5	1	0	0	0	0
9000	715	50	300	4	25	1	1	0	0	1	1	1	0	0	0	0
9000	716	50	300	4	25	10	95	0	0	5	5	1	0	0	0	0
9000	717	50	300	4	25	14	1119	0	0	3	3	1	0	0	0	0
9000	718	50	300	4	25	4	11	0	0	2	2	1	0	0	0	0
9000	719	50	300	4	25	5	17	0	0	2	2	1	0	0	0	0
9000	720	50	300	4	25	4	11	0	0	2	2	1	0	0	0	0
9000	721	50	300	4	25	8	71	0	0	3	3	1	0	0	0	0
9000	722	50	300	4	25	2	3	0	0	1	1	1	0	0	0	0
9000	723	50	300	4	25	4	11	0	0	2	2	1	0	0	0	0
9000	724	50	300	4	25	7	95	0	0	2	2	1	0	0	0	0
9000	725	50	300	4	25	3	3	0	0	3	3	1	0	0	0	0
9000	726	50	300	4	25	2	3	0	0	1	1	1	0	0	0	0
9000	727	50	300	4	25	5	11	0	0	3	3	1	0	0	0	0
9000	728	50	300	4	25	7	41	0	0	3	3	1	0	0	0	0
9000	729	50	300	4	25	5	31	0	0	1	1	1	0	0	0	0
9000	730	50	300	4	25	5	31	0	0	1	1	1	0	0	0	0
9000	731	50	300	4	25	6	35	0	0	2	2	1	0	0	0	0
9000	732	50	300	4	25	1	1	0	0	1	1	1	0	0	0	0
9000	733	50	300	4	25	5	23	0	0	2	2	1	0	0	0	0
9000	734	50	300	4	25	7	53	0	0	2	2	1	0	0	0	0
9000	735	50	300	4	25	10	53	0	0	6	6	1	0	0	0	0
9000	736	50	300	4	25	15	647	0	0	5	5	1	0	0	0	0
9000	737	50	300	4	25	5	15	0	0	3	3	1	0	0	0	0
9000	738	50	300	4	25	2	2	0	0	2	2	1	0	0	0	0
9000	739	50	300	4	25	11	178	0	0	5	5	1	0	0	0	0
9000	740	50	300	4	25	3	7	0	0	1	1	1	0	0	0	0
9000	741	50	300	4	25	5	23	0	0	2	2	1	0	0	0	0
9000	742	50	300	4	25	4	11	0	0	2	2	1	0	0	0	0
9000	743	50	300	4	25	8	49	0	0	4	4	1	0	0	0	0
9000	744	50	300	4	25	5	23	0	0	2	2	1	0	0	0	0
9000	745	50	300	4	25	3	7	0	0	1	1	1	0	0	0	0
9000	746	50	300	4	25	9	143	0	0	3	3	1	0	0	0	0
9000	747	50	300	4	25	6	14	0	0	4	4	1	0	0	0	0
9000	748	50	300	4	25	2	2	0	0	2	2	1	0	0	0	0
9000	749	50	300	4	25	4	4	0	0	4	4	1	0	0	0	0
9000	750	50	300	4	25	6	14	0	0	4	4	1	0	0	0	0
9000	751	50	300	4	25	6	23	0	0	3	3	1	0	0	0	0
9000	752	50	300	4	25	3	7	0	0	1	1	1	0	0	0	0
9000	753	50	300	4	25	4	11	0	0	2	2	1	0	0	0	0
9000	754	50	300	4	25	7	19	0	0	4	4	1	0	0	0	0
9000	755	50	300	4	25	6	35	0	0	2	2	1	0	0	0	0
9000	756	50	300	4	25	5	23	0	0	2	2	1	0	0	0	0
9000	757	50	300	4	25	9	71	0	0	5	5	1	0	0	0	0
9000	758	50	300	4	25	7	17	0	0	5	5	1	0	0	0	0
9000	759	50	300	4	25	7	47	1	0	3	3	1	0	0	0	0
9000	760	50	300	4	25	10	323	0	0	2	2	1	0	0	0	0
9000	761	50	300	4	25	7	35	0	0	3	3	1	0	0	0	0
9000	762	50	300	4	25	7	71	0	0	2	2	1	0	0	0	0
9000	763	50	300	4	25	3	7	0	0	1	1	1	0	0	0	0
9000	764	50	300	4	25	5	15	0	0	3	3	1	0	0	0	0
9000	765	50	300	4	25	4	9	0	0	2	2	1	0	0	0	0
9000	766	50	300	4	25	11	359	0	0	4	4	1	0	0	0	0
9000	767	50	300	4	25	7	63	0	0	3	3	1	0	0	0	0
9000	768	50	300	4	25	3	5	0	0	2	2	1	0	0	0	0
9000	769	50	300	4	25	4	15	0	0	1	1	1	0	0	0	0
9000	770	50	300	4	25	6	31	0	0	3	3	1	0	0	0	0
9000	771	50	300	4	25	4	8	0	0	2	2	1	0	0	0	0
9000	772	50	300	4	25	9	191	0	0	3	3	1	0	0	0	0
9000	773	50	300	4	25	4	11	0	0	2	2	1	0	0	0	0
9000	774	50	300	4	25	3	5	0	0	2	2	1	0	0	0	0
9000	775	50	300	4	25	7	47	1	0	3	3	1	0	0	0	0
9000	776	50	300	4	25	5	17	0	0	2	2	1	0	0	0	0
9000	777	50	300	4	25	13	647	1	0	5	5	1	0	0	0.01	0
9000	778	50	300	4	25	11	143	0	0	5	5	1	0	0	0	0
9000	779	50	300	4	25	6	35	0	0	2	2	1	0	0	0	0
9000	780	50	300	4	25	4	9	0	0	2	2	1	0	0	0	0
9000	781	50	300	4	25	5	17	0	0	2	2	1	0	0	0	0
9000	782	50	300	4	25	6	47	0	0	2	2	1	0	0	0	0
9000	783	50	300	4	25	8	71	0	0	3	3	1	0	0	0	0
9000	784	50	300	4	25	8	35	0	0	5	5	1	0	0	0	0
9000	785	50	300	4	25	10	34	0	0	6	6	1	0	0	0	0
9000	786	50	300	4	25	8	71	0	0	3	3	1	0	0	0	0
9000	787	50	300	4	25	8	83	0	0	2	2	1	0	0	0	0
9000	788	50	300	4	25	5	17	0	0	2	2	1	0	0	0	0
9000	789	50	300	4	25	4	11	0	0	2	2	1	0	0	0	0
9000	790	50	300	4	25	8	62	0	0	3	3	1	0	0	0	0
9000	791	50	300	4	25	11	82	0	0	5	5	1	0	0	0	0
9000	792	50	300	4	25	12	359	0	0	4	4	1	0	0	0	0
9000	793	50	300	4	25	10	279	1	0	2	2	1	0	0	0.01	0
9000	794	50	300	4	25	2	3	0	0	1	1	1	0	0	0	0
9000	795	50	300	4	25	1	1	0	0	1	1	1	0	0	0	0
9000	796	50	300	4	25	4	11	0	0	2	2	1	0	0	0	0
9000	797	50	300	4	25	5	17	0	0	2	2	1	0	0	0	0
9000	798	50	300	4	25	8	95	0	0	2	2	1	0	0	0	0
9000	799	50	300	4	25	7	47	1	1	2.5	3	0.833333	0	0	0	0
9000	800	50	300	4	25	8	79	0	0	4	4	1	0	0	0	0
9000	801	50	300	4	25	8	71	0	0	3	3	1	0	0	0	0
9000	802	50	300	4	25	8	107	0	0	2	2	1	0	0	0	0
9000	803	50	300	4	25	8	143	0	0	2	2	1	0	0	0	0
9000	804	50	300	4	25	1	1	0	0	1	1	1	0	0	0	0
9000	805	50	300	4	25	7	31	0	0	3	3	1	0	0	0	0
9000	806	50	300	4	25	3	7	0	0	1	1	1	0	0	0	0
9000	807	50	300	4	25	13	486	0	0	5	5	1	0	0	0	0
9000	808	50	300	4	25	4	8	0	0	2	2	1	0	0	0	0
9000	809	50	300	4	25	5	10	0	0	3	3	1	0	0	0	0
9000	810	50	300	4	25	12	287	0	0	5	5	1	0	0	0	0
9000	811	50	300	4	25	14	323	0	0	7	7	1	0	0	0	0
9000	812	50	300	4	25	4	8	0	0	2	2	1	0	0	0	0
9000	813	50	300	4	25	4	11	0	0	2	2	1	0	0	0	0
9000	814	50	300	4	25	9	95	0	0	5	5	1	0	0	0	0
9000	815	50	300	4	25	10	251	0	0	3	3	1	0	0	0	0
9000	816	50	300	4	25	11	187	0	0	4	4	1	0	0	0	0
9000	817	50	300	4	25	5	18	0	0	2	2	1	0	0	0	0
9000	818	50	300	4	25	8	127	0	0	3	3	1	0	0	0	0
9000	819	50	300	4	25	3	5	0	0	2	2	1	0	0	0	0
9000	820	50	300	4	25	4	7	0	0	3	3	1	0	0	0	0
9000	821	50	300	4	25	6	26	0	0	2	2	1	0	0	0	0
9000	822	50	300	4	25	4	11	0	0	2	2	1	0	0	0	0
9000	823	50	300	4	25	7	53	0	0	2	2	1	0	0	0	0
9000	824	50	300	4	25	7	47	0	0	3	3	1	0	0	0	0
9000	825	50	300	4	25	8	90	0	0	2	2	1	0	0	0	0
9000	826	50	300	4	25	2	3	0	0	1	1	1	0	0	0	0
9000	827	50	300	4	25	1	1	0	0	1	1	1	0	0	0	0
9000	828	50	300	4	25	5	17	0	0	2	2	1	0	0	0	0
9000	829	50	300	4	25	9	44	1	0	4	4	1	0	0	0	0
9000	830	50	300	4	25	2	3	0	0	1	1	1	0	0	0	0
9000	831	50	300	4	25	10	131	0	0	5	5	1	0	0	0	0
9000	832	50	300	4	25	12	197	0	0	5	5	1	0	0	0	0
9000	833	50	300	4	25	10	191	0	0	3	3	1	0	0	0	0
9000	834	50	300	4	25	6	23	0	0	3	3	1	0	0	0	0
9000	835	50	300	4	25	4	11	0	0	2	2	1	0	0	0	0
9000	836	50	300	4	25	15	755	0	0	6	6	1	0	0	0	0
9000	837	50	300	4	25	10	179	0	0	4	4	1	0	0	0	0
9000	838	50	300	4	25	5	16	0	0	2	2	1	0	0	0	0
9000	839	50	300	4	25	10	215	0	0	3	3	1	0	0	0	0
9000	840	50	300	4	25	2	3	0	0	1	1	1	0	0	0	0
9000	841	50	300	4	25	3	5	0	0	2	2	1	0	0	0	0
9000	842	50	300	4	25	7	35	0	0	3	3	1	0	0	0	0
9000	843	50	300	4	25	10	107	0	0	5	5	1	0	0	0	0
9000	844	50	300	4	25	6	19	0	0	4	4	1	0	0	0	0
9000	845	50	300	4	25	6	29	0	0	2	2	1	0	0	0	0
9000	846	50	300	4	25	7	71	0	0	2	2	1	0	0	0	0
9000	847	50	300	4	25	6	31	0	0	3	3	1	0	0	0	0
9000	848	50	300	4	25	15	1145	0	0	4	4	1	0.01	0	0	0
9000	849	50	300	4	25	12	308	0	0	4	4	1	0	0	0	0
9000	850	50	300	4	25	10	89	0	0	5	5	1	0	0	0	0
9000	851	50	300	4	25	12	335	0	0	6	6	1	0	0	0	0
9000	852	50	300	4	25	6	21	0	0	3	3	1	0	0	0	0
9000	853	50	300	4	25	11	224	1	0	4	4	1	0	0	0	0
9000	854	50	300	4	25	9	53	0	0	5	5	1	0	0	0	0
9000	855	50	300	4	25	3	5	0	0	2	2	1	0	0	0	0
9000	856	50	300	4	25	5	17	0	0	2	2	1	0	0	0	0
9000	857	50	300	4	25	4	15	0	0	1	1	1	0	0	0	0
9000	858	50	300	4	25	11	87	0	0	5	5	1	0	0	0	0
9000	859	50	300	4	25	17	646	0	0	7	7	1	0	0	0	0
9000	860	50	300	4	25	2	2	0	0	2	2	1	0	0	0	0
9000	861	50	300	4	25	3	5	0	0	2	2	1	0	0	0	0
9000	862	50	300	4	25	12	95	0	0	5	5	1	0	0	0	0
9000	863	50	300	4	25	3	5	0	0	2	2	1	0	0	0	0
9000	864	50	300	4	25	4	11	0	0	2	2	1	0	0	0	0
9000	865	50	300	4	25	7	31	0	0	3	3	1	0	0	0	0
9000	866	50	300	4	25	5	9	0	0	4	4	1	0	0	0	0
9000	867	50	300	4	25	5	31	0	0	1	1	1	0	0	0	0
9000	868	50	300	4	25	2	2	0	0	2	2	1	0	0	0	0
9000	869	50	300	4	25	5	23	0	0	2	2	1	0	0	0	0
9000	870	50	300	4	25	2	2	0	0	2	2	1	0	0	0	0
9000	871	50	300	4	25	7	71	0	0	2	2	1	0	0	0	0
9000	872	50	300	4	25	15	293	1	0	5	5	1	0	0	0	0
9000	873	50	300	4	25	4	15	0	0	1	1	1	0	0	0	0
9000	874	50	300	4	25	8	59	0	0	4	4	1	0	0	0	0
9000	875	50	300	4	25	6	31	0	0	3	3	1	0	0	0	0
9000	876	50	300	4	25	10	215	0	0	3	3	1	0	0	0	0
9000	877	50	300	4	25	9	71	0	0	5	5	1	0	0	0	0
9000	878	50	300	4	25	5	17	0	0	2	2	1	0	0	0	0
9000	879	50	300	4	25	7	38	1	1	2.5	3	0.833333	0	0	0	0
9000	880	50	300	4	25	7	50	0	0	3	3	1	0	0	0	0
9000	881	50	300	4	25	6	23	0	0	3	3	1	0	0	0	0
9000	882	50	300	4	25	5	23	0	0	2	2	1	0	0	0	0
9000	883	50	300	4	25	11	159	0	0	5	5	1	0	0	0	0
9000	884	50	300	4	25	7	53	0	0	2	2	1	0	0	0	0
9000	885	50	300	4	25	1	1	0	0	1	1	1	0	0	0	0
9000	886	50	300	4	25	4	11	0	0	2	2	1	0	0	0	0
9000	887	50	300	4	25	6	35	0	0	2	2	1	0	0	0	0
9000	888	50	300	4	25	7	71	0	0	2	2	1	0	0	0	0
9000	889	50	300	4	25	8	59	0	0	4	4	1	0	0	0	0
9000	890	50	300	4	25	12	431	0	0	3	3	1	0	0	0	0
9000	891	50	300	4	25	12	719	0	0	4	4	1	0	0	0	0
9000	892	50	300	4	25	11	144	0	0	4	4	1	0	0	0	0
9000	893	50	300	4	25	1	1	0	0	1	1	1	0	0	0	0
9000	894	50	300	4	25	6	23	0	0	3	3	1	0	0	0	0
9000	895	50	300	4	25	7	71	0	0	2	2	1	0	0	0	0
9000	896	50	300	4	25	8	23	0	0	5	5	1	0	0	0	0
9000	897	50	300	4	25	6	14	0	0	4	4	1	0	0	0	0
9000	898	50	300	4	25	14	378	0	0	8	8	1	0	0	0	0
9000	899	50	300	4	25	17	536	0	0	6	6	1	0	0	0	0
9000	900	50	300	4	25	3	7	0	0	1	1	1	0	0	0	0
9000	901	50	300	4	25	7	47	0	0	3	3	1	0	0	0	0
9000	902	50	300	4	25	4	7	0	0	3	3	1	0	0	0	0
9000	903	50	300	4	25	5	23	0	0	2	2	1	0	0	0	0
9000	904	50	300	4	25	2	3	0	0	1	1	1	0	0	0	0
9000	905	50	300	4	25	3	4	0	0	2	2	1	0	0	0	0
9000	906	50	300	4	25	4	8	0	0	2	2	1	0	0	0	0
9000	907	50	300	4	25	4	11	0	0	2	2	1	0	0	0	0
9000	908	50	300	4	25	8	95	0	0	3	3	1	0	0	0	0
9000	909	50	300	4	25	7	47	0	0	3	3	1	0	0	0	0
9000	910	50	300	4	25	6	26	0	0	2	2	1	0	0	0	0
9000	911	50	300	4	25	3	7	0	0	1	1	1	0	0	0	0
9000	912	50	300	4	25	7	35	0	0	3	3	1	0	0	0	0
9000	913	50	300	4	25	6	15	0	0	4	4	1	0	0	0	0
9000	914	50	300	4	25	8	143	0	0	2	2	1	0	0	0	0
9000	915	50	300	4	25	4	15	0	0	1	1	1	0	0	0	0
9000	916	50	300	4	25	9	95	0	0	4	4	1	0	0	0	0
9000	917	50	300	4	25	15	896	0	0	5	5	1	0	0	0	0
9000	918	50	300	4	25	6	35	0	0	2	2	1	0	0	0	0
9000	919	50	300	4	25	6	35	0	0	2	2	1	0	0	0	0
9000	920	50	300	4	25	6	35	0	0	2	2	1	0	0	0	0
9000	921	50	300	4	25	11	239	0	0	5	5	1	0	0	0	0
9000	922	50	300	4	25	3	7	0	0	1	1	1	0	0	0	0
9000	923	50	300	4	25	5	15	0	0	3	3	1	0	0	0	0
9000	924	50	300	4	25	4	15	0	0	1	1	1	0	0	0	0
9000	925	50	300	4	25	4	15	0	0	1	1	1	0	0	0	0
9000	926	50	300	4	25	7	47	0	0	3	3	1	0	0	0	0
9000	927	50	300	4	25	3	5	0	0	2	2	1	0	0	0	0
9000	928	50	300	4	25	7	63	0	0	3	3	1	0	0	0	0
9000	929	50	300	4	25	4	11	0	0	2	2	1	0	0	0	0
9000	930	50	300	4	25	4	11	0	0	2	2	1	0	0	0	0
9000	931	50	300	4	25	6	34	0	0	2	2	1	0	0	0	0
9000	932	50	300	4	25	7	47	0	0	3	3	1	0	0	0	0
9000	933	50	300	4	25	6	35	0	0	2	2	1	0	0	0	0
9000	934	50	300	4	25	9	113	0	0	3	3	1	0	0	0	0
9000	935	50	300	4	25	2	3	0	0	1	1	1	0	0	0	0
9000	936	50	300	4	25	11	479	0	0	4	4	1	0	0	0	0
9000	937	50	300	4	25	5	23	0	0	2	2	1	0	0	0	0
9000	938	50	300	4	25	7	95	0	0	2	2	1	0	0	0	0
9000	939	50	300	4	25	8	95	1	0	3	3	1	0	0	0	0
9000	940	50	300	4	25	9	119	0	0	4	4	1	0	0	0	0
9000	941	50	300	4	25	6	31	0	0	3	3	1	0	0	0	0
9000	942	50	300	4	25	8	39	0	0	4	4	1	0	0	0	0
9000	943	50	300	4	25	10	188	0	0	3	3	1	0	0	0	0
9000	944	50	300	4	25	3	5	0	0	2	2	1	0	0	0	0
9000	945	50	300	4	25	5	17	1	0	2	2	1	0	0	0	0
9000	946	50	300	4	25	5	23	0	0	2	2	1	0	0	0	0
9000	947	50	300	4	25	4	15	0	0	1	1	1	0	0	0	0
9000	948	50	300	4	25	5	23	0	0	2	2	1	0	0	0	0
9000	949	50	300	4	25	7	40	1	1	2.5	3	0.833333	0	0	0	0
9000	950	50	300	4	25	3	5	0	0	2	2	1	0	0	0	0
9000	951	50	300	4	25	4	11	0	0	2	2	1	0	0	0	0
9000	952	50	300	4	25	8	107	0	0	2	2	1	0	0	0	0
9000	953	50	300	4	25	7	53	0	0	2	2	1	0	0	0	0
9000	954	50	300	4	25	12	239	0	0	4	4	1	0	0	0	0
9000	955	50	300	4	25	4	11	0	0	2	2	1	0	0	0	0
9000	956	50	300	4	25	16	431	1	0	5	5	1	0	0	0	0
9000	957	50	300	4	25	11	335	0	0	3	3	1	0	0	0	0
9000	958	50	300	4	25	3	5	0	0	2	2	1	0	0	0	0
9000	959	50	300	4	25	7	39	0	0	4	4	1	0	0	0	0
9000	960	50	300	4	25	9	211	1	0	2	2	1	0	0	0	0
9000	961	50	300	4	25	8	80	1	0	2	2	1	0	0	0	0
9000	962	50	300	4	25	6	35	0	0	2	2	1	0	0	0	0
9000	963	50	300	4	25	14	242	0	0	8	8	1	0	0	0	0
9000	964	50	300	4	25	12	135	0	0	6	6	1	0	0	0	0
9000	965	50	300	4	25	8	95	0	0	3	3	1	0	0	0	0
9000	966	50	300	4	25	10	215	0	0	3	3	1	0	0	0	0
9000	967	50	300	4	25	9	119	0	0	4	4	1	0	0	0	0
9000	968	50	300	4	25	7	71	0	0	2	2	1	0	0	0	0
9000	969	50	300	4	25	5	23	0	0	2	2	1	0	0	0	0
9000	970	50	300	4	25	7	35	0	0	3	3	1	0	0	0	0
9000	971	50	300	4	25	8	95	0	0	2	2	1	0	0	0	0
9000	972	50	300	4	25	6	23	0	0	3	3	1	0	0	0	0
9000	973	50	300	4	25	6	26	0	0	2	2	1	0	0	0	0
9000	974	50	300	4	25	5	15	0	0	3	3	1	0	0	0	0
9000	975	50	300	4	25	7	53	0	0	2	2	1	0	0	0	0
9000	976	50	300	4	25	7	13	0	0	6	6	1	0	0	0	0
9000	977	50	300	4	25	7	17	0	0	5	5	1	0	0	0	0
9000	978	50	300	4	25	6	23	0	0	3	3	1	0	0	0	0
9000	979	50	300	4	25	3	5	0	0	2	2	1	0	0	0	0
9000	980	50	300	4	25	11	287	0	0	3	3	1	0	0	0	0
9000	981	50	300	4	25	3	7	0	0	1	1	1	0	0	0	0
9000	982	50	300	4	25	8	107	0	0	2	2	1	0	0	0	0
9000	983	50	300	4	25	13	1079	0	0	4	4	1	0	0	0	0
9000	984	50	300	4	25	3	7	0	0	1	1	1	0	0	0	0
9000	985	50	300	4	25	10	323	1	0	2	2	1	0	0	0.01	0
9000	986	50	300	4	25	5	15	0	0	3	3	1	0	0	0	0
9000	987	50	300	4	25	2	3	0	0	1	1	1	0	0	0	0
9000	988	50	300	4	25	6	35	0	0	2	2	1	0	0	0	0
9000	989	50	300	4	25	7	71	0	0	2	2	1	0	0	0	0
9000	990	50	300	4	25	4	7	0	0	3	3	1	0	0	0	0
9000	991	50	300	4	25	7	27	0	0	3	3	1	0	0	0	0
9000	992	50	300	4	25	7	47	0	0	3	3	1	0	0	0	0
9000	993	50	300	4	25	8	39	0	0	4	4	1	0	0	0	0
9000	994	50	300	4	25	9	31	0	0	7	7	1	0	0	0	0
9000	995	50	300	4	25	10	239	0	0	3	3	1	0	0	0	0
9000	996	50	300	4	25	10	73	0	0	5	5	1	0	0	0	0
9000	997	50	300	4	25	9	179	0	0	2	2	1	0	0	0	0
9000	998	50	300	4	25	3	7	0	0	1	1	1	0	0	0	0
9000	999	50	300	4	25	9	215	0	0	2	2	1	0	0	0	0
9000	1000	50	300	4	25	4	10	0	0	2	2	1	0	0	0	0
