9000	1	90	300	4	25	24	82735	4.91769	5	1	0	6	0.166667	6	0.166667	1	0.6	-0.221849	0.14	-0.853872	2.92	0.465383
9000	2	90	300	4	25	28	264709	5.42277	6	1	0	5	0.2	5	0.2	1	4	0.60206	0.28	-0.552842	10.77	1.03222
9000	3	90	300	4	25	23	28641	4.45699	5	0	0	7	0.142857	7	0.142857	1	0.15	-0.823909	0.04	-1.39794	0	0
9000	4	90	300	4	25	17	1894	3.27738	4	0	0	5	0.2	5	0.2	1	0	0	0.01	-2	0	0
9000	5	90	300	4	25	31	5505	3.74076	4	0	0	19	0.0526316	19	0.0526316	1	0.05	-1.30103	0	0	0	0
9000	6	90	300	4	25	20	3814	3.58138	4	0	0	5	0.2	5	0.2	1	0.03	-1.52288	0.01	-2	0	0
9000	7	90	300	4	25	19	2337	3.36866	4	0	0	6	0.166667	6	0.166667	1	0.01	-2	0	0	0	0
9000	8	90	300	4	25	31	26375	4.42119	5	0	0	15	0.0666667	15	0.0666667	1	0.19	-0.721246	0.02	-1.69897	0	0
9000	9	90	300	4	25	23	27695	4.4424	5	0	0	6	0.166667	6	0.166667	1	0.26	-0.585027	0.04	-1.39794	0	0
9000	10	90	300	4	25	15	962	2.98318	3	0	0	5	0.2	5	0.2	1	0	0	0	0	0	0
9000	11	90	300	4	25	22	7107	3.85169	4	0	0	7	0.142857	7	0.142857	1	0.05	-1.30103	0.01	-2	0	0
9000	12	90	300	4	25	22	16761	4.2243	5	1	1	4.5	0.222222	5	0.2	0.9	0.11	-0.958607	0.02	-1.69897	0.15	-0.823909
9000	13	90	300	4	25	28	63503	4.80279	5	0	0	8	0.125	8	0.125	1	0.48	-0.318759	0.09	-1.04576	0	0
9000	14	90	300	4	25	21	10863	4.03595	5	1	0	5	0.2	5	0.2	1	0.07	-1.1549	0.01	-2	0.11	-0.958607
9000	15	90	300	4	25	16	1699	3.23019	4	0	0	6	0.166667	6	0.166667	1	0	0	0.01	-2	0	0
9000	16	90	300	4	25	18	9962	3.99835	4	0	0	3	0.333333	3	0.333333	1	0.05	-1.30103	0.01	-2	0	0
9000	17	90	300	4	25	27	42041	4.62367	5	0	0	7	0.142857	7	0.142857	1	0.54	-0.267606	0.06	-1.22185	0	0
9000	18	90	300	4	25	23	11884	4.07496	5	0	0	7	0.142857	7	0.142857	1	0.12	-0.920819	0.01	-2	0	0
9000	19	90	300	4	25	16	5642	3.75143	4	0	0	3	0.333333	3	0.333333	1	0.02	-1.69897	0.01	-2	0	0
9000	20	90	300	4	25	23	10334	4.01427	5	0	0	6	0.166667	6	0.166667	1	0.08	-1.09691	0.01	-2	0	0
9000	21	90	300	4	25	20	14285	4.15488	5	0	0	4	0.25	4	0.25	1	0.08	-1.09691	0	0	0	0
9000	22	90	300	4	25	20	21605	4.33455	5	0	0	5	0.2	5	0.2	1	0.18	-0.744727	0.01	-2	0	0
9000	23	90	300	4	25	25	163115	5.21249	6	0	0	5	0.2	5	0.2	1	1.09	0.0374265	0.21	-0.677781	0	0
9000	24	90	300	4	25	18	12447	4.09506	5	0	0	4	0.25	4	0.25	1	0.07	-1.1549	0.01	-2	0	0
9000	25	90	300	4	25	21	6328	3.80127	4	0	0	7	0.142857	7	0.142857	1	0.04	-1.39794	0.01	-2	0	0
9000	26	90	300	4	25	20	5500	3.74036	4	0	0	6	0.166667	6	0.166667	1	0.02	-1.69897	0.01	-2	0	0
9000	27	90	300	4	25	12	261	2.41664	3	0	0	5	0.2	5	0.2	1	0	0	0	0	0	0
9000	28	90	300	4	25	28	665130	5.82291	6	0	0	4	0.25	4	0.25	1	4.65	0.667453	0.75	-0.124939	0	0
9000	29	90	300	4	25	18	7674	3.88502	4	0	0	4	0.25	4	0.25	1	0.06	-1.22185	0	0	0	0
9000	30	90	300	4	25	17	2807	3.44824	4	0	0	5	0.2	5	0.2	1	0.01	-2	0	0	0	0
9000	31	90	300	4	25	26	155966	5.19303	6	1	0	5	0.2	5	0.2	1	1.34	0.127105	0.26	-0.585027	0.47	-0.327902
9000	32	90	300	4	25	17	1975	3.29557	4	0	0	7	0.142857	7	0.142857	1	0.01	-2	0	0	0	0
9000	33	90	300	4	25	29	137273	5.13759	6	0	0	7	0.142857	7	0.142857	1	1.84	0.264818	0.24	-0.619789	0	0
9000	34	90	300	4	25	21	6155	3.78923	4	0	0	5	0.2	5	0.2	1	0.04	-1.39794	0.01	-2	0	0
9000	35	90	300	4	25	22	11323	4.05396	5	1	0	6	0.166667	6	0.166667	1	0.14	-0.853872	0.01	-2	0.12	-0.920819
9000	36	90	300	4	25	25	43846	4.64193	5	1	0	5	0.2	5	0.2	1	0.27	-0.568636	0.05	-1.30103	0.39	-0.408935
9000	37	90	300	4	25	24	2701	3.43152	4	0	0	8	0.125	8	0.125	1	0.01	-2	0.01	-2	0	0
9000	38	90	300	4	25	18	4775	3.67897	4	0	0	6	0.166667	6	0.166667	1	0.04	-1.39794	0	0	0	0
9000	39	90	300	4	25	25	190629	5.28019	6	1	0	4	0.25	4	0.25	1	1.57	0.1959	0.28	-0.552842	13.48	1.12969
9000	40	90	300	4	25	18	9903	3.99577	4	1	1	3.5	0.285714	4	0.25	0.875	0.07	-1.1549	0.01	-2	0.1	-1
9000	41	90	300	4	25	23	11483	4.06006	5	0	0	6	0.166667	6	0.166667	1	0.08	-1.09691	0.01	-2	0	0
9000	42	90	300	4	25	20	3710	3.56937	4	0	0	6	0.166667	6	0.166667	1	0.02	-1.69897	0	0	0	0
9000	43	90	300	4	25	20	10612	4.0258	5	0	0	4	0.25	4	0.25	1	0.05	-1.30103	0.02	-1.69897	0	0
9000	44	90	300	4	25	35	786704	5.89581	6	1	0	5	0.2	5	0.2	1	9.01	0.954725	1.02	0.00860017	45.99	1.66266
9000	45	90	300	4	25	27	38716	4.58789	5	1	0	5	0.2	5	0.2	1	0.27	-0.568636	0.06	-1.22185	1.45	0.161368
9000	46	90	300	4	25	21	5040	3.70243	4	0	0	7	0.142857	7	0.142857	1	0.03	-1.52288	0.01	-2	0	0
9000	47	90	300	4	25	19	24258	4.38485	5	0	0	4	0.25	4	0.25	1	0.16	-0.79588	0.02	-1.69897	0	0
9000	48	90	300	4	25	20	10602	4.02539	5	0	0	5	0.2	5	0.2	1	0.05	-1.30103	0.01	-2	0	0
9000	49	90	300	4	25	17	8639	3.93646	4	0	0	4	0.25	4	0.25	1	0.04	-1.39794	0	0	0	0
9000	50	90	300	4	25	29	399026	5.601	6	1	0	6	0.166667	6	0.166667	1	3.87	0.587711	0.35	-0.455932	16.34	1.21325
9000	51	90	300	4	25	22	41471	4.61774	5	0	0	6	0.166667	6	0.166667	1	0.29	-0.537602	0.03	-1.52288	0	0
9000	52	90	300	4	25	21	13690	4.1364	5	1	0	5	0.2	5	0.2	1	0.09	-1.04576	0.01	-2	0.13	-0.886057
9000	53	90	300	4	25	26	16957	4.22935	5	0	0	12	0.0833333	12	0.0833333	1	0.09	-1.04576	0.01	-2	0	0
9000	54	90	300	4	25	20	6279	3.79789	4	0	0	7	0.142857	7	0.142857	1	0.05	-1.30103	0	0	0	0
9000	55	90	300	4	25	32	145101	5.16167	6	1	0	8	0.125	8	0.125	1	2.62	0.418301	0.25	-0.60206	1.37	0.136721
9000	56	90	300	4	25	30	204165	5.30998	6	0	0	7	0.142857	7	0.142857	1	2.06	0.313867	0.46	-0.337242	0	0
9000	57	90	300	4	25	21	51839	4.71466	5	0	0	5	0.2	5	0.2	1	0.31	-0.508638	0.03	-1.52288	0	0
9000	58	90	300	4	25	19	4425	3.64591	4	0	0	6	0.166667	6	0.166667	1	0.02	-1.69897	0	0	0	0
9000	59	90	300	4	25	9	287	2.45788	3	1	0	2	0.5	2	0.5	1	0	0	0	0	0.01	-2
9000	60	90	300	4	25	23	68316	4.83452	5	1	0	5	0.2	5	0.2	1	0.59	-0.229148	0.06	-1.22185	1.1	0.0413927
9000	61	90	300	4	25	24	29855	4.47502	5	0	0	6	0.166667	6	0.166667	1	0.19	-0.721246	0.04	-1.39794	0	0
9000	62	90	300	4	25	16	3983	3.60021	4	0	0	4	0.25	4	0.25	1	0.02	-1.69897	0	0	0	0
9000	63	90	300	4	25	28	39618	4.59789	5	1	0	6	0.166667	6	0.166667	1	0.52	-0.283997	0.06	-1.22185	0.43	-0.366532
9000	64	90	300	4	25	21	7653	3.88383	4	0	0	6	0.166667	6	0.166667	1	0.06	-1.22185	0	0	0	0
9000	65	90	300	4	25	27	122983	5.08985	6	0	0	5	0.2	5	0.2	1	0.75	-0.124939	0.18	-0.744727	0	0
9000	66	90	300	4	25	19	16352	4.21357	5	0	0	4	0.25	4	0.25	1	0.12	-0.920819	0.02	-1.69897	0	0
9000	67	90	300	4	25	17	7015	3.84603	4	0	0	3	0.333333	3	0.333333	1	0.03	-1.52288	0	0	0	0
9000	68	90	300	4	25	19	14159	4.15103	5	0	0	3	0.333333	3	0.333333	1	0.07	-1.1549	0.02	-1.69897	0	0
9000	69	90	300	4	25	19	6911	3.83954	4	0	0	5	0.2	5	0.2	1	0.03	-1.52288	0.01	-2	0	0
9000	70	90	300	4	25	25	47688	4.67841	5	0	0	7	0.142857	7	0.142857	1	0.36	-0.443697	0.03	-1.52288	0	0
9000	71	90	300	4	25	26	50399	4.70242	5	0	0	10	0.1	10	0.1	1	0.6	-0.221849	0.06	-1.22185	0	0
9000	72	90	300	4	25	15	775	2.8893	3	0	0	5	0.2	5	0.2	1	0	0	0	0	0	0
9000	73	90	300	4	25	18	8511	3.92998	4	1	0	4	0.25	4	0.25	1	0.04	-1.39794	0.01	-2	0.28	-0.552842
9000	74	90	300	4	25	14	1727	3.23729	4	0	0	3	0.333333	3	0.333333	1	0.01	-2	0	0	0	0
9000	75	90	300	4	25	17	2750	3.43933	4	0	0	4	0.25	4	0.25	1	0.01	-2	0	0	0	0
9000	76	90	300	4	25	25	75942	4.88048	5	1	0	5	0.2	5	0.2	1	0.55	-0.259637	0.08	-1.09691	9.92	0.996512
9000	77	90	300	4	25	17	6911	3.83954	4	0	0	5	0.2	5	0.2	1	0.04	-1.39794	0	0	0	0
9000	78	90	300	4	25	26	58826	4.76957	5	0	0	5	0.2	5	0.2	1	0.72	-0.142668	0.06	-1.22185	0	0
9000	79	90	300	4	25	25	32431	4.51096	5	0	0	7	0.142857	7	0.142857	1	0.16	-0.79588	0.04	-1.39794	0	0
9000	80	90	300	4	25	26	96272	4.9835	5	1	0	5	0.2	5	0.2	1	0.57	-0.244125	0.12	-0.920819	0.79	-0.102373
9000	81	90	300	4	25	24	23385	4.36894	5	1	0	5	0.2	5	0.2	1	0.28	-0.552842	0.02	-1.69897	0.15	-0.823909
9000	82	90	300	4	25	21	44403	4.64741	5	0	0	4	0.25	4	0.25	1	0.28	-0.552842	0.04	-1.39794	0	0
9000	83	90	300	4	25	28	58664	4.76837	5	0	0	9	0.111111	9	0.111111	1	0.42	-0.376751	0.04	-1.39794	0	0
9000	84	90	300	4	25	23	71231	4.85267	5	1	0	4	0.25	4	0.25	1	0.57	-0.244125	0.09	-1.04576	0.53	-0.275724
9000	85	90	300	4	25	35	3025122	6.48074	7	1	0	6	0.166667	6	0.166667	1	28.01	1.44731	4.82	0.683047	1246.29	3.09562
9000	86	90	300	4	25	21	18567	4.26874	5	0	0	6	0.166667	6	0.166667	1	0.2	-0.69897	0.01	-2	0	0
9000	87	90	300	4	25	24	204945	5.31164	6	1	0	4	0.25	4	0.25	1	1.44	0.158362	0.25	-0.60206	0.77	-0.113509
9000	88	90	300	4	25	28	48383	4.68469	5	0	0	9	0.111111	9	0.111111	1	0.45	-0.346787	0.04	-1.39794	0	0
9000	89	90	300	4	25	23	29218	4.46565	5	1	0	5	0.2	5	0.2	1	0.18	-0.744727	0.03	-1.52288	0.27	-0.568636
9000	90	90	300	4	25	17	2714	3.43361	4	0	0	5	0.2	5	0.2	1	0.01	-2	0	0	0	0
9000	91	90	300	4	25	23	29845	4.47487	5	0	0	5	0.2	5	0.2	1	0.22	-0.657577	0.03	-1.52288	0	0
9000	92	90	300	4	25	21	44927	4.65251	5	0	0	4	0.25	4	0.25	1	0.25	-0.60206	0.05	-1.30103	0	0
9000	93	90	300	4	25	21	37608	4.57528	5	1	0	4	0.25	4	0.25	1	0.19	-0.721246	0.04	-1.39794	0.6	-0.221849
9000	94	90	300	4	25	32	196541	5.29345	6	0	0	6	0.166667	6	0.166667	1	2.3	0.361728	0.25	-0.60206	0	0
9000	95	90	300	4	25	22	22175	4.34586	5	0	0	7	0.142857	7	0.142857	1	0.12	-0.920819	0.01	-2	0	0
9000	96	90	300	4	25	32	170553	5.23186	6	1	0	9	0.111111	9	0.111111	1	2.82	0.450249	0.24	-0.619789	0.46	-0.337242
9000	97	90	300	4	25	17	3527	3.54741	4	0	0	5	0.2	5	0.2	1	0.01	-2	0.01	-2	0	0
9000	98	90	300	4	25	21	7160	3.85491	4	0	0	7	0.142857	7	0.142857	1	0.04	-1.39794	0	0	0	0
9000	99	90	300	4	25	24	8210	3.91434	4	0	0	7	0.142857	7	0.142857	1	0.04	-1.39794	0.01	-2	0	0
9000	100	90	300	4	25	22	10180	4.00775	5	0	0	6	0.166667	6	0.166667	1	0.03	-1.52288	0.01	-2	0	0
9000	101	90	300	4	25	13	1003	3.0013	4	0	0	3	0.333333	3	0.333333	1	0	0	0	0	0	0
9000	102	90	300	4	25	24	18869	4.27575	5	1	0	8	0.125	8	0.125	1	0.12	-0.920819	0.02	-1.69897	0.16	-0.79588
9000	103	90	300	4	25	28	68229	4.83397	5	1	0	5	0.2	5	0.2	1	0.69	-0.161151	0.09	-1.04576	1.02	0.00860017
9000	104	90	300	4	25	11	359	2.55509	3	0	0	3	0.333333	3	0.333333	1	0	0	0	0	0	0
9000	105	90	300	4	25	24	44887	4.65212	5	1	0	5	0.2	5	0.2	1	0.27	-0.568636	0.05	-1.30103	0.41	-0.387216
9000	106	90	300	4	25	15	902	2.95521	3	0	0	5	0.2	5	0.2	1	0	0	0	0	0	0
9000	107	90	300	4	25	18	2519	3.40123	4	0	0	6	0.166667	6	0.166667	1	0.01	-2	0	0	0	0
9000	108	90	300	4	25	22	55249	4.74232	5	0	0	4	0.25	4	0.25	1	0.43	-0.366532	0.03	-1.52288	0	0
9000	109	90	300	4	25	28	20105	4.3033	5	0	0	7	0.142857	7	0.142857	1	0.18	-0.744727	0.03	-1.52288	0	0
9000	110	90	300	4	25	11	239	2.3784	3	0	0	3	0.333333	3	0.333333	1	0	0	0	0	0	0
9000	111	90	300	4	25	19	3275	3.51521	4	0	0	8	0.125	8	0.125	1	0.01	-2	0	0	0	0
9000	112	90	300	4	25	30	2009158	6.30301	7	1	0	5	0.2	5	0.2	1	20.37	1.30899	1.82	0.260071	9.86	0.993877
9000	113	90	300	4	25	15	2047	3.31112	4	0	0	5	0.2	5	0.2	1	0.02	-1.69897	0	0	0	0
9000	114	90	300	4	25	24	74276	4.87085	5	0	0	4	0.25	4	0.25	1	0.87	-0.0604807	0.12	-0.920819	0	0
9000	115	90	300	4	25	31	79700	4.90146	5	1	0	7	0.142857	7	0.142857	1	0.78	-0.107905	0.12	-0.920819	3.92	0.593286
9000	116	90	300	4	25	13	3375	3.52827	4	0	0	2	0.5	2	0.5	1	0.02	-1.69897	0	0	0	0
9000	117	90	300	4	25	18	7176	3.85588	4	0	0	5	0.2	5	0.2	1	0.11	-0.958607	0	0	0	0
9000	118	90	300	4	25	27	106999	5.02938	6	1	0	5	0.2	5	0.2	1	1.05	0.0211893	0.1	-1	6.54	0.815578
9000	119	90	300	4	25	17	3170	3.50106	4	0	0	4	0.25	4	0.25	1	0.01	-2	0	0	0	0
9000	120	90	300	4	25	14	3098	3.49108	4	0	0	3	0.333333	3	0.333333	1	0.01	-2	0	0	0	0
9000	121	90	300	4	25	24	102142	5.0092	6	1	1	3.25	0.307692	4	0.25	0.8125	0.74	-0.130768	0.19	-0.721246	0.95	-0.0222764
9000	122	90	300	4	25	17	2945	3.46909	4	1	0	5	0.2	5	0.2	1	0.01	-2	0	0	0.02	-1.69897
9000	123	90	300	4	25	21	23294	4.36724	5	1	0	4	0.25	4	0.25	1	0.14	-0.853872	0.04	-1.39794	0.18	-0.744727
9000	124	90	300	4	25	30	26757	4.42744	5	0	0	14	0.0714286	14	0.0714286	1	0.26	-0.585027	0.03	-1.52288	0	0
9000	125	90	300	4	25	17	8447	3.9267	4	0	0	4	0.25	4	0.25	1	0.04	-1.39794	0.01	-2	0	0
9000	126	90	300	4	25	18	3444	3.53706	4	1	0	4	0.25	4	0.25	1	0.02	-1.69897	0.01	-2	0.02	-1.69897
9000	127	90	300	4	25	23	36289	4.55978	5	0	0	6	0.166667	6	0.166667	1	0.24	-0.619789	0.05	-1.30103	0	0
9000	128	90	300	4	25	20	6624	3.82112	4	0	0	5	0.2	5	0.2	1	0.06	-1.22185	0	0	0	0
9000	129	90	300	4	25	17	5403	3.73263	4	0	0	5	0.2	5	0.2	1	0.03	-1.52288	0	0	0	0
9000	130	90	300	4	25	8	50	1.69897	2	0	0	4	0.25	4	0.25	1	0	0	0	0	0	0
9000	131	90	300	4	25	23	25487	4.40632	5	0	0	7	0.142857	7	0.142857	1	0.16	-0.79588	0.03	-1.52288	0	0
9000	132	90	300	4	25	27	41217	4.61508	5	0	0	6	0.166667	6	0.166667	1	0.39	-0.408935	0.07	-1.1549	0	0
9000	133	90	300	4	25	20	29699	4.47274	5	1	0	4	0.25	4	0.25	1	0.18	-0.744727	0.01	-2	0.25	-0.60206
9000	134	90	300	4	25	32	918398	5.96303	6	1	0	5	0.2	5	0.2	1	9.69	0.986324	0.99	-0.00436481	56.15	1.74935
9000	135	90	300	4	25	14	647	2.8109	3	0	0	5	0.2	5	0.2	1	0	0	0	0	0	0
9000	136	90	300	4	25	15	2519	3.40123	4	0	0	4	0.25	4	0.25	1	0.01	-2	0	0	0	0
9000	137	90	300	4	25	33	662273	5.82104	6	1	0	8	0.125	8	0.125	1	6.85	0.835691	0.47	-0.327902	74.24	1.87064
9000	138	90	300	4	25	16	2056	3.31302	4	0	0	4	0.25	4	0.25	1	0.01	-2	0	0	0	0
9000	139	90	300	4	25	23	7934	3.89949	4	0	0	6	0.166667	6	0.166667	1	0.07	-1.1549	0.01	-2	0	0
9000	140	90	300	4	25	24	35090	4.54518	5	0	0	6	0.166667	6	0.166667	1	0.26	-0.585027	0.04	-1.39794	0	0
9000	141	90	300	4	25	22	14894	4.17301	5	1	0	6	0.166667	6	0.166667	1	0.09	-1.04576	0.02	-1.69897	0.13	-0.886057
9000	142	90	300	4	25	23	42261	4.62594	5	0	0	4	0.25	4	0.25	1	0.33	-0.481486	0.04	-1.39794	0	0
9000	143	90	300	4	25	17	4393	3.64276	4	1	0	5	0.2	5	0.2	1	0.02	-1.69897	0	0	0.04	-1.39794
9000	144	90	300	4	25	15	791	2.89818	3	0	0	6	0.166667	6	0.166667	1	0	0	0	0	0	0
9000	145	90	300	4	25	21	4179	3.62107	4	0	0	9	0.111111	9	0.111111	1	0.02	-1.69897	0	0	0	0
9000	146	90	300	4	25	22	20450	4.31069	5	0	0	6	0.166667	6	0.166667	1	0.29	-0.537602	0.03	-1.52288	0	0
9000	147	90	300	4	25	37	505864	5.70403	6	1	0	14	0.0714286	14	0.0714286	1	6.38	0.804821	0.72	-0.142668	43.96	1.64306
9000	148	90	300	4	25	17	4559	3.65887	4	0	0	4	0.25	4	0.25	1	0.06	-1.22185	0.02	-1.69897	0	0
9000	149	90	300	4	25	22	19995	4.30092	5	0	0	6	0.166667	6	0.166667	1	0.27	-0.568636	0.01	-2	0	0
9000	150	90	300	4	25	21	17519	4.24351	5	0	0	7	0.142857	7	0.142857	1	0.12	-0.920819	0.01	-2	0	0
9000	151	90	300	4	25	21	16981	4.22996	5	0	0	7	0.142857	7	0.142857	1	0.09	-1.04576	0.01	-2	0	0
9000	152	90	300	4	25	29	242318	5.38439	6	0	0	6	0.166667	6	0.166667	1	1.72	0.235528	0.41	-0.387216	0	0
9000	153	90	300	4	25	24	123312	5.09101	6	1	0	5	0.2	5	0.2	1	1.04	0.0170333	0.13	-0.886057	1.02	0.00860017
9000	154	90	300	4	25	11	439	2.64246	3	0	0	3	0.333333	3	0.333333	1	0	0	0	0	0	0
9000	155	90	300	4	25	17	4320	3.63548	4	0	0	4	0.25	4	0.25	1	0.02	-1.69897	0	0	0	0
9000	156	90	300	4	25	25	23878	4.378	5	1	0	6	0.166667	6	0.166667	1	0.13	-0.886057	0.03	-1.52288	0.73	-0.136677
9000	157	90	300	4	25	18	1863	3.27021	4	0	0	7	0.142857	7	0.142857	1	0.01	-2	0	0	0	0
9000	158	90	300	4	25	27	360845	5.55732	6	0	0	7	0.142857	7	0.142857	1	2.9	0.462398	0.33	-0.481486	0	0
9000	159	90	300	4	25	25	32171	4.50746	5	0	0	6	0.166667	6	0.166667	1	0.23	-0.638272	0.03	-1.52288	0	0
9000	160	90	300	4	25	20	5743	3.75914	4	0	0	6	0.166667	6	0.166667	1	0.04	-1.39794	0	0	0	0
9000	161	90	300	4	25	18	7874	3.8962	4	0	0	5	0.2	5	0.2	1	0.07	-1.1549	0	0	0	0
9000	162	90	300	4	25	24	20229	4.30597	5	1	0	6	0.166667	6	0.166667	1	0.17	-0.769551	0.03	-1.52288	0.45	-0.346787
9000	163	90	300	4	25	27	530663	5.72482	6	1	0	5	0.2	5	0.2	1	6.34	0.802089	0.5	-0.30103	2.55	0.40654
9000	164	90	300	4	25	21	13968	4.14513	5	0	0	5	0.2	5	0.2	1	0.07	-1.1549	0.01	-2	0	0
9000	165	90	300	4	25	36	378801	5.57841	6	1	0	12	0.0833333	12	0.0833333	1	2.85	0.454845	0.54	-0.267606	30.09	1.47842
9000	166	90	300	4	25	24	23880	4.37803	5	0	0	5	0.2	5	0.2	1	0.15	-0.823909	0.02	-1.69897	0	0
9000	167	90	300	4	25	34	917194	5.96246	6	1	0	7	0.142857	7	0.142857	1	7.25	0.860338	1.59	0.201397	56.11	1.74904
9000	168	90	300	4	25	18	11219	4.04995	5	0	0	4	0.25	4	0.25	1	0.09	-1.04576	0.03	-1.52288	0	0
9000	169	90	300	4	25	23	62451	4.79554	5	1	0	4	0.25	4	0.25	1	0.58	-0.236572	0.09	-1.04576	2.28	0.357935
9000	170	90	300	4	25	25	176300	5.24625	6	1	0	6	0.166667	6	0.166667	1	1.47	0.167317	0.24	-0.619789	0.5	-0.30103
9000	171	90	300	4	25	28	152766	5.18403	6	0	0	6	0.166667	6	0.166667	1	1.37	0.136721	0.19	-0.721246	0	0
9000	172	90	300	4	25	25	124165	5.094	6	1	0	5	0.2	5	0.2	1	0.96	-0.0177288	0.12	-0.920819	1.56	0.193125
9000	173	90	300	4	25	24	9232	3.9653	4	0	0	8	0.125	8	0.125	1	0.09	-1.04576	0	0	0	0
9000	174	90	300	4	25	19	11292	4.05277	5	1	0	7	0.142857	7	0.142857	1	0.06	-1.22185	0.01	-2	0.1	-1
9000	175	90	300	4	25	20	7629	3.88247	4	0	0	5	0.2	5	0.2	1	0.04	-1.39794	0	0	0	0
9000	176	90	300	4	25	21	4799	3.68115	4	0	0	8	0.125	8	0.125	1	0.05	-1.30103	0.01	-2	0	0
9000	177	90	300	4	25	18	15361	4.18642	5	0	0	4	0.25	4	0.25	1	0.09	-1.04576	0.02	-1.69897	0	0
9000	178	90	300	4	25	26	155453	5.1916	6	1	0	5	0.2	5	0.2	1	1.31	0.117271	0.32	-0.49485	1.5	0.176091
9000	179	90	300	4	25	23	19868	4.29815	5	0	0	5	0.2	5	0.2	1	0.2	-0.69897	0.01	-2	0	0
9000	180	90	300	4	25	15	5759	3.76035	4	0	0	3	0.333333	3	0.333333	1	0.03	-1.52288	0	0	0	0
9000	181	90	300	4	25	34	547935	5.73873	6	1	0	7	0.142857	7	0.142857	1	6.62	0.820858	0.37	-0.431798	1.69	0.227887
9000	182	90	300	4	25	19	2845	3.45408	4	1	0	6	0.166667	6	0.166667	1	0.01	-2	0	0	0.03	-1.52288
9000	183	90	300	4	25	28	188212	5.27465	6	0	0	6	0.166667	6	0.166667	1	1.98	0.296665	0.29	-0.537602	0	0
9000	184	90	300	4	25	19	11640	4.06595	5	0	0	6	0.166667	6	0.166667	1	0.05	-1.30103	0.01	-2	0	0
9000	185	90	300	4	25	25	28760	4.45879	5	0	0	8	0.125	8	0.125	1	0.2	-0.69897	0.05	-1.30103	0	0
9000	186	90	300	4	25	28	96897	4.98631	5	0	0	6	0.166667	6	0.166667	1	0.94	-0.0268721	0.14	-0.853872	0	0
9000	187	90	300	4	25	16	4550	3.65801	4	0	0	4	0.25	4	0.25	1	0.02	-1.69897	0	0	0	0
9000	188	90	300	4	25	22	35007	4.54415	5	0	0	6	0.166667	6	0.166667	1	0.21	-0.677781	0.04	-1.39794	0	0
9000	189	90	300	4	25	17	1051	3.0216	4	1	0	7	0.142857	7	0.142857	1	0	0	0	0	0.02	-1.69897
9000	190	90	300	4	25	29	148145	5.17069	6	0	0	8	0.125	8	0.125	1	1.59	0.201397	0.25	-0.60206	0	0
9000	191	90	300	4	25	17	4069	3.60949	4	0	0	4	0.25	4	0.25	1	0.01	-2	0.01	-2	0	0
9000	192	90	300	4	25	29	70337	4.84718	5	0	0	7	0.142857	7	0.142857	1	0.69	-0.161151	0.11	-0.958607	0	0
9000	193	90	300	4	25	16	2239	3.35005	4	0	0	5	0.2	5	0.2	1	0	0	0.01	-2	0	0
9000	194	90	300	4	25	23	3564	3.55194	4	1	0	6	0.166667	6	0.166667	1	0.1	-1	0	0	0.05	-1.30103
9000	195	90	300	4	25	23	93566	4.97112	5	0	0	5	0.2	5	0.2	1	0.7	-0.154902	0.1	-1	0	0
9000	196	90	300	4	25	25	40091	4.60305	5	1	0	5	0.2	5	0.2	1	0.28	-0.552842	0.06	-1.22185	0.38	-0.420216
9000	197	90	300	4	25	26	44879	4.65204	5	1	0	7	0.142857	7	0.142857	1	0.29	-0.537602	0.06	-1.22185	0.4	-0.39794
9000	198	90	300	4	25	27	49706	4.69641	5	1	0	8	0.125	8	0.125	1	0.4	-0.39794	0.05	-1.30103	0.35	-0.455932
9000	199	90	300	4	25	27	195315	5.29074	6	0	0	5	0.2	5	0.2	1	1.26	0.100371	0.27	-0.568636	0	0
9000	200	90	300	4	25	21	58319	4.76581	5	1	0	4	0.25	4	0.25	1	0.36	-0.443697	0.04	-1.39794	0.42	-0.376751
9000	201	90	300	4	25	21	5823	3.76515	4	0	0	6	0.166667	6	0.166667	1	0.03	-1.52288	0	0	0	0
9000	202	90	300	4	25	20	28071	4.44826	5	1	0	3	0.333333	3	0.333333	1	0.17	-0.769551	0.04	-1.39794	0.27	-0.568636
9000	203	90	300	4	25	21	5415	3.7336	4	0	0	7	0.142857	7	0.142857	1	0.05	-1.30103	0.01	-2	0	0
9000	204	90	300	4	25	14	1943	3.28847	4	1	0	3	0.333333	3	0.333333	1	0.01	-2	0	0	0.02	-1.69897
9000	205	90	300	4	25	11	137	2.13672	3	0	0	6	0.166667	6	0.166667	1	0	0	0	0	0	0
9000	206	90	300	4	25	23	5394	3.73191	4	0	0	6	0.166667	6	0.166667	1	0.04	-1.39794	0	0	0	0
9000	207	90	300	4	25	18	5694	3.75542	4	1	0	5	0.2	5	0.2	1	0.03	-1.52288	0.01	-2	0.22	-0.657577
9000	208	90	300	4	25	18	25397	4.40478	5	1	0	3	0.333333	3	0.333333	1	0.16	-0.79588	0.03	-1.52288	0.35	-0.455932
9000	209	90	300	4	25	14	5775	3.76155	4	0	0	2	0.5	2	0.5	1	0.02	-1.69897	0.01	-2	0	0
9000	210	90	300	4	25	31	118508	5.07375	6	1	0	12	0.0833333	12	0.0833333	1	1.44	0.158362	0.13	-0.886057	0.99	-0.00436481
9000	211	90	300	4	25	28	156624	5.19486	6	1	0	8	0.125	8	0.125	1	1.55	0.190332	0.22	-0.657577	6.25	0.79588
9000	212	90	300	4	25	18	2470	3.3927	4	0	0	6	0.166667	6	0.166667	1	0.09	-1.04576	0	0	0	0
9000	213	90	300	4	25	26	199412	5.29975	6	0	0	6	0.166667	6	0.166667	1	2.3	0.361728	0.18	-0.744727	0	0
9000	214	90	300	4	25	18	2111	3.32449	4	1	0	6	0.166667	6	0.166667	1	0.02	-1.69897	0	0	0.02	-1.69897
9000	215	90	300	4	25	26	9663	3.98511	4	0	0	12	0.0833333	12	0.0833333	1	0.12	-0.920819	0.01	-2	0	0
9000	216	90	300	4	25	21	14975	4.17537	5	0	0	5	0.2	5	0.2	1	0.09	-1.04576	0.02	-1.69897	0	0
9000	217	90	300	4	25	16	7679	3.8853	4	0	0	4	0.25	4	0.25	1	0.04	-1.39794	0.01	-2	0	0
9000	218	90	300	4	25	27	36546	4.56284	5	0	0	9	0.111111	9	0.111111	1	0.36	-0.443697	0.03	-1.52288	0	0
9000	219	90	300	4	25	28	242196	5.38417	6	1	0	7	0.142857	7	0.142857	1	1.66	0.220108	0.35	-0.455932	40.62	1.60874
9000	220	90	300	4	25	28	110706	5.04417	6	1	0	7	0.142857	7	0.142857	1	0.89	-0.05061	0.13	-0.886057	1.04	0.0170333
9000	221	90	300	4	25	19	10435	4.01849	5	1	1	3.5	0.285714	4	0.25	0.875	0.05	-1.30103	0.02	-1.69897	0.12	-0.920819
9000	222	90	300	4	25	29	47361	4.67542	5	0	0	7	0.142857	7	0.142857	1	0.97	-0.0132283	0.05	-1.30103	0	0
9000	223	90	300	4	25	33	296792	5.47245	6	1	0	10	0.1	10	0.1	1	3	0.477121	0.62	-0.207608	1.63	0.212188
9000	224	90	300	4	25	22	38405	4.58439	5	1	0	7	0.142857	7	0.142857	1	0.2	-0.69897	0.02	-1.69897	0.33	-0.481486
9000	225	90	300	4	25	18	3093	3.49038	4	1	0	5	0.2	5	0.2	1	0.02	-1.69897	0	0	0.04	-1.39794
9000	226	90	300	4	25	13	578	2.76193	3	1	1	3.33333	0.3	4	0.25	0.833333	0	0	0	0	0.01	-2
9000	227	90	300	4	25	32	189797	5.27829	6	1	0	7	0.142857	7	0.142857	1	2.82	0.450249	0.36	-0.443697	32.9	1.5172
9000	228	90	300	4	25	18	1755	3.24428	4	0	0	7	0.142857	7	0.142857	1	0.01	-2	0	0	0	0
9000	229	90	300	4	25	14	749	2.87448	3	0	0	4	0.25	4	0.25	1	0	0	0	0	0	0
9000	230	90	300	4	25	17	8191	3.91334	4	0	0	4	0.25	4	0.25	1	0.05	-1.30103	0.01	-2	0	0
9000	231	90	300	4	25	14	2265	3.35507	4	0	0	3	0.333333	3	0.333333	1	0.01	-2	0	0	0	0
9000	232	90	300	4	25	23	32950	4.51786	5	1	0	5	0.2	5	0.2	1	0.23	-0.638272	0.04	-1.39794	1.51	0.178977
9000	233	90	300	4	25	20	9894	3.99537	4	0	0	7	0.142857	7	0.142857	1	0.06	-1.22185	0.01	-2	0	0
9000	234	90	300	4	25	33	69360	4.84111	5	0	0	11	0.0909091	11	0.0909091	1	0.55	-0.259637	0.07	-1.1549	0	0
9000	235	90	300	4	25	24	10144	4.00621	5	0	0	7	0.142857	7	0.142857	1	0.08	-1.09691	0.01	-2	0	0
9000	236	90	300	4	25	31	81594	4.91166	5	1	1	6.5	0.153846	7	0.142857	0.928571	0.52	-0.283997	0.1	-1	0.61	-0.21467
9000	237	90	300	4	25	24	31109	4.49289	5	1	0	6	0.166667	6	0.166667	1	0.25	-0.60206	0.03	-1.52288	0.29	-0.537602
9000	238	90	300	4	25	28	764616	5.88344	6	1	0	4	0.25	4	0.25	1	8.73	0.941014	0.64	-0.19382	42.95	1.63296
9000	239	90	300	4	25	23	10980	4.0406	5	0	0	6	0.166667	6	0.166667	1	0.07	-1.1549	0.01	-2	0	0
9000	240	90	300	4	25	26	56306	4.75055	5	1	0	6	0.166667	6	0.166667	1	0.36	-0.443697	0.07	-1.1549	0.5	-0.30103
9000	241	90	300	4	25	20	17934	4.25368	5	1	0	5	0.2	5	0.2	1	0.17	-0.769551	0.02	-1.69897	0.16	-0.79588
9000	242	90	300	4	25	34	691199	5.8396	6	1	0	9	0.111111	9	0.111111	1	5.19	0.715167	0.68	-0.167491	3.59	0.555094
9000	243	90	300	4	25	22	24611	4.39113	5	1	0	4	0.25	4	0.25	1	0.21	-0.677781	0.03	-1.52288	0.26	-0.585027
9000	244	90	300	4	25	17	3158	3.49941	4	0	0	3	0.333333	3	0.333333	1	0.02	-1.69897	0	0	0	0
9000	245	90	300	4	25	14	995	2.99782	3	0	0	4	0.25	4	0.25	1	0	0	0	0	0	0
9000	246	90	300	4	25	30	25172	4.40092	5	0	0	10	0.1	10	0.1	1	0.33	-0.481486	0.02	-1.69897	0	0
9000	247	90	300	4	25	26	92258	4.965	5	1	0	5	0.2	5	0.2	1	0.88	-0.0555173	0.1	-1	0.86	-0.0655015
9000	248	90	300	4	25	26	61041	4.78562	5	0	0	7	0.142857	7	0.142857	1	0.43	-0.366532	0.11	-0.958607	0	0
9000	249	90	300	4	25	17	4333	3.63679	4	0	0	5	0.2	5	0.2	1	0.02	-1.69897	0	0	0	0
9000	250	90	300	4	25	31	102044	5.00879	6	0	0	9	0.111111	9	0.111111	1	1.19	0.075547	0.09	-1.04576	0	0
9000	251	90	300	4	25	22	27801	4.44406	5	0	0	8	0.125	8	0.125	1	0.13	-0.886057	0.02	-1.69897	0	0
9000	252	90	300	4	25	24	25511	4.40673	5	0	0	7	0.142857	7	0.142857	1	0.23	-0.638272	0.03	-1.52288	0	0
9000	253	90	300	4	25	19	10442	4.01878	5	1	0	4	0.25	4	0.25	1	0.06	-1.22185	0.02	-1.69897	0.1	-1
9000	254	90	300	4	25	24	19439	4.28867	5	0	0	5	0.2	5	0.2	1	0.15	-0.823909	0.04	-1.39794	0	0
9000	255	90	300	4	25	27	200687	5.30252	6	0	0	5	0.2	5	0.2	1	2.74	0.437751	0.34	-0.468521	0	0
9000	256	90	300	4	25	30	46227	4.6649	5	0	0	6	0.166667	6	0.166667	1	0.57	-0.244125	0.06	-1.22185	0	0
9000	257	90	300	4	25	21	10563	4.02379	5	1	0	5	0.2	5	0.2	1	0.06	-1.22185	0.01	-2	0.38	-0.420216
9000	258	90	300	4	25	10	311	2.49276	3	0	0	3	0.333333	3	0.333333	1	0	0	0	0	0	0
9000	259	90	300	4	25	17	4455	3.64885	4	0	0	4	0.25	4	0.25	1	0.02	-1.69897	0	0	0	0
9000	260	90	300	4	25	16	586	2.7679	3	0	0	9	0.111111	9	0.111111	1	0	0	0	0	0	0
9000	261	90	300	4	25	20	6736	3.8284	4	0	0	6	0.166667	6	0.166667	1	0.05	-1.30103	0.01	-2	0	0
9000	262	90	300	4	25	22	10485	4.02057	5	0	0	6	0.166667	6	0.166667	1	0.09	-1.04576	0.02	-1.69897	0	0
9000	263	90	300	4	25	25	17835	4.25127	5	0	0	11	0.0909091	11	0.0909091	1	0.13	-0.886057	0.01	-2	0	0
9000	264	90	300	4	25	12	607	2.78319	3	1	0	3	0.333333	3	0.333333	1	0	0	0	0	0.01	-2
9000	265	90	300	4	25	19	6597	3.81935	4	0	0	6	0.166667	6	0.166667	1	0.06	-1.22185	0	0	0	0
9000	266	90	300	4	25	23	91996	4.96377	5	1	0	4	0.25	4	0.25	1	0.61	-0.21467	0.12	-0.920819	3.66	0.563481
9000	267	90	300	4	25	20	6987	3.84429	4	0	0	5	0.2	5	0.2	1	0.04	-1.39794	0	0	0	0
9000	268	90	300	4	25	25	19570	4.29159	5	0	0	7	0.142857	7	0.142857	1	0.16	-0.79588	0.03	-1.52288	0	0
9000	269	90	300	4	25	18	2052	3.31218	4	0	0	9	0.111111	9	0.111111	1	0.08	-1.09691	0	0	0	0
9000	270	90	300	4	25	20	3703	3.56855	4	0	0	6	0.166667	6	0.166667	1	0.03	-1.52288	0	0	0	0
9000	271	90	300	4	25	13	955	2.98	3	0	0	4	0.25	4	0.25	1	0	0	0	0	0	0
9000	272	90	300	4	25	20	7672	3.88491	4	1	0	6	0.166667	6	0.166667	1	0.04	-1.39794	0	0	0.08	-1.09691
9000	273	90	300	4	25	15	2175	3.33746	4	0	0	3	0.333333	3	0.333333	1	0.01	-2	0	0	0	0
9000	274	90	300	4	25	23	26986	4.43114	5	0	0	5	0.2	5	0.2	1	0.23	-0.638272	0.01	-2	0	0
9000	275	90	300	4	25	15	935	2.97081	3	0	0	5	0.2	5	0.2	1	0	0	0	0	0	0
9000	276	90	300	4	25	20	15258	4.1835	5	0	0	4	0.25	4	0.25	1	0.12	-0.920819	0.02	-1.69897	0	0
9000	277	90	300	4	25	21	10367	4.01565	5	0	0	5	0.2	5	0.2	1	0.07	-1.1549	0	0	0	0
9000	278	90	300	4	25	17	8460	3.92737	4	0	0	3	0.333333	3	0.333333	1	0.05	-1.30103	0.01	-2	0	0
9000	279	90	300	4	25	17	2519	3.40123	4	0	0	6	0.166667	6	0.166667	1	0.01	-2	0.01	-2	0	0
9000	280	90	300	4	25	32	17937	4.25375	5	1	0	15	0.0666667	15	0.0666667	1	0.24	-0.619789	0	0	0.13	-0.886057
9000	281	90	300	4	25	20	2539	3.40466	4	1	1	5.5	0.181818	6	0.166667	0.916667	0.02	-1.69897	0.01	-2	0.02	-1.69897
9000	282	90	300	4	25	24	65881	4.81876	5	1	0	5	0.2	5	0.2	1	0.49	-0.309804	0.11	-0.958607	0.55	-0.259637
9000	283	90	300	4	25	21	9054	3.95684	4	0	0	8	0.125	8	0.125	1	0.04	-1.39794	0	0	0	0
9000	284	90	300	4	25	26	72575	4.86079	5	0	0	10	0.1	10	0.1	1	0.57	-0.244125	0.06	-1.22185	0	0
9000	285	90	300	4	25	22	34248	4.53464	5	1	0	7	0.142857	7	0.142857	1	0.35	-0.455932	0.03	-1.52288	0.3	-0.522879
9000	286	90	300	4	25	26	32953	4.51789	5	0	0	7	0.142857	7	0.142857	1	0.33	-0.481486	0.04	-1.39794	0	0
9000	287	90	300	4	25	46	2338611	6.36896	7	1	0	14	0.0714286	14	0.0714286	1	31.65	1.50037	5.81	0.764176	96.46	1.98435
9000	288	90	300	4	25	21	12370	4.09237	5	0	0	6	0.166667	6	0.166667	1	0.1	-1	0	0	0	0
9000	289	90	300	4	25	31	166779	5.22214	6	0	0	6	0.166667	6	0.166667	1	2.1	0.322219	0.32	-0.49485	0	0
9000	290	90	300	4	25	21	8638	3.93641	4	1	0	4	0.25	4	0.25	1	0.06	-1.22185	0.01	-2	0.09	-1.04576
9000	291	90	300	4	25	29	57072	4.75642	5	0	0	11	0.0909091	11	0.0909091	1	0.6	-0.221849	0.05	-1.30103	0	0
9000	292	90	300	4	25	25	23703	4.3748	5	1	0	6	0.166667	6	0.166667	1	0.19	-0.721246	0.03	-1.52288	0.84	-0.0757207
9000	293	90	300	4	25	26	69625	4.84277	5	1	0	5	0.2	5	0.2	1	0.73	-0.136677	0.09	-1.04576	0.62	-0.207608
9000	294	90	300	4	25	29	449063	5.65231	6	1	0	8	0.125	8	0.125	1	6.89	0.838219	0.42	-0.376751	23.05	1.36267
9000	295	90	300	4	25	26	211637	5.32559	6	0	0	6	0.166667	6	0.166667	1	1.29	0.11059	0.31	-0.508638	0	0
9000	296	90	300	4	25	13	1158	3.06371	4	0	0	3	0.333333	3	0.333333	1	0	0	0	0	0	0
9000	297	90	300	4	25	26	97224	4.98777	5	1	0	6	0.166667	6	0.166667	1	0.84	-0.0757207	0.11	-0.958607	0.81	-0.091515
9000	298	90	300	4	25	25	138997	5.14301	6	1	0	4	0.25	4	0.25	1	1.96	0.292256	0.21	-0.677781	4.2	0.623249
9000	299	90	300	4	25	33	217409	5.33728	6	1	0	8	0.125	8	0.125	1	2.81	0.448706	0.24	-0.619789	1.24	0.0934217
9000	300	90	300	4	25	17	14975	4.17537	5	0	0	3	0.333333	3	0.333333	1	0.07	-1.1549	0.01	-2	0	0
9000	301	90	300	4	25	33	109291	5.03858	6	1	0	10	0.1	10	0.1	1	0.94	-0.0268721	0.11	-0.958607	0.73	-0.136677
9000	302	90	300	4	25	16	4747	3.67642	4	0	0	4	0.25	4	0.25	1	0.02	-1.69897	0	0	0	0
9000	303	90	300	4	25	20	61706	4.79033	5	0	0	3	0.333333	3	0.333333	1	0.36	-0.443697	0.06	-1.22185	0	0
9000	304	90	300	4	25	12	623	2.79449	3	0	0	4	0.25	4	0.25	1	0	0	0	0	0	0
9000	305	90	300	4	25	24	65680	4.81743	5	1	0	5	0.2	5	0.2	1	0.69	-0.161151	0.06	-1.22185	0.97	-0.0132283
9000	306	90	300	4	25	17	2340	3.36922	4	0	0	5	0.2	5	0.2	1	0.01	-2	0	0	0	0
9000	307	90	300	4	25	23	53496	4.72832	5	1	0	4	0.25	4	0.25	1	0.41	-0.387216	0.05	-1.30103	0.93	-0.0315171
9000	308	90	300	4	25	15	2270	3.35603	4	0	0	4	0.25	4	0.25	1	0.02	-1.69897	0	0	0	0
9000	309	90	300	4	25	25	42471	4.62809	5	1	0	5	0.2	5	0.2	1	0.49	-0.309804	0.08	-1.09691	0.41	-0.387216
9000	310	90	300	4	25	15	384	2.58433	3	0	0	5	0.2	5	0.2	1	0	0	0	0	0	0
9000	311	90	300	4	25	16	8684	3.93872	4	0	0	4	0.25	4	0.25	1	0.04	-1.39794	0.01	-2	0	0
9000	312	90	300	4	25	31	459165	5.66197	6	1	0	6	0.166667	6	0.166667	1	5.72	0.757396	0.95	-0.0222764	23.15	1.36455
9000	313	90	300	4	25	12	435	2.63849	3	0	0	4	0.25	4	0.25	1	0	0	0	0	0	0
9000	314	90	300	4	25	18	2039	3.30942	4	0	0	7	0.142857	7	0.142857	1	0.01	-2	0	0	0	0
9000	315	90	300	4	25	25	25424	4.40524	5	0	0	6	0.166667	6	0.166667	1	0.19	-0.721246	0.03	-1.52288	0	0
9000	316	90	300	4	25	14	2298	3.36135	4	1	0	3	0.333333	3	0.333333	1	0.01	-2	0	0	0.02	-1.69897
9000	317	90	300	4	25	32	850680	5.92977	6	1	0	6	0.166667	6	0.166667	1	7.81	0.892651	0.89	-0.05061	44.39	1.64729
9000	318	90	300	4	25	22	25633	4.4088	5	0	0	5	0.2	5	0.2	1	0.17	-0.769551	0.02	-1.69897	0	0
9000	319	90	300	4	25	18	7969	3.9014	4	0	0	5	0.2	5	0.2	1	0.07	-1.1549	0.01	-2	0	0
9000	320	90	300	4	25	21	8594	3.9342	4	1	0	7	0.142857	7	0.142857	1	0.04	-1.39794	0	0	0.31	-0.508638
9000	321	90	300	4	25	22	26631	4.42539	5	1	0	5	0.2	5	0.2	1	0.16	-0.79588	0.04	-1.39794	0.26	-0.585027
9000	322	90	300	4	25	17	8412	3.9249	4	1	0	4	0.25	4	0.25	1	0.03	-1.52288	0.01	-2	1.14	0.0569049
9000	323	90	300	4	25	19	5083	3.70612	4	1	0	4	0.25	4	0.25	1	0.03	-1.52288	0	0	0.05	-1.30103
9000	324	90	300	4	25	21	32111	4.50665	5	0	0	4	0.25	4	0.25	1	0.2	-0.69897	0.04	-1.39794	0	0
9000	325	90	300	4	25	13	1324	3.12189	4	1	0	3	0.333333	3	0.333333	1	0	0	0	0	0.03	-1.52288
9000	326	90	300	4	25	20	15702	4.19595	5	0	0	4	0.25	4	0.25	1	0.1	-1	0	0	0	0
9000	327	90	300	4	25	18	4839	3.68476	4	0	0	5	0.2	5	0.2	1	0.02	-1.69897	0	0	0	0
9000	328	90	300	4	25	22	29242	4.46601	5	0	0	7	0.142857	7	0.142857	1	0.13	-0.886057	0.03	-1.52288	0	0
9000	329	90	300	4	25	23	9365	3.97151	4	0	0	9	0.111111	9	0.111111	1	0.09	-1.04576	0	0	0	0
9000	330	90	300	4	25	18	13823	4.1406	5	0	0	5	0.2	5	0.2	1	0.06	-1.22185	0.01	-2	0	0
9000	331	90	300	4	25	25	86603	4.93753	5	1	0	6	0.166667	6	0.166667	1	0.57	-0.244125	0.1	-1	2.67	0.426511
9000	332	90	300	4	25	23	33184	4.52093	5	1	0	6	0.166667	6	0.166667	1	0.21	-0.677781	0.03	-1.52288	0.27	-0.568636
9000	333	90	300	4	25	15	1913	3.28171	4	1	0	4	0.25	4	0.25	1	0.01	-2	0	0	0.01	-2
9000	334	90	300	4	25	12	1299	3.11361	4	1	0	2	0.5	2	0.5	1	0	0	0	0	0.02	-1.69897
9000	335	90	300	4	25	16	3599	3.55618	4	1	0	4	0.25	4	0.25	1	0.02	-1.69897	0	0	0.04	-1.39794
9000	336	90	300	4	25	23	124415	5.09487	6	0	0	4	0.25	4	0.25	1	1.04	0.0170333	0.1	-1	0	0
9000	337	90	300	4	25	16	2071	3.31618	4	0	0	4	0.25	4	0.25	1	0.01	-2	0	0	0	0
9000	338	90	300	4	25	18	4561	3.65906	4	0	0	4	0.25	4	0.25	1	0.03	-1.52288	0	0	0	0
9000	339	90	300	4	25	16	6115	3.7864	4	1	0	3	0.333333	3	0.333333	1	0.02	-1.69897	0.01	-2	0.07	-1.1549
9000	340	90	300	4	25	23	27210	4.43473	5	0	0	7	0.142857	7	0.142857	1	0.17	-0.769551	0.02	-1.69897	0	0
9000	341	90	300	4	25	24	60213	4.77969	5	0	0	6	0.166667	6	0.166667	1	0.35	-0.455932	0.06	-1.22185	0	0
9000	342	90	300	4	25	19	13439	4.12837	5	0	0	6	0.166667	6	0.166667	1	0.05	-1.30103	0.01	-2	0	0
9000	343	90	300	4	25	33	76426	4.88324	5	0	0	10	0.1	10	0.1	1	1	0	0.1	-1	0	0
9000	344	90	300	4	25	19	5481	3.73886	4	0	0	5	0.2	5	0.2	1	0.03	-1.52288	0	0	0	0
9000	345	90	300	4	25	30	154795	5.18976	6	0	0	9	0.111111	9	0.111111	1	1.29	0.11059	0.14	-0.853872	0	0
9000	346	90	300	4	25	25	65126	4.81375	5	0	0	5	0.2	5	0.2	1	0.39	-0.408935	0.08	-1.09691	0	0
9000	347	90	300	4	25	15	2303	3.36229	4	0	0	3	0.333333	3	0.333333	1	0.02	-1.69897	0	0	0	0
9000	348	90	300	4	25	26	15097	4.17889	5	0	0	8	0.125	8	0.125	1	0.08	-1.09691	0.01	-2	0	0
9000	349	90	300	4	25	28	206427	5.31477	6	0	0	6	0.166667	6	0.166667	1	2.44	0.38739	0.32	-0.49485	0	0
9000	350	90	300	4	25	18	3661	3.5636	4	0	0	6	0.166667	6	0.166667	1	0.02	-1.69897	0	0	0	0
9000	351	90	300	4	25	19	24479	4.38879	5	1	0	4	0.25	4	0.25	1	0.15	-0.823909	0.02	-1.69897	0.38	-0.420216
9000	352	90	300	4	25	15	4031	3.60541	4	1	0	3	0.333333	3	0.333333	1	0.01	-2	0.01	-2	0.04	-1.39794
9000	353	90	300	4	25	16	3599	3.55618	4	0	0	4	0.25	4	0.25	1	0.02	-1.69897	0	0	0	0
9000	354	90	300	4	25	17	1499	3.1758	4	0	0	7	0.142857	7	0.142857	1	0	0	0	0	0	0
9000	355	90	300	4	25	20	21087	4.32401	5	1	0	4	0.25	4	0.25	1	0.17	-0.769551	0.02	-1.69897	0.2	-0.69897
9000	356	90	300	4	25	26	43479	4.63828	5	0	0	6	0.166667	6	0.166667	1	0.24	-0.619789	0.03	-1.52288	0	0
9000	357	90	300	4	25	30	145663	5.16335	6	0	0	6	0.166667	6	0.166667	1	1.16	0.064458	0.22	-0.657577	0	0
9000	358	90	300	4	25	20	48870	4.68904	5	0	0	4	0.25	4	0.25	1	0.34	-0.468521	0.04	-1.39794	0	0
9000	359	90	300	4	25	36	6690918	6.82549	7	1	0	6	0.166667	6	0.166667	1	54.27	1.73456	25.94	1.41397	637.84	2.80471
9000	360	90	300	4	25	21	10441	4.01874	5	0	0	7	0.142857	7	0.142857	1	0.12	-0.920819	0.01	-2	0	0
9000	361	90	300	4	25	22	4713	3.6733	4	0	0	7	0.142857	7	0.142857	1	0.03	-1.52288	0	0	0	0
9000	362	90	300	4	25	12	1151	3.06108	4	0	0	3	0.333333	3	0.333333	1	0	0	0	0	0	0
9000	363	90	300	4	25	20	71002	4.85127	5	0	0	3	0.333333	3	0.333333	1	0.41	-0.387216	0.07	-1.1549	0	0
9000	364	90	300	4	25	28	168757	5.22726	6	0	0	7	0.142857	7	0.142857	1	1.97	0.294466	0.24	-0.619789	0	0
9000	365	90	300	4	25	25	79623	4.90104	5	0	0	4	0.25	4	0.25	1	0.5	-0.30103	0.13	-0.886057	0	0
9000	366	90	300	4	25	18	6335	3.80175	4	0	0	5	0.2	5	0.2	1	0.02	-1.69897	0.01	-2	0	0
9000	367	90	300	4	25	17	1718	3.23502	4	0	0	7	0.142857	7	0.142857	1	0.01	-2	0	0	0	0
9000	368	90	300	4	25	16	337	2.52763	3	1	1	6.5	0.153846	7	0.142857	0.928571	0	0	0	0	0.01	-2
9000	369	90	300	4	25	29	763230	5.88266	6	1	0	5	0.2	5	0.2	1	11.17	1.04805	0.89	-0.05061	36.98	1.56797
9000	370	90	300	4	25	19	5711	3.75671	4	0	0	6	0.166667	6	0.166667	1	0.06	-1.22185	0	0	0	0
9000	371	90	300	4	25	22	12189	4.08597	5	0	0	8	0.125	8	0.125	1	0.14	-0.853872	0.02	-1.69897	0	0
9000	372	90	300	4	25	21	44673	4.65005	5	1	0	3	0.333333	3	0.333333	1	0.29	-0.537602	0.06	-1.22185	0.46	-0.337242
9000	373	90	300	4	25	27	41047	4.61328	5	0	0	7	0.142857	7	0.142857	1	0.29	-0.537602	0.05	-1.30103	0	0
9000	374	90	300	4	25	23	12925	4.11143	5	1	0	6	0.166667	6	0.166667	1	0.08	-1.09691	0.01	-2	0.15	-0.823909
9000	375	90	300	4	25	21	23327	4.36786	5	1	0	5	0.2	5	0.2	1	0.14	-0.853872	0.03	-1.52288	0.18	-0.744727
9000	376	90	300	4	25	21	16249	4.21083	5	0	0	6	0.166667	6	0.166667	1	0.14	-0.853872	0.01	-2	0	0
9000	377	90	300	4	25	29	205776	5.31339	6	1	0	6	0.166667	6	0.166667	1	1.93	0.285557	0.27	-0.568636	1.38	0.139879
9000	378	90	300	4	25	15	2640	3.4216	4	1	0	4	0.25	4	0.25	1	0.01	-2	0	0	0.03	-1.52288
9000	379	90	300	4	25	16	3402	3.53173	4	0	0	4	0.25	4	0.25	1	0.02	-1.69897	0	0	0	0
9000	380	90	300	4	25	22	19638	4.2931	5	0	0	5	0.2	5	0.2	1	0.14	-0.853872	0.03	-1.52288	0	0
9000	381	90	300	4	25	22	31499	4.4983	5	1	0	5	0.2	5	0.2	1	0.25	-0.60206	0.03	-1.52288	0.27	-0.568636
9000	382	90	300	4	25	16	6947	3.8418	4	0	0	3	0.333333	3	0.333333	1	0.03	-1.52288	0.01	-2	0	0
9000	383	90	300	4	25	23	40197	4.60419	5	0	0	5	0.2	5	0.2	1	0.34	-0.468521	0.05	-1.30103	0	0
9000	384	90	300	4	25	16	4415	3.64493	4	0	0	4	0.25	4	0.25	1	0.02	-1.69897	0	0	0	0
9000	385	90	300	4	25	22	4707	3.67274	4	0	0	8	0.125	8	0.125	1	0.04	-1.39794	0.01	-2	0	0
9000	386	90	300	4	25	27	147263	5.16809	6	0	0	5	0.2	5	0.2	1	1.34	0.127105	0.22	-0.657577	0	0
9000	387	90	300	4	25	24	72358	4.85949	5	0	0	4	0.25	4	0.25	1	0.58	-0.236572	0.07	-1.1549	0	0
9000	388	90	300	4	25	12	383	2.5832	3	0	0	5	0.2	5	0.2	1	0	0	0	0	0	0
9000	389	90	300	4	25	21	56179	4.74957	5	0	0	4	0.25	4	0.25	1	0.34	-0.468521	0.07	-1.1549	0	0
9000	390	90	300	4	25	31	4070258	6.60962	7	1	0	5	0.2	5	0.2	1	37.47	1.57368	4.91	0.691081	192.13	2.2836
9000	391	90	300	4	25	18	4137	3.61669	4	1	0	4	0.25	4	0.25	1	0.05	-1.30103	0	0	0.05	-1.30103
9000	392	90	300	4	25	23	104277	5.01819	6	1	0	4	0.25	4	0.25	1	0.76	-0.119186	0.16	-0.79588	3.57	0.552668
9000	393	90	300	4	25	20	14333	4.15634	5	0	0	4	0.25	4	0.25	1	0.18	-0.744727	0	0	0	0
9000	394	90	300	4	25	21	17382	4.2401	5	0	0	5	0.2	5	0.2	1	0.17	-0.769551	0.03	-1.52288	0	0
9000	395	90	300	4	25	20	9152	3.96152	4	1	0	4	0.25	4	0.25	1	0.06	-1.22185	0.01	-2	0.1	-1
9000	396	90	300	4	25	20	4059	3.60842	4	0	0	5	0.2	5	0.2	1	0.03	-1.52288	0.01	-2	0	0
9000	397	90	300	4	25	14	2894	3.4615	4	1	1	2.5	0.4	3	0.333333	0.833333	0.01	-2	0	0	0.17	-0.769551
9000	398	90	300	4	25	24	504237	5.70263	6	1	0	4	0.25	4	0.25	1	3.57	0.552668	0.46	-0.337242	1.82	0.260071
9000	399	90	300	4	25	19	5924	3.77262	4	0	0	5	0.2	5	0.2	1	0.03	-1.52288	0	0	0	0
9000	400	90	300	4	25	18	2159	3.33425	4	0	0	9	0.111111	9	0.111111	1	0.01	-2	0.01	-2	0	0
9000	401	90	300	4	25	19	12117	4.0834	5	0	0	5	0.2	5	0.2	1	0.06	-1.22185	0.02	-1.69897	0	0
9000	402	90	300	4	25	15	2556	3.40756	4	0	0	4	0.25	4	0.25	1	0.01	-2	0	0	0	0
9000	403	90	300	4	25	10	191	2.28103	3	0	0	3	0.333333	3	0.333333	1	0	0	0	0	0	0
9000	404	90	300	4	25	28	60820	4.78405	5	1	0	7	0.142857	7	0.142857	1	0.46	-0.337242	0.07	-1.1549	0.46	-0.337242
9000	405	90	300	4	25	28	103903	5.01663	6	1	0	8	0.125	8	0.125	1	0.8	-0.09691	0.1	-1	1	0
9000	406	90	300	4	25	11	359	2.55509	3	0	0	4	0.25	4	0.25	1	0	0	0	0	0	0
9000	407	90	300	4	25	18	7986	3.90233	4	1	0	4	0.25	4	0.25	1	0.04	-1.39794	0	0	0.07	-1.1549
9000	408	90	300	4	25	13	1055	3.02325	4	1	0	3	0.333333	3	0.333333	1	0	0	0	0	0.02	-1.69897
9000	409	90	300	4	25	16	1455	3.16286	4	0	0	6	0.166667	6	0.166667	1	0	0	0	0	0	0
9000	410	90	300	4	25	22	5769	3.7611	4	0	0	8	0.125	8	0.125	1	0.04	-1.39794	0	0	0	0
9000	411	90	300	4	25	25	58467	4.76691	5	1	0	5	0.2	5	0.2	1	0.47	-0.327902	0.07	-1.1549	0.54	-0.267606
9000	412	90	300	4	25	16	5183	3.71458	4	0	0	3	0.333333	3	0.333333	1	0.02	-1.69897	0	0	0	0
9000	413	90	300	4	25	13	824	2.91593	3	0	0	3	0.333333	3	0.333333	1	0	0	0	0	0	0
9000	414	90	300	4	25	21	16319	4.21269	5	0	0	7	0.142857	7	0.142857	1	0.12	-0.920819	0.01	-2	0	0
9000	415	90	300	4	25	12	380	2.57978	3	0	0	4	0.25	4	0.25	1	0	0	0	0	0	0
9000	416	90	300	4	25	18	8540	3.93146	4	0	0	4	0.25	4	0.25	1	0.06	-1.22185	0	0	0	0
9000	417	90	300	4	25	18	14592	4.16411	5	1	0	3	0.333333	3	0.333333	1	0.09	-1.04576	0.03	-1.52288	0.49	-0.309804
9000	418	90	300	4	25	16	2543	3.40535	4	0	0	5	0.2	5	0.2	1	0.01	-2	0	0	0	0
9000	419	90	300	4	25	30	633825	5.80197	6	1	0	5	0.2	5	0.2	1	7.83	0.893762	0.62	-0.207608	2.5	0.39794
9000	420	90	300	4	25	30	89461	4.95163	5	0	0	10	0.1	10	0.1	1	0.59	-0.229148	0.07	-1.1549	0	0
9000	421	90	300	4	25	24	122879	5.08948	6	0	0	5	0.2	5	0.2	1	1.12	0.049218	0.14	-0.853872	0	0
9000	422	90	300	4	25	17	2576	3.41095	4	0	0	4	0.25	4	0.25	1	0.01	-2	0	0	0	0
9000	423	90	300	4	25	15	5099	3.70749	4	0	0	3	0.333333	3	0.333333	1	0.02	-1.69897	0	0	0	0
9000	424	90	300	4	25	27	365108	5.56242	6	1	0	5	0.2	5	0.2	1	2.77	0.44248	0.37	-0.431798	37.29	1.57159
9000	425	90	300	4	25	16	1679	3.22505	4	0	0	5	0.2	5	0.2	1	0.01	-2	0	0	0	0
9000	426	90	300	4	25	18	3434	3.5358	4	0	0	5	0.2	5	0.2	1	0.02	-1.69897	0	0	0	0
9000	427	90	300	4	25	14	1442	3.15897	4	0	0	4	0.25	4	0.25	1	0	0	0	0	0	0
9000	428	90	300	4	25	30	172923	5.23785	6	1	0	8	0.125	8	0.125	1	1.14	0.0569049	0.2	-0.69897	0.8	-0.09691
9000	429	90	300	4	25	21	10543	4.02296	5	0	0	5	0.2	5	0.2	1	0.05	-1.30103	0.02	-1.69897	0	0
9000	430	90	300	4	25	21	39347	4.59491	5	1	0	4	0.25	4	0.25	1	0.22	-0.657577	0.06	-1.22185	0.38	-0.420216
9000	431	90	300	4	25	22	31598	4.49966	5	0	0	4	0.25	4	0.25	1	0.22	-0.657577	0.04	-1.39794	0	0
9000	432	90	300	4	25	16	7064	3.84905	4	1	0	3	0.333333	3	0.333333	1	0.03	-1.52288	0	0	0.18	-0.744727
9000	433	90	300	4	25	31	99371	4.99726	5	1	0	13	0.0769231	13	0.0769231	1	15.54	1.19145	0.15	-0.823909	1.4	0.146128
9000	434	90	300	4	25	24	16928	4.22861	5	0	0	8	0.125	8	0.125	1	0.15	-0.823909	0.01	-2	0	0
9000	435	90	300	4	25	16	2800	3.44716	4	0	0	4	0.25	4	0.25	1	0.01	-2	0	0	0	0
9000	436	90	300	4	25	19	20842	4.31894	5	0	0	5	0.2	5	0.2	1	0.11	-0.958607	0.02	-1.69897	0	0
9000	437	90	300	4	25	21	34498	4.53779	5	0	0	4	0.25	4	0.25	1	0.26	-0.585027	0.03	-1.52288	0	0
9000	438	90	300	4	25	23	3560	3.55145	4	1	0	9	0.111111	9	0.111111	1	0.03	-1.52288	0.01	-2	0.03	-1.52288
9000	439	90	300	4	25	14	743	2.87099	3	0	0	5	0.2	5	0.2	1	0	0	0	0	0	0
9000	440	90	300	4	25	28	614497	5.78852	6	1	0	6	0.166667	6	0.166667	1	7.59	0.880242	0.5	-0.30103	86.57	1.93737
9000	441	90	300	4	25	22	84419	4.92644	5	1	0	4	0.25	4	0.25	1	0.59	-0.229148	0.11	-0.958607	0.73	-0.136677
9000	442	90	300	4	25	20	21599	4.33443	5	1	0	4	0.25	4	0.25	1	0.16	-0.79588	0.01	-2	0.34	-0.468521
9000	443	90	300	4	25	16	2849	3.45469	4	0	0	5	0.2	5	0.2	1	0.01	-2	0	0	0	0
9000	444	90	300	4	25	27	39395	4.59544	5	0	0	8	0.125	8	0.125	1	0.4	-0.39794	0.02	-1.69897	0	0
9000	445	90	300	4	25	22	56086	4.74885	5	0	0	4	0.25	4	0.25	1	0.44	-0.356547	0.07	-1.1549	0	0
9000	446	90	300	4	25	17	4998	3.6988	4	1	0	4	0.25	4	0.25	1	0.03	-1.52288	0.01	-2	0.05	-1.30103
9000	447	90	300	4	25	27	147133	5.16771	6	1	0	5	0.2	5	0.2	1	1.48	0.170262	0.2	-0.69897	2.3	0.361728
9000	448	90	300	4	25	20	21400	4.33041	5	0	0	4	0.25	4	0.25	1	0.15	-0.823909	0.02	-1.69897	0	0
9000	449	90	300	4	25	25	12595	4.1002	5	0	0	10	0.1	10	0.1	1	0.11	-0.958607	0	0	0	0
9000	450	90	300	4	25	27	31323	4.49586	5	1	0	9	0.111111	9	0.111111	1	0.18	-0.744727	0.05	-1.30103	0.29	-0.537602
9000	451	90	300	4	25	21	15431	4.18839	5	0	0	6	0.166667	6	0.166667	1	0.12	-0.920819	0.02	-1.69897	0	0
9000	452	90	300	4	25	17	3846	3.58501	4	1	0	4	0.25	4	0.25	1	0.02	-1.69897	0	0	0.05	-1.30103
9000	453	90	300	4	25	16	2890	3.4609	4	0	0	6	0.166667	6	0.166667	1	0.02	-1.69897	0	0	0	0
9000	454	90	300	4	25	18	2604	3.41564	4	0	0	6	0.166667	6	0.166667	1	0.02	-1.69897	0	0	0	0
9000	455	90	300	4	25	22	66921	4.82556	5	1	0	5	0.2	5	0.2	1	0.4	-0.39794	0.06	-1.22185	0.55	-0.259637
9000	456	90	300	4	25	21	26189	4.41812	5	0	0	6	0.166667	6	0.166667	1	0.16	-0.79588	0.01	-2	0	0
9000	457	90	300	4	25	16	1104	3.04297	4	0	0	5	0.2	5	0.2	1	0	0	0	0	0	0
9000	458	90	300	4	25	22	10350	4.01494	5	0	0	5	0.2	5	0.2	1	0.06	-1.22185	0.01	-2	0	0
9000	459	90	300	4	25	24	100210	5.00091	6	1	0	4	0.25	4	0.25	1	0.74	-0.130768	0.13	-0.886057	0.73	-0.136677
9000	460	90	300	4	25	24	38030	4.58013	5	1	0	6	0.166667	6	0.166667	1	0.21	-0.677781	0.06	-1.22185	0.4	-0.39794
9000	461	90	300	4	25	11	431	2.63448	3	0	0	3	0.333333	3	0.333333	1	0	0	0	0	0	0
9000	462	90	300	4	25	24	12319	4.09058	5	0	0	10	0.1	10	0.1	1	0.11	-0.958607	0	0	0	0
9000	463	90	300	4	25	19	5458	3.73703	4	0	0	5	0.2	5	0.2	1	0.02	-1.69897	0.01	-2	0	0
9000	464	90	300	4	25	26	143972	5.15828	6	1	0	7	0.142857	7	0.142857	1	0.87	-0.0604807	0.19	-0.721246	0.65	-0.187087
9000	465	90	300	4	25	16	4044	3.60681	4	0	0	4	0.25	4	0.25	1	0.02	-1.69897	0	0	0	0
9000	466	90	300	4	25	26	55478	4.74412	5	0	0	8	0.125	8	0.125	1	0.54	-0.267606	0.05	-1.30103	0	0
9000	467	90	300	4	25	24	31332	4.49599	5	0	0	8	0.125	8	0.125	1	0.35	-0.455932	0.02	-1.69897	0	0
9000	468	90	300	4	25	24	10767	4.03209	5	1	0	6	0.166667	6	0.166667	1	0.1	-1	0.01	-2	0.17	-0.769551
9000	469	90	300	4	25	22	140028	5.14621	6	1	0	4	0.25	4	0.25	1	1.3	0.113943	0.15	-0.823909	1.09	0.0374265
9000	470	90	300	4	25	22	30758	4.48796	5	0	0	5	0.2	5	0.2	1	0.27	-0.568636	0.04	-1.39794	0	0
9000	471	90	300	4	25	24	9177	3.9627	4	1	0	7	0.142857	7	0.142857	1	0.11	-0.958607	0.01	-2	0.09	-1.04576
9000	472	90	300	4	25	13	405	2.60746	3	0	0	5	0.2	5	0.2	1	0	0	0	0	0	0
9000	473	90	300	4	25	29	43025	4.63372	5	0	0	7	0.142857	7	0.142857	1	0.29	-0.537602	0.05	-1.30103	0	0
9000	474	90	300	4	25	17	8639	3.93646	4	0	0	4	0.25	4	0.25	1	0.04	-1.39794	0.01	-2	0	0
9000	475	90	300	4	25	19	2178	3.33806	4	0	0	5	0.2	5	0.2	1	0.01	-2	0	0	0	0
9000	476	90	300	4	25	27	24461	4.38847	5	0	0	8	0.125	8	0.125	1	0.16	-0.79588	0.02	-1.69897	0	0
9000	477	90	300	4	25	28	9453	3.97557	4	1	1	7.5	0.133333	8	0.125	0.9375	0.08	-1.09691	0.01	-2	0.1	-1
9000	478	90	300	4	25	18	11011	4.04183	5	1	0	5	0.2	5	0.2	1	0.06	-1.22185	0.01	-2	0.12	-0.920819
9000	479	90	300	4	25	13	2303	3.36229	4	0	0	3	0.333333	3	0.333333	1	0.01	-2	0	0	0	0
9000	480	90	300	4	25	27	27954	4.44644	5	0	0	13	0.0769231	13	0.0769231	1	0.28	-0.552842	0.02	-1.69897	0	0
9000	481	90	300	4	25	27	95084	4.97811	5	1	0	7	0.142857	7	0.142857	1	1.27	0.103804	0.12	-0.920819	0.98	-0.00877392
9000	482	90	300	4	25	16	674	2.82866	3	0	0	7	0.142857	7	0.142857	1	0	0	0	0	0	0
9000	483	90	300	4	25	11	1151	3.06108	4	0	0	2	0.5	2	0.5	1	0	0	0	0	0	0
9000	484	90	300	4	25	20	38947	4.59047	5	0	0	5	0.2	5	0.2	1	0.19	-0.721246	0.05	-1.30103	0	0
9000	485	90	300	4	25	21	4827	3.68368	4	1	1	4.66667	0.214286	5	0.2	0.933333	0.03	-1.52288	0	0	0.05	-1.30103
9000	486	90	300	4	25	21	12767	4.10609	5	1	0	6	0.166667	6	0.166667	1	0.11	-0.958607	0.01	-2	0.13	-0.886057
9000	487	90	300	4	25	14	1008	3.00346	4	1	0	4	0.25	4	0.25	1	0	0	0	0	0.02	-1.69897
9000	488	90	300	4	25	34	493486	5.69327	6	1	0	7	0.142857	7	0.142857	1	5.81	0.764176	0.78	-0.107905	59.1	1.77159
9000	489	90	300	4	25	24	27115	4.43321	5	1	0	5	0.2	5	0.2	1	0.19	-0.721246	0.06	-1.22185	0.25	-0.60206
9000	490	90	300	4	25	24	11705	4.06837	5	0	0	8	0.125	8	0.125	1	0.12	-0.920819	0	0	0	0
9000	491	90	300	4	25	26	293999	5.46835	6	1	0	4	0.25	4	0.25	1	1.96	0.292256	0.5	-0.30103	59.25	1.77269
9000	492	90	300	4	25	12	959	2.98182	3	0	0	4	0.25	4	0.25	1	0	0	0	0	0	0
9000	493	90	300	4	25	32	314532	5.49766	6	1	0	7	0.142857	7	0.142857	1	3.68	0.565848	0.59	-0.229148	21.28	1.32797
9000	494	90	300	4	25	17	4044	3.60681	4	0	0	4	0.25	4	0.25	1	0.02	-1.69897	0.01	-2	0	0
9000	495	90	300	4	25	22	89409	4.95138	5	1	0	4	0.25	4	0.25	1	0.65	-0.187087	0.12	-0.920819	1.01	0.00432137
9000	496	90	300	4	25	19	7282	3.86225	4	1	0	5	0.2	5	0.2	1	0.04	-1.39794	0.01	-2	0.12	-0.920819
9000	497	90	300	4	25	29	41015	4.61294	5	1	0	10	0.1	10	0.1	1	0.39	-0.408935	0.05	-1.30103	0.38	-0.420216
9000	498	90	300	4	25	18	1524	3.18298	4	0	0	5	0.2	5	0.2	1	0.01	-2	0	0	0	0
9000	499	90	300	4	25	20	20739	4.31679	5	1	0	4	0.25	4	0.25	1	0.18	-0.744727	0.02	-1.69897	0.2	-0.69897
9000	500	90	300	4	25	20	20456	4.31082	5	0	0	4	0.25	4	0.25	1	0.11	-0.958607	0.02	-1.69897	0	0
9000	501	90	300	4	25	21	50543	4.70366	5	0	0	5	0.2	5	0.2	1	0.33	-0.481486	0.08	-1.09691	0	0
9000	502	90	300	4	25	33	166451	5.22129	6	1	0	7	0.142857	7	0.142857	1	1.79	0.252853	0.33	-0.481486	0.71	-0.148742
9000	503	90	300	4	25	22	11199	4.04918	5	0	0	7	0.142857	7	0.142857	1	0.06	-1.22185	0.01	-2	0	0
9000	504	90	300	4	25	20	21425	4.33092	5	1	0	5	0.2	5	0.2	1	0.11	-0.958607	0.03	-1.52288	0.19	-0.721246
9000	505	90	300	4	25	21	42683	4.63025	5	0	0	4	0.25	4	0.25	1	0.23	-0.638272	0.05	-1.30103	0	0
9000	506	90	300	4	25	23	60772	4.7837	5	1	0	4	0.25	4	0.25	1	0.59	-0.229148	0.06	-1.22185	0.56	-0.251812
9000	507	90	300	4	25	20	4893	3.68958	4	1	0	7	0.142857	7	0.142857	1	0.03	-1.52288	0.01	-2	0.04	-1.39794
9000	508	90	300	4	25	22	7595	3.88053	4	0	0	8	0.125	8	0.125	1	0.04	-1.39794	0.01	-2	0	0
9000	509	90	300	4	25	29	243478	5.38646	6	0	0	6	0.166667	6	0.166667	1	4.4	0.643453	0.27	-0.568636	0	0
9000	510	90	300	4	25	20	42283	4.62617	5	0	0	4	0.25	4	0.25	1	0.36	-0.443697	0.05	-1.30103	0	0
9000	511	90	300	4	25	20	7704	3.88672	4	0	0	5	0.2	5	0.2	1	0.07	-1.1549	0.01	-2	0	0
9000	512	90	300	4	25	25	55295	4.74269	5	1	0	6	0.166667	6	0.166667	1	0.62	-0.207608	0.04	-1.39794	0.43	-0.366532
9000	513	90	300	4	25	22	26709	4.42666	5	1	0	5	0.2	5	0.2	1	0.3	-0.522879	0.02	-1.69897	0.23	-0.638272
9000	514	90	300	4	25	20	5116	3.70893	4	0	0	6	0.166667	6	0.166667	1	0.03	-1.52288	0	0	0	0
9000	515	90	300	4	25	18	6569	3.8175	4	0	0	4	0.25	4	0.25	1	0.11	-0.958607	0	0	0	0
9000	516	90	300	4	25	23	10712	4.02987	5	1	0	5	0.2	5	0.2	1	0.07	-1.1549	0.01	-2	0.08	-1.09691
9000	517	90	300	4	25	21	27862	4.44501	5	1	0	4	0.25	4	0.25	1	0.16	-0.79588	0.03	-1.52288	0.82	-0.0861861
9000	518	90	300	4	25	9	143	2.15534	3	0	0	3	0.333333	3	0.333333	1	0	0	0	0	0	0
9000	519	90	300	4	25	22	3066	3.48657	4	0	0	7	0.142857	7	0.142857	1	0.01	-2	0	0	0	0
9000	520	90	300	4	25	25	108950	5.03723	6	1	0	5	0.2	5	0.2	1	0.68	-0.167491	0.13	-0.886057	4.27	0.630428
9000	521	90	300	4	25	28	13283	4.1233	5	0	0	10	0.1	10	0.1	1	0.16	-0.79588	0.01	-2	0	0
9000	522	90	300	4	25	22	28190	4.4501	5	1	0	5	0.2	5	0.2	1	0.19	-0.721246	0.02	-1.69897	0.21	-0.677781
9000	523	90	300	4	25	18	17279	4.23752	5	1	0	4	0.25	4	0.25	1	0.08	-1.09691	0.02	-1.69897	0.13	-0.886057
9000	524	90	300	4	25	20	8300	3.91908	4	1	0	7	0.142857	7	0.142857	1	0.08	-1.09691	0	0	0.06	-1.22185
9000	525	90	300	4	25	21	2593	3.4138	4	0	0	10	0.1	10	0.1	1	0.03	-1.52288	0	0	0	0
9000	526	90	300	4	25	21	57127	4.75684	5	0	0	4	0.25	4	0.25	1	0.59	-0.229148	0.06	-1.22185	0	0
9000	527	90	300	4	25	19	11879	4.07478	5	0	0	4	0.25	4	0.25	1	0.06	-1.22185	0.01	-2	0	0
9000	528	90	300	4	25	21	10583	4.02461	5	0	0	6	0.166667	6	0.166667	1	0.04	-1.39794	0.01	-2	0	0
9000	529	90	300	4	25	17	4873	3.6878	4	0	0	4	0.25	4	0.25	1	0.02	-1.69897	0	0	0	0
9000	530	90	300	4	25	29	57119	4.75678	5	1	0	7	0.142857	7	0.142857	1	0.5	-0.30103	0.07	-1.1549	0.47	-0.327902
9000	531	90	300	4	25	24	28045	4.44786	5	0	0	7	0.142857	7	0.142857	1	0.24	-0.619789	0.04	-1.39794	0	0
9000	532	90	300	4	25	26	128113	5.10759	6	1	0	6	0.166667	6	0.166667	1	0.86	-0.0655015	0.17	-0.769551	13.64	1.13481
9000	533	90	300	4	25	24	27591	4.44077	5	1	1	4.66667	0.214286	5	0.2	0.933333	0.28	-0.552842	0.04	-1.39794	1.11	0.045323
9000	534	90	300	4	25	24	38879	4.58972	5	0	0	8	0.125	8	0.125	1	0.25	-0.60206	0.03	-1.52288	0	0
9000	535	90	300	4	25	18	13731	4.1377	5	0	0	5	0.2	5	0.2	1	0.09	-1.04576	0.01	-2	0	0
9000	536	90	300	4	25	25	13954	4.1447	5	1	0	8	0.125	8	0.125	1	0.09	-1.04576	0.02	-1.69897	0.48	-0.318759
9000	537	90	300	4	25	19	13031	4.11498	5	0	0	5	0.2	5	0.2	1	0.07	-1.1549	0.01	-2	0	0
9000	538	90	300	4	25	23	98221	4.9922	5	1	0	6	0.166667	6	0.166667	1	0.66	-0.180456	0.09	-1.04576	2.93	0.466868
9000	539	90	300	4	25	17	8639	3.93646	4	0	0	5	0.2	5	0.2	1	0.07	-1.1549	0.02	-1.69897	0	0
9000	540	90	300	4	25	11	351	2.54531	3	0	0	3	0.333333	3	0.333333	1	0	0	0	0	0	0
9000	541	90	300	4	25	25	80639	4.90655	5	0	0	5	0.2	5	0.2	1	0.71	-0.148742	0.11	-0.958607	0	0
9000	542	90	300	4	25	27	334241	5.52406	6	1	0	4	0.25	4	0.25	1	2.29	0.359835	0.72	-0.142668	19.17	1.28262
9000	543	90	300	4	25	29	320139	5.50534	6	1	0	5	0.2	5	0.2	1	2.74	0.437751	0.37	-0.431798	57.35	1.75853
9000	544	90	300	4	25	20	5266	3.72148	4	0	0	5	0.2	5	0.2	1	0.02	-1.69897	0.01	-2	0	0
9000	545	90	300	4	25	27	94655	4.97614	5	1	0	6	0.166667	6	0.166667	1	0.8	-0.09691	0.11	-0.958607	1.38	0.139879
9000	546	90	300	4	25	14	943	2.97451	3	0	0	6	0.166667	6	0.166667	1	0	0	0	0	0	0
9000	547	90	300	4	25	15	755	2.87795	3	0	0	6	0.166667	6	0.166667	1	0	0	0	0	0	0
9000	548	90	300	4	25	23	23811	4.37678	5	0	0	6	0.166667	6	0.166667	1	0.11	-0.958607	0.03	-1.52288	0	0
9000	549	90	300	4	25	18	15389	4.18721	5	0	0	3	0.333333	3	0.333333	1	0.07	-1.1549	0.01	-2	0	0
9000	550	90	300	4	25	14	1282	3.10789	4	0	0	3	0.333333	3	0.333333	1	0	0	0	0	0	0
9000	551	90	300	4	25	19	8553	3.93212	4	0	0	5	0.2	5	0.2	1	0.04	-1.39794	0.01	-2	0	0
9000	552	90	300	4	25	19	935	2.97081	3	0	0	9	0.111111	9	0.111111	1	0	0	0	0	0	0
9000	553	90	300	4	25	18	6428	3.80808	4	0	0	6	0.166667	6	0.166667	1	0.04	-1.39794	0.01	-2	0	0
9000	554	90	300	4	25	18	18469	4.26644	5	1	0	3	0.333333	3	0.333333	1	0.11	-0.958607	0.02	-1.69897	0.17	-0.769551
9000	555	90	300	4	25	17	7430	3.87099	4	1	0	3	0.333333	3	0.333333	1	0.03	-1.52288	0.01	-2	0.09	-1.04576
9000	556	90	300	4	25	18	14988	4.17574	5	0	0	4	0.25	4	0.25	1	0.09	-1.04576	0.01	-2	0	0
9000	557	90	300	4	25	23	34435	4.537	5	1	0	6	0.166667	6	0.166667	1	0.25	-0.60206	0.04	-1.39794	0.32	-0.49485
9000	558	90	300	4	25	22	4666	3.66894	4	0	0	6	0.166667	6	0.166667	1	0.03	-1.52288	0	0	0	0
9000	559	90	300	4	25	32	822172	5.91496	6	1	0	6	0.166667	6	0.166667	1	10.94	1.03902	1.45	0.161368	53.45	1.72795
9000	560	90	300	4	25	22	21625	4.33496	5	1	0	5	0.2	5	0.2	1	0.26	-0.585027	0.01	-2	0.16	-0.79588
9000	561	90	300	4	25	17	14583	4.16385	5	0	0	3	0.333333	3	0.333333	1	0.08	-1.09691	0.01	-2	0	0
9000	562	90	300	4	25	21	20625	4.31439	5	1	0	5	0.2	5	0.2	1	0.12	-0.920819	0.01	-2	0.22	-0.657577
9000	563	90	300	4	25	23	5231	3.71858	4	1	0	9	0.111111	9	0.111111	1	0.04	-1.39794	0	0	0.04	-1.39794
9000	564	90	300	4	25	29	216741	5.33594	6	1	0	5	0.2	5	0.2	1	2.51	0.399674	0.32	-0.49485	40.27	1.60498
9000	565	90	300	4	25	27	64593	4.81019	5	1	0	5	0.2	5	0.2	1	0.47	-0.327902	0.08	-1.09691	0.51	-0.29243
9000	566	90	300	4	25	15	748	2.8739	3	0	0	5	0.2	5	0.2	1	0	0	0	0	0	0
9000	567	90	300	4	25	16	1310	3.11727	4	0	0	6	0.166667	6	0.166667	1	0	0	0	0	0	0
9000	568	90	300	4	25	23	14917	4.17368	5	1	0	7	0.142857	7	0.142857	1	0.07	-1.1549	0.02	-1.69897	0.14	-0.853872
9000	569	90	300	4	25	25	122750	5.08902	6	1	0	5	0.2	5	0.2	1	0.75	-0.124939	0.16	-0.79588	1.01	0.00432137
9000	570	90	300	4	25	20	5761	3.7605	4	0	0	7	0.142857	7	0.142857	1	0.02	-1.69897	0.01	-2	0	0
9000	571	90	300	4	25	15	2773	3.44295	4	1	0	4	0.25	4	0.25	1	0.01	-2	0	0	0.03	-1.52288
9000	572	90	300	4	25	26	58319	4.76581	5	0	0	8	0.125	8	0.125	1	0.66	-0.180456	0.05	-1.30103	0	0
9000	573	90	300	4	25	14	1299	3.11361	4	0	0	4	0.25	4	0.25	1	0	0	0	0	0	0
9000	574	90	300	4	25	23	13881	4.14242	5	0	0	5	0.2	5	0.2	1	0.09	-1.04576	0.03	-1.52288	0	0
9000	575	90	300	4	25	22	56835	4.75462	5	1	1	3.33333	0.3	4	0.25	0.833333	0.39	-0.408935	0.07	-1.1549	13.47	1.12937
9000	576	90	300	4	25	27	31446	4.49757	5	1	0	7	0.142857	7	0.142857	1	0.25	-0.60206	0.03	-1.52288	0.32	-0.49485
9000	577	90	300	4	25	19	34559	4.53856	5	0	0	3	0.333333	3	0.333333	1	0.26	-0.585027	0.03	-1.52288	0	0
9000	578	90	300	4	25	19	4398	3.64326	4	0	0	5	0.2	5	0.2	1	0.02	-1.69897	0	0	0	0
9000	579	90	300	4	25	24	32444	4.51113	5	0	0	5	0.2	5	0.2	1	0.28	-0.552842	0.04	-1.39794	0	0
9000	580	90	300	4	25	24	48966	4.68989	5	0	0	5	0.2	5	0.2	1	0.33	-0.481486	0.09	-1.04576	0	0
9000	581	90	300	4	25	27	109543	5.03958	6	0	0	5	0.2	5	0.2	1	1.33	0.123852	0.2	-0.69897	0	0
9000	582	90	300	4	25	19	3959	3.59759	4	0	0	6	0.166667	6	0.166667	1	0.02	-1.69897	0	0	0	0
9000	583	90	300	4	25	19	1943	3.28847	4	0	0	10	0.1	10	0.1	1	0.01	-2	0	0	0	0
9000	584	90	300	4	25	13	1151	3.06108	4	0	0	3	0.333333	3	0.333333	1	0	0	0	0	0	0
9000	585	90	300	4	25	27	125305	5.09797	6	0	0	5	0.2	5	0.2	1	1.28	0.10721	0.18	-0.744727	0	0
9000	586	90	300	4	25	27	38233	4.58244	5	0	0	7	0.142857	7	0.142857	1	0.43	-0.366532	0.05	-1.30103	0	0
9000	587	90	300	4	25	23	31705	4.50113	5	0	0	5	0.2	5	0.2	1	0.19	-0.721246	0.05	-1.30103	0	0
9000	588	90	300	4	25	16	2111	3.32449	4	0	0	5	0.2	5	0.2	1	0.01	-2	0	0	0	0
9000	589	90	300	4	25	17	3749	3.57392	4	0	0	4	0.25	4	0.25	1	0.01	-2	0	0	0	0
9000	590	90	300	4	25	24	134404	5.12841	6	1	0	6	0.166667	6	0.166667	1	1.27	0.103804	0.17	-0.769551	1.17	0.0681859
9000	591	90	300	4	25	14	336	2.52634	3	0	0	5	0.2	5	0.2	1	0	0	0	0	0	0
9000	592	90	300	4	25	17	7021	3.8464	4	0	0	4	0.25	4	0.25	1	0.05	-1.30103	0	0	0	0
9000	593	90	300	4	25	24	505910	5.70407	6	1	0	4	0.25	4	0.25	1	3.8	0.579784	0.62	-0.207608	115.71	2.06337
9000	594	90	300	4	25	33	419834	5.62308	6	1	0	6	0.166667	6	0.166667	1	5.55	0.744293	0.41	-0.387216	25.4	1.40483
9000	595	90	300	4	25	30	109218	5.03829	6	1	0	9	0.111111	9	0.111111	1	0.72	-0.142668	0.12	-0.920819	0.7	-0.154902
9000	596	90	300	4	25	21	30656	4.48652	5	1	0	4	0.25	4	0.25	1	0.24	-0.619789	0.02	-1.69897	1.12	0.049218
9000	597	90	300	4	25	22	19738	4.2953	5	0	0	5	0.2	5	0.2	1	0.13	-0.886057	0.03	-1.52288	0	0
9000	598	90	300	4	25	21	3533	3.54814	4	0	0	7	0.142857	7	0.142857	1	0.02	-1.69897	0.01	-2	0	0
9000	599	90	300	4	25	12	376	2.57519	3	0	0	4	0.25	4	0.25	1	0	0	0	0	0	0
9000	600	90	300	4	25	20	8638	3.93641	4	0	0	6	0.166667	6	0.166667	1	0.23	-0.638272	0.04	-1.39794	0	0
9000	601	90	300	4	25	31	357420	5.55318	6	1	0	8	0.125	8	0.125	1	4.05	0.607455	0.4	-0.39794	25.47	1.40603
9000	602	90	300	4	25	14	575	2.75967	3	1	0	5	0.2	5	0.2	1	0	0	0	0	0.01	-2
9000	603	90	300	4	25	19	3145	3.49762	4	0	0	6	0.166667	6	0.166667	1	0.01	-2	0	0	0	0
9000	604	90	300	4	25	20	56345	4.75086	5	0	0	5	0.2	5	0.2	1	0.52	-0.283997	0.07	-1.1549	0	0
9000	605	90	300	4	25	25	71736	4.85574	5	1	0	6	0.166667	6	0.166667	1	0.63	-0.200659	0.08	-1.09691	0.59	-0.229148
9000	606	90	300	4	25	22	28290	4.45163	5	0	0	6	0.166667	6	0.166667	1	0.14	-0.853872	0.03	-1.52288	0	0
9000	607	90	300	4	25	29	129835	5.11339	6	1	0	8	0.125	8	0.125	1	0.94	-0.0268721	0.13	-0.886057	1.08	0.0334238
9000	608	90	300	4	25	17	3530	3.54777	4	1	0	4	0.25	4	0.25	1	0.01	-2	0.01	-2	0.02	-1.69897
9000	609	90	300	4	25	21	32639	4.51374	5	1	0	7	0.142857	7	0.142857	1	0.16	-0.79588	0.03	-1.52288	0.25	-0.60206
9000	610	90	300	4	25	20	6567	3.81737	4	0	0	8	0.125	8	0.125	1	0.07	-1.1549	0	0	0	0
9000	611	90	300	4	25	25	102399	5.0103	6	0	0	7	0.142857	7	0.142857	1	0.81	-0.091515	0.11	-0.958607	0	0
9000	612	90	300	4	25	15	872	2.94052	3	0	0	4	0.25	4	0.25	1	0	0	0	0	0	0
9000	613	90	300	4	25	27	140711	5.14833	6	0	0	7	0.142857	7	0.142857	1	2.01	0.303196	0.29	-0.537602	0	0
9000	614	90	300	4	25	22	5491	3.73965	4	1	0	6	0.166667	6	0.166667	1	0.04	-1.39794	0	0	0.06	-1.22185
9000	615	90	300	4	25	24	70416	4.84767	5	1	0	6	0.166667	6	0.166667	1	0.58	-0.236572	0.1	-1	0.69	-0.161151
9000	616	90	300	4	25	17	11663	4.06681	5	0	0	4	0.25	4	0.25	1	0.14	-0.853872	0.03	-1.52288	0	0
9000	617	90	300	4	25	26	20615	4.31418	5	1	0	8	0.125	8	0.125	1	0.19	-0.721246	0.02	-1.69897	0.2	-0.69897
9000	618	90	300	4	25	20	10527	4.0223	5	1	0	5	0.2	5	0.2	1	0.07	-1.1549	0.01	-2	0.12	-0.920819
9000	619	90	300	4	25	20	16199	4.20949	5	0	0	4	0.25	4	0.25	1	0.07	-1.1549	0.01	-2	0	0
9000	620	90	300	4	25	20	15605	4.19326	5	0	0	5	0.2	5	0.2	1	0.07	-1.1549	0.02	-1.69897	0	0
9000	621	90	300	4	25	19	784	2.89432	3	0	0	8	0.125	8	0.125	1	0	0	0	0	0	0
9000	622	90	300	4	25	23	60417	4.78116	5	1	0	5	0.2	5	0.2	1	0.49	-0.309804	0.08	-1.09691	0.56	-0.251812
9000	623	90	300	4	25	34	97455	4.9888	5	0	0	8	0.125	8	0.125	1	0.75	-0.124939	0.13	-0.886057	0	0
9000	624	90	300	4	25	20	37934	4.57903	5	1	0	5	0.2	5	0.2	1	0.25	-0.60206	0.04	-1.39794	0.33	-0.481486
9000	625	90	300	4	25	21	25313	4.40334	5	0	0	4	0.25	4	0.25	1	0.2	-0.69897	0.04	-1.39794	0	0
9000	626	90	300	4	25	19	10906	4.03767	5	0	0	5	0.2	5	0.2	1	0.06	-1.22185	0.01	-2	0	0
9000	627	90	300	4	25	27	103994	5.01701	6	1	0	7	0.142857	7	0.142857	1	0.82	-0.0861861	0.13	-0.886057	0.85	-0.0705811
9000	628	90	300	4	25	18	4813	3.68242	4	0	0	4	0.25	4	0.25	1	0.02	-1.69897	0.01	-2	0	0
9000	629	90	300	4	25	26	326555	5.51396	6	1	0	7	0.142857	7	0.142857	1	2.22	0.346353	0.34	-0.468521	28.18	1.44994
9000	630	90	300	4	25	23	25302	4.40315	5	1	0	4	0.25	4	0.25	1	0.16	-0.79588	0.03	-1.52288	0.26	-0.585027
9000	631	90	300	4	25	16	2435	3.3865	4	0	0	4	0.25	4	0.25	1	0.01	-2	0	0	0	0
9000	632	90	300	4	25	21	7253	3.86052	4	0	0	10	0.1	10	0.1	1	0.03	-1.52288	0.01	-2	0	0
9000	633	90	300	4	25	22	64678	4.81076	5	1	0	3	0.333333	3	0.333333	1	0.55	-0.259637	0.11	-0.958607	0.75	-0.124939
9000	634	90	300	4	25	37	357340	5.55308	6	1	0	9	0.111111	9	0.111111	1	3.82	0.582063	0.57	-0.244125	33.15	1.52048
9000	635	90	300	4	25	12	959	2.98182	3	0	0	3	0.333333	3	0.333333	1	0	0	0	0	0	0
9000	636	90	300	4	25	20	8264	3.91719	4	0	0	7	0.142857	7	0.142857	1	0.04	-1.39794	0	0	0	0
9000	637	90	300	4	25	8	89	1.94939	2	0	0	2	0.5	2	0.5	1	0	0	0	0	0	0
9000	638	90	300	4	25	24	81038	4.90869	5	0	0	5	0.2	5	0.2	1	0.7	-0.154902	0.14	-0.853872	0	0
9000	639	90	300	4	25	13	1024	3.0103	4	0	0	3	0.333333	3	0.333333	1	0	0	0	0	0	0
9000	640	90	300	4	25	20	6963	3.8428	4	1	0	9	0.111111	9	0.111111	1	0.03	-1.52288	0.01	-2	0.06	-1.22185
9000	641	90	300	4	25	15	2099	3.32201	4	0	0	4	0.25	4	0.25	1	0.01	-2	0	0	0	0
9000	642	90	300	4	25	26	10614	4.02588	5	0	0	8	0.125	8	0.125	1	0.12	-0.920819	0.01	-2	0	0
9000	643	90	300	4	25	28	195247	5.29058	6	1	0	5	0.2	5	0.2	1	1.53	0.184691	0.21	-0.677781	3.6	0.556303
9000	644	90	300	4	25	26	31252	4.49488	5	1	0	6	0.166667	6	0.166667	1	0.22	-0.657577	0.05	-1.30103	0.28	-0.552842
9000	645	90	300	4	25	16	2738	3.43743	4	0	0	5	0.2	5	0.2	1	0.01	-2	0	0	0	0
9000	646	90	300	4	25	22	12059	4.08131	5	0	0	6	0.166667	6	0.166667	1	0.06	-1.22185	0.01	-2	0	0
9000	647	90	300	4	25	19	31889	4.50364	5	0	0	4	0.25	4	0.25	1	0.18	-0.744727	0.01	-2	0	0
9000	648	90	300	4	25	29	275511	5.44014	6	1	0	7	0.142857	7	0.142857	1	2.25	0.352183	0.28	-0.552842	11.23	1.05038
9000	649	90	300	4	25	31	55337	4.74302	5	1	0	7	0.142857	7	0.142857	1	0.53	-0.275724	0.09	-1.04576	0.48	-0.318759
9000	650	90	300	4	25	29	462282	5.66491	6	1	0	7	0.142857	7	0.142857	1	4.27	0.630428	0.76	-0.119186	3.24	0.510545
9000	651	90	300	4	25	19	3583	3.55425	4	1	0	5	0.2	5	0.2	1	0.02	-1.69897	0	0	0.03	-1.52288
9000	652	90	300	4	25	15	1218	3.08565	4	1	0	4	0.25	4	0.25	1	0	0	0.01	-2	0.01	-2
9000	653	90	300	4	25	28	514079	5.71103	6	1	0	6	0.166667	6	0.166667	1	4	0.60206	0.41	-0.387216	2.54	0.404834
9000	654	90	300	4	25	16	10385	4.01641	5	0	0	3	0.333333	3	0.333333	1	0.06	-1.22185	0.01	-2	0	0
9000	655	90	300	4	25	19	7367	3.86729	4	1	0	4	0.25	4	0.25	1	0.07	-1.1549	0	0	0.07	-1.1549
9000	656	90	300	4	25	33	88366	4.94629	5	1	0	9	0.111111	9	0.111111	1	0.68	-0.167491	0.1	-1	0.75	-0.124939
9000	657	90	300	4	25	22	21584	4.33413	5	1	1	4.5	0.222222	5	0.2	0.9	0.19	-0.721246	0.03	-1.52288	0.2	-0.69897
9000	658	90	300	4	25	14	959	2.98182	3	0	0	4	0.25	4	0.25	1	0	0	0	0	0	0
9000	659	90	300	4	25	25	80999	4.90848	5	0	0	5	0.2	5	0.2	1	0.58	-0.236572	0.09	-1.04576	0	0
9000	660	90	300	4	25	27	113305	5.05425	6	1	0	6	0.166667	6	0.166667	1	0.82	-0.0861861	0.19	-0.721246	0.97	-0.0132283
9000	661	90	300	4	25	28	335963	5.52629	6	1	0	7	0.142857	7	0.142857	1	3	0.477121	0.41	-0.387216	1.66	0.220108
9000	662	90	300	4	25	22	5193	3.71542	4	0	0	7	0.142857	7	0.142857	1	0.06	-1.22185	0	0	0	0
9000	663	90	300	4	25	22	5845	3.76678	4	0	0	10	0.1	10	0.1	1	0.05	-1.30103	0	0	0	0
9000	664	90	300	4	25	19	2059	3.31366	4	0	0	5	0.2	5	0.2	1	0.01	-2	0	0	0	0
9000	665	90	300	4	25	23	8939	3.95129	4	0	0	7	0.142857	7	0.142857	1	0.03	-1.52288	0.01	-2	0	0
9000	666	90	300	4	25	22	28832	4.45987	5	0	0	6	0.166667	6	0.166667	1	0.18	-0.744727	0.02	-1.69897	0	0
9000	667	90	300	4	25	31	253261	5.40357	6	1	0	6	0.166667	6	0.166667	1	2.83	0.451786	0.33	-0.481486	0.97	-0.0132283
9000	668	90	300	4	25	24	53317	4.72687	5	1	0	4	0.25	4	0.25	1	0.48	-0.318759	0.1	-1	0.53	-0.275724
9000	669	90	300	4	25	23	21382	4.33005	5	0	0	5	0.2	5	0.2	1	0.17	-0.769551	0.02	-1.69897	0	0
9000	670	90	300	4	25	26	7376	3.86782	4	0	0	12	0.0833333	12	0.0833333	1	0.09	-1.04576	0	0	0	0
9000	671	90	300	4	25	31	215299	5.33304	6	0	0	9	0.111111	9	0.111111	1	2	0.30103	0.37	-0.431798	0	0
9000	672	90	300	4	25	28	99408	4.99742	5	1	1	5.5	0.181818	6	0.166667	0.916667	0.77	-0.113509	0.12	-0.920819	19.65	1.29336
9000	673	90	300	4	25	17	2495	3.39707	4	0	0	6	0.166667	6	0.166667	1	0.01	-2	0	0	0	0
9000	674	90	300	4	25	17	8639	3.93646	4	0	0	3	0.333333	3	0.333333	1	0.04	-1.39794	0.01	-2	0	0
9000	675	90	300	4	25	29	179662	5.25446	6	0	0	7	0.142857	7	0.142857	1	2.17	0.33646	0.28	-0.552842	0	0
9000	676	90	300	4	25	26	62037	4.79265	5	1	0	7	0.142857	7	0.142857	1	0.37	-0.431798	0.07	-1.1549	0.57	-0.244125
9000	677	90	300	4	25	22	20735	4.3167	5	0	0	7	0.142857	7	0.142857	1	0.1	-1	0.02	-1.69897	0	0
9000	678	90	300	4	25	18	5399	3.73231	4	0	0	5	0.2	5	0.2	1	0.02	-1.69897	0	0	0	0
9000	679	90	300	4	25	17	1066	3.02776	4	0	0	6	0.166667	6	0.166667	1	0	0	0	0	0	0
9000	680	90	300	4	25	25	151199	5.17955	6	0	0	4	0.25	4	0.25	1	1.48	0.170262	0.17	-0.769551	0	0
9000	681	90	300	4	25	26	65574	4.81673	5	1	0	8	0.125	8	0.125	1	0.51	-0.29243	0.06	-1.22185	2.15	0.332438
9000	682	90	300	4	25	27	212969	5.32832	6	1	0	6	0.166667	6	0.166667	1	1.71	0.232996	0.44	-0.356547	1.04	0.0170333
9000	683	90	300	4	25	34	1748428	6.24265	7	1	0	7	0.142857	7	0.142857	1	14.49	1.16107	3.87	0.587711	9.87	0.994317
9000	684	90	300	4	25	32	426807	5.63023	6	0	0	7	0.142857	7	0.142857	1	3.92	0.593286	0.47	-0.327902	0	0
9000	685	90	300	4	25	25	243445	5.3864	6	1	0	5	0.2	5	0.2	1	2.43	0.385606	0.2	-0.69897	1.01	0.00432137
9000	686	90	300	4	25	22	16101	4.20685	5	1	0	5	0.2	5	0.2	1	0.1	-1	0.03	-1.52288	0.61	-0.21467
9000	687	90	300	4	25	18	9503	3.97786	4	0	0	4	0.25	4	0.25	1	0.05	-1.30103	0	0	0	0
9000	688	90	300	4	25	21	1751	3.24329	4	0	0	8	0.125	8	0.125	1	0.01	-2	0	0	0	0
9000	689	90	300	4	25	22	80351	4.90499	5	0	0	3	0.333333	3	0.333333	1	0.53	-0.275724	0.11	-0.958607	0	0
9000	690	90	300	4	25	17	13600	4.13354	5	0	0	4	0.25	4	0.25	1	0.07	-1.1549	0.01	-2	0	0
9000	691	90	300	4	25	33	1133162	6.05429	7	1	1	5.5	0.181818	6	0.166667	0.916667	12.82	1.10789	1.96	0.292256	859.09	2.93404
9000	692	90	300	4	25	14	2209	3.3442	4	1	0	3	0.333333	3	0.333333	1	0.03	-1.52288	0.01	-2	0.21	-0.677781
9000	693	90	300	4	25	17	1502	3.17667	4	1	0	6	0.166667	6	0.166667	1	0	0	0.01	-2	0.02	-1.69897
9000	694	90	300	4	25	24	18851	4.27533	5	1	0	8	0.125	8	0.125	1	0.17	-0.769551	0.02	-1.69897	0.27	-0.568636
9000	695	90	300	4	25	22	65447	4.81589	5	0	0	4	0.25	4	0.25	1	0.54	-0.267606	0.07	-1.1549	0	0
9000	696	90	300	4	25	25	66683	4.82402	5	0	0	6	0.166667	6	0.166667	1	0.57	-0.244125	0.06	-1.22185	0	0
9000	697	90	300	4	25	30	207643	5.31732	6	0	0	8	0.125	8	0.125	1	2.56	0.40824	0.35	-0.455932	0	0
9000	698	90	300	4	25	23	19817	4.29704	5	0	0	6	0.166667	6	0.166667	1	0.2	-0.69897	0.02	-1.69897	0	0
9000	699	90	300	4	25	14	1295	3.11227	4	0	0	5	0.2	5	0.2	1	0	0	0	0	0	0
9000	700	90	300	4	25	23	21110	4.32449	5	1	0	6	0.166667	6	0.166667	1	0.2	-0.69897	0.02	-1.69897	0.2	-0.69897
9000	701	90	300	4	25	19	6799	3.83245	4	0	0	6	0.166667	6	0.166667	1	0.06	-1.22185	0	0	0	0
9000	702	90	300	4	25	11	521	2.71684	3	0	0	3	0.333333	3	0.333333	1	0	0	0	0	0	0
9000	703	90	300	4	25	26	50732	4.70528	5	0	0	7	0.142857	7	0.142857	1	0.49	-0.309804	0.04	-1.39794	0	0
9000	704	90	300	4	25	16	2349	3.37088	4	0	0	4	0.25	4	0.25	1	0.01	-2	0	0	0	0
9000	705	90	300	4	25	21	21167	4.32566	5	0	0	6	0.166667	6	0.166667	1	0.15	-0.823909	0.01	-2	0	0
9000	706	90	300	4	25	21	33445	4.52433	5	0	0	5	0.2	5	0.2	1	0.26	-0.585027	0.04	-1.39794	0	0
9000	707	90	300	4	25	16	4859	3.68655	4	0	0	4	0.25	4	0.25	1	0.02	-1.69897	0.01	-2	0	0
9000	708	90	300	4	25	31	405525	5.60802	6	1	0	6	0.166667	6	0.166667	1	4.3	0.633468	0.39	-0.408935	4.65	0.667453
9000	709	90	300	4	25	20	9052	3.95674	4	0	0	5	0.2	5	0.2	1	0.05	-1.30103	0.01	-2	0	0
9000	710	90	300	4	25	15	479	2.68034	3	0	0	5	0.2	5	0.2	1	0	0	0	0	0	0
9000	711	90	300	4	25	22	4739	3.67569	4	0	0	9	0.111111	9	0.111111	1	0.02	-1.69897	0	0	0	0
9000	712	90	300	4	25	35	1562661	6.19386	7	1	0	10	0.1	10	0.1	1	17.13	1.23376	1.29	0.11059	7.73	0.888179
9000	713	90	300	4	25	22	73871	4.86847	5	0	0	5	0.2	5	0.2	1	0.62	-0.207608	0.09	-1.04576	0	0
9000	714	90	300	4	25	23	12294	4.08969	5	1	0	7	0.142857	7	0.142857	1	0.08	-1.09691	0	0	0.11	-0.958607
9000	715	90	300	4	25	28	809329	5.90813	6	1	0	6	0.166667	6	0.166667	1	8.46	0.92737	0.81	-0.091515	55.97	1.74796
9000	716	90	300	4	25	32	1014421	6.00622	7	1	0	6	0.166667	6	0.166667	1	8.6	0.934498	1.28	0.10721	102.68	2.01149
9000	717	90	300	4	25	41	2061524	6.31419	7	1	0	8	0.125	8	0.125	1	25.31	1.40329	3.83	0.583199	74.39	1.87151
9000	718	90	300	4	25	20	4559	3.65887	4	0	0	6	0.166667	6	0.166667	1	0.03	-1.52288	0.01	-2	0	0
9000	719	90	300	4	25	13	1091	3.03782	4	0	0	3	0.333333	3	0.333333	1	0.01	-2	0	0	0	0
9000	720	90	300	4	25	22	2959	3.47114	4	1	0	6	0.166667	6	0.166667	1	0.02	-1.69897	0.01	-2	0.03	-1.52288
9000	721	90	300	4	25	30	18479	4.26668	5	0	0	13	0.0769231	13	0.0769231	1	0.16	-0.79588	0.02	-1.69897	0	0
9000	722	90	300	4	25	16	6903	3.83904	4	0	0	3	0.333333	3	0.333333	1	0.04	-1.39794	0	0	0	0
9000	723	90	300	4	25	29	99684	4.99863	5	1	0	8	0.125	8	0.125	1	1.27	0.103804	0.15	-0.823909	0.78	-0.107905
9000	724	90	300	4	25	21	28644	4.45703	5	0	0	5	0.2	5	0.2	1	0.18	-0.744727	0.02	-1.69897	0	0
9000	725	90	300	4	25	24	2149	3.33224	4	0	0	8	0.125	8	0.125	1	0.02	-1.69897	0	0	0	0
9000	726	90	300	4	25	18	1759	3.24527	4	0	0	6	0.166667	6	0.166667	1	0.01	-2	0	0	0	0
9000	727	90	300	4	25	20	5281	3.72272	4	0	0	5	0.2	5	0.2	1	0.02	-1.69897	0	0	0	0
9000	728	90	300	4	25	14	683	2.83442	3	1	0	5	0.2	5	0.2	1	0	0	0	0	0.01	-2
9000	729	90	300	4	25	19	21052	4.32329	5	1	0	4	0.25	4	0.25	1	0.11	-0.958607	0.03	-1.52288	0.2	-0.69897
9000	730	90	300	4	25	30	112862	5.05255	6	1	0	7	0.142857	7	0.142857	1	1.1	0.0413927	0.16	-0.79588	10.89	1.03703
9000	731	90	300	4	25	23	19456	4.28905	5	1	0	6	0.166667	6	0.166667	1	0.22	-0.657577	0.02	-1.69897	0.61	-0.21467
9000	732	90	300	4	25	19	3482	3.54183	4	0	0	4	0.25	4	0.25	1	0.01	-2	0.01	-2	0	0
9000	733	90	300	4	25	13	2828	3.45148	4	0	0	2	0.5	2	0.5	1	0.02	-1.69897	0	0	0	0
9000	734	90	300	4	25	19	5801	3.7635	4	0	0	8	0.125	8	0.125	1	0.02	-1.69897	0.01	-2	0	0
9000	735	90	300	4	25	27	33927	4.53055	5	0	0	8	0.125	8	0.125	1	0.28	-0.552842	0.03	-1.52288	0	0
9000	736	90	300	4	25	32	719392	5.85697	6	1	0	8	0.125	8	0.125	1	12.07	1.08171	1.09	0.0374265	121.04	2.08293
9000	737	90	300	4	25	17	2145	3.33143	4	0	0	5	0.2	5	0.2	1	0.01	-2	0	0	0	0
9000	738	90	300	4	25	17	2540	3.40483	4	0	0	4	0.25	4	0.25	1	0.01	-2	0.01	-2	0	0
9000	739	90	300	4	25	20	5851	3.76723	4	1	1	4.5	0.222222	5	0.2	0.9	0.04	-1.39794	0.01	-2	0.2	-0.69897
9000	740	90	300	4	25	15	5157	3.7124	4	0	0	3	0.333333	3	0.333333	1	0.03	-1.52288	0	0	0	0
9000	741	90	300	4	25	28	103450	5.01473	6	0	0	8	0.125	8	0.125	1	1.01	0.00432137	0.19	-0.721246	0	0
9000	742	90	300	4	25	19	6719	3.8273	4	0	0	7	0.142857	7	0.142857	1	0.03	-1.52288	0.01	-2	0	0
9000	743	90	300	4	25	23	12558	4.09892	5	0	0	7	0.142857	7	0.142857	1	0.12	-0.920819	0.02	-1.69897	0	0
9000	744	90	300	4	25	17	6911	3.83954	4	1	0	3	0.333333	3	0.333333	1	0.03	-1.52288	0.01	-2	0.06	-1.22185
9000	745	90	300	4	25	25	120399	5.08062	6	1	0	6	0.166667	6	0.166667	1	0.69	-0.161151	0.21	-0.677781	0.92	-0.0362122
9000	746	90	300	4	25	35	4913307	6.69137	7	1	0	5	0.2	5	0.2	1	65.38	1.81544	14	1.14613	507.86	2.70574
9000	747	90	300	4	25	15	647	2.8109	3	0	0	8	0.125	8	0.125	1	0.01	-2	0	0	0	0
9000	748	90	300	4	25	20	2613	3.41714	4	0	0	8	0.125	8	0.125	1	0.02	-1.69897	0	0	0	0
9000	749	90	300	4	25	24	9167	3.96223	4	0	0	9	0.111111	9	0.111111	1	0.11	-0.958607	0.01	-2	0	0
9000	750	90	300	4	25	16	2159	3.33425	4	0	0	4	0.25	4	0.25	1	0.01	-2	0	0	0	0
9000	751	90	300	4	25	16	590	2.77085	3	0	0	5	0.2	5	0.2	1	0	0	0	0	0	0
9000	752	90	300	4	25	24	42835	4.6318	5	0	0	6	0.166667	6	0.166667	1	0.23	-0.638272	0.05	-1.30103	0	0
9000	753	90	300	4	25	17	9784	3.99052	4	0	0	3	0.333333	3	0.333333	1	0.06	-1.22185	0	0	0	0
9000	754	90	300	4	25	22	2064	3.31471	4	1	0	7	0.142857	7	0.142857	1	0.01	-2	0	0	0.02	-1.69897
9000	755	90	300	4	25	22	59528	4.77472	5	1	0	5	0.2	5	0.2	1	0.52	-0.283997	0.06	-1.22185	0.55	-0.259637
9000	756	90	300	4	25	17	10079	4.00342	5	0	0	4	0.25	4	0.25	1	0.05	-1.30103	0.01	-2	0	0
9000	757	90	300	4	25	20	9009	3.95468	4	0	0	7	0.142857	7	0.142857	1	0.04	-1.39794	0.01	-2	0	0
9000	758	90	300	4	25	29	100546	5.00236	6	1	0	7	0.142857	7	0.142857	1	1.05	0.0211893	0.16	-0.79588	4.45	0.64836
9000	759	90	300	4	25	22	44346	4.64685	5	1	0	5	0.2	5	0.2	1	0.42	-0.376751	0.03	-1.52288	0.97	-0.0132283
9000	760	90	300	4	25	25	47651	4.67807	5	1	1	4.66667	0.214286	5	0.2	0.933333	0.34	-0.468521	0.06	-1.22185	0.52	-0.283997
9000	761	90	300	4	25	31	525954	5.72095	6	1	0	5	0.2	5	0.2	1	7.22	0.858537	0.58	-0.236572	20.51	1.31197
9000	762	90	300	4	25	28	225636	5.35341	6	0	0	7	0.142857	7	0.142857	1	3.35	0.525045	0.45	-0.346787	0	0
9000	763	90	300	4	25	18	18143	4.25871	5	0	0	3	0.333333	3	0.333333	1	0.11	-0.958607	0.01	-2	0	0
9000	764	90	300	4	25	11	255	2.40654	3	0	0	5	0.2	5	0.2	1	0	0	0	0	0	0
9000	765	90	300	4	25	20	14914	4.17359	5	0	0	4	0.25	4	0.25	1	0.08	-1.09691	0.01	-2	0	0
9000	766	90	300	4	25	23	46806	4.6703	5	0	0	5	0.2	5	0.2	1	0.36	-0.443697	0.07	-1.1549	0	0
9000	767	90	300	4	25	20	10550	4.02325	5	0	0	6	0.166667	6	0.166667	1	0.06	-1.22185	0.01	-2	0	0
9000	768	90	300	4	25	16	1727	3.23729	4	0	0	5	0.2	5	0.2	1	0.01	-2	0	0	0	0
9000	769	90	300	4	25	24	109392	5.03899	6	0	0	5	0.2	5	0.2	1	0.74	-0.130768	0.09	-1.04576	0	0
9000	770	90	300	4	25	31	211679	5.32568	6	1	0	8	0.125	8	0.125	1	1.16	0.064458	0.26	-0.585027	10.93	1.03862
9000	771	90	300	4	25	14	1727	3.23729	4	0	0	4	0.25	4	0.25	1	0	0	0	0	0	0
9000	772	90	300	4	25	20	31661	4.50052	5	0	0	4	0.25	4	0.25	1	0.14	-0.853872	0.04	-1.39794	0	0
9000	773	90	300	4	25	22	21358	4.32956	5	0	0	5	0.2	5	0.2	1	0.19	-0.721246	0.01	-2	0	0
9000	774	90	300	4	25	19	9323	3.96956	4	0	0	5	0.2	5	0.2	1	0.04	-1.39794	0.01	-2	0	0
9000	775	90	300	4	25	22	13636	4.13469	5	1	0	5	0.2	5	0.2	1	0.09	-1.04576	0.01	-2	0.14	-0.853872
9000	776	90	300	4	25	18	2772	3.44279	4	0	0	6	0.166667	6	0.166667	1	0.01	-2	0	0	0	0
9000	777	90	300	4	25	26	157337	5.19683	6	1	0	5	0.2	5	0.2	1	1.33	0.123852	0.18	-0.744727	0.54	-0.267606
9000	778	90	300	4	25	27	231558	5.36466	6	0	0	5	0.2	5	0.2	1	1.93	0.285557	0.45	-0.346787	0	0
9000	779	90	300	4	25	15	1439	3.15806	4	1	0	4	0.25	4	0.25	1	0	0	0	0	0.01	-2
9000	780	90	300	4	25	25	43820	4.64167	5	0	0	6	0.166667	6	0.166667	1	0.35	-0.455932	0.05	-1.30103	0	0
9000	781	90	300	4	25	29	39797	4.59985	5	1	0	9	0.111111	9	0.111111	1	0.45	-0.346787	0.05	-1.30103	0.32	-0.49485
9000	782	90	300	4	25	18	3995	3.60152	4	0	0	6	0.166667	6	0.166667	1	0.01	-2	0.01	-2	0	0
9000	783	90	300	4	25	33	162732	5.21147	6	1	0	9	0.111111	9	0.111111	1	2.1	0.322219	0.23	-0.638272	0.63	-0.200659
9000	784	90	300	4	25	24	8084	3.90763	4	0	0	8	0.125	8	0.125	1	0.07	-1.1549	0.01	-2	0	0
9000	785	90	300	4	25	29	16818	4.22577	5	0	0	12	0.0833333	12	0.0833333	1	0.19	-0.721246	0.02	-1.69897	0	0
9000	786	90	300	4	25	18	15421	4.18811	5	0	0	3	0.333333	3	0.333333	1	0.13	-0.886057	0.02	-1.69897	0	0
9000	787	90	300	4	25	22	10098	4.00424	5	1	0	8	0.125	8	0.125	1	0.06	-1.22185	0.01	-2	0.09	-1.04576
9000	788	90	300	4	25	24	132319	5.12162	6	1	0	6	0.166667	6	0.166667	1	0.83	-0.0809219	0.15	-0.823909	1.2	0.0791812
9000	789	90	300	4	25	13	1774	3.24895	4	1	1	2.33333	0.428571	3	0.333333	0.777778	0.01	-2	0	0	0.03	-1.52288
9000	790	90	300	4	25	19	31984	4.50493	5	0	0	3	0.333333	3	0.333333	1	0.17	-0.769551	0.04	-1.39794	0	0
9000	791	90	300	4	25	25	25371	4.40434	5	1	0	6	0.166667	6	0.166667	1	0.19	-0.721246	0.04	-1.39794	0.84	-0.0757207
9000	792	90	300	4	25	32	789777	5.8975	6	0	0	8	0.125	8	0.125	1	7.91	0.898176	1.44	0.158362	0	0
9000	793	90	300	4	25	31	128078	5.10747	6	1	0	8	0.125	8	0.125	1	1.53	0.184691	0.17	-0.769551	1.03	0.0128372
9000	794	90	300	4	25	22	8833	3.94611	4	0	0	5	0.2	5	0.2	1	0.05	-1.30103	0.01	-2	0	0
9000	795	90	300	4	25	18	36863	4.56659	5	0	0	3	0.333333	3	0.333333	1	0.21	-0.677781	0.04	-1.39794	0	0
9000	796	90	300	4	25	9	287	2.45788	3	0	0	2	0.5	2	0.5	1	0	0	0	0	0	0
9000	797	90	300	4	25	25	33869	4.5298	5	1	0	8	0.125	8	0.125	1	0.3	-0.522879	0.02	-1.69897	0.3	-0.522879
9000	798	90	300	4	25	32	186343	5.27031	6	1	1	6.5	0.153846	7	0.142857	0.928571	1.52	0.181844	0.27	-0.568636	50.23	1.70096
9000	799	90	300	4	25	18	8975	3.95303	4	0	0	4	0.25	4	0.25	1	0.05	-1.30103	0	0	0	0
9000	800	90	300	4	25	24	17256	4.23694	5	0	0	6	0.166667	6	0.166667	1	0.18	-0.744727	0.01	-2	0	0
9000	801	90	300	4	25	24	23505	4.37116	5	0	0	7	0.142857	7	0.142857	1	0.21	-0.677781	0.02	-1.69897	0	0
9000	802	90	300	4	25	24	17291	4.23782	5	0	0	10	0.1	10	0.1	1	0.15	-0.823909	0.01	-2	0	0
9000	803	90	300	4	25	28	145400	5.16256	6	1	0	6	0.166667	6	0.166667	1	1.47	0.167317	0.27	-0.568636	6.76	0.829947
9000	804	90	300	4	25	23	19895	4.29874	5	1	1	5.66667	0.176471	6	0.166667	0.944445	0.12	-0.920819	0.02	-1.69897	0.21	-0.677781
9000	805	90	300	4	25	25	55884	4.74729	5	1	0	6	0.166667	6	0.166667	1	0.38	-0.420216	0.09	-1.04576	0.53	-0.275724
9000	806	90	300	4	25	13	959	2.98182	3	0	0	5	0.2	5	0.2	1	0	0	0	0	0	0
9000	807	90	300	4	25	33	317209	5.50135	6	0	0	10	0.1	10	0.1	1	3.5	0.544068	0.29	-0.537602	0	0
9000	808	90	300	4	25	20	2709	3.43281	4	0	0	7	0.142857	7	0.142857	1	0.01	-2	0	0	0	0
9000	809	90	300	4	25	25	40548	4.60797	5	0	0	5	0.2	5	0.2	1	0.36	-0.443697	0.04	-1.39794	0	0
9000	810	90	300	4	25	26	31927	4.50416	5	0	0	7	0.142857	7	0.142857	1	0.32	-0.49485	0.03	-1.52288	0	0
9000	811	90	300	4	25	30	143203	5.15595	6	0	0	10	0.1	10	0.1	1	1.31	0.117271	0.17	-0.769551	0	0
9000	812	90	300	4	25	23	10700	4.02938	5	0	0	7	0.142857	7	0.142857	1	0.07	-1.1549	0.01	-2	0	0
9000	813	90	300	4	25	23	57532	4.75991	5	1	0	5	0.2	5	0.2	1	0.38	-0.420216	0.08	-1.09691	0.47	-0.327902
9000	814	90	300	4	25	31	23142	4.3644	5	0	0	14	0.0714286	14	0.0714286	1	0.23	-0.638272	0.02	-1.69897	0	0
9000	815	90	300	4	25	27	252626	5.40248	6	1	0	6	0.166667	6	0.166667	1	1.63	0.212188	0.26	-0.585027	24.9	1.3962
9000	816	90	300	4	25	37	635613	5.80319	6	1	0	8	0.125	8	0.125	1	7.68	0.885361	0.74	-0.130768	50.71	1.70509
9000	817	90	300	4	25	20	21882	4.34009	5	0	0	6	0.166667	6	0.166667	1	0.13	-0.886057	0.02	-1.69897	0	0
9000	818	90	300	4	25	36	1539458	6.18737	7	1	0	9	0.111111	9	0.111111	1	15.95	1.20276	1.69	0.227887	124.55	2.09534
9000	819	90	300	4	25	16	4091	3.61183	4	0	0	5	0.2	5	0.2	1	0.01	-2	0.01	-2	0	0
9000	820	90	300	4	25	15	767	2.8848	3	0	0	5	0.2	5	0.2	1	0	0	0	0	0	0
9000	821	90	300	4	25	19	8551	3.93202	4	0	0	4	0.25	4	0.25	1	0.04	-1.39794	0	0	0	0
9000	822	90	300	4	25	15	6119	3.78668	4	0	0	2	0.5	2	0.5	1	0.02	-1.69897	0.01	-2	0	0
9000	823	90	300	4	25	22	44364	4.64703	5	0	0	5	0.2	5	0.2	1	0.52	-0.283997	0.05	-1.30103	0	0
9000	824	90	300	4	25	24	25730	4.41044	5	0	0	7	0.142857	7	0.142857	1	0.15	-0.823909	0.03	-1.52288	0	0
9000	825	90	300	4	25	29	319151	5.504	6	1	0	5	0.2	5	0.2	1	2.14	0.330414	0.67	-0.173925	12.82	1.10789
9000	826	90	300	4	25	18	6722	3.8275	4	0	0	5	0.2	5	0.2	1	0.04	-1.39794	0.01	-2	0	0
9000	827	90	300	4	25	13	705	2.84819	3	0	0	3	0.333333	3	0.333333	1	0	0	0	0	0	0
9000	828	90	300	4	25	22	51839	4.71466	5	0	0	4	0.25	4	0.25	1	0.46	-0.337242	0.08	-1.09691	0	0
9000	829	90	300	4	25	16	2306	3.36286	4	1	0	4	0.25	4	0.25	1	0.01	-2	0	0	0.02	-1.69897
9000	830	90	300	4	25	21	19161	4.28242	5	0	0	4	0.25	4	0.25	1	0.11	-0.958607	0.02	-1.69897	0	0
9000	831	90	300	4	25	22	13000	4.11394	5	0	0	6	0.166667	6	0.166667	1	0.11	-0.958607	0.01	-2	0	0
9000	832	90	300	4	25	30	283212	5.45211	6	1	0	6	0.166667	6	0.166667	1	2.63	0.419956	0.25	-0.60206	12.04	1.08063
9000	833	90	300	4	25	24	259397	5.41396	6	1	0	4	0.25	4	0.25	1	2.51	0.399674	0.33	-0.481486	9.96	0.998259
9000	834	90	300	4	25	27	160825	5.20635	6	0	0	7	0.142857	7	0.142857	1	2.33	0.367356	0.16	-0.79588	0	0
9000	835	90	300	4	25	20	14399	4.15833	5	0	0	4	0.25	4	0.25	1	0.08	-1.09691	0.01	-2	0	0
9000	836	90	300	4	25	27	32124	4.50683	5	1	0	7	0.142857	7	0.142857	1	0.32	-0.49485	0.03	-1.52288	0.29	-0.537602
9000	837	90	300	4	25	26	7149	3.85425	4	0	0	14	0.0714286	14	0.0714286	1	0.06	-1.22185	0	0	0	0
9000	838	90	300	4	25	21	10211	4.00907	5	0	0	7	0.142857	7	0.142857	1	0.08	-1.09691	0.01	-2	0	0
9000	839	90	300	4	25	26	103003	5.01285	6	1	0	6	0.166667	6	0.166667	1	0.82	-0.0861861	0.18	-0.744727	0.92	-0.0362122
9000	840	90	300	4	25	15	1647	3.21669	4	0	0	3	0.333333	3	0.333333	1	0.01	-2	0	0	0	0
9000	841	90	300	4	25	16	863	2.93601	3	0	0	5	0.2	5	0.2	1	0	0	0	0	0	0
9000	842	90	300	4	25	21	4275	3.63094	4	1	0	8	0.125	8	0.125	1	0.04	-1.39794	0	0	0.05	-1.30103
9000	843	90	300	4	25	33	198937	5.29872	6	1	0	9	0.111111	9	0.111111	1	1.75	0.243038	0.23	-0.638272	0.94	-0.0268721
9000	844	90	300	4	25	21	6427	3.80801	4	0	0	7	0.142857	7	0.142857	1	0.05	-1.30103	0	0	0	0
9000	845	90	300	4	25	12	611	2.78604	3	0	0	3	0.333333	3	0.333333	1	0	0	0	0	0	0
9000	846	90	300	4	25	17	3440	3.53656	4	0	0	6	0.166667	6	0.166667	1	0.01	-2	0	0	0	0
9000	847	90	300	4	25	18	4277	3.63114	4	1	0	6	0.166667	6	0.166667	1	0.02	-1.69897	0	0	0.07	-1.1549
9000	848	90	300	4	25	24	56901	4.75512	5	1	0	5	0.2	5	0.2	1	0.43	-0.366532	0.07	-1.1549	2.17	0.33646
9000	849	90	300	4	25	34	2556611	6.40766	7	1	0	5	0.2	5	0.2	1	27.2	1.43457	7.13	0.85309	16.61	1.22037
9000	850	90	300	4	25	21	19569	4.29157	5	0	0	5	0.2	5	0.2	1	0.22	-0.657577	0.01	-2	0	0
9000	851	90	300	4	25	24	25389	4.40465	5	1	0	6	0.166667	6	0.166667	1	0.19	-0.721246	0.03	-1.52288	0.22	-0.657577
9000	852	90	300	4	25	8	48	1.68124	2	0	0	4	0.25	4	0.25	1	0	0	0	0	0	0
9000	853	90	300	4	25	26	26785	4.42789	5	1	0	10	0.1	10	0.1	1	0.18	-0.744727	0.01	-2	0.25	-0.60206
9000	854	90	300	4	25	18	4445	3.64787	4	0	0	7	0.142857	7	0.142857	1	0.02	-1.69897	0	0	0	0
9000	855	90	300	4	25	23	98183	4.99204	5	0	0	5	0.2	5	0.2	1	0.7	-0.154902	0.1	-1	0	0
9000	856	90	300	4	25	24	21700	4.33646	5	0	0	7	0.142857	7	0.142857	1	0.2	-0.69897	0.03	-1.52288	0	0
9000	857	90	300	4	25	20	46098	4.66368	5	0	0	4	0.25	4	0.25	1	0.24	-0.619789	0.05	-1.30103	0	0
9000	858	90	300	4	25	27	7486	3.87425	4	1	0	11	0.0909091	11	0.0909091	1	0.04	-1.39794	0.01	-2	0.08	-1.09691
9000	859	90	300	4	25	23	2926	3.46627	4	0	0	11	0.0909091	11	0.0909091	1	0.01	-2	0	0	0	0
9000	860	90	300	4	25	18	1195	3.07737	4	0	0	6	0.166667	6	0.166667	1	0.01	-2	0	0	0	0
9000	861	90	300	4	25	16	3484	3.54208	4	0	0	5	0.2	5	0.2	1	0.01	-2	0	0	0	0
9000	862	90	300	4	25	23	13943	4.14436	5	1	0	7	0.142857	7	0.142857	1	0.1	-1	0.02	-1.69897	0.14	-0.853872
9000	863	90	300	4	25	20	8137	3.91046	4	0	0	5	0.2	5	0.2	1	0.06	-1.22185	0	0	0	0
9000	864	90	300	4	25	22	63522	4.80292	5	1	0	5	0.2	5	0.2	1	0.32	-0.49485	0.04	-1.39794	2.52	0.401401
9000	865	90	300	4	25	28	22175	4.34586	5	0	0	10	0.1	10	0.1	1	0.23	-0.638272	0.01	-2	0	0
9000	866	90	300	4	25	13	767	2.8848	3	0	0	5	0.2	5	0.2	1	0	0	0	0	0	0
9000	867	90	300	4	25	16	5237	3.71908	4	1	0	3	0.333333	3	0.333333	1	0.03	-1.52288	0	0	0.05	-1.30103
9000	868	90	300	4	25	20	10444	4.01887	5	1	0	4	0.25	4	0.25	1	0.04	-1.39794	0.01	-2	0.11	-0.958607
9000	869	90	300	4	25	26	93181	4.96933	5	1	0	5	0.2	5	0.2	1	0.63	-0.200659	0.11	-0.958607	10.36	1.01536
9000	870	90	300	4	25	14	2166	3.33566	4	0	0	3	0.333333	3	0.333333	1	0	0	0.01	-2	0	0
9000	871	90	300	4	25	23	26672	4.42606	5	0	0	5	0.2	5	0.2	1	0.14	-0.853872	0.03	-1.52288	0	0
9000	872	90	300	4	25	25	14192	4.15204	5	0	0	8	0.125	8	0.125	1	0.13	-0.886057	0.01	-2	0	0
9000	873	90	300	4	25	16	4319	3.63538	4	1	0	4	0.25	4	0.25	1	0.01	-2	0.01	-2	0.04	-1.39794
9000	874	90	300	4	25	32	740638	5.86961	6	1	0	6	0.166667	6	0.166667	1	6.56	0.816904	0.97	-0.0132283	180.91	2.25746
9000	875	90	300	4	25	19	20735	4.3167	5	1	0	3	0.333333	3	0.333333	1	0.11	-0.958607	0.03	-1.52288	0.19	-0.721246
9000	876	90	300	4	25	20	10559	4.02362	5	0	0	6	0.166667	6	0.166667	1	0.05	-1.30103	0	0	0	0
9000	877	90	300	4	25	21	16664	4.22178	5	0	0	5	0.2	5	0.2	1	0.16	-0.79588	0.01	-2	0	0
9000	878	90	300	4	25	13	624	2.79518	3	0	0	4	0.25	4	0.25	1	0	0	0	0	0	0
9000	879	90	300	4	25	22	10359	4.01532	5	1	0	5	0.2	5	0.2	1	0.08	-1.09691	0.01	-2	0.11	-0.958607
9000	880	90	300	4	25	23	122594	5.08847	6	1	0	5	0.2	5	0.2	1	0.66	-0.180456	0.15	-0.823909	1.09	0.0374265
9000	881	90	300	4	25	15	1903	3.27944	4	0	0	4	0.25	4	0.25	1	0.01	-2	0	0	0	0
9000	882	90	300	4	25	19	7032	3.84708	4	0	0	6	0.166667	6	0.166667	1	0.02	-1.69897	0.01	-2	0	0
9000	883	90	300	4	25	27	41121	4.61406	5	0	0	8	0.125	8	0.125	1	0.53	-0.275724	0.05	-1.30103	0	0
9000	884	90	300	4	25	25	45218	4.65531	5	1	0	4	0.25	4	0.25	1	0.38	-0.420216	0.06	-1.22185	9.68	0.985875
9000	885	90	300	4	25	11	575	2.75967	3	0	0	3	0.333333	3	0.333333	1	0	0	0	0	0	0
9000	886	90	300	4	25	16	1829	3.26221	4	0	0	5	0.2	5	0.2	1	0.01	-2	0	0	0	0
9000	887	90	300	4	25	19	8063	3.9065	4	0	0	6	0.166667	6	0.166667	1	0.03	-1.52288	0.01	-2	0	0
9000	888	90	300	4	25	20	3109	3.49262	4	0	0	7	0.142857	7	0.142857	1	0.01	-2	0	0	0	0
9000	889	90	300	4	25	16	3455	3.53845	4	0	0	5	0.2	5	0.2	1	0.01	-2	0	0	0	0
9000	890	90	300	4	25	24	37956	4.57928	5	0	0	7	0.142857	7	0.142857	1	0.35	-0.455932	0.03	-1.52288	0	0
9000	891	90	300	4	25	25	66026	4.81971	5	1	0	6	0.166667	6	0.166667	1	0.44	-0.356547	0.08	-1.09691	0.61	-0.21467
9000	892	90	300	4	25	20	1921	3.28353	4	0	0	11	0.0909091	11	0.0909091	1	0.01	-2	0	0	0	0
9000	893	90	300	4	25	6	47	1.6721	2	0	0	2	0.5	2	0.5	1	0	0	0	0	0	0
9000	894	90	300	4	25	16	3062	3.48601	4	1	0	3	0.333333	3	0.333333	1	0.01	-2	0	0	0.03	-1.52288
9000	895	90	300	4	25	17	5453	3.73664	4	0	0	4	0.25	4	0.25	1	0.02	-1.69897	0.01	-2	0	0
9000	896	90	300	4	25	24	21830	4.33905	5	0	0	6	0.166667	6	0.166667	1	0.18	-0.744727	0.02	-1.69897	0	0
9000	897	90	300	4	25	19	5048	3.70312	4	0	0	4	0.25	4	0.25	1	0.03	-1.52288	0.01	-2	0	0
9000	898	90	300	4	25	21	7218	3.85842	4	1	0	6	0.166667	6	0.166667	1	0.06	-1.22185	0	0	0.07	-1.1549
9000	899	90	300	4	25	25	8391	3.92381	4	0	0	7	0.142857	7	0.142857	1	0.1	-1	0	0	0	0
9000	900	90	300	4	25	22	48238	4.68339	5	0	0	6	0.166667	6	0.166667	1	0.25	-0.60206	0.05	-1.30103	0	0
9000	901	90	300	4	25	16	3123	3.49457	4	0	0	4	0.25	4	0.25	1	0.01	-2	0.01	-2	0	0
9000	902	90	300	4	25	19	5749	3.75959	4	0	0	5	0.2	5	0.2	1	0.04	-1.39794	0	0	0	0
9000	903	90	300	4	25	22	16809	4.22554	5	0	0	5	0.2	5	0.2	1	0.13	-0.886057	0.02	-1.69897	0	0
9000	904	90	300	4	25	15	1469	3.16702	4	0	0	4	0.25	4	0.25	1	0	0	0	0	0	0
9000	905	90	300	4	25	17	2331	3.36754	4	0	0	5	0.2	5	0.2	1	0.01	-2	0.01	-2	0	0
9000	906	90	300	4	25	21	3695	3.56761	4	0	0	10	0.1	10	0.1	1	0.02	-1.69897	0	0	0	0
9000	907	90	300	4	25	13	2591	3.41347	4	1	0	2	0.5	2	0.5	1	0.01	-2	0	0	0.03	-1.52288
9000	908	90	300	4	25	17	12651	4.10212	5	1	0	3	0.333333	3	0.333333	1	0.06	-1.22185	0.01	-2	0.12	-0.920819
9000	909	90	300	4	25	23	7903	3.89779	4	1	0	6	0.166667	6	0.166667	1	0.04	-1.39794	0.01	-2	0.08	-1.09691
9000	910	90	300	4	25	30	372735	5.5714	6	1	0	7	0.142857	7	0.142857	1	2.86	0.456366	0.35	-0.455932	1.41	0.149219
9000	911	90	300	4	25	12	767	2.8848	3	0	0	4	0.25	4	0.25	1	0	0	0	0	0	0
9000	912	90	300	4	25	33	158871	5.20104	6	1	0	8	0.125	8	0.125	1	1.72	0.235528	0.19	-0.721246	1.18	0.071882
9000	913	90	300	4	25	17	7484	3.87413	4	0	0	4	0.25	4	0.25	1	0.03	-1.52288	0.01	-2	0	0
9000	914	90	300	4	25	23	64774	4.8114	5	1	0	5	0.2	5	0.2	1	0.56	-0.251812	0.08	-1.09691	6.58	0.818226
9000	915	90	300	4	25	16	1375	3.1383	4	0	0	4	0.25	4	0.25	1	0	0	0	0	0	0
9000	916	90	300	4	25	23	15779	4.19808	5	0	0	6	0.166667	6	0.166667	1	0.13	-0.886057	0.01	-2	0	0
9000	917	90	300	4	25	31	112927	5.0528	6	1	0	7	0.142857	7	0.142857	1	0.77	-0.113509	0.19	-0.721246	4.28	0.631444
9000	918	90	300	4	25	27	831555	5.91989	6	0	0	6	0.166667	6	0.166667	1	7.42	0.870404	0.62	-0.207608	0	0
9000	919	90	300	4	25	25	55439	4.74382	5	0	0	5	0.2	5	0.2	1	0.48	-0.318759	0.05	-1.30103	0	0
9000	920	90	300	4	25	25	9234	3.96539	4	0	0	8	0.125	8	0.125	1	0.1	-1	0.01	-2	0	0
9000	921	90	300	4	25	24	42375	4.62711	5	0	0	7	0.142857	7	0.142857	1	0.33	-0.481486	0.05	-1.30103	0	0
9000	922	90	300	4	25	18	5388	3.73143	4	0	0	5	0.2	5	0.2	1	0.03	-1.52288	0	0	0	0
9000	923	90	300	4	25	30	121152	5.08333	6	1	0	7	0.142857	7	0.142857	1	1.57	0.1959	0.16	-0.79588	1	0
9000	924	90	300	4	25	20	22614	4.35438	5	1	0	4	0.25	4	0.25	1	0.12	-0.920819	0.03	-1.52288	0.21	-0.677781
9000	925	90	300	4	25	19	4128	3.61574	4	0	0	5	0.2	5	0.2	1	0.01	-2	0.01	-2	0	0
9000	926	90	300	4	25	19	16207	4.2097	5	0	0	4	0.25	4	0.25	1	0.14	-0.853872	0.01	-2	0	0
9000	927	90	300	4	25	16	805	2.9058	3	0	0	6	0.166667	6	0.166667	1	0	0	0	0	0	0
9000	928	90	300	4	25	17	16331	4.21301	5	0	0	4	0.25	4	0.25	1	0.07	-1.1549	0.02	-1.69897	0	0
9000	929	90	300	4	25	22	72102	4.85795	5	0	0	5	0.2	5	0.2	1	0.47	-0.327902	0.09	-1.04576	0	0
9000	930	90	300	4	25	24	6334	3.80168	4	1	0	7	0.142857	7	0.142857	1	0.05	-1.30103	0.01	-2	0.06	-1.22185
9000	931	90	300	4	25	15	1627	3.21139	4	1	0	3	0.333333	3	0.333333	1	0	0	0	0	0.03	-1.52288
9000	932	90	300	4	25	25	42050	4.62377	5	0	0	6	0.166667	6	0.166667	1	0.55	-0.259637	0.04	-1.39794	0	0
9000	933	90	300	4	25	29	223978	5.35021	6	1	0	7	0.142857	7	0.142857	1	2.29	0.359835	0.33	-0.481486	1.05	0.0211893
9000	934	90	300	4	25	24	97120	4.98731	5	0	0	5	0.2	5	0.2	1	0.8	-0.09691	0.13	-0.886057	0	0
9000	935	90	300	4	25	13	1089	3.03703	4	1	0	4	0.25	4	0.25	1	0	0	0	0	0.01	-2
9000	936	90	300	4	25	29	60413	4.78113	5	1	0	7	0.142857	7	0.142857	1	0.45	-0.346787	0.06	-1.22185	0.6	-0.221849
9000	937	90	300	4	25	16	1588	3.20085	4	0	0	5	0.2	5	0.2	1	0	0	0	0	0	0
9000	938	90	300	4	25	17	9719	3.98762	4	1	0	3	0.333333	3	0.333333	1	0.04	-1.39794	0.01	-2	0.07	-1.1549
9000	939	90	300	4	25	18	3455	3.53845	4	1	0	4	0.25	4	0.25	1	0.02	-1.69897	0	0	0.03	-1.52288
9000	940	90	300	4	25	22	64799	4.81157	5	1	0	4	0.25	4	0.25	1	0.49	-0.309804	0.08	-1.09691	1.49	0.173186
9000	941	90	300	4	25	24	19269	4.28486	5	1	0	9	0.111111	9	0.111111	1	0.14	-0.853872	0.02	-1.69897	1.4	0.146128
9000	942	90	300	4	25	15	2386	3.37767	4	0	0	4	0.25	4	0.25	1	0.01	-2	0	0	0	0
9000	943	90	300	4	25	23	7258	3.86082	4	0	0	11	0.0909091	11	0.0909091	1	0.04	-1.39794	0	0	0	0
9000	944	90	300	4	25	15	724	2.85974	3	1	0	6	0.166667	6	0.166667	1	0	0	0	0	0.01	-2
9000	945	90	300	4	25	28	168223	5.22589	6	0	0	7	0.142857	7	0.142857	1	2.28	0.357935	0.13	-0.886057	0	0
9000	946	90	300	4	25	20	5133	3.71037	4	0	0	6	0.166667	6	0.166667	1	0.03	-1.52288	0	0	0	0
9000	947	90	300	4	25	22	15068	4.17806	5	1	0	7	0.142857	7	0.142857	1	0.07	-1.1549	0.01	-2	0.15	-0.823909
9000	948	90	300	4	25	18	6543	3.81578	4	0	0	6	0.166667	6	0.166667	1	0.04	-1.39794	0	0	0	0
9000	949	90	300	4	25	28	63668	4.80392	5	1	0	6	0.166667	6	0.166667	1	0.64	-0.19382	0.07	-1.1549	3.36	0.526339
9000	950	90	300	4	25	12	911	2.95952	3	0	0	3	0.333333	3	0.333333	1	0	0	0	0	0	0
9000	951	90	300	4	25	25	42725	4.63068	5	0	0	7	0.142857	7	0.142857	1	0.3	-0.522879	0.03	-1.52288	0	0
9000	952	90	300	4	25	22	7907	3.89801	4	0	0	8	0.125	8	0.125	1	0.06	-1.22185	0.01	-2	0	0
9000	953	90	300	4	25	24	343292	5.53566	6	1	0	3	0.333333	3	0.333333	1	3.77	0.576341	0.32	-0.49485	1.28	0.10721
9000	954	90	300	4	25	27	202696	5.30685	6	1	1	5.5	0.181818	6	0.166667	0.916667	1.75	0.243038	0.29	-0.537602	51.85	1.71475
9000	955	90	300	4	25	21	54227	4.73422	5	0	0	4	0.25	4	0.25	1	0.54	-0.267606	0.1	-1	0	0
9000	956	90	300	4	25	43	285599	5.45576	6	1	0	16	0.0625	16	0.0625	1	3.12	0.494155	0.23	-0.638272	0.6	-0.221849
9000	957	90	300	4	25	17	4607	3.66342	4	1	0	4	0.25	4	0.25	1	0.02	-1.69897	0.01	-2	0.09	-1.04576
9000	958	90	300	4	25	16	3969	3.59868	4	0	0	3	0.333333	3	0.333333	1	0.02	-1.69897	0.01	-2	0	0
9000	959	90	300	4	25	21	23923	4.37882	5	1	0	4	0.25	4	0.25	1	0.13	-0.886057	0.04	-1.39794	0.25	-0.60206
9000	960	90	300	4	25	22	9312	3.96904	4	0	0	6	0.166667	6	0.166667	1	0.04	-1.39794	0.01	-2	0	0
9000	961	90	300	4	25	16	3421	3.53415	4	1	0	4	0.25	4	0.25	1	0.01	-2	0.01	-2	0.03	-1.52288
9000	962	90	300	4	25	31	148052	5.17041	6	0	0	6	0.166667	6	0.166667	1	1.94	0.287802	0.25	-0.60206	0	0
9000	963	90	300	4	25	31	161131	5.20718	6	1	0	8	0.125	8	0.125	1	1.44	0.158362	0.24	-0.619789	0.75	-0.124939
9000	964	90	300	4	25	22	22739	4.35677	5	0	0	6	0.166667	6	0.166667	1	0.12	-0.920819	0.01	-2	0	0
9000	965	90	300	4	25	22	11592	4.06416	5	0	0	7	0.142857	7	0.142857	1	0.07	-1.1549	0	0	0	0
9000	966	90	300	4	25	22	49410	4.69381	5	1	0	4	0.25	4	0.25	1	0.45	-0.346787	0.04	-1.39794	1.98	0.296665
9000	967	90	300	4	25	22	5831	3.76574	4	0	0	8	0.125	8	0.125	1	0.04	-1.39794	0	0	0	0
9000	968	90	300	4	25	19	29402	4.46838	5	0	0	3	0.333333	3	0.333333	1	0.26	-0.585027	0.04	-1.39794	0	0
9000	969	90	300	4	25	17	6925	3.84042	4	0	0	5	0.2	5	0.2	1	0.03	-1.52288	0	0	0	0
9000	970	90	300	4	25	18	4086	3.6113	4	0	0	5	0.2	5	0.2	1	0.01	-2	0.01	-2	0	0
9000	971	90	300	4	25	19	8733	3.94116	4	0	0	5	0.2	5	0.2	1	0.08	-1.09691	0	0	0	0
9000	972	90	300	4	25	22	27996	4.4471	5	1	0	5	0.2	5	0.2	1	0.17	-0.769551	0.02	-1.69897	0.27	-0.568636
9000	973	90	300	4	25	25	44678	4.65009	5	1	0	6	0.166667	6	0.166667	1	0.26	-0.585027	0.06	-1.22185	0.41	-0.387216
9000	974	90	300	4	25	27	88566	4.94727	5	0	0	7	0.142857	7	0.142857	1	0.52	-0.283997	0.11	-0.958607	0	0
9000	975	90	300	4	25	26	49284	4.69271	5	1	0	6	0.166667	6	0.166667	1	0.45	-0.346787	0.06	-1.22185	0.45	-0.346787
9000	976	90	300	4	25	25	28172	4.44982	5	0	0	7	0.142857	7	0.142857	1	0.25	-0.60206	0.04	-1.39794	0	0
9000	977	90	300	4	25	18	2903	3.46285	4	0	0	5	0.2	5	0.2	1	0.02	-1.69897	0	0	0	0
9000	978	90	300	4	25	16	1649	3.21722	4	0	0	4	0.25	4	0.25	1	0.01	-2	0	0	0	0
9000	979	90	300	4	25	18	2095	3.32118	4	0	0	6	0.166667	6	0.166667	1	0.01	-2	0	0	0	0
9000	980	90	300	4	25	31	132514	5.12226	6	0	0	13	0.0769231	13	0.0769231	1	1.14	0.0569049	0.11	-0.958607	0	0
9000	981	90	300	4	25	16	2151	3.33264	4	0	0	4	0.25	4	0.25	1	0	0	0.01	-2	0	0
9000	982	90	300	4	25	21	13694	4.13653	5	1	0	5	0.2	5	0.2	1	0.08	-1.09691	0.02	-1.69897	0.19	-0.721246
9000	983	90	300	4	25	35	284209	5.45364	6	1	0	10	0.1	10	0.1	1	2.04	0.30963	0.36	-0.443697	25.02	1.39829
9000	984	90	300	4	25	20	11545	4.06239	5	0	0	5	0.2	5	0.2	1	0.07	-1.1549	0.01	-2	0	0
9000	985	90	300	4	25	24	288650	5.46037	6	1	0	4	0.25	4	0.25	1	2.07	0.31597	0.34	-0.468521	1.75	0.243038
9000	986	90	300	4	25	22	3828	3.58297	4	0	0	8	0.125	8	0.125	1	0.03	-1.52288	0.01	-2	0	0
9000	987	90	300	4	25	19	3910	3.59218	4	1	0	6	0.166667	6	0.166667	1	0.03	-1.52288	0	0	0.04	-1.39794
9000	988	90	300	4	25	17	2483	3.39498	4	0	0	5	0.2	5	0.2	1	0.01	-2	0	0	0	0
9000	989	90	300	4	25	22	17813	4.25074	5	0	0	6	0.166667	6	0.166667	1	0.09	-1.04576	0.02	-1.69897	0	0
9000	990	90	300	4	25	15	2339	3.36903	4	0	0	4	0.25	4	0.25	1	0.01	-2	0	0	0	0
9000	991	90	300	4	25	12	577	2.76118	3	1	0	4	0.25	4	0.25	1	0	0	0	0	0.01	-2
9000	992	90	300	4	25	26	62363	4.79493	5	1	0	6	0.166667	6	0.166667	1	0.41	-0.387216	0.1	-1	0.61	-0.21467
9000	993	90	300	4	25	19	4619	3.66455	4	0	0	5	0.2	5	0.2	1	0.02	-1.69897	0.01	-2	0	0
9000	994	90	300	4	25	21	5375	3.73038	4	1	0	7	0.142857	7	0.142857	1	0.05	-1.30103	0	0	0.04	-1.39794
9000	995	90	300	4	25	30	248849	5.39594	6	1	0	7	0.142857	7	0.142857	1	3.2	0.50515	0.35	-0.455932	2.88	0.459392
9000	996	90	300	4	25	27	20832	4.31873	5	0	0	7	0.142857	7	0.142857	1	0.15	-0.823909	0.02	-1.69897	0	0
9000	997	90	300	4	25	23	36287	4.55975	5	0	0	6	0.166667	6	0.166667	1	0.31	-0.508638	0.03	-1.52288	0	0
9000	998	90	300	4	25	22	56108	4.74902	5	1	0	5	0.2	5	0.2	1	0.48	-0.318759	0.06	-1.22185	0.55	-0.259637
9000	999	90	300	4	25	22	29825	4.47458	5	0	0	6	0.166667	6	0.166667	1	0.27	-0.568636	0.03	-1.52288	0	0
9000	1000	90	300	4	25	24	22314	4.34858	5	1	1	5.66667	0.176471	6	0.166667	0.944445	0.26	-0.585027	0.03	-1.52288	2.55	0.40654
