1000	39	10	300	4	25	23	23	0	0	23	23	1	0	0	0	0
1000	79	10	300	4	25	23	27	0	0	22	22	1	0	0	0	0
1000	92	10	300	4	25	23	41	0	0	21	21	1	0	0	0	0
1000	100	10	300	4	25	23	23	0	0	23	23	1	0	0	0	0
1000	110	10	300	4	25	23	23	0	0	23	23	1	0	0	0	0
1000	137	10	300	4	25	23	24	0	0	22	22	1	0	0	0	0
1000	179	10	300	4	25	23	25	0	0	22	22	1	0	0	0	0
1000	197	10	300	4	25	23	23	0	0	23	23	1	0	0	0	0
1000	241	10	300	4	25	23	24	0	0	22	22	1	0	0	0	0
1000	312	10	300	4	25	23	26	0	0	22	22	1	0	0	0	0
1000	321	10	300	4	25	23	23	0	0	23	23	1	0	0	0	0
1000	332	10	300	4	25	23	23	0	0	23	23	1	0	0	0	0
1000	457	10	300	4	25	23	26	0	0	22	22	1	0	0	0	0
1000	492	10	300	4	25	23	24	0	0	22	22	1	0	0	0	0
1000	494	10	300	4	25	23	23	0	0	23	23	1	0	0	0	0
1000	496	10	300	4	25	23	30	0	0	20	20	1	0	0	0	0
1000	567	10	300	4	25	23	31	0	0	22	22	1	0	0	0	0
1000	580	10	300	4	25	23	23	0	0	23	23	1	0	0	0	0
1000	584	10	300	4	25	23	24	0	0	22	22	1	0	0	0	0
1000	761	10	300	4	25	23	23	0	0	23	23	1	0	0	0	0
1000	772	10	300	4	25	23	55	0	0	19	19	1	0	0	0	0
1000	849	10	300	4	25	23	23	0	0	23	23	1	0	0	0	0
1000	860	10	300	4	25	23	29	0	0	22	22	1	0	0	0	0
1000	878	10	300	4	25	23	26	0	0	22	22	1	0	0	0	0
1000	920	10	300	4	25	23	23	0	0	23	23	1	0	0	0	0
1000	923	10	300	4	25	23	31	0	0	21	21	1	0	0	0	0
1000	939	10	300	4	25	23	23	0	0	23	23	1	0	0	0	0
1000	962	10	300	4	25	23	23	0	0	23	23	1	0	0	0	0
1000	991	10	300	4	25	23	30	0	0	20	20	1	0	0	0	0
