10000	156	40	300	4	25	10	104	0	0	5	5	1	0	0	0	0
10000	219	40	300	4	25	10	323	0	0	2	2	1	0	0	0	0
10000	312	40	300	4	25	10	78	0	0	6	6	1	0	0	0	0
10000	717	40	300	4	25	10	188	0	0	3	3	1	0	0	0	0
10000	997	40	300	4	25	10	143	0	0	4	4	1	0	0	0	0
10000	131	50	300	4	25	10	63	0	0	7	7	1	0	0	0	0
10000	147	50	300	4	25	10	71	0	0	5	5	1	0	0	0	0
10000	161	50	300	4	25	10	64	0	0	4	4	1	0	0	0	0
10000	183	50	300	4	25	10	82	0	0	6	6	1	0	0	0	0
10000	208	50	300	4	25	10	431	0	0	2	2	1	0	0	0	0
10000	232	50	300	4	25	10	287	0	0	2	2	1	0	0	0	0
10000	256	50	300	4	25	10	79	0	0	4	4	1	0	0	0	0
10000	300	50	300	4	25	10	471	0	0	2	2	1	0	0	0	0
10000	312	50	300	4	25	10	87	0	0	4	4	1	0	0	0	0
10000	315	50	300	4	25	10	79	0	0	5	5	1	0	0	0	0
10000	331	50	300	4	25	10	431	0	0	2	2	1	0	0	0	0
10000	377	50	300	4	25	10	191	0	0	3	3	1	0	0	0	0
10000	381	50	300	4	25	10	108	0	0	4	4	1	0	0	0	0
10000	450	50	300	4	25	10	132	0	0	3	3	1	0	0	0	0
10000	471	50	300	4	25	10	211	0	0	3	3	1	0	0	0	0
10000	507	50	300	4	25	10	323	0	0	2	2	1	0	0	0	0
10000	512	50	300	4	25	10	143	0	0	5	5	1	0	0	0	0
10000	531	50	300	4	25	10	71	0	0	5	5	1	0	0	0	0
10000	587	50	300	4	25	10	179	0	0	4	4	1	0	0	0	0
10000	716	50	300	4	25	10	95	0	0	5	5	1	0	0	0	0
10000	735	50	300	4	25	10	50	0	0	6	6	1	0	0	0	0
10000	792	50	300	4	25	10	215	0	0	3	3	1	0	0	0	0
10000	833	50	300	4	25	10	191	0	0	3	3	1	0	0	0	0
10000	839	50	300	4	25	10	184	0	0	3	3	1	0	0	0	0
10000	848	50	300	4	25	10	215	0	0	3	3	1	0	0	0	0
10000	849	50	300	4	25	10	215	0	0	3	3	1	0	0	0	0
10000	851	50	300	4	25	10	111	0	0	6	6	1	0	0	0	0
10000	872	50	300	4	25	10	119	0	0	4	4	1	0	0	0	0
10000	890	50	300	4	25	10	103	0	0	4	4	1	0	0	0	0
10000	957	50	300	4	25	10	239	0	0	3	3	1	0	0	0	0
10000	966	50	300	4	25	10	215	0	0	3	3	1	0	0	0	0
10000	985	50	300	4	25	10	187	0	0	3	3	1	0	0	0	0
10000	2	60	300	4	25	10	155	0	0	4	4	1	0	0	0	0
10000	34	60	300	4	25	10	276	0	0	3	3	1	0	0	0	0
10000	50	60	300	4	25	10	287	0	0	3	3	1	0	0	0	0
10000	55	60	300	4	25	10	239	0	0	4	4	1	0	0	0	0
10000	69	60	300	4	25	10	179	0	0	4	4	1	0	0	0	0
10000	81	60	300	4	25	10	179	0	0	4	4	1	0	0	0	0
10000	86	60	300	4	25	10	191	0	0	3	3	1	0	0	0	0
10000	92	60	300	4	25	10	191	0	0	3	3	1	0	0	0	0
10000	137	60	300	4	25	10	167	0	0	3	3	1	0	0	0	0
10000	174	60	300	4	25	10	127	0	0	4	4	1	0	0	0	0
10000	178	60	300	4	25	10	287	0	0	3	3	1	0	0	0	0
10000	185	60	300	4	25	10	167	0	0	4	4	1	0	0	0	0
10000	191	60	300	4	25	10	79	0	0	4	4	1	0	0	0	0
10000	215	60	300	4	25	10	26	0	0	8	8	1	0	0	0	0
10000	233	60	300	4	25	10	287	0	0	3	3	1	0	0	0	0
10000	259	60	300	4	25	10	239	0	0	4	4	1	0	0	0	0
10000	268	60	300	4	25	10	203	0	0	3	3	1	0	0	0	0
10000	278	60	300	4	25	10	263	0	0	3	3	1	0	0	0	0
10000	322	60	300	4	25	10	242	0	0	2	2	1	0	0	0	0
10000	323	60	300	4	25	10	275	0	0	3	3	1	0	0	0	0
10000	336	60	300	4	25	10	323	0	0	2	2	1	0	0	0	0
10000	343	60	300	4	25	10	80	0	0	5	5	1	0	0	0	0
10000	344	60	300	4	25	10	323	0	0	2	2	1	0	0	0	0
10000	389	60	300	4	25	10	107	0	0	5	5	1	0	0	0	0
10000	401	60	300	4	25	10	319	0	0	3	3	1	0	0	0	0
10000	411	60	300	4	25	10	142	0	0	3	3	1	0	0	0	0
10000	428	60	300	4	25	10	83	0	0	6	6	1	0	0	0	0
10000	435	60	300	4	25	10	155	0	0	4	4	1	0	0	0	0
10000	441	60	300	4	25	10	510	0	0	2	2	1	0	0	0	0
10000	444	60	300	4	25	10	143	0	0	5	5	1	0	0	0	0
10000	466	60	300	4	25	10	83	0	0	6	6	1	0	0	0	0
10000	488	60	300	4	25	10	575	0	0	2	2	1	0	0	0	0
10000	506	60	300	4	25	10	431	0	0	2	2	1	0	0	0	0
10000	520	60	300	4	25	10	335	0	0	3	3	1	0	0	0	0
10000	559	60	300	4	25	10	383	0	0	3	3	1	0	0	0	0
10000	581	60	300	4	25	10	383	0	0	3	3	1	0	0	0	0
10000	601	60	300	4	25	10	242	0	0	2	2	1	0	0	0	0
10000	610	60	300	4	25	10	119	0	0	4	4	1	0	0	0	0
10000	625	60	300	4	25	10	107	0	0	4	4	1	0	0	0	0
10000	634	60	300	4	25	10	164	0	0	4	4	1	0	0	0	0
10000	640	60	300	4	25	10	263	0	0	3	3	1	0	0	0	0
10000	648	60	300	4	25	10	287	0	0	3	3	1	0	0	0	0
10000	656	60	300	4	25	10	143	0	0	5	5	1	0	0	0	0
10000	686	60	300	4	25	10	163	0	0	4	4	1	0	0	0	0
10000	689	60	300	4	25	10	251	0	0	3	3	1	0	0	0	0
10000	703	60	300	4	25	10	175	0	0	4	4	1	0	0	0	0
10000	710	60	300	4	25	10	71	0	0	5	5	1	0	0	0	0
10000	730	60	300	4	25	10	231	0	0	4	4	1	0	0	0	0
10000	756	60	300	4	25	10	215	0	0	3	3	1	0	0	0	0
10000	758	60	300	4	25	10	79	0	0	4	4	1	0	0	0	0
10000	766	60	300	4	25	10	287	0	0	3	3	1	0	0	0	0
10000	772	60	300	4	25	10	191	0	0	4	4	1	0	0	0	0
10000	783	60	300	4	25	10	299	0	0	4	4	1	0	0	0	0
10000	784	60	300	4	25	10	287	0	0	3	3	1	0	0	0	0
10000	793	60	300	4	25	10	215	0	0	3	3	1	0	0	0	0
10000	803	60	300	4	25	10	323	0	0	2	2	1	0	0	0	0
10000	831	60	300	4	25	10	83	0	0	6	6	1	0	0	0	0
10000	884	60	300	4	25	10	239	0	0	4	4	1	0	0	0	0
10000	891	60	300	4	25	10	271	0	0	4	4	1	0	0	0	0
10000	898	60	300	4	25	10	191	0	0	5	5	1	0	0	0	0
10000	908	60	300	4	25	10	127	0	0	4	4	1	0	0	0	0
10000	910	60	300	4	25	10	143	0	0	3	3	1	0	0	0	0
10000	919	60	300	4	25	10	323	0	0	2	2	1	0	0	0	0
10000	920	60	300	4	25	10	197	0	0	3	3	1	0	0	0	0
10000	940	60	300	4	25	10	167	0	0	4	4	1	0	0	0	0
10000	971	60	300	4	25	10	269	0	0	2	2	1	0	0	0	0
10000	972	60	300	4	25	10	323	0	0	2	2	1	0	0	0	0
10000	982	60	300	4	25	10	323	0	0	2	2	1	0	0	0	0
10000	6	70	300	4	25	10	155	0	0	4	4	1	0	0	0	0
10000	9	70	300	4	25	10	71	0	0	5	5	1	0	0	0	0
10000	25	70	300	4	25	10	323	0	0	2	2	1	0	0	0	0
10000	35	70	300	4	25	10	159	0	0	4	4	1	0	0	0	0
10000	38	70	300	4	25	10	171	0	0	3	3	1	0	0	0	0
10000	51	70	300	4	25	10	239	0	0	4	4	1	0	0	0	0
10000	54	70	300	4	25	10	127	0	0	4	4	1	0	0	0	0
10000	57	70	300	4	25	10	661	0	0	2	2	1	0	0	0	0
10000	76	70	300	4	25	10	239	0	0	4	4	1	0	0	0	0
10000	82	70	300	4	25	10	383	0	0	3	3	1	0	0	0	0
10000	107	70	300	4	25	10	159	0	0	4	4	1	0	0	0	0
10000	108	70	300	4	25	10	287	0	0	3	3	1	0	0	0	0
10000	111	70	300	4	25	10	287	0	0	3	3	1	0	0	0	0
10000	113	70	300	4	25	10	179	0	0	4	4	1	0	0	0	0
10000	117	70	300	4	25	10	147	0	0	4	4	1	0	0	0	0
10000	118	70	300	4	25	10	323	0	0	2	2	1	0	0	0	0
10000	120	70	300	4	25	10	431	0	0	2	2	1	0	0	0	0
10000	125	70	300	4	25	10	179	0	0	4	4	1	0	0	0	0
10000	145	70	300	4	25	10	331	0	0	3	3	1	0	0	0	0
10000	149	70	300	4	25	10	179	0	0	4	4	1	0	0	0	0
10000	152	70	300	4	25	10	159	0	0	4	4	1	0	0	0	0
10000	164	70	300	4	25	10	207	0	0	4	4	1	0	0	0	0
10000	174	70	300	4	25	10	191	0	0	3	3	1	0	0	0	0
10000	179	70	300	4	25	10	167	0	0	3	3	1	0	0	0	0
10000	190	70	300	4	25	10	167	0	0	4	4	1	0	0	0	0
10000	195	70	300	4	25	10	383	0	0	3	3	1	0	0	0	0
10000	197	70	300	4	25	10	287	0	0	3	3	1	0	0	0	0
10000	203	70	300	4	25	10	143	0	0	4	4	1	0	0	0	0
10000	233	70	300	4	25	10	383	0	0	3	3	1	0	0	0	0
10000	262	70	300	4	25	10	215	0	0	3	3	1	0	0	0	0
10000	277	70	300	4	25	10	83	0	0	6	6	1	0	0	0	0
10000	278	70	300	4	25	10	251	0	0	3	3	1	0	0	0	0
10000	285	70	300	4	25	10	179	0	0	4	4	1	0	0	0	0
10000	304	70	300	4	25	10	323	0	0	2	2	1	0	0	0	0
10000	305	70	300	4	25	10	164	0	0	3	3	1	0	0	0	0
10000	318	70	300	4	25	10	287	0	0	3	3	1	0	0	0	0
10000	320	70	300	4	25	10	89	0	0	5	5	1	0	0	0	0
10000	333	70	300	4	25	10	191	0	0	4	4	1	0	0	0	0
10000	370	70	300	4	25	10	287	0	0	3	3	1	0	0	0	0
10000	376	70	300	4	25	10	251	0	0	3	3	1	0	0	0	0
10000	397	70	300	4	25	10	219	0	0	3	3	1	0	0	0	0
10000	418	70	300	4	25	10	179	0	0	4	4	1	0	0	0	0
10000	450	70	300	4	25	10	204	0	0	3	3	1	0	0	0	0
10000	454	70	300	4	25	10	263	0	0	3	3	1	0	0	0	0
10000	461	70	300	4	25	10	116	0	0	4	4	1	0	0	0	0
10000	466	70	300	4	25	10	63	0	0	7	7	1	0	0	0	0
10000	469	70	300	4	25	10	575	0	0	2	2	1	0	0	0	0
10000	481	70	300	4	25	10	191	0	0	3	3	1	0	0	0	0
10000	482	70	300	4	25	10	36	0	0	5	5	1	0	0	0	0
10000	485	70	300	4	25	10	215	0	0	3	3	1	0	0	0	0
10000	510	70	300	4	25	10	323	0	0	2	2	1	0	0	0	0
10000	511	70	300	4	25	10	180	0	0	3	3	1	0	0	0	0
10000	515	70	300	4	25	10	26	0	0	8	8	1	0	0	0	0
10000	517	70	300	4	25	10	215	0	0	3	3	1	0	0	0	0
10000	522	70	300	4	25	10	191	0	0	3	3	1	0	0	0	0
10000	528	70	300	4	25	10	239	0	0	4	4	1	0	0	0	0
10000	539	70	300	4	25	10	287	0	0	3	3	1	0	0	0	0
10000	567	70	300	4	25	10	143	0	0	3	3	1	0	0	0	0
10000	580	70	300	4	25	10	215	0	0	3	3	1	0	0	0	0
10000	586	70	300	4	25	10	479	0	0	2	2	1	0	0	0	0
10000	610	70	300	4	25	10	179	0	0	4	4	1	0	0	0	0
10000	615	70	300	4	25	10	239	0	0	4	4	1	0	0	0	0
10000	617	70	300	4	25	10	131	0	0	4	4	1	0	0	0	0
10000	632	70	300	4	25	10	431	0	0	2	2	1	0	0	0	0
10000	644	70	300	4	25	10	179	0	0	4	4	1	0	0	0	0
10000	646	70	300	4	25	10	169	0	0	4	4	1	0	0	0	0
10000	686	70	300	4	25	10	235	0	0	4	4	1	0	0	0	0
10000	703	70	300	4	25	10	335	0	0	3	3	1	0	0	0	0
10000	707	70	300	4	25	10	215	0	0	3	3	1	0	0	0	0
10000	710	70	300	4	25	10	59	0	0	5	5	1	0	0	0	0
10000	711	70	300	4	25	10	107	0	0	5	5	1	0	0	0	0
10000	740	70	300	4	25	10	269	0	0	2	2	1	0	0	0	0
10000	753	70	300	4	25	10	161	0	0	3	3	1	0	0	0	0
10000	757	70	300	4	25	10	107	0	0	5	5	1	0	0	0	0
10000	800	70	300	4	25	10	287	0	0	3	3	1	0	0	0	0
10000	806	70	300	4	25	10	215	0	0	3	3	1	0	0	0	0
10000	812	70	300	4	25	10	319	0	0	3	3	1	0	0	0	0
10000	813	70	300	4	25	10	242	0	0	2	2	1	0	0	0	0
10000	844	70	300	4	25	10	95	0	0	5	5	1	0	0	0	0
10000	858	70	300	4	25	10	191	0	0	3	3	1	0	0	0	0
10000	864	70	300	4	25	10	323	0	0	2	2	1	0	0	0	0
10000	876	70	300	4	25	10	159	0	0	3	3	1	0	0	0	0
10000	880	70	300	4	25	10	383	0	0	3	3	1	0	0	0	0
10000	912	70	300	4	25	10	431	0	0	2	2	1	0	0	0	0
10000	913	70	300	4	25	10	251	0	0	3	3	1	0	0	0	0
10000	920	70	300	4	25	10	191	0	0	3	3	1	0	0	0	0
10000	931	70	300	4	25	10	215	0	0	3	3	1	0	0	0	0
10000	938	70	300	4	25	10	191	0	0	3	3	1	0	0	0	0
10000	939	70	300	4	25	10	239	0	0	3	3	1	0	0	0	0
10000	945	70	300	4	25	10	233	0	0	3	3	1	0	0	0	0
10000	972	70	300	4	25	10	383	0	0	3	3	1	0	0	0	0
10000	978	70	300	4	25	10	215	0	0	3	3	1	0	0	0	0
10000	988	70	300	4	25	10	199	0	0	3	3	1	0	0	0	0
10000	4	80	300	4	25	10	251	0	0	3	3	1	0	0	0	0
10000	40	80	300	4	25	10	239	0	0	3	3	1	0	0	0	0
10000	41	80	300	4	25	10	323	0	0	2	2	1	0	0	0	0
10000	47	80	300	4	25	10	335	0	0	3	3	1	0	0	0	0
10000	48	80	300	4	25	10	479	0	0	2	2	1	0	0	0	0
10000	81	80	300	4	25	10	199	0	0	3	3	1	0	0	0	0
10000	111	80	300	4	25	10	335	0	0	3	3	1	0	0	0	0
10000	122	80	300	4	25	10	256	0	0	3	3	1	0	0	0	0
10000	138	80	300	4	25	10	383	0	0	3	3	1	0	0	0	0
10000	201	80	300	4	25	10	248	0	0	3	3	1	0	0	0	0
10000	207	80	300	4	25	10	503	0	0	2	2	1	0	0	0	0
10000	212	80	300	4	25	10	83	0	0	6	6	1	0	0	0	0
10000	228	80	300	4	25	10	77	0	0	6	6	1	0	0	0	0
10000	258	80	300	4	25	10	269	0	0	2	2	1	0	0	0	0
10000	259	80	300	4	25	10	639	0	0	2	2	1	0	0	0	0
10000	321	80	300	4	25	10	143	0	0	4	4	1	0	0	0	0
10000	330	80	300	4	25	10	351	0	0	3	3	1	0	0	0	0
10000	378	80	300	4	25	10	224	0	0	3	3	1	0	0	0	0
10000	385	80	300	4	25	10	149	0	0	4	4	1	0	0	0	0
10000	408	80	300	4	25	10	431	0	0	2	2	1	0	0	0	0
10000	416	80	300	4	25	10	139	0	0	4	4	1	0	0	0	0
10000	434	80	300	4	25	10	159	0	0	4	4	1	0	0	0	0
10000	447	80	300	4	25	10	383	0	0	3	3	1	0	0	0	0
10000	468	80	300	4	25	10	389	0	0	2	2	1	0	0	0	0
10000	486	80	300	4	25	10	287	0	0	3	3	1	0	0	0	0
10000	492	80	300	4	25	10	575	0	0	2	2	1	0	0	0	0
10000	515	80	300	4	25	10	35	0	0	8	8	1	0	0	0	0
10000	516	80	300	4	25	10	209	0	0	4	4	1	0	0	0	0
10000	554	80	300	4	25	10	431	0	0	2	2	1	0	0	0	0
10000	567	80	300	4	25	10	97	0	0	4	4	1	0	0	0	0
10000	570	80	300	4	25	10	191	0	0	3	3	1	0	0	0	0
10000	588	80	300	4	25	10	191	0	0	3	3	1	0	0	0	0
10000	602	80	300	4	25	10	239	0	0	3	3	1	0	0	0	0
10000	620	80	300	4	25	10	191	0	0	3	3	1	0	0	0	0
10000	631	80	300	4	25	10	251	0	0	3	3	1	0	0	0	0
10000	635	80	300	4	25	10	383	0	0	3	3	1	0	0	0	0
10000	652	80	300	4	25	10	269	0	0	2	2	1	0	0	0	0
10000	701	80	300	4	25	10	319	0	0	4	4	1	0	0	0	0
10000	704	80	300	4	25	10	431	0	0	2	2	1	0	0	0	0
10000	731	80	300	4	25	10	431	0	0	2	2	1	0	0	0	0
10000	740	80	300	4	25	10	319	0	0	4	4	1	0	0	0	0
10000	747	80	300	4	25	10	79	0	0	6	6	1	0.01	0	0	0
10000	751	80	300	4	25	10	107	0	0	5	5	1	0	0	0	0
10000	764	80	300	4	25	10	179	0	0	4	4	1	0	0	0	0
10000	767	80	300	4	25	10	164	0	0	4	4	1	0	0	0	0
10000	768	80	300	4	25	10	215	0	0	3	3	1	0	0	0	0
10000	776	80	300	4	25	10	239	0	0	4	4	1	0	0	0	0
10000	806	80	300	4	25	10	239	0	0	3	3	1	0	0	0	0
10000	808	80	300	4	25	10	119	0	0	4	4	1	0	0	0	0
10000	845	80	300	4	25	10	431	0	0	2	2	1	0	0	0	0
10000	860	80	300	4	25	10	287	0	0	3	3	1	0	0	0	0
10000	881	80	300	4	25	10	431	0	0	2	2	1	0	0	0	0
10000	907	80	300	4	25	10	431	0	0	2	2	1	0	0	0	0
10000	913	80	300	4	25	10	299	0	0	2	2	1	0	0	0	0
10000	925	80	300	4	25	10	143	0	0	3	3	1	0	0	0	0
10000	941	80	300	4	25	10	217	0	0	4	4	1	0	0	0	0
10000	942	80	300	4	25	10	335	0	0	3	3	1	0	0	0	0
10000	958	80	300	4	25	10	251	0	0	3	3	1	0	0	0	0
10000	978	80	300	4	25	10	251	0	0	3	3	1	0	0	0	0
10000	10	90	300	4	25	10	200	0	0	4	4	1	0	0	0	0
10000	74	90	300	4	25	10	359	0	0	2	2	1	0	0	0	0
10000	154	90	300	4	25	10	127	0	0	4	4	1	0	0	0	0
10000	403	90	300	4	25	10	191	0	0	3	3	1	0	0	0	0
10000	482	90	300	4	25	10	133	0	0	3	3	1	0	0	0	0
10000	547	90	300	4	25	10	143	0	0	3	3	1	0	0	0	0
10000	573	90	300	4	25	10	138	0	0	4	4	1	0	0	0	0
10000	639	90	300	4	25	10	287	0	0	3	3	1	0	0	0	0
10000	827	90	300	4	25	10	287	0	0	3	3	1	0	0	0	0
10000	878	90	300	4	25	10	174	0	0	3	3	1	0	0	0	0
10000	886	90	300	4	25	10	431	0	0	2	2	1	0	0	0	0
10000	904	90	300	4	25	10	359	0	0	2	2	1	0	0	0	0
10000	979	90	300	4	25	10	287	0	0	3	3	1	0	0	0	0
10000	10	100	300	4	25	10	214	0	0	4	4	1	0	0	0	0
10000	59	100	300	4	25	10	323	0	0	2	2	1	0	0	0	0
10000	189	100	300	4	25	10	191	0	0	5	5	1	0	0	0	0
10000	406	100	300	4	25	10	215	0	0	2	2	1	0	0	0	0
10000	591	100	300	4	25	10	251	0	0	3	3	1	0	0	0	0
10000	637	100	300	4	25	10	211	0	0	3	3	1	0	0	0	0
10000	845	100	300	4	25	10	767	0	0	2	2	1	0	0	0	0
10000	852	100	300	4	25	10	383	0	0	3	3	1	0	0	0	0
10000	905	100	300	4	25	10	767	0	0	2	2	1	0	0	0	0
