1000	22	20	300	4	25	75	116	0	0	69	69	1	0	0	0	0
1000	84	20	300	4	25	75	185	0	0	66	66	1	0	0	0	0
1000	100	20	300	4	25	75	112	0	0	70	70	1	0	0	0	0
1000	106	20	300	4	25	75	97	0	0	70	70	1	0	0	0	0
1000	127	20	300	4	25	75	139	0	0	68	68	1	0	0	0	0
1000	137	20	300	4	25	75	128	0	0	67	67	1	0	0	0	0
1000	196	20	300	4	25	75	90	0	0	71	71	1	0	0	0	0
1000	348	20	300	4	25	75	184	0	0	66	66	1	0	0	0	0
1000	373	20	300	4	25	75	228	0	0	68	68	1	0	0	0	0
1000	447	20	300	4	25	75	337	0	0	60	60	1	0.01	0	0	0
1000	464	20	300	4	25	75	127	0	0	66	66	1	0	0	0	0
1000	505	20	300	4	25	75	208	0	0	65	65	1	0	0	0	0
1000	508	20	300	4	25	75	287	0	0	61	61	1	0	0	0	0
1000	520	20	300	4	25	75	138	0	0	69	69	1	0	0	0	0
1000	544	20	300	4	25	75	88	0	0	71	71	1	0	0	0	0
1000	607	20	300	4	25	75	100	0	0	69	69	1	0	0	0	0
1000	612	20	300	4	25	75	190	0	0	65	65	1	0	0	0	0
1000	619	20	300	4	25	75	150	0	0	69	69	1	0	0	0	0
1000	620	20	300	4	25	75	126	0	0	68	68	1	0	0	0	0
1000	650	20	300	4	25	75	107	0	0	69	69	1	0	0	0	0
1000	695	20	300	4	25	75	167	0	0	67	67	1	0	0	0	0
1000	706	20	300	4	25	75	131	0	0	67	67	1	0	0	0	0
1000	730	20	300	4	25	75	152	0	0	69	69	1	0	0	0	0
1000	772	20	300	4	25	75	321	0	0	59	59	1	0	0	0	0
1000	962	20	300	4	25	75	166	0	0	67	67	1	0	0	0	0
