10000	433	80	300	4	25	28	20609	0	0	13	13	1	0.27	0.01	0	0
10000	256	90	300	4	25	28	45863	0	0	5	5	1	0.36	0.05	0	0
10000	359	90	300	4	25	28	733774	0	0	5	5	1	5.52	0.84	0	0
10000	488	90	300	4	25	28	178757	0	0	5	5	1	1.49	0.28	0	0
10000	818	90	300	4	25	28	158570	0	0	8	8	1	1.49	0.28	0	0
10000	78	100	300	4	25	28	546670	0	0	5	5	1	4.66	0.66	0	0
10000	94	100	300	4	25	28	55173	0	0	8	8	1	0.59	0.07	0	0
10000	124	100	300	4	25	28	31103	0	0	8	8	1	0.27	0.03	0	0
10000	288	100	300	4	25	28	207359	0	0	8	8	1	2.05	0.31	0	0
10000	433	100	300	4	25	28	41725	0	0	11	11	1	0.56	0.04	0	0
10000	462	100	300	4	25	28	44634	0	0	10	10	1	0.6	0.03	0	0
10000	466	100	300	4	25	28	122228	0	0	7	7	1	1.06	0.19	0	0
10000	507	100	300	4	25	28	77759	0	0	11	11	1	0.86	0.06	0	0
10000	594	100	300	4	25	28	205631	0	0	5	5	1	2.3	0.39	0	0
10000	770	100	300	4	25	28	78720	0	0	7	7	1	0.44	0.09	0	0
