10000	717	60	300	4	25	23	4213	0	0	7	7	1	0.03	0	0	0
10000	165	70	300	4	25	23	7907	0	0	7	7	1	0.04	0	0	0
10000	299	70	300	4	25	23	8951	0	0	9	9	1	0.09	0	0	0
10000	512	70	300	4	25	23	21059	0	0	6	6	1	0.21	0.02	0	0
10000	512	80	300	4	25	23	35999	0	0	6	6	1	0.41	0.04	0	0
10000	752	80	300	4	25	23	7163	0	0	6	6	1	0.03	0	0	0
10000	758	80	300	4	25	23	33704	0	0	5	5	1	0.25	0.04	0	0
10000	53	90	300	4	25	23	4661	0	0	12	12	1	0.02	0	0	0
10000	56	90	300	4	25	23	94116	0	0	4	4	1	0.86	0.09	0	0
10000	78	90	300	4	25	23	16139	0	0	6	6	1	0.09	0.01	0	0
10000	94	90	300	4	25	23	21961	0	0	6	6	1	0.21	0.04	0	0
10000	109	90	300	4	25	23	4799	0	0	7	7	1	0.04	0	0	0
10000	171	90	300	4	25	23	29653	0	0	5	5	1	0.21	0.03	0	0
10000	199	90	300	4	25	23	38094	0	0	4	4	1	0.19	0.03	0	0
10000	211	90	300	4	25	23	31679	0	0	5	5	1	0.14	0.04	0	0
10000	286	90	300	4	25	23	23760	0	0	8	8	1	0.24	0.03	0	0
10000	291	90	300	4	25	23	18210	0	0	8	8	1	0.14	0.01	0	0
10000	348	90	300	4	25	23	3676	0	0	8	8	1	0.02	0	0	0
10000	462	90	300	4	25	23	5519	0	0	10	10	1	0.05	0	0	0
10000	497	90	300	4	25	23	31103	0	0	7	7	1	0.17	0.02	0	0
10000	521	90	300	4	25	23	6133	0	0	7	7	1	0.05	0	0	0
10000	564	90	300	4	25	23	146504	0	0	4	4	1	0.98	0.29	0	0
10000	569	90	300	4	25	23	57295	0	0	6	6	1	0.35	0.06	0	0
10000	627	90	300	4	25	23	17545	0	0	6	6	1	0.16	0.02	0	0
10000	680	90	300	4	25	23	127658	0	0	4	4	1	1.04	0.17	0	0
10000	708	90	300	4	25	23	50856	0	0	4	4	1	0.39	0.07	0	0
10000	721	90	300	4	25	23	2073	0	0	13	13	1	0.01	0	0	0
10000	758	90	300	4	25	23	25227	0	0	6	6	1	0.19	0.01	0	0
10000	760	90	300	4	25	23	15391	0	0	4	4	1	0.11	0.03	0	0
10000	761	90	300	4	25	23	11267	0	0	5	5	1	0.11	0.01	0	0
10000	788	90	300	4	25	23	85459	0	0	5	5	1	0.53	0.09	0	0
10000	793	90	300	4	25	23	31247	0	0	7	7	1	0.22	0.04	0	0
10000	884	90	300	4	25	23	53292	0	0	4	4	1	0.37	0.09	0	0
10000	936	90	300	4	25	23	17279	0	0	8	8	1	0.1	0.01	0	0
10000	973	90	300	4	25	23	18970	0	0	8	8	1	0.12	0.01	0	0
10000	13	100	300	4	25	23	15495	0	0	7	7	1	0.09	0.02	0	0
10000	24	100	300	4	25	23	89670	0	0	4	4	1	0.66	0.17	0	0
10000	57	100	300	4	25	23	45169	0	0	5	5	1	0.27	0.08	0	0
10000	58	100	300	4	25	23	7383	0	0	7	7	1	0.04	0	0	0
10000	64	100	300	4	25	23	27299	0	0	6	6	1	0.17	0.03	0	0
10000	80	100	300	4	25	23	184319	0	0	5	5	1	1.24	0.24	0	0
10000	93	100	300	4	25	23	63730	0	0	6	6	1	0.37	0.09	0	0
10000	125	100	300	4	25	23	26006	0	0	5	5	1	0.25	0.05	0	0
10000	132	100	300	4	25	23	33127	0	0	5	5	1	0.27	0.06	0	0
10000	153	100	300	4	25	23	98702	0	0	5	5	1	0.81	0.14	0	0
10000	196	100	300	4	25	23	73944	0	0	5	5	1	0.5	0.1	0	0
10000	198	100	300	4	25	23	34559	0	0	8	8	1	0.22	0.03	0	0
10000	216	100	300	4	25	23	25611	0	0	6	6	1	0.13	0.04	0	0
10000	220	100	300	4	25	23	116431	0	0	5	5	1	1.1	0.18	0	0
10000	246	100	300	4	25	23	23277	0	0	7	7	1	0.23	0.02	0	0
10000	263	100	300	4	25	23	9743	0	0	11	11	1	0.12	0.01	0	0
10000	270	100	300	4	25	23	41498	0	0	4	4	1	0.38	0.05	0	0
10000	340	100	300	4	25	23	17648	0	0	7	7	1	0.11	0.01	0	0
10000	419	100	300	4	25	23	119807	0	0	5	5	1	0.75	0.16	0	0
10000	429	100	300	4	25	23	17156	0	0	5	5	1	0.14	0.03	0	0
10000	441	100	300	4	25	23	58538	0	0	5	5	1	0.53	0.07	0	0
10000	442	100	300	4	25	23	53484	0	0	6	6	1	0.48	0.06	0	0
10000	481	100	300	4	25	23	18641	0	0	6	6	1	0.13	0.02	0	0
10000	528	100	300	4	25	23	124415	0	0	5	5	1	0.78	0.17	0	0
10000	531	100	300	4	25	23	25812	0	0	6	6	1	0.24	0.04	0	0
10000	542	100	300	4	25	23	42193	0	0	5	5	1	0.25	0.04	0	0
10000	563	100	300	4	25	23	13515	0	0	5	5	1	0.11	0	0	0
10000	590	100	300	4	25	23	86748	0	0	4	4	1	0.7	0.17	0	0
10000	622	100	300	4	25	23	54002	0	0	5	5	1	0.37	0.09	0	0
10000	653	100	300	4	25	23	57546	0	0	5	5	1	0.36	0.07	0	0
10000	672	100	300	4	25	23	32533	0	0	5	5	1	0.26	0.04	0	0
10000	673	100	300	4	25	23	9309	0	0	7	7	1	0.05	0.01	0	0
10000	676	100	300	4	25	23	128265	0	0	4	4	1	1.06	0.21	0	0
10000	705	100	300	4	25	23	78986	0	0	5	5	1	0.6	0.15	0	0
10000	793	100	300	4	25	23	43199	0	0	6	6	1	0.29	0.03	0	0
10000	809	100	300	4	25	23	75263	0	0	4	4	1	0.5	0.1	0	0
10000	814	100	300	4	25	23	38250	0	0	7	7	1	0.24	0.04	0	0
10000	824	100	300	4	25	23	9692	0	0	6	6	1	0.05	0.01	0	0
10000	836	100	300	4	25	23	25503	0	0	6	6	1	0.21	0.03	0	0
10000	848	100	300	4	25	23	65668	0	0	5	5	1	0.42	0.06	0	0
10000	946	100	300	4	25	23	6866	0	0	8	8	1	0.03	0	0	0
10000	969	100	300	4	25	23	57048	0	0	7	7	1	0.33	0.03	0	0
10000	998	100	300	4	25	23	41552	0	0	6	6	1	0.33	0.05	0	0
