10000	5	10	300	4	25	2	2	0.30103	1	0	0	2	0.5	2	0.5	1	0	0	0	0	0	0
10000	13	10	300	4	25	2	2	0.30103	1	0	0	2	0.5	2	0.5	1	0	0	0	0	0	0
10000	27	10	300	4	25	2	2	0.30103	1	0	0	2	0.5	2	0.5	1	0	0	0	0	0	0
10000	38	10	300	4	25	2	2	0.30103	1	0	0	2	0.5	2	0.5	1	0	0	0	0	0	0
10000	93	10	300	4	25	2	2	0.30103	1	0	0	2	0.5	2	0.5	1	0	0	0	0	0	0
10000	189	10	300	4	25	2	2	0.30103	1	0	0	2	0.5	2	0.5	1	0	0	0	0	0	0
10000	195	10	300	4	25	2	2	0.30103	1	0	0	2	0.5	2	0.5	1	0	0	0	0	0	0
10000	242	10	300	4	25	2	2	0.30103	1	0	0	2	0.5	2	0.5	1	0	0	0	0	0	0
10000	274	10	300	4	25	2	2	0.30103	1	0	0	2	0.5	2	0.5	1	0	0	0	0	0	0
10000	285	10	300	4	25	2	2	0.30103	1	0	0	2	0.5	2	0.5	1	0	0	0	0	0	0
10000	299	10	300	4	25	2	2	0.30103	1	0	0	2	0.5	2	0.5	1	0	0	0	0	0	0
10000	303	10	300	4	25	2	2	0.30103	1	0	0	2	0.5	2	0.5	1	0	0	0	0	0	0
10000	322	10	300	4	25	2	2	0.30103	1	0	0	2	0.5	2	0.5	1	0	0	0	0	0	0
10000	332	10	300	4	25	2	2	0.30103	1	0	0	2	0.5	2	0.5	1	0	0	0	0	0	0
10000	380	10	300	4	25	2	2	0.30103	1	0	0	2	0.5	2	0.5	1	0	0	0	0	0	0
10000	421	10	300	4	25	2	2	0.30103	1	0	0	2	0.5	2	0.5	1	0	0	0	0	0	0
10000	438	10	300	4	25	2	2	0.30103	1	0	0	2	0.5	2	0.5	1	0	0	0	0	0	0
10000	440	10	300	4	25	2	2	0.30103	1	0	0	2	0.5	2	0.5	1	0	0	0	0	0	0
10000	480	10	300	4	25	2	2	0.30103	1	0	0	2	0.5	2	0.5	1	0	0	0	0	0	0
10000	501	10	300	4	25	2	2	0.30103	1	0	0	2	0.5	2	0.5	1	0	0	0	0	0	0
10000	504	10	300	4	25	2	2	0.30103	1	0	0	2	0.5	2	0.5	1	0	0	0	0	0	0
10000	542	10	300	4	25	2	2	0.30103	1	0	0	2	0.5	2	0.5	1	0	0	0	0	0	0
10000	548	10	300	4	25	2	2	0.30103	1	0	0	2	0.5	2	0.5	1	0	0	0	0	0	0
10000	550	10	300	4	25	2	2	0.30103	1	0	0	2	0.5	2	0.5	1	0	0	0	0	0	0
10000	557	10	300	4	25	2	2	0.30103	1	0	0	2	0.5	2	0.5	1	0	0	0	0	0	0
10000	565	10	300	4	25	2	2	0.30103	1	0	0	2	0.5	2	0.5	1	0	0	0	0	0	0
10000	593	10	300	4	25	2	2	0.30103	1	0	0	2	0.5	2	0.5	1	0	0	0	0	0	0
10000	625	10	300	4	25	2	2	0.30103	1	0	0	2	0.5	2	0.5	1	0	0	0	0	0	0
10000	627	10	300	4	25	2	2	0.30103	1	0	0	2	0.5	2	0.5	1	0	0	0	0	0	0
10000	670	10	300	4	25	2	2	0.30103	1	0	0	2	0.5	2	0.5	1	0	0	0	0	0	0
10000	736	10	300	4	25	2	2	0.30103	1	0	0	2	0.5	2	0.5	1	0	0	0	0	0	0
10000	752	10	300	4	25	2	2	0.30103	1	0	0	2	0.5	2	0.5	1	0	0	0	0	0	0
10000	757	10	300	4	25	2	2	0.30103	1	0	0	2	0.5	2	0.5	1	0	0	0	0	0	0
10000	781	10	300	4	25	2	2	0.30103	1	0	0	2	0.5	2	0.5	1	0	0	0	0	0	0
10000	833	10	300	4	25	2	2	0.30103	1	0	0	2	0.5	2	0.5	1	0	0	0	0	0	0
10000	853	10	300	4	25	2	2	0.30103	1	0	0	2	0.5	2	0.5	1	0	0	0	0	0	0
10000	892	10	300	4	25	2	2	0.30103	1	0	0	2	0.5	2	0.5	1	0	0	0	0	0	0
10000	921	10	300	4	25	2	2	0.30103	1	0	0	2	0.5	2	0.5	1	0	0	0	0	0	0
10000	926	10	300	4	25	2	2	0.30103	1	0	0	2	0.5	2	0.5	1	0	0	0	0	0	0
10000	8	20	300	4	25	2	2	0.30103	1	0	0	2	0.5	2	0.5	1	0	0	0	0	0	0
10000	38	20	300	4	25	2	2	0.30103	1	0	0	2	0.5	2	0.5	1	0	0	0	0	0	0
10000	45	20	300	4	25	2	2	0.30103	1	0	0	2	0.5	2	0.5	1	0	0	0	0	0	0
10000	50	20	300	4	25	2	3	0.477121	1	0	0	1	1	1	1	1	0	0	0	0	0	0
10000	55	20	300	4	25	2	2	0.30103	1	0	0	2	0.5	2	0.5	1	0	0	0	0	0	0
10000	62	20	300	4	25	2	2	0.30103	1	0	0	2	0.5	2	0.5	1	0	0	0	0	0	0
10000	73	20	300	4	25	2	2	0.30103	1	0	0	2	0.5	2	0.5	1	0	0	0	0	0	0
10000	84	20	300	4	25	2	2	0.30103	1	0	0	2	0.5	2	0.5	1	0	0	0	0	0	0
10000	87	20	300	4	25	2	3	0.477121	1	0	0	1	1	1	1	1	0	0	0	0	0	0
10000	95	20	300	4	25	2	2	0.30103	1	0	0	2	0.5	2	0.5	1	0	0	0	0	0	0
10000	102	20	300	4	25	2	2	0.30103	1	0	0	2	0.5	2	0.5	1	0	0	0	0	0	0
10000	108	20	300	4	25	2	2	0.30103	1	0	0	2	0.5	2	0.5	1	0	0	0	0	0	0
10000	109	20	300	4	25	2	2	0.30103	1	0	0	2	0.5	2	0.5	1	0	0	0	0	0	0
10000	113	20	300	4	25	2	2	0.30103	1	0	0	2	0.5	2	0.5	1	0	0	0	0	0	0
10000	116	20	300	4	25	2	2	0.30103	1	0	0	2	0.5	2	0.5	1	0	0	0	0	0	0
10000	121	20	300	4	25	2	3	0.477121	1	0	0	1	1	1	1	1	0	0	0	0	0	0
10000	122	20	300	4	25	2	3	0.477121	1	0	0	1	1	1	1	1	0	0	0	0	0	0
10000	123	20	300	4	25	2	2	0.30103	1	0	0	2	0.5	2	0.5	1	0	0	0	0	0	0
10000	127	20	300	4	25	2	2	0.30103	1	0	0	2	0.5	2	0.5	1	0	0	0	0	0	0
10000	133	20	300	4	25	2	2	0.30103	1	0	0	2	0.5	2	0.5	1	0	0	0	0	0	0
10000	135	20	300	4	25	2	2	0.30103	1	0	0	2	0.5	2	0.5	1	0	0	0	0	0	0
10000	140	20	300	4	25	2	2	0.30103	1	0	0	2	0.5	2	0.5	1	0	0	0	0	0	0
10000	142	20	300	4	25	2	3	0.477121	1	0	0	1	1	1	1	1	0	0	0	0	0	0
10000	147	20	300	4	25	2	2	0.30103	1	0	0	2	0.5	2	0.5	1	0	0	0	0	0	0
10000	154	20	300	4	25	2	2	0.30103	1	0	0	2	0.5	2	0.5	1	0	0	0	0	0	0
10000	160	20	300	4	25	2	2	0.30103	1	0	0	2	0.5	2	0.5	1	0	0	0	0	0	0
10000	164	20	300	4	25	2	3	0.477121	1	0	0	1	1	1	1	1	0	0	0	0	0	0
10000	177	20	300	4	25	2	2	0.30103	1	0	0	2	0.5	2	0.5	1	0	0	0	0	0	0
10000	188	20	300	4	25	2	2	0.30103	1	0	0	2	0.5	2	0.5	1	0	0	0	0	0	0
10000	189	20	300	4	25	2	2	0.30103	1	0	0	2	0.5	2	0.5	1	0	0	0	0	0	0
10000	192	20	300	4	25	2	2	0.30103	1	0	0	2	0.5	2	0.5	1	0	0	0	0	0	0
10000	207	20	300	4	25	2	3	0.477121	1	0	0	1	1	1	1	1	0	0	0	0	0	0
10000	217	20	300	4	25	2	2	0.30103	1	0	0	2	0.5	2	0.5	1	0	0	0	0	0	0
10000	220	20	300	4	25	2	3	0.477121	1	0	0	1	1	1	1	1	0	0	0	0	0	0
10000	231	20	300	4	25	2	2	0.30103	1	0	0	2	0.5	2	0.5	1	0	0	0	0	0	0
10000	236	20	300	4	25	2	3	0.477121	1	0	0	1	1	1	1	1	0	0	0	0	0	0
10000	244	20	300	4	25	2	2	0.30103	1	0	0	2	0.5	2	0.5	1	0	0	0	0	0	0
10000	251	20	300	4	25	2	2	0.30103	1	0	0	2	0.5	2	0.5	1	0	0	0	0	0	0
10000	269	20	300	4	25	2	2	0.30103	1	0	0	2	0.5	2	0.5	1	0	0	0	0	0	0
10000	273	20	300	4	25	2	3	0.477121	1	0	0	1	1	1	1	1	0	0	0	0	0	0
10000	281	20	300	4	25	2	2	0.30103	1	0	0	2	0.5	2	0.5	1	0	0	0	0	0	0
10000	285	20	300	4	25	2	2	0.30103	1	0	0	2	0.5	2	0.5	1	0	0	0	0	0	0
10000	289	20	300	4	25	2	2	0.30103	1	0	0	2	0.5	2	0.5	1	0	0	0	0	0	0
10000	297	20	300	4	25	2	3	0.477121	1	0	0	1	1	1	1	1	0	0	0	0	0	0
10000	305	20	300	4	25	2	2	0.30103	1	0	0	2	0.5	2	0.5	1	0	0	0	0	0	0
10000	311	20	300	4	25	2	2	0.30103	1	0	0	2	0.5	2	0.5	1	0	0	0	0	0	0
10000	315	20	300	4	25	2	2	0.30103	1	0	0	2	0.5	2	0.5	1	0	0	0	0	0	0
10000	328	20	300	4	25	2	2	0.30103	1	0	0	2	0.5	2	0.5	1	0	0	0	0	0	0
10000	349	20	300	4	25	2	2	0.30103	1	0	0	2	0.5	2	0.5	1	0	0	0	0	0	0
10000	355	20	300	4	25	2	2	0.30103	1	0	0	2	0.5	2	0.5	1	0	0	0	0	0	0
10000	366	20	300	4	25	2	2	0.30103	1	0	0	2	0.5	2	0.5	1	0	0	0	0	0	0
10000	368	20	300	4	25	2	2	0.30103	1	0	0	2	0.5	2	0.5	1	0	0	0	0	0	0
10000	377	20	300	4	25	2	2	0.30103	1	0	0	2	0.5	2	0.5	1	0	0	0	0	0	0
10000	396	20	300	4	25	2	3	0.477121	1	0	0	1	1	1	1	1	0	0	0	0	0	0
10000	402	20	300	4	25	2	2	0.30103	1	0	0	2	0.5	2	0.5	1	0	0	0	0	0	0
10000	413	20	300	4	25	2	2	0.30103	1	0	0	2	0.5	2	0.5	1	0	0	0	0	0	0
10000	415	20	300	4	25	2	3	0.477121	1	0	0	1	1	1	1	1	0	0	0	0	0	0
10000	418	20	300	4	25	2	2	0.30103	1	0	0	2	0.5	2	0.5	1	0	0	0	0	0	0
10000	427	20	300	4	25	2	2	0.30103	1	0	0	2	0.5	2	0.5	1	0	0	0	0	0	0
10000	436	20	300	4	25	2	2	0.30103	1	0	0	2	0.5	2	0.5	1	0	0	0	0	0	0
10000	438	20	300	4	25	2	2	0.30103	1	0	0	2	0.5	2	0.5	1	0	0	0	0	0	0
10000	440	20	300	4	25	2	3	0.477121	1	0	0	1	1	1	1	1	0	0	0	0	0	0
10000	447	20	300	4	25	2	3	0.477121	1	0	0	1	1	1	1	1	0	0	0	0	0	0
10000	454	20	300	4	25	2	2	0.30103	1	0	0	2	0.5	2	0.5	1	0	0	0	0	0	0
10000	458	20	300	4	25	2	2	0.30103	1	0	0	2	0.5	2	0.5	1	0	0	0	0	0	0
10000	462	20	300	4	25	2	2	0.30103	1	0	0	2	0.5	2	0.5	1	0	0	0	0	0	0
10000	466	20	300	4	25	2	2	0.30103	1	0	0	2	0.5	2	0.5	1	0	0	0	0	0	0
10000	468	20	300	4	25	2	3	0.477121	1	0	0	1	1	1	1	1	0	0	0	0	0	0
10000	476	20	300	4	25	2	2	0.30103	1	0	0	2	0.5	2	0.5	1	0	0	0	0	0	0
10000	478	20	300	4	25	2	2	0.30103	1	0	0	2	0.5	2	0.5	1	0	0	0	0	0	0
10000	484	20	300	4	25	2	2	0.30103	1	0	0	2	0.5	2	0.5	1	0	0	0	0	0	0
10000	493	20	300	4	25	2	2	0.30103	1	0	0	2	0.5	2	0.5	1	0	0	0	0	0	0
10000	497	20	300	4	25	2	2	0.30103	1	0	0	2	0.5	2	0.5	1	0	0	0	0	0	0
10000	512	20	300	4	25	2	3	0.477121	1	0	0	1	1	1	1	1	0	0	0	0	0	0
10000	517	20	300	4	25	2	3	0.477121	1	0	0	1	1	1	1	1	0	0	0	0	0	0
10000	519	20	300	4	25	2	2	0.30103	1	0	0	2	0.5	2	0.5	1	0	0	0	0	0	0
10000	521	20	300	4	25	2	2	0.30103	1	0	0	2	0.5	2	0.5	1	0	0	0	0	0	0
10000	523	20	300	4	25	2	2	0.30103	1	0	0	2	0.5	2	0.5	1	0	0	0	0	0	0
10000	534	20	300	4	25	2	2	0.30103	1	0	0	2	0.5	2	0.5	1	0	0	0	0	0	0
10000	542	20	300	4	25	2	3	0.477121	1	0	0	1	1	1	1	1	0	0	0	0	0	0
10000	548	20	300	4	25	2	3	0.477121	1	0	0	1	1	1	1	1	0	0	0	0	0	0
10000	549	20	300	4	25	2	2	0.30103	1	0	0	2	0.5	2	0.5	1	0	0	0	0	0	0
10000	557	20	300	4	25	2	3	0.477121	1	0	0	1	1	1	1	1	0	0	0	0	0	0
10000	558	20	300	4	25	2	2	0.30103	1	0	0	2	0.5	2	0.5	1	0	0	0	0	0	0
10000	566	20	300	4	25	2	2	0.30103	1	0	0	2	0.5	2	0.5	1	0	0	0	0	0	0
10000	570	20	300	4	25	2	3	0.477121	1	0	0	1	1	1	1	1	0	0	0	0	0	0
10000	575	20	300	4	25	2	2	0.30103	1	0	0	2	0.5	2	0.5	1	0	0	0	0	0	0
10000	582	20	300	4	25	2	2	0.30103	1	0	0	2	0.5	2	0.5	1	0	0	0	0	0	0
10000	584	20	300	4	25	2	2	0.30103	1	0	0	2	0.5	2	0.5	1	0	0	0	0	0	0
10000	598	20	300	4	25	2	3	0.477121	1	0	0	1	1	1	1	1	0	0	0	0	0	0
10000	606	20	300	4	25	2	2	0.30103	1	0	0	2	0.5	2	0.5	1	0	0	0	0	0	0
10000	611	20	300	4	25	2	3	0.477121	1	0	0	1	1	1	1	1	0	0	0	0	0	0
10000	613	20	300	4	25	2	2	0.30103	1	0	0	2	0.5	2	0.5	1	0	0	0	0	0	0
10000	619	20	300	4	25	2	3	0.477121	1	0	0	1	1	1	1	1	0	0	0	0	0	0
10000	622	20	300	4	25	2	2	0.30103	1	0	0	2	0.5	2	0.5	1	0	0	0	0	0	0
10000	624	20	300	4	25	2	2	0.30103	1	0	0	2	0.5	2	0.5	1	0	0	0	0	0	0
10000	625	20	300	4	25	2	2	0.30103	1	0	0	2	0.5	2	0.5	1	0	0	0	0	0	0
10000	629	20	300	4	25	2	2	0.30103	1	0	0	2	0.5	2	0.5	1	0	0	0	0	0	0
10000	633	20	300	4	25	2	3	0.477121	1	0	0	1	1	1	1	1	0	0	0	0	0	0
10000	652	20	300	4	25	2	2	0.30103	1	0	0	2	0.5	2	0.5	1	0	0	0	0	0	0
10000	684	20	300	4	25	2	2	0.30103	1	0	0	2	0.5	2	0.5	1	0	0	0	0	0	0
10000	689	20	300	4	25	2	2	0.30103	1	0	0	2	0.5	2	0.5	1	0	0	0	0	0	0
10000	754	20	300	4	25	2	2	0.30103	1	0	0	2	0.5	2	0.5	1	0	0	0	0	0	0
10000	757	20	300	4	25	2	3	0.477121	1	0	0	1	1	1	1	1	0	0	0	0	0	0
10000	760	20	300	4	25	2	2	0.30103	1	0	0	2	0.5	2	0.5	1	0	0	0	0	0	0
10000	767	20	300	4	25	2	3	0.477121	1	0	0	1	1	1	1	1	0	0	0	0	0	0
10000	775	20	300	4	25	2	2	0.30103	1	0	0	2	0.5	2	0.5	1	0	0	0	0	0	0
10000	797	20	300	4	25	2	2	0.30103	1	0	0	2	0.5	2	0.5	1	0	0	0	0	0	0
10000	798	20	300	4	25	2	2	0.30103	1	0	0	2	0.5	2	0.5	1	0	0	0	0	0	0
10000	800	20	300	4	25	2	2	0.30103	1	0	0	2	0.5	2	0.5	1	0	0	0	0	0	0
10000	801	20	300	4	25	2	2	0.30103	1	0	0	2	0.5	2	0.5	1	0	0	0	0	0	0
10000	807	20	300	4	25	2	3	0.477121	1	0	0	1	1	1	1	1	0	0	0	0	0	0
10000	817	20	300	4	25	2	2	0.30103	1	0	0	2	0.5	2	0.5	1	0	0	0	0	0	0
10000	831	20	300	4	25	2	3	0.477121	1	0	0	1	1	1	1	1	0	0	0	0	0	0
10000	839	20	300	4	25	2	2	0.30103	1	0	0	2	0.5	2	0.5	1	0	0	0	0	0	0
10000	847	20	300	4	25	2	3	0.477121	1	0	0	1	1	1	1	1	0	0	0	0	0	0
10000	848	20	300	4	25	2	2	0.30103	1	0	0	2	0.5	2	0.5	1	0	0	0	0	0	0
10000	853	20	300	4	25	2	3	0.477121	1	0	0	1	1	1	1	1	0	0	0	0	0	0
10000	857	20	300	4	25	2	3	0.477121	1	0	0	1	1	1	1	1	0	0	0	0	0	0
10000	863	20	300	4	25	2	2	0.30103	1	0	0	2	0.5	2	0.5	1	0	0	0	0	0	0
10000	865	20	300	4	25	2	2	0.30103	1	0	0	2	0.5	2	0.5	1	0	0	0	0	0	0
10000	866	20	300	4	25	2	2	0.30103	1	0	0	2	0.5	2	0.5	1	0	0	0	0	0	0
10000	869	20	300	4	25	2	2	0.30103	1	0	0	2	0.5	2	0.5	1	0	0	0	0	0	0
10000	877	20	300	4	25	2	2	0.30103	1	0	0	2	0.5	2	0.5	1	0	0	0	0	0	0
10000	884	20	300	4	25	2	2	0.30103	1	0	0	2	0.5	2	0.5	1	0	0	0	0	0	0
10000	889	20	300	4	25	2	2	0.30103	1	0	0	2	0.5	2	0.5	1	0	0	0	0	0	0
10000	896	20	300	4	25	2	2	0.30103	1	0	0	2	0.5	2	0.5	1	0	0	0	0	0	0
10000	920	20	300	4	25	2	2	0.30103	1	0	0	2	0.5	2	0.5	1	0	0	0	0	0	0
10000	921	20	300	4	25	2	2	0.30103	1	0	0	2	0.5	2	0.5	1	0	0	0	0	0	0
10000	926	20	300	4	25	2	3	0.477121	1	0	0	1	1	1	1	1	0	0	0	0	0	0
10000	933	20	300	4	25	2	2	0.30103	1	0	0	2	0.5	2	0.5	1	0	0	0	0	0	0
10000	936	20	300	4	25	2	3	0.477121	1	0	0	1	1	1	1	1	0	0	0	0	0	0
10000	940	20	300	4	25	2	2	0.30103	1	0	0	2	0.5	2	0.5	1	0	0	0	0	0	0
10000	944	20	300	4	25	2	2	0.30103	1	0	0	2	0.5	2	0.5	1	0	0	0	0	0	0
10000	956	20	300	4	25	2	2	0.30103	1	0	0	2	0.5	2	0.5	1	0	0	0	0	0	0
10000	962	20	300	4	25	2	2	0.30103	1	0	0	2	0.5	2	0.5	1	0	0	0	0	0	0
10000	964	20	300	4	25	2	3	0.477121	1	0	0	1	1	1	1	1	0	0	0	0	0	0
10000	970	20	300	4	25	2	3	0.477121	1	0	0	1	1	1	1	1	0	0	0	0	0	0
10000	971	20	300	4	25	2	2	0.30103	1	0	0	2	0.5	2	0.5	1	0	0	0	0	0	0
10000	974	20	300	4	25	2	2	0.30103	1	0	0	2	0.5	2	0.5	1	0	0	0	0	0	0
10000	975	20	300	4	25	2	2	0.30103	1	0	0	2	0.5	2	0.5	1	0	0	0	0	0	0
10000	994	20	300	4	25	2	2	0.30103	1	0	0	2	0.5	2	0.5	1	0	0	0	0	0	0
10000	8	30	300	4	25	2	2	0.30103	1	0	0	2	0.5	2	0.5	1	0	0	0	0	0	0
10000	13	30	300	4	25	2	3	0.477121	1	0	0	1	1	1	1	1	0	0	0	0	0	0
10000	18	30	300	4	25	2	3	0.477121	1	0	0	1	1	1	1	1	0	0	0	0	0	0
10000	19	30	300	4	25	2	3	0.477121	1	0	0	1	1	1	1	1	0	0	0	0	0	0
10000	21	30	300	4	25	2	2	0.30103	1	0	0	2	0.5	2	0.5	1	0	0	0	0	0	0
10000	27	30	300	4	25	2	2	0.30103	1	0	0	2	0.5	2	0.5	1	0	0	0	0	0	0
10000	28	30	300	4	25	2	2	0.30103	1	0	0	2	0.5	2	0.5	1	0	0	0	0	0	0
10000	29	30	300	4	25	2	2	0.30103	1	0	0	2	0.5	2	0.5	1	0	0	0	0	0	0
10000	32	30	300	4	25	2	2	0.30103	1	0	0	2	0.5	2	0.5	1	0	0	0	0	0	0
10000	35	30	300	4	25	2	2	0.30103	1	0	0	2	0.5	2	0.5	1	0	0	0	0	0	0
10000	37	30	300	4	25	2	2	0.30103	1	0	0	2	0.5	2	0.5	1	0	0	0	0	0	0
10000	48	30	300	4	25	2	2	0.30103	1	0	0	2	0.5	2	0.5	1	0	0	0	0	0	0
10000	56	30	300	4	25	2	2	0.30103	1	0	0	2	0.5	2	0.5	1	0	0	0	0	0	0
10000	70	30	300	4	25	2	2	0.30103	1	0	0	2	0.5	2	0.5	1	0	0	0	0	0	0
10000	71	30	300	4	25	2	3	0.477121	1	0	0	1	1	1	1	1	0	0	0	0	0	0
10000	73	30	300	4	25	2	2	0.30103	1	0	0	2	0.5	2	0.5	1	0	0	0	0	0	0
10000	74	30	300	4	25	2	3	0.477121	1	0	0	1	1	1	1	1	0	0	0	0	0	0
10000	78	30	300	4	25	2	3	0.477121	1	0	0	1	1	1	1	1	0	0	0	0	0	0
10000	80	30	300	4	25	2	3	0.477121	1	0	0	1	1	1	1	1	0	0	0	0	0	0
10000	81	30	300	4	25	2	2	0.30103	1	0	0	2	0.5	2	0.5	1	0	0	0	0	0	0
10000	84	30	300	4	25	2	3	0.477121	1	0	0	1	1	1	1	1	0	0	0	0	0	0
10000	92	30	300	4	25	2	3	0.477121	1	0	0	1	1	1	1	1	0	0	0	0	0	0
10000	95	30	300	4	25	2	2	0.30103	1	0	0	2	0.5	2	0.5	1	0	0	0	0	0	0
10000	97	30	300	4	25	2	2	0.30103	1	0	0	2	0.5	2	0.5	1	0	0	0	0	0	0
10000	101	30	300	4	25	2	2	0.30103	1	0	0	2	0.5	2	0.5	1	0	0	0	0	0	0
10000	102	30	300	4	25	2	2	0.30103	1	0	0	2	0.5	2	0.5	1	0	0	0	0	0	0
10000	104	30	300	4	25	2	2	0.30103	1	0	0	2	0.5	2	0.5	1	0	0	0	0	0	0
10000	109	30	300	4	25	2	3	0.477121	1	0	0	1	1	1	1	1	0	0	0	0	0	0
10000	110	30	300	4	25	2	2	0.30103	1	0	0	2	0.5	2	0.5	1	0	0	0	0	0	0
10000	125	30	300	4	25	2	3	0.477121	1	0	0	1	1	1	1	1	0	0	0	0	0	0
10000	126	30	300	4	25	2	3	0.477121	1	0	0	1	1	1	1	1	0	0	0	0	0	0
10000	137	30	300	4	25	2	2	0.30103	1	0	0	2	0.5	2	0.5	1	0	0	0	0	0	0
10000	139	30	300	4	25	2	2	0.30103	1	0	0	2	0.5	2	0.5	1	0	0	0	0	0	0
10000	141	30	300	4	25	2	2	0.30103	1	0	0	2	0.5	2	0.5	1	0	0	0	0	0	0
10000	143	30	300	4	25	2	2	0.30103	1	0	0	2	0.5	2	0.5	1	0	0	0	0	0	0
10000	145	30	300	4	25	2	3	0.477121	1	0	0	1	1	1	1	1	0	0	0	0	0	0
10000	146	30	300	4	25	2	3	0.477121	1	0	0	1	1	1	1	1	0	0	0	0	0	0
10000	152	30	300	4	25	2	2	0.30103	1	0	0	2	0.5	2	0.5	1	0	0	0	0	0	0
10000	153	30	300	4	25	2	3	0.477121	1	0	0	1	1	1	1	1	0	0	0	0	0	0
10000	155	30	300	4	25	2	2	0.30103	1	0	0	2	0.5	2	0.5	1	0	0	0	0	0	0
10000	160	30	300	4	25	2	3	0.477121	1	0	0	1	1	1	1	1	0	0	0	0	0	0
10000	167	30	300	4	25	2	2	0.30103	1	0	0	2	0.5	2	0.5	1	0	0	0	0	0	0
10000	168	30	300	4	25	2	2	0.30103	1	0	0	2	0.5	2	0.5	1	0	0	0	0	0	0
10000	170	30	300	4	25	2	2	0.30103	1	0	0	2	0.5	2	0.5	1	0	0	0	0	0	0
10000	174	30	300	4	25	2	3	0.477121	1	0	0	1	1	1	1	1	0	0	0	0	0	0
10000	179	30	300	4	25	2	2	0.30103	1	0	0	2	0.5	2	0.5	1	0	0	0	0	0	0
10000	182	30	300	4	25	2	2	0.30103	1	0	0	2	0.5	2	0.5	1	0	0	0	0	0	0
10000	185	30	300	4	25	2	2	0.30103	1	0	0	2	0.5	2	0.5	1	0	0	0	0	0	0
10000	186	30	300	4	25	2	2	0.30103	1	0	0	2	0.5	2	0.5	1	0	0	0	0	0	0
10000	189	30	300	4	25	2	2	0.30103	1	0	0	2	0.5	2	0.5	1	0	0	0	0	0	0
10000	197	30	300	4	25	2	2	0.30103	1	0	0	2	0.5	2	0.5	1	0	0	0	0	0	0
10000	200	30	300	4	25	2	2	0.30103	1	0	0	2	0.5	2	0.5	1	0	0	0	0	0	0
10000	201	30	300	4	25	2	2	0.30103	1	0	0	2	0.5	2	0.5	1	0	0	0	0	0	0
10000	203	30	300	4	25	2	3	0.477121	1	0	0	1	1	1	1	1	0	0	0	0	0	0
10000	210	30	300	4	25	2	3	0.477121	1	0	0	1	1	1	1	1	0	0	0	0	0	0
10000	212	30	300	4	25	2	2	0.30103	1	0	0	2	0.5	2	0.5	1	0	0	0	0	0	0
10000	214	30	300	4	25	2	3	0.477121	1	0	0	1	1	1	1	1	0	0	0	0	0	0
10000	216	30	300	4	25	2	2	0.30103	1	0	0	2	0.5	2	0.5	1	0	0	0	0	0	0
10000	217	30	300	4	25	2	2	0.30103	1	0	0	2	0.5	2	0.5	1	0	0	0	0	0	0
10000	223	30	300	4	25	2	3	0.477121	1	0	0	1	1	1	1	1	0	0	0	0	0	0
10000	229	30	300	4	25	2	3	0.477121	1	0	0	1	1	1	1	1	0	0	0	0	0	0
10000	232	30	300	4	25	2	3	0.477121	1	0	0	1	1	1	1	1	0	0	0	0	0	0
10000	237	30	300	4	25	2	2	0.30103	1	0	0	2	0.5	2	0.5	1	0	0	0	0	0	0
10000	239	30	300	4	25	2	3	0.477121	1	0	0	1	1	1	1	1	0	0	0	0	0	0
10000	241	30	300	4	25	2	3	0.477121	1	0	0	1	1	1	1	1	0	0	0	0	0	0
10000	249	30	300	4	25	2	2	0.30103	1	0	0	2	0.5	2	0.5	1	0	0	0	0	0	0
10000	250	30	300	4	25	2	3	0.477121	1	0	0	1	1	1	1	1	0	0	0	0	0	0
10000	255	30	300	4	25	2	2	0.30103	1	0	0	2	0.5	2	0.5	1	0	0	0	0	0	0
10000	257	30	300	4	25	2	3	0.477121	1	0	0	1	1	1	1	1	0	0	0	0	0	0
10000	261	30	300	4	25	2	2	0.30103	1	0	0	2	0.5	2	0.5	1	0	0	0	0	0	0
10000	265	30	300	4	25	2	2	0.30103	1	0	0	2	0.5	2	0.5	1	0	0	0	0	0	0
10000	267	30	300	4	25	2	2	0.30103	1	0	0	2	0.5	2	0.5	1	0	0	0	0	0	0
10000	269	30	300	4	25	2	2	0.30103	1	0	0	2	0.5	2	0.5	1	0	0	0	0	0	0
10000	276	30	300	4	25	2	3	0.477121	1	0	0	1	1	1	1	1	0	0	0	0	0	0
10000	282	30	300	4	25	2	3	0.477121	1	0	0	1	1	1	1	1	0	0	0	0	0	0
10000	285	30	300	4	25	2	3	0.477121	1	0	0	1	1	1	1	1	0	0	0	0	0	0
10000	296	30	300	4	25	2	2	0.30103	1	0	0	2	0.5	2	0.5	1	0	0	0	0	0	0
10000	302	30	300	4	25	2	3	0.477121	1	0	0	1	1	1	1	1	0	0	0	0	0	0
10000	305	30	300	4	25	2	2	0.30103	1	0	0	2	0.5	2	0.5	1	0	0	0	0	0	0
10000	311	30	300	4	25	2	3	0.477121	1	0	0	1	1	1	1	1	0	0	0	0	0	0
10000	317	30	300	4	25	2	2	0.30103	1	0	0	2	0.5	2	0.5	1	0	0	0	0	0	0
10000	318	30	300	4	25	2	2	0.30103	1	0	0	2	0.5	2	0.5	1	0	0	0	0	0	0
10000	319	30	300	4	25	2	2	0.30103	1	0	0	2	0.5	2	0.5	1	0	0	0	0	0	0
10000	321	30	300	4	25	2	2	0.30103	1	0	0	2	0.5	2	0.5	1	0	0	0	0	0	0
10000	324	30	300	4	25	2	2	0.30103	1	0	0	2	0.5	2	0.5	1	0	0	0	0	0	0
10000	326	30	300	4	25	2	3	0.477121	1	0	0	1	1	1	1	1	0	0	0	0	0	0
10000	327	30	300	4	25	2	2	0.30103	1	0	0	2	0.5	2	0.5	1	0	0	0	0	0	0
10000	328	30	300	4	25	2	2	0.30103	1	0	0	2	0.5	2	0.5	1	0	0	0	0	0	0
10000	337	30	300	4	25	2	3	0.477121	1	0	0	1	1	1	1	1	0	0	0	0	0	0
10000	340	30	300	4	25	2	3	0.477121	1	0	0	1	1	1	1	1	0	0	0	0	0	0
10000	350	30	300	4	25	2	2	0.30103	1	0	0	2	0.5	2	0.5	1	0	0	0	0	0	0
10000	359	30	300	4	25	2	2	0.30103	1	0	0	2	0.5	2	0.5	1	0	0	0	0	0	0
10000	376	30	300	4	25	2	3	0.477121	1	0	0	1	1	1	1	1	0	0	0	0	0	0
10000	380	30	300	4	25	2	3	0.477121	1	0	0	1	1	1	1	1	0	0	0	0	0	0
10000	381	30	300	4	25	2	3	0.477121	1	0	0	1	1	1	1	1	0	0	0	0	0	0
10000	384	30	300	4	25	2	3	0.477121	1	0	0	1	1	1	1	1	0	0	0	0	0	0
10000	388	30	300	4	25	2	2	0.30103	1	0	0	2	0.5	2	0.5	1	0	0	0	0	0	0
10000	396	30	300	4	25	2	3	0.477121	1	0	0	1	1	1	1	1	0	0	0	0	0	0
10000	405	30	300	4	25	2	3	0.477121	1	0	0	1	1	1	1	1	0	0	0	0	0	0
10000	410	30	300	4	25	2	2	0.30103	1	0	0	2	0.5	2	0.5	1	0	0	0	0	0	0
10000	419	30	300	4	25	2	3	0.477121	1	0	0	1	1	1	1	1	0	0	0	0	0	0
10000	423	30	300	4	25	2	2	0.30103	1	0	0	2	0.5	2	0.5	1	0	0	0	0	0	0
10000	427	30	300	4	25	2	3	0.477121	1	0	0	1	1	1	1	1	0	0	0	0	0	0
10000	430	30	300	4	25	2	3	0.477121	1	0	0	1	1	1	1	1	0	0	0	0	0	0
10000	431	30	300	4	25	2	2	0.30103	1	0	0	2	0.5	2	0.5	1	0	0	0	0	0	0
10000	435	30	300	4	25	2	3	0.477121	1	0	0	1	1	1	1	1	0	0	0	0	0	0
10000	438	30	300	4	25	2	2	0.30103	1	0	0	2	0.5	2	0.5	1	0	0	0	0	0	0
10000	454	30	300	4	25	2	2	0.30103	1	0	0	2	0.5	2	0.5	1	0	0	0	0	0	0
10000	459	30	300	4	25	2	2	0.30103	1	0	0	2	0.5	2	0.5	1	0	0	0	0	0	0
10000	464	30	300	4	25	2	2	0.30103	1	0	0	2	0.5	2	0.5	1	0	0	0	0	0	0
10000	474	30	300	4	25	2	3	0.477121	1	0	0	1	1	1	1	1	0	0	0	0	0	0
10000	482	30	300	4	25	2	2	0.30103	1	0	0	2	0.5	2	0.5	1	0	0	0	0	0	0
10000	485	30	300	4	25	2	2	0.30103	1	0	0	2	0.5	2	0.5	1	0	0	0	0	0	0
10000	486	30	300	4	25	2	2	0.30103	1	0	0	2	0.5	2	0.5	1	0	0	0	0	0	0
10000	487	30	300	4	25	2	2	0.30103	1	0	0	2	0.5	2	0.5	1	0	0	0	0	0	0
10000	494	30	300	4	25	2	3	0.477121	1	0	0	1	1	1	1	1	0	0	0	0	0	0
10000	504	30	300	4	25	2	3	0.477121	1	0	0	1	1	1	1	1	0	0	0	0	0	0
10000	510	30	300	4	25	2	3	0.477121	1	0	0	1	1	1	1	1	0	0	0	0	0	0
10000	528	30	300	4	25	2	2	0.30103	1	0	0	2	0.5	2	0.5	1	0	0	0	0	0	0
10000	531	30	300	4	25	2	3	0.477121	1	0	0	1	1	1	1	1	0	0	0	0	0	0
10000	548	30	300	4	25	2	3	0.477121	1	0	0	1	1	1	1	1	0	0	0	0	0	0
10000	549	30	300	4	25	2	2	0.30103	1	0	0	2	0.5	2	0.5	1	0	0	0	0	0	0
10000	551	30	300	4	25	2	3	0.477121	1	0	0	1	1	1	1	1	0	0	0	0	0	0
10000	553	30	300	4	25	2	2	0.30103	1	0	0	2	0.5	2	0.5	1	0	0	0	0	0	0
10000	566	30	300	4	25	2	3	0.477121	1	0	0	1	1	1	1	1	0	0	0	0	0	0
10000	568	30	300	4	25	2	3	0.477121	1	0	0	1	1	1	1	1	0	0	0	0	0	0
10000	576	30	300	4	25	2	3	0.477121	1	0	0	1	1	1	1	1	0	0	0	0	0	0
10000	577	30	300	4	25	2	2	0.30103	1	0	0	2	0.5	2	0.5	1	0	0	0	0	0	0
10000	580	30	300	4	25	2	2	0.30103	1	0	0	2	0.5	2	0.5	1	0	0	0	0	0	0
10000	582	30	300	4	25	2	2	0.30103	1	0	0	2	0.5	2	0.5	1	0	0	0	0	0	0
10000	584	30	300	4	25	2	2	0.30103	1	0	0	2	0.5	2	0.5	1	0	0	0	0	0	0
10000	587	30	300	4	25	2	2	0.30103	1	0	0	2	0.5	2	0.5	1	0	0	0	0	0	0
10000	590	30	300	4	25	2	3	0.477121	1	0	0	1	1	1	1	1	0	0	0	0	0	0
10000	596	30	300	4	25	2	2	0.30103	1	0	0	2	0.5	2	0.5	1	0	0	0	0	0	0
10000	599	30	300	4	25	2	2	0.30103	1	0	0	2	0.5	2	0.5	1	0	0	0	0	0	0
10000	606	30	300	4	25	2	2	0.30103	1	0	0	2	0.5	2	0.5	1	0	0	0	0	0	0
10000	609	30	300	4	25	2	3	0.477121	1	0	0	1	1	1	1	1	0	0	0	0	0	0
10000	625	30	300	4	25	2	2	0.30103	1	0	0	2	0.5	2	0.5	1	0	0	0	0	0	0
10000	632	30	300	4	25	2	2	0.30103	1	0	0	2	0.5	2	0.5	1	0	0	0	0	0	0
10000	649	30	300	4	25	2	2	0.30103	1	0	0	2	0.5	2	0.5	1	0	0	0	0	0	0
10000	651	30	300	4	25	2	3	0.477121	1	0	0	1	1	1	1	1	0	0	0	0	0	0
10000	652	30	300	4	25	2	3	0.477121	1	0	0	1	1	1	1	1	0	0	0	0	0	0
10000	654	30	300	4	25	2	2	0.30103	1	0	0	2	0.5	2	0.5	1	0	0	0	0	0	0
10000	658	30	300	4	25	2	3	0.477121	1	0	0	1	1	1	1	1	0	0	0	0	0	0
10000	659	30	300	4	25	2	2	0.30103	1	0	0	2	0.5	2	0.5	1	0	0	0	0	0	0
10000	667	30	300	4	25	2	2	0.30103	1	0	0	2	0.5	2	0.5	1	0	0	0	0	0	0
10000	672	30	300	4	25	2	3	0.477121	1	0	0	1	1	1	1	1	0	0	0	0	0	0
10000	675	30	300	4	25	2	2	0.30103	1	0	0	2	0.5	2	0.5	1	0	0	0	0	0	0
10000	678	30	300	4	25	2	2	0.30103	1	0	0	2	0.5	2	0.5	1	0	0	0	0	0	0
10000	681	30	300	4	25	2	3	0.477121	1	0	0	1	1	1	1	1	0	0	0	0	0	0
10000	684	30	300	4	25	2	3	0.477121	1	0	0	1	1	1	1	1	0	0	0	0	0	0
10000	685	30	300	4	25	2	2	0.30103	1	0	0	2	0.5	2	0.5	1	0	0	0	0	0	0
10000	691	30	300	4	25	2	3	0.477121	1	0	0	1	1	1	1	1	0	0	0	0	0	0
10000	693	30	300	4	25	2	3	0.477121	1	0	0	1	1	1	1	1	0	0	0	0	0	0
10000	696	30	300	4	25	2	2	0.30103	1	0	0	2	0.5	2	0.5	1	0	0	0	0	0	0
10000	710	30	300	4	25	2	2	0.30103	1	0	0	2	0.5	2	0.5	1	0	0	0	0	0	0
10000	732	30	300	4	25	2	2	0.30103	1	0	0	2	0.5	2	0.5	1	0	0	0	0	0	0
10000	737	30	300	4	25	2	2	0.30103	1	0	0	2	0.5	2	0.5	1	0	0	0	0	0	0
10000	743	30	300	4	25	2	2	0.30103	1	0	0	2	0.5	2	0.5	1	0	0	0	0	0	0
10000	752	30	300	4	25	2	3	0.477121	1	0	0	1	1	1	1	1	0	0	0	0	0	0
10000	757	30	300	4	25	2	3	0.477121	1	0	0	1	1	1	1	1	0	0	0	0	0	0
10000	758	30	300	4	25	2	3	0.477121	1	0	0	1	1	1	1	1	0	0	0	0	0	0
10000	765	30	300	4	25	2	2	0.30103	1	0	0	2	0.5	2	0.5	1	0	0	0	0	0	0
10000	776	30	300	4	25	2	2	0.30103	1	0	0	2	0.5	2	0.5	1	0	0	0	0	0	0
10000	778	30	300	4	25	2	3	0.477121	1	0	0	1	1	1	1	1	0	0	0	0	0	0
10000	787	30	300	4	25	2	2	0.30103	1	0	0	2	0.5	2	0.5	1	0	0	0	0	0	0
10000	797	30	300	4	25	2	2	0.30103	1	0	0	2	0.5	2	0.5	1	0	0	0	0	0	0
10000	800	30	300	4	25	2	2	0.30103	1	0	0	2	0.5	2	0.5	1	0	0	0	0	0	0
10000	801	30	300	4	25	2	3	0.477121	1	0	0	1	1	1	1	1	0	0	0	0	0	0
10000	806	30	300	4	25	2	2	0.30103	1	0	0	2	0.5	2	0.5	1	0	0	0	0	0	0
10000	815	30	300	4	25	2	2	0.30103	1	0	0	2	0.5	2	0.5	1	0	0	0	0	0	0
10000	825	30	300	4	25	2	2	0.30103	1	0	0	2	0.5	2	0.5	1	0	0	0	0	0	0
10000	838	30	300	4	25	2	2	0.30103	1	0	0	2	0.5	2	0.5	1	0	0	0	0	0	0
10000	843	30	300	4	25	2	3	0.477121	1	0	0	1	1	1	1	1	0	0	0	0	0	0
10000	844	30	300	4	25	2	2	0.30103	1	0	0	2	0.5	2	0.5	1	0	0	0	0	0	0
10000	849	30	300	4	25	2	2	0.30103	1	0	0	2	0.5	2	0.5	1	0	0	0	0	0	0
10000	851	30	300	4	25	2	3	0.477121	1	0	0	1	1	1	1	1	0	0	0	0	0	0
10000	853	30	300	4	25	2	3	0.477121	1	0	0	1	1	1	1	1	0	0	0	0	0	0
10000	854	30	300	4	25	2	2	0.30103	1	0	0	2	0.5	2	0.5	1	0	0	0	0	0	0
10000	857	30	300	4	25	2	3	0.477121	1	0	0	1	1	1	1	1	0	0	0	0	0	0
10000	867	30	300	4	25	2	2	0.30103	1	0	0	2	0.5	2	0.5	1	0	0	0	0	0	0
10000	875	30	300	4	25	2	3	0.477121	1	0	0	1	1	1	1	1	0	0	0	0	0	0
10000	878	30	300	4	25	2	2	0.30103	1	0	0	2	0.5	2	0.5	1	0	0	0	0	0	0
10000	883	30	300	4	25	2	3	0.477121	1	0	0	1	1	1	1	1	0	0	0	0	0	0
10000	888	30	300	4	25	2	2	0.30103	1	0	0	2	0.5	2	0.5	1	0	0	0	0	0	0
10000	889	30	300	4	25	2	2	0.30103	1	0	0	2	0.5	2	0.5	1	0	0	0	0	0	0
10000	890	30	300	4	25	2	2	0.30103	1	0	0	2	0.5	2	0.5	1	0	0	0	0	0	0
10000	891	30	300	4	25	2	3	0.477121	1	0	0	1	1	1	1	1	0	0	0	0	0	0
10000	905	30	300	4	25	2	2	0.30103	1	0	0	2	0.5	2	0.5	1	0	0	0	0	0	0
10000	914	30	300	4	25	2	2	0.30103	1	0	0	2	0.5	2	0.5	1	0	0	0	0	0	0
10000	922	30	300	4	25	2	3	0.477121	1	0	0	1	1	1	1	1	0	0	0	0	0	0
10000	930	30	300	4	25	2	2	0.30103	1	0	0	2	0.5	2	0.5	1	0	0	0	0	0	0
10000	937	30	300	4	25	2	3	0.477121	1	0	0	1	1	1	1	1	0	0	0	0	0	0
10000	944	30	300	4	25	2	2	0.30103	1	0	0	2	0.5	2	0.5	1	0	0	0	0	0	0
10000	955	30	300	4	25	2	2	0.30103	1	0	0	2	0.5	2	0.5	1	0	0	0	0	0	0
10000	956	30	300	4	25	2	3	0.477121	1	0	0	1	1	1	1	1	0	0	0	0	0	0
10000	966	30	300	4	25	2	3	0.477121	1	0	0	1	1	1	1	1	0	0	0	0	0	0
10000	967	30	300	4	25	2	3	0.477121	1	0	0	1	1	1	1	1	0	0	0	0	0	0
10000	971	30	300	4	25	2	3	0.477121	1	0	0	1	1	1	1	1	0	0	0	0	0	0
10000	972	30	300	4	25	2	2	0.30103	1	0	0	2	0.5	2	0.5	1	0	0	0	0	0	0
10000	975	30	300	4	25	2	3	0.477121	1	0	0	1	1	1	1	1	0	0	0	0	0	0
10000	981	30	300	4	25	2	2	0.30103	1	0	0	2	0.5	2	0.5	1	0	0	0	0	0	0
10000	988	30	300	4	25	2	2	0.30103	1	0	0	2	0.5	2	0.5	1	0	0	0	0	0	0
10000	989	30	300	4	25	2	3	0.477121	1	0	0	1	1	1	1	1	0	0	0	0	0	0
10000	992	30	300	4	25	2	2	0.30103	1	0	0	2	0.5	2	0.5	1	0	0	0	0	0	0
10000	996	30	300	4	25	2	3	0.477121	1	0	0	1	1	1	1	1	0	0	0	0	0	0
10000	997	30	300	4	25	2	2	0.30103	1	0	0	2	0.5	2	0.5	1	0	0	0	0	0	0
10000	11	40	300	4	25	2	2	0.30103	1	0	0	2	0.5	2	0.5	1	0	0	0	0	0	0
10000	20	40	300	4	25	2	2	0.30103	1	0	0	2	0.5	2	0.5	1	0	0	0	0	0	0
10000	26	40	300	4	25	2	2	0.30103	1	0	0	2	0.5	2	0.5	1	0	0	0	0	0	0
10000	31	40	300	4	25	2	3	0.477121	1	0	0	1	1	1	1	1	0	0	0	0	0	0
10000	32	40	300	4	25	2	3	0.477121	1	0	0	1	1	1	1	1	0	0	0	0	0	0
10000	35	40	300	4	25	2	2	0.30103	1	0	0	2	0.5	2	0.5	1	0	0	0	0	0	0
10000	46	40	300	4	25	2	2	0.30103	1	0	0	2	0.5	2	0.5	1	0	0	0	0	0	0
10000	47	40	300	4	25	2	3	0.477121	1	0	0	1	1	1	1	1	0	0	0	0	0	0
10000	48	40	300	4	25	2	3	0.477121	1	0	0	1	1	1	1	1	0	0	0	0	0	0
10000	52	40	300	4	25	2	2	0.30103	1	0	0	2	0.5	2	0.5	1	0	0	0	0	0	0
10000	54	40	300	4	25	2	3	0.477121	1	0	0	1	1	1	1	1	0	0	0	0	0	0
10000	58	40	300	4	25	2	2	0.30103	1	0	0	2	0.5	2	0.5	1	0	0	0	0	0	0
10000	59	40	300	4	25	2	2	0.30103	1	0	0	2	0.5	2	0.5	1	0	0	0	0	0	0
10000	65	40	300	4	25	2	2	0.30103	1	0	0	2	0.5	2	0.5	1	0	0	0	0	0	0
10000	66	40	300	4	25	2	3	0.477121	1	0	0	1	1	1	1	1	0	0	0	0	0	0
10000	72	40	300	4	25	2	3	0.477121	1	0	0	1	1	1	1	1	0	0	0	0	0	0
10000	73	40	300	4	25	2	3	0.477121	1	0	0	1	1	1	1	1	0	0	0	0	0	0
10000	79	40	300	4	25	2	2	0.30103	1	0	0	2	0.5	2	0.5	1	0	0	0	0	0	0
10000	80	40	300	4	25	2	3	0.477121	1	0	0	1	1	1	1	1	0	0	0	0	0	0
10000	83	40	300	4	25	2	3	0.477121	1	0	0	1	1	1	1	1	0	0	0	0	0	0
10000	95	40	300	4	25	2	2	0.30103	1	0	0	2	0.5	2	0.5	1	0	0	0	0	0	0
10000	99	40	300	4	25	2	2	0.30103	1	0	0	2	0.5	2	0.5	1	0	0	0	0	0	0
10000	100	40	300	4	25	2	2	0.30103	1	0	0	2	0.5	2	0.5	1	0	0	0	0	0	0
10000	113	40	300	4	25	2	3	0.477121	1	0	0	1	1	1	1	1	0	0	0	0	0	0
10000	116	40	300	4	25	2	3	0.477121	1	0	0	1	1	1	1	1	0	0	0	0	0	0
10000	133	40	300	4	25	2	3	0.477121	1	0	0	1	1	1	1	1	0	0	0	0	0	0
10000	134	40	300	4	25	2	3	0.477121	1	0	0	1	1	1	1	1	0	0	0	0	0	0
10000	135	40	300	4	25	2	3	0.477121	1	0	0	1	1	1	1	1	0	0	0	0	0	0
10000	138	40	300	4	25	2	2	0.30103	1	0	0	2	0.5	2	0.5	1	0	0	0	0	0	0
10000	141	40	300	4	25	2	2	0.30103	1	0	0	2	0.5	2	0.5	1	0	0	0	0	0	0
10000	144	40	300	4	25	2	2	0.30103	1	0	0	2	0.5	2	0.5	1	0	0	0	0	0	0
10000	154	40	300	4	25	2	2	0.30103	1	0	0	2	0.5	2	0.5	1	0	0	0	0	0	0
10000	158	40	300	4	25	2	3	0.477121	1	0	0	1	1	1	1	1	0	0	0	0	0	0
10000	168	40	300	4	25	2	2	0.30103	1	0	0	2	0.5	2	0.5	1	0	0	0	0	0	0
10000	186	40	300	4	25	2	2	0.30103	1	0	0	2	0.5	2	0.5	1	0	0	0	0	0	0
10000	201	40	300	4	25	2	2	0.30103	1	0	0	2	0.5	2	0.5	1	0	0	0	0	0	0
10000	216	40	300	4	25	2	3	0.477121	1	0	0	1	1	1	1	1	0	0	0	0	0	0
10000	223	40	300	4	25	2	3	0.477121	1	0	0	1	1	1	1	1	0	0	0	0	0	0
10000	230	40	300	4	25	2	2	0.30103	1	0	0	2	0.5	2	0.5	1	0	0	0	0	0	0
10000	235	40	300	4	25	2	3	0.477121	1	0	0	1	1	1	1	1	0	0	0	0	0	0
10000	246	40	300	4	25	2	3	0.477121	1	0	0	1	1	1	1	1	0	0	0	0	0	0
10000	254	40	300	4	25	2	2	0.30103	1	0	0	2	0.5	2	0.5	1	0	0	0	0	0	0
10000	259	40	300	4	25	2	3	0.477121	1	0	0	1	1	1	1	1	0	0	0	0	0	0
10000	273	40	300	4	25	2	3	0.477121	1	0	0	1	1	1	1	1	0	0	0	0	0	0
10000	278	40	300	4	25	2	2	0.30103	1	0	0	2	0.5	2	0.5	1	0	0	0	0	0	0
10000	279	40	300	4	25	2	3	0.477121	1	0	0	1	1	1	1	1	0	0	0	0	0	0
10000	288	40	300	4	25	2	2	0.30103	1	0	0	2	0.5	2	0.5	1	0	0	0	0	0	0
10000	295	40	300	4	25	2	3	0.477121	1	0	0	1	1	1	1	1	0	0	0	0	0	0
10000	296	40	300	4	25	2	2	0.30103	1	0	0	2	0.5	2	0.5	1	0	0	0	0	0	0
10000	305	40	300	4	25	2	3	0.477121	1	0	0	1	1	1	1	1	0	0	0	0	0	0
10000	320	40	300	4	25	2	3	0.477121	1	0	0	1	1	1	1	1	0	0	0	0	0	0
10000	335	40	300	4	25	2	2	0.30103	1	0	0	2	0.5	2	0.5	1	0	0	0	0	0	0
10000	346	40	300	4	25	2	2	0.30103	1	0	0	2	0.5	2	0.5	1	0	0	0	0	0	0
10000	350	40	300	4	25	2	2	0.30103	1	0	0	2	0.5	2	0.5	1	0	0	0	0	0	0
10000	355	40	300	4	25	2	2	0.30103	1	0	0	2	0.5	2	0.5	1	0	0	0	0	0	0
10000	356	40	300	4	25	2	2	0.30103	1	0	0	2	0.5	2	0.5	1	0	0	0	0	0	0
10000	367	40	300	4	25	2	2	0.30103	1	0	0	2	0.5	2	0.5	1	0	0	0	0	0	0
10000	368	40	300	4	25	2	2	0.30103	1	0	0	2	0.5	2	0.5	1	0	0	0	0	0	0
10000	374	40	300	4	25	2	2	0.30103	1	0	0	2	0.5	2	0.5	1	0	0	0	0	0	0
10000	384	40	300	4	25	2	3	0.477121	1	0	0	1	1	1	1	1	0	0	0	0	0	0
10000	397	40	300	4	25	2	3	0.477121	1	0	0	1	1	1	1	1	0	0	0	0	0	0
10000	403	40	300	4	25	2	2	0.30103	1	0	0	2	0.5	2	0.5	1	0	0	0	0	0	0
10000	408	40	300	4	25	2	3	0.477121	1	0	0	1	1	1	1	1	0	0	0	0	0	0
10000	409	40	300	4	25	2	2	0.30103	1	0	0	2	0.5	2	0.5	1	0	0	0	0	0	0
10000	412	40	300	4	25	2	3	0.477121	1	0	0	1	1	1	1	1	0	0	0	0	0	0
10000	418	40	300	4	25	2	3	0.477121	1	0	0	1	1	1	1	1	0	0	0	0	0	0
10000	422	40	300	4	25	2	2	0.30103	1	0	0	2	0.5	2	0.5	1	0	0	0	0	0	0
10000	427	40	300	4	25	2	3	0.477121	1	0	0	1	1	1	1	1	0	0	0	0	0	0
10000	444	40	300	4	25	2	3	0.477121	1	0	0	1	1	1	1	1	0	0	0	0	0	0
10000	453	40	300	4	25	2	3	0.477121	1	0	0	1	1	1	1	1	0	0	0	0	0	0
10000	457	40	300	4	25	2	2	0.30103	1	0	0	2	0.5	2	0.5	1	0	0	0	0	0	0
10000	460	40	300	4	25	2	3	0.477121	1	0	0	1	1	1	1	1	0	0	0	0	0	0
10000	461	40	300	4	25	2	3	0.477121	1	0	0	1	1	1	1	1	0	0	0	0	0	0
10000	465	40	300	4	25	2	2	0.30103	1	0	0	2	0.5	2	0.5	1	0	0	0	0	0	0
10000	474	40	300	4	25	2	3	0.477121	1	0	0	1	1	1	1	1	0	0	0	0	0	0
10000	479	40	300	4	25	2	2	0.30103	1	0	0	2	0.5	2	0.5	1	0	0	0	0	0	0
10000	482	40	300	4	25	2	2	0.30103	1	0	0	2	0.5	2	0.5	1	0	0	0	0	0	0
10000	484	40	300	4	25	2	3	0.477121	1	0	0	1	1	1	1	1	0	0	0	0	0	0
10000	490	40	300	4	25	2	2	0.30103	1	0	0	2	0.5	2	0.5	1	0	0	0	0	0	0
10000	492	40	300	4	25	2	3	0.477121	1	0	0	1	1	1	1	1	0	0	0	0	0	0
10000	496	40	300	4	25	2	2	0.30103	1	0	0	2	0.5	2	0.5	1	0	0	0	0	0	0
10000	501	40	300	4	25	2	2	0.30103	1	0	0	2	0.5	2	0.5	1	0	0	0	0	0	0
10000	504	40	300	4	25	2	3	0.477121	1	0	0	1	1	1	1	1	0	0	0	0	0	0
10000	515	40	300	4	25	2	2	0.30103	1	0	0	2	0.5	2	0.5	1	0	0	0	0	0	0
10000	519	40	300	4	25	2	2	0.30103	1	0	0	2	0.5	2	0.5	1	0	0	0	0	0	0
10000	527	40	300	4	25	2	2	0.30103	1	0	0	2	0.5	2	0.5	1	0	0	0	0	0	0
10000	528	40	300	4	25	2	2	0.30103	1	0	0	2	0.5	2	0.5	1	0	0	0	0	0	0
10000	532	40	300	4	25	2	2	0.30103	1	0	0	2	0.5	2	0.5	1	0	0	0	0	0	0
10000	553	40	300	4	25	2	2	0.30103	1	0	0	2	0.5	2	0.5	1	0	0	0	0	0	0
10000	566	40	300	4	25	2	3	0.477121	1	0	0	1	1	1	1	1	0	0	0	0	0	0
10000	567	40	300	4	25	2	3	0.477121	1	0	0	1	1	1	1	1	0	0	0	0	0	0
10000	571	40	300	4	25	2	3	0.477121	1	0	0	1	1	1	1	1	0	0	0	0	0	0
10000	572	40	300	4	25	2	3	0.477121	1	0	0	1	1	1	1	1	0	0	0	0	0	0
10000	585	40	300	4	25	2	3	0.477121	1	0	0	1	1	1	1	1	0	0	0	0	0	0
10000	587	40	300	4	25	2	3	0.477121	1	0	0	1	1	1	1	1	0	0	0	0	0	0
10000	588	40	300	4	25	2	2	0.30103	1	0	0	2	0.5	2	0.5	1	0	0	0	0	0	0
10000	589	40	300	4	25	2	3	0.477121	1	0	0	1	1	1	1	1	0	0	0	0	0	0
10000	591	40	300	4	25	2	2	0.30103	1	0	0	2	0.5	2	0.5	1	0	0	0	0	0	0
10000	604	40	300	4	25	2	3	0.477121	1	0	0	1	1	1	1	1	0	0	0	0	0	0
10000	605	40	300	4	25	2	3	0.477121	1	0	0	1	1	1	1	1	0	0	0	0	0	0
10000	608	40	300	4	25	2	3	0.477121	1	0	0	1	1	1	1	1	0	0	0	0	0	0
10000	609	40	300	4	25	2	3	0.477121	1	0	0	1	1	1	1	1	0	0	0	0	0	0
10000	612	40	300	4	25	2	2	0.30103	1	0	0	2	0.5	2	0.5	1	0	0	0	0	0	0
10000	615	40	300	4	25	2	2	0.30103	1	0	0	2	0.5	2	0.5	1	0	0	0	0	0	0
10000	618	40	300	4	25	2	3	0.477121	1	0	0	1	1	1	1	1	0	0	0	0	0	0
10000	621	40	300	4	25	2	3	0.477121	1	0	0	1	1	1	1	1	0	0	0	0	0	0
10000	622	40	300	4	25	2	3	0.477121	1	0	0	1	1	1	1	1	0	0	0	0	0	0
10000	624	40	300	4	25	2	3	0.477121	1	0	0	1	1	1	1	1	0	0	0	0	0	0
10000	637	40	300	4	25	2	2	0.30103	1	0	0	2	0.5	2	0.5	1	0	0	0	0	0	0
10000	640	40	300	4	25	2	3	0.477121	1	0	0	1	1	1	1	1	0	0	0	0	0	0
10000	644	40	300	4	25	2	2	0.30103	1	0	0	2	0.5	2	0.5	1	0	0	0	0	0	0
10000	647	40	300	4	25	2	3	0.477121	1	0	0	1	1	1	1	1	0	0	0	0	0	0
10000	649	40	300	4	25	2	2	0.30103	1	0	0	2	0.5	2	0.5	1	0	0	0	0	0	0
10000	652	40	300	4	25	2	3	0.477121	1	0	0	1	1	1	1	1	0	0	0	0	0	0
10000	663	40	300	4	25	2	2	0.30103	1	0	0	2	0.5	2	0.5	1	0	0	0	0	0	0
10000	667	40	300	4	25	2	3	0.477121	1	0	0	1	1	1	1	1	0	0	0	0	0	0
10000	700	40	300	4	25	2	2	0.30103	1	0	0	2	0.5	2	0.5	1	0	0	0	0	0	0
10000	707	40	300	4	25	2	3	0.477121	1	0	0	1	1	1	1	1	0	0	0	0	0	0
10000	709	40	300	4	25	2	3	0.477121	1	0	0	1	1	1	1	1	0	0	0	0	0	0
10000	725	40	300	4	25	2	2	0.30103	1	0	0	2	0.5	2	0.5	1	0	0	0	0	0	0
10000	726	40	300	4	25	2	2	0.30103	1	0	0	2	0.5	2	0.5	1	0	0	0	0	0	0
10000	733	40	300	4	25	2	3	0.477121	1	0	0	1	1	1	1	1	0	0	0	0	0	0
10000	734	40	300	4	25	2	3	0.477121	1	0	0	1	1	1	1	1	0	0	0	0	0	0
10000	737	40	300	4	25	2	3	0.477121	1	0	0	1	1	1	1	1	0	0	0	0	0	0
10000	739	40	300	4	25	2	3	0.477121	1	0	0	1	1	1	1	1	0	0	0	0	0	0
10000	743	40	300	4	25	2	2	0.30103	1	0	0	2	0.5	2	0.5	1	0	0	0	0	0	0
10000	745	40	300	4	25	2	3	0.477121	1	0	0	1	1	1	1	1	0	0	0	0	0	0
10000	748	40	300	4	25	2	2	0.30103	1	0	0	2	0.5	2	0.5	1	0	0	0	0	0	0
10000	751	40	300	4	25	2	2	0.30103	1	0	0	2	0.5	2	0.5	1	0	0	0	0	0	0
10000	753	40	300	4	25	2	3	0.477121	1	0	0	1	1	1	1	1	0	0	0	0	0	0
10000	759	40	300	4	25	2	3	0.477121	1	0	0	1	1	1	1	1	0	0	0	0	0	0
10000	764	40	300	4	25	2	2	0.30103	1	0	0	2	0.5	2	0.5	1	0	0	0	0	0	0
10000	765	40	300	4	25	2	2	0.30103	1	0	0	2	0.5	2	0.5	1	0	0	0	0	0	0
10000	768	40	300	4	25	2	2	0.30103	1	0	0	2	0.5	2	0.5	1	0	0	0	0	0	0
10000	769	40	300	4	25	2	2	0.30103	1	0	0	2	0.5	2	0.5	1	0	0	0	0	0	0
10000	770	40	300	4	25	2	3	0.477121	1	0	0	1	1	1	1	1	0	0	0	0	0	0
10000	781	40	300	4	25	2	2	0.30103	1	0	0	2	0.5	2	0.5	1	0	0	0	0	0	0
10000	787	40	300	4	25	2	2	0.30103	1	0	0	2	0.5	2	0.5	1	0	0	0	0	0	0
10000	793	40	300	4	25	2	3	0.477121	1	0	0	1	1	1	1	1	0	0	0	0	0	0
10000	804	40	300	4	25	2	2	0.30103	1	0	0	2	0.5	2	0.5	1	0	0	0	0	0	0
10000	812	40	300	4	25	2	2	0.30103	1	0	0	2	0.5	2	0.5	1	0	0	0	0	0	0
10000	822	40	300	4	25	2	2	0.30103	1	0	0	2	0.5	2	0.5	1	0	0	0	0	0	0
10000	830	40	300	4	25	2	2	0.30103	1	0	0	2	0.5	2	0.5	1	0	0	0	0	0	0
10000	835	40	300	4	25	2	2	0.30103	1	0	0	2	0.5	2	0.5	1	0	0	0	0	0	0
10000	840	40	300	4	25	2	3	0.477121	1	0	0	1	1	1	1	1	0	0	0	0	0	0
10000	842	40	300	4	25	2	3	0.477121	1	0	0	1	1	1	1	1	0	0	0	0	0	0
10000	845	40	300	4	25	2	3	0.477121	1	0	0	1	1	1	1	1	0	0	0	0	0	0
10000	863	40	300	4	25	2	3	0.477121	1	0	0	1	1	1	1	1	0	0	0	0	0	0
10000	864	40	300	4	25	2	3	0.477121	1	0	0	1	1	1	1	1	0	0	0	0	0	0
10000	870	40	300	4	25	2	2	0.30103	1	0	0	2	0.5	2	0.5	1	0	0	0	0	0	0
10000	873	40	300	4	25	2	3	0.477121	1	0	0	1	1	1	1	1	0	0	0	0	0	0
10000	876	40	300	4	25	2	3	0.477121	1	0	0	1	1	1	1	1	0	0	0	0	0	0
10000	879	40	300	4	25	2	2	0.30103	1	0	0	2	0.5	2	0.5	1	0	0	0	0	0	0
10000	888	40	300	4	25	2	3	0.477121	1	0	0	1	1	1	1	1	0	0	0	0	0	0
10000	899	40	300	4	25	2	3	0.477121	1	0	0	1	1	1	1	1	0	0	0	0	0	0
10000	900	40	300	4	25	2	2	0.30103	1	0	0	2	0.5	2	0.5	1	0	0	0	0	0	0
10000	904	40	300	4	25	2	2	0.30103	1	0	0	2	0.5	2	0.5	1	0	0	0	0	0	0
10000	911	40	300	4	25	2	3	0.477121	1	0	0	1	1	1	1	1	0	0	0	0	0	0
10000	912	40	300	4	25	2	3	0.477121	1	0	0	1	1	1	1	1	0	0	0	0	0	0
10000	915	40	300	4	25	2	3	0.477121	1	0	0	1	1	1	1	1	0	0	0	0	0	0
10000	920	40	300	4	25	2	2	0.30103	1	0	0	2	0.5	2	0.5	1	0	0	0	0	0	0
10000	923	40	300	4	25	2	2	0.30103	1	0	0	2	0.5	2	0.5	1	0	0	0	0	0	0
10000	930	40	300	4	25	2	3	0.477121	1	0	0	1	1	1	1	1	0	0	0	0	0	0
10000	934	40	300	4	25	2	3	0.477121	1	0	0	1	1	1	1	1	0	0	0	0	0	0
10000	935	40	300	4	25	2	3	0.477121	1	0	0	1	1	1	1	1	0	0	0	0	0	0
10000	938	40	300	4	25	2	3	0.477121	1	0	0	1	1	1	1	1	0	0	0	0	0	0
10000	939	40	300	4	25	2	3	0.477121	1	0	0	1	1	1	1	1	0	0	0	0	0	0
10000	941	40	300	4	25	2	3	0.477121	1	0	0	1	1	1	1	1	0	0	0	0	0	0
10000	942	40	300	4	25	2	2	0.30103	1	0	0	2	0.5	2	0.5	1	0	0	0	0	0	0
10000	943	40	300	4	25	2	2	0.30103	1	0	0	2	0.5	2	0.5	1	0	0	0	0	0	0
10000	944	40	300	4	25	2	3	0.477121	1	0	0	1	1	1	1	1	0	0	0	0	0	0
10000	946	40	300	4	25	2	2	0.30103	1	0	0	2	0.5	2	0.5	1	0	0	0	0	0	0
10000	947	40	300	4	25	2	3	0.477121	1	0	0	1	1	1	1	1	0	0	0	0	0	0
10000	951	40	300	4	25	2	3	0.477121	1	0	0	1	1	1	1	1	0	0	0	0	0	0
10000	955	40	300	4	25	2	3	0.477121	1	0	0	1	1	1	1	1	0	0	0	0	0	0
10000	959	40	300	4	25	2	3	0.477121	1	0	0	1	1	1	1	1	0	0	0	0	0	0
10000	977	40	300	4	25	2	3	0.477121	1	0	0	1	1	1	1	1	0	0	0	0	0	0
10000	979	40	300	4	25	2	3	0.477121	1	0	0	1	1	1	1	1	0	0	0	0	0	0
10000	986	40	300	4	25	2	3	0.477121	1	0	0	1	1	1	1	1	0	0	0	0	0	0
10000	987	40	300	4	25	2	2	0.30103	1	0	0	2	0.5	2	0.5	1	0	0	0	0	0	0
10000	988	40	300	4	25	2	3	0.477121	1	0	0	1	1	1	1	1	0	0	0	0	0	0
10000	991	40	300	4	25	2	2	0.30103	1	0	0	2	0.5	2	0.5	1	0	0	0	0	0	0
10000	993	40	300	4	25	2	3	0.477121	1	0	0	1	1	1	1	1	0	0	0	0	0	0
10000	1	50	300	4	25	2	3	0.477121	1	0	0	1	1	1	1	1	0	0	0	0	0	0
10000	4	50	300	4	25	2	2	0.30103	1	0	0	2	0.5	2	0.5	1	0	0	0	0	0	0
10000	10	50	300	4	25	2	2	0.30103	1	0	0	2	0.5	2	0.5	1	0	0	0	0	0	0
10000	15	50	300	4	25	2	2	0.30103	1	0	0	2	0.5	2	0.5	1	0	0	0	0	0	0
10000	35	50	300	4	25	2	3	0.477121	1	0	0	1	1	1	1	1	0	0	0	0	0	0
10000	59	50	300	4	25	2	3	0.477121	1	0	0	1	1	1	1	1	0	0	0	0	0	0
10000	63	50	300	4	25	2	2	0.30103	1	0	0	2	0.5	2	0.5	1	0	0	0	0	0	0
10000	73	50	300	4	25	2	3	0.477121	1	0	0	1	1	1	1	1	0	0	0	0	0	0
10000	99	50	300	4	25	2	3	0.477121	1	0	0	1	1	1	1	1	0	0	0	0	0	0
10000	101	50	300	4	25	2	2	0.30103	1	0	0	2	0.5	2	0.5	1	0	0	0	0	0	0
10000	104	50	300	4	25	2	2	0.30103	1	0	0	2	0.5	2	0.5	1	0	0	0	0	0	0
10000	112	50	300	4	25	2	3	0.477121	1	0	0	1	1	1	1	1	0	0	0	0	0	0
10000	135	50	300	4	25	2	3	0.477121	1	0	0	1	1	1	1	1	0	0	0	0	0	0
10000	148	50	300	4	25	2	2	0.30103	1	0	0	2	0.5	2	0.5	1	0	0	0	0	0	0
10000	151	50	300	4	25	2	3	0.477121	1	0	0	1	1	1	1	1	0	0	0	0	0	0
10000	159	50	300	4	25	2	2	0.30103	1	0	0	2	0.5	2	0.5	1	0	0	0	0	0	0
10000	168	50	300	4	25	2	3	0.477121	1	0	0	1	1	1	1	1	0	0	0	0	0	0
10000	173	50	300	4	25	2	3	0.477121	1	0	0	1	1	1	1	1	0	0	0	0	0	0
10000	182	50	300	4	25	2	3	0.477121	1	0	0	1	1	1	1	1	0	0	0	0	0	0
10000	193	50	300	4	25	2	2	0.30103	1	0	0	2	0.5	2	0.5	1	0	0	0	0	0	0
10000	201	50	300	4	25	2	3	0.477121	1	0	0	1	1	1	1	1	0	0	0	0	0	0
10000	212	50	300	4	25	2	2	0.30103	1	0	0	2	0.5	2	0.5	1	0	0	0	0	0	0
10000	213	50	300	4	25	2	3	0.477121	1	0	0	1	1	1	1	1	0	0	0	0	0	0
10000	226	50	300	4	25	2	3	0.477121	1	0	0	1	1	1	1	1	0	0	0	0	0	0
10000	245	50	300	4	25	2	2	0.30103	1	0	0	2	0.5	2	0.5	1	0	0	0	0	0	0
10000	261	50	300	4	25	2	3	0.477121	1	0	0	1	1	1	1	1	0	0	0	0	0	0
10000	319	50	300	4	25	2	3	0.477121	1	0	0	1	1	1	1	1	0	0	0	0	0	0
10000	325	50	300	4	25	2	2	0.30103	1	0	0	2	0.5	2	0.5	1	0	0	0	0	0	0
10000	336	50	300	4	25	2	3	0.477121	1	0	0	1	1	1	1	1	0	0	0	0	0	0
10000	352	50	300	4	25	2	3	0.477121	1	0	0	1	1	1	1	1	0	0	0	0	0	0
10000	365	50	300	4	25	2	2	0.30103	1	0	0	2	0.5	2	0.5	1	0	0	0	0	0	0
10000	370	50	300	4	25	2	3	0.477121	1	0	0	1	1	1	1	1	0	0	0	0	0	0
10000	371	50	300	4	25	2	3	0.477121	1	0	0	1	1	1	1	1	0	0	0	0	0	0
10000	402	50	300	4	25	2	3	0.477121	1	0	0	1	1	1	1	1	0	0	0	0	0	0
10000	403	50	300	4	25	2	3	0.477121	1	0	0	1	1	1	1	1	0	0	0	0	0	0
10000	412	50	300	4	25	2	3	0.477121	1	0	0	1	1	1	1	1	0	0	0	0	0	0
10000	413	50	300	4	25	2	3	0.477121	1	0	0	1	1	1	1	1	0	0	0	0	0	0
10000	427	50	300	4	25	2	3	0.477121	1	0	0	1	1	1	1	1	0	0	0	0	0	0
10000	461	50	300	4	25	2	3	0.477121	1	0	0	1	1	1	1	1	0	0	0	0	0	0
10000	470	50	300	4	25	2	2	0.30103	1	0	0	2	0.5	2	0.5	1	0	0	0	0	0	0
10000	474	50	300	4	25	2	3	0.477121	1	0	0	1	1	1	1	1	0	0	0	0	0	0
10000	475	50	300	4	25	2	3	0.477121	1	0	0	1	1	1	1	1	0	0	0	0	0	0
10000	494	50	300	4	25	2	3	0.477121	1	0	0	1	1	1	1	1	0	0	0	0	0	0
10000	503	50	300	4	25	2	3	0.477121	1	0	0	1	1	1	1	1	0	0	0	0	0	0
10000	518	50	300	4	25	2	2	0.30103	1	0	0	2	0.5	2	0.5	1	0	0	0	0	0	0
10000	535	50	300	4	25	2	3	0.477121	1	0	0	1	1	1	1	1	0	0	0	0	0	0
10000	540	50	300	4	25	2	3	0.477121	1	0	0	1	1	1	1	1	0	0	0	0	0	0
10000	544	50	300	4	25	2	3	0.477121	1	0	0	1	1	1	1	1	0	0	0	0	0	0
10000	552	50	300	4	25	2	3	0.477121	1	0	0	1	1	1	1	1	0	0	0	0	0	0
10000	554	50	300	4	25	2	3	0.477121	1	0	0	1	1	1	1	1	0	0	0	0	0	0
10000	562	50	300	4	25	2	3	0.477121	1	0	0	1	1	1	1	1	0	0	0	0	0	0
10000	571	50	300	4	25	2	3	0.477121	1	0	0	1	1	1	1	1	0	0	0	0	0	0
10000	584	50	300	4	25	2	2	0.30103	1	0	0	2	0.5	2	0.5	1	0	0	0	0	0	0
10000	591	50	300	4	25	2	3	0.477121	1	0	0	1	1	1	1	1	0	0	0	0	0	0
10000	599	50	300	4	25	2	2	0.30103	1	0	0	2	0.5	2	0.5	1	0	0	0	0	0	0
10000	615	50	300	4	25	2	3	0.477121	1	0	0	1	1	1	1	1	0	0	0	0	0	0
10000	622	50	300	4	25	2	3	0.477121	1	0	0	1	1	1	1	1	0	0	0	0	0	0
10000	637	50	300	4	25	2	2	0.30103	1	0	0	2	0.5	2	0.5	1	0	0	0	0	0	0
10000	644	50	300	4	25	2	2	0.30103	1	0	0	2	0.5	2	0.5	1	0	0	0	0	0	0
10000	651	50	300	4	25	2	3	0.477121	1	0	0	1	1	1	1	1	0	0	0	0	0	0
10000	674	50	300	4	25	2	3	0.477121	1	0	0	1	1	1	1	1	0	0	0	0	0	0
10000	686	50	300	4	25	2	3	0.477121	1	0	0	1	1	1	1	1	0	0	0	0	0	0
10000	701	50	300	4	25	2	3	0.477121	1	0	0	1	1	1	1	1	0	0	0	0	0	0
10000	704	50	300	4	25	2	3	0.477121	1	0	0	1	1	1	1	1	0	0	0	0	0	0
10000	707	50	300	4	25	2	3	0.477121	1	0	0	1	1	1	1	1	0	0	0	0	0	0
10000	720	50	300	4	25	2	2	0.30103	1	0	0	2	0.5	2	0.5	1	0	0	0	0	0	0
10000	726	50	300	4	25	2	3	0.477121	1	0	0	1	1	1	1	1	0	0	0	0	0	0
10000	738	50	300	4	25	2	2	0.30103	1	0	0	2	0.5	2	0.5	1	0	0	0	0	0	0
10000	748	50	300	4	25	2	2	0.30103	1	0	0	2	0.5	2	0.5	1	0	0	0	0	0	0
10000	769	50	300	4	25	2	3	0.477121	1	0	0	1	1	1	1	1	0	0	0	0	0	0
10000	789	50	300	4	25	2	3	0.477121	1	0	0	1	1	1	1	1	0	0	0	0	0	0
10000	813	50	300	4	25	2	3	0.477121	1	0	0	1	1	1	1	1	0	0	0	0	0	0
10000	819	50	300	4	25	2	2	0.30103	1	0	0	2	0.5	2	0.5	1	0	0	0	0	0	0
10000	821	50	300	4	25	2	2	0.30103	1	0	0	2	0.5	2	0.5	1	0	0	0	0	0	0
10000	826	50	300	4	25	2	3	0.477121	1	0	0	1	1	1	1	1	0	0	0	0	0	0
10000	840	50	300	4	25	2	3	0.477121	1	0	0	1	1	1	1	1	0	0	0	0	0	0
10000	841	50	300	4	25	2	3	0.477121	1	0	0	1	1	1	1	1	0	0	0	0	0	0
10000	852	50	300	4	25	2	3	0.477121	1	0	0	1	1	1	1	1	0	0	0	0	0	0
10000	860	50	300	4	25	2	2	0.30103	1	0	0	2	0.5	2	0.5	1	0	0	0	0	0	0
10000	868	50	300	4	25	2	2	0.30103	1	0	0	2	0.5	2	0.5	1	0	0	0	0	0	0
10000	870	50	300	4	25	2	2	0.30103	1	0	0	2	0.5	2	0.5	1	0	0	0	0	0	0
10000	879	50	300	4	25	2	3	0.477121	1	0	0	1	1	1	1	1	0	0	0	0	0	0
10000	905	50	300	4	25	2	3	0.477121	1	0	0	1	1	1	1	1	0	0	0	0	0	0
10000	935	50	300	4	25	2	3	0.477121	1	0	0	1	1	1	1	1	0	0	0	0	0	0
10000	946	50	300	4	25	2	3	0.477121	1	0	0	1	1	1	1	1	0	0	0	0	0	0
10000	958	50	300	4	25	2	2	0.30103	1	0	0	2	0.5	2	0.5	1	0	0	0	0	0	0
10000	984	50	300	4	25	2	3	0.477121	1	0	0	1	1	1	1	1	0	0	0	0	0	0
10000	987	50	300	4	25	2	2	0.30103	1	0	0	2	0.5	2	0.5	1	0	0	0	0	0	0
10000	104	60	300	4	25	2	3	0.477121	1	0	0	1	1	1	1	1	0	0	0	0	0	0
10000	148	60	300	4	25	2	3	0.477121	1	0	0	1	1	1	1	1	0	0	0	0	0	0
10000	226	60	300	4	25	2	3	0.477121	1	0	0	1	1	1	1	1	0	0	0	0	0	0
10000	248	60	300	4	25	2	3	0.477121	1	0	0	1	1	1	1	1	0	0	0	0	0	0
10000	319	60	300	4	25	2	3	0.477121	1	0	0	1	1	1	1	1	0	0	0	0	0	0
10000	325	60	300	4	25	2	3	0.477121	1	0	0	1	1	1	1	1	0	0	0	0	0	0
10000	368	60	300	4	25	2	3	0.477121	1	0	0	1	1	1	1	1	0	0	0	0	0	0
10000	439	60	300	4	25	2	2	0.30103	1	0	0	2	0.5	2	0.5	1	0	0	0	0	0	0
10000	474	60	300	4	25	2	3	0.477121	1	0	0	1	1	1	1	1	0	0	0	0	0	0
10000	533	60	300	4	25	2	3	0.477121	1	0	0	1	1	1	1	1	0	0	0	0	0	0
10000	555	60	300	4	25	2	3	0.477121	1	0	0	1	1	1	1	1	0	0	0	0	0	0
10000	566	60	300	4	25	2	3	0.477121	1	0	0	1	1	1	1	1	0	0	0	0	0	0
10000	620	60	300	4	25	2	3	0.477121	1	0	0	1	1	1	1	1	0	0	0	0	0	0
10000	622	60	300	4	25	2	3	0.477121	1	0	0	1	1	1	1	1	0	0	0	0	0	0
10000	669	60	300	4	25	2	2	0.30103	1	0	0	2	0.5	2	0.5	1	0	0	0	0	0	0
10000	673	60	300	4	25	2	3	0.477121	1	0	0	1	1	1	1	1	0	0	0	0	0	0
10000	699	60	300	4	25	2	2	0.30103	1	0	0	2	0.5	2	0.5	1	0	0	0	0	0	0
10000	725	60	300	4	25	2	2	0.30103	1	0	0	2	0.5	2	0.5	1	0	0	0	0	0	0
10000	732	60	300	4	25	2	2	0.30103	1	0	0	2	0.5	2	0.5	1	0	0	0	0	0	0
10000	738	60	300	4	25	2	3	0.477121	1	0	0	1	1	1	1	1	0	0	0	0	0	0
10000	820	60	300	4	25	2	2	0.30103	1	0	0	2	0.5	2	0.5	1	0	0	0	0	0	0
10000	860	60	300	4	25	2	3	0.477121	1	0	0	1	1	1	1	1	0	0	0	0	0	0
10000	863	60	300	4	25	2	3	0.477121	1	0	0	1	1	1	1	1	0	0	0	0	0	0
10000	885	60	300	4	25	2	3	0.477121	1	0	0	1	1	1	1	1	0	0	0	0	0	0
10000	905	60	300	4	25	2	3	0.477121	1	0	0	1	1	1	1	1	0	0	0	0	0	0
10000	950	60	300	4	25	2	3	0.477121	1	0	0	1	1	1	1	1	0	0	0	0	0	0
10000	958	60	300	4	25	2	2	0.30103	1	0	0	2	0.5	2	0.5	1	0	0	0	0	0	0
10000	130	70	300	4	25	2	3	0.477121	1	0	0	1	1	1	1	1	0	0	0	0	0	0
10000	205	70	300	4	25	2	2	0.30103	1	0	0	2	0.5	2	0.5	1	0	0	0	0	0	0
10000	226	70	300	4	25	2	3	0.477121	1	0	0	1	1	1	1	1	0	0	0	0	0	0
10000	426	70	300	4	25	2	3	0.477121	1	0	0	1	1	1	1	1	0	0	0	0	0	0
