10000	287	70	300	4	25	24	5029	0	0	10	10	1	0.03	0	0	0
10000	480	70	300	4	25	24	4186	0	0	14	14	1	0.02	0	0	0
10000	147	80	300	4	25	24	12493	0	0	10	10	1	0.13	0	0	0
10000	167	80	300	4	25	24	209705	0	0	5	5	1	1.23	0.26	0	0
10000	286	80	300	4	25	24	10369	0	0	10	10	1	0.09	0.01	0	0
10000	390	80	300	4	25	24	121963	0	0	5	5	1	0.84	0.09	0	0
10000	392	80	300	4	25	24	209951	0	0	5	5	1	1.5	0.26	0	0
10000	716	80	300	4	25	24	81211	0	0	4	4	1	0.61	0.09	0	0
10000	849	80	300	4	25	24	50338	0	0	6	6	1	0.26	0.06	0	0
10000	28	90	300	4	25	24	231464	0	0	5	5	1	1.56	0.28	0	0
10000	192	90	300	4	25	24	24241	0	0	6	6	1	0.2	0.02	0	0
10000	198	90	300	4	25	24	56699	0	0	6	6	1	0.42	0.04	0	0
10000	343	90	300	4	25	24	11014	0	0	6	6	1	0.07	0.01	0	0
10000	480	90	300	4	25	24	9260	0	0	12	12	1	0.05	0.01	0	0
10000	649	90	300	4	25	24	8999	0	0	9	9	1	0.07	0.01	0	0
10000	653	90	300	4	25	24	132645	0	0	5	5	1	0.97	0.1	0	0
10000	741	90	300	4	25	24	49812	0	0	7	7	1	0.38	0.05	0	0
10000	762	90	300	4	25	24	56854	0	0	6	6	1	0.54	0.07	0	0
10000	843	90	300	4	25	24	8541	0	0	6	6	1	0.06	0	0	0
10000	865	90	300	4	25	24	7805	0	0	10	10	1	0.07	0	0	0
10000	932	90	300	4	25	24	23935	0	0	6	6	1	0.25	0.04	0	0
10000	962	90	300	4	25	24	39438	0	0	4	4	1	0.28	0.06	0	0
10000	5	100	300	4	25	24	1757	0	0	13	13	1	0	0	0	0
10000	23	100	300	4	25	24	169028	0	0	4	4	1	1.5	0.36	0	0
10000	53	100	300	4	25	24	18122	0	0	8	8	1	0.11	0.01	0	0
10000	88	100	300	4	25	24	46820	0	0	6	6	1	0.49	0.06	0	0
10000	107	100	300	4	25	24	14975	0	0	7	7	1	0.11	0.01	0	0
10000	121	100	300	4	25	24	60625	0	0	4	4	1	0.66	0.08	0	0
10000	131	100	300	4	25	24	26609	0	0	6	6	1	0.18	0.03	0	0
10000	169	100	300	4	25	24	51323	0	0	8	8	1	0.25	0.05	0	0
10000	171	100	300	4	25	24	139006	0	0	5	5	1	1.1	0.2	0	0
10000	173	100	300	4	25	24	12471	0	0	12	12	1	0.12	0.01	0	0
10000	174	100	300	4	25	24	63971	0	0	6	6	1	0.46	0.07	0	0
10000	197	100	300	4	25	24	117909	0	0	6	6	1	0.76	0.12	0	0
10000	217	100	300	4	25	24	37126	0	0	6	6	1	0.36	0.04	0	0
10000	323	100	300	4	25	24	37762	0	0	6	6	1	0.37	0.05	0	0
10000	329	100	300	4	25	24	9146	0	0	9	9	1	0.05	0	0	0
10000	332	100	300	4	25	24	67285	0	0	5	5	1	0.42	0.06	0	0
10000	348	100	300	4	25	24	29949	0	0	6	6	1	0.21	0.03	0	0
10000	440	100	300	4	25	24	135311	0	0	6	6	1	1.56	0.19	0	0
10000	496	100	300	4	25	24	13772	0	0	8	8	1	0.07	0.02	0	0
10000	541	100	300	4	25	24	24356	0	0	7	7	1	0.25	0.02	0	0
10000	596	100	300	4	25	24	45763	0	0	7	7	1	0.38	0.05	0	0
10000	600	100	300	4	25	24	42938	0	0	6	6	1	0.21	0.06	0	0
10000	606	100	300	4	25	24	16262	0	0	8	8	1	0.09	0.01	0	0
10000	614	100	300	4	25	24	14163	0	0	6	6	1	0.14	0.01	0	0
10000	617	100	300	4	25	24	21401	0	0	11	11	1	0.12	0.01	0	0
10000	623	100	300	4	25	24	24639	0	0	6	6	1	0.16	0.03	0	0
10000	636	100	300	4	25	24	76147	0	0	6	6	1	0.61	0.08	0	0
10000	662	100	300	4	25	24	17170	0	0	6	6	1	0.22	0.02	0	0
10000	663	100	300	4	25	24	18632	0	0	10	10	1	0.19	0.03	0	0
10000	666	100	300	4	25	24	20827	0	0	7	7	1	0.13	0.02	0	0
10000	756	100	300	4	25	24	79551	0	0	6	6	1	0.7	0.1	0	0
10000	759	100	300	4	25	24	54455	0	0	6	6	1	0.46	0.06	0	0
10000	766	100	300	4	25	24	99359	0	0	5	5	1	0.56	0.11	0	0
10000	854	100	300	4	25	24	28401	0	0	6	6	1	0.16	0.03	0	0
10000	868	100	300	4	25	24	103175	0	0	4	4	1	0.71	0.15	0	0
10000	896	100	300	4	25	24	57649	0	0	5	5	1	0.34	0.08	0	0
10000	920	100	300	4	25	24	75173	0	0	6	6	1	0.54	0.11	0	0
10000	924	100	300	4	25	24	466559	0	0	4	4	1	3.1	0.46	0	0
