2000	149	30	300	4	25	69	193	0	0	61	61	1	0	0	0	0
2000	635	30	300	4	25	69	668	0	0	59	59	1	0	0	0	0
2000	11	40	300	4	25	69	925	0	0	49	49	1	0.02	0	0	0
2000	42	40	300	4	25	69	6515	0	0	38	38	1	0.2	0	0	0
2000	54	40	300	4	25	69	6453	0	0	40	40	1	0.14	0.01	0	0
2000	66	40	300	4	25	69	3497	0	0	39	39	1	0.07	0	0	0
2000	100	40	300	4	25	69	1151	0	0	45	45	1	0.02	0	0	0
2000	259	40	300	4	25	69	3535	0	0	34	34	1	0.08	0.01	0	0
2000	455	40	300	4	25	69	4705	0	0	40	40	1	0.06	0.01	0	0
2000	463	40	300	4	25	69	6261	0	0	33	33	1	0.27	0	0	0
2000	484	40	300	4	25	69	1289	0	0	49	49	1	0.03	0	0	0
2000	501	40	300	4	25	69	3325	0	0	38	38	1	0.07	0.01	0	0
2000	539	40	300	4	25	69	1353	0	0	48	48	1	0.02	0	0	0
2000	659	40	300	4	25	69	8780	0	0	38	38	1	0.23	0	0	0
2000	818	40	300	4	25	69	4881	0	0	48	48	1	0.12	0	0	0
2000	939	40	300	4	25	69	2988	0	0	40	40	1	0.1	0	0	0
2000	973	40	300	4	25	69	2764	0	0	45	45	1	0.07	0.01	0	0
2000	986	40	300	4	25	69	8345	0	0	39	39	1	0.12	0	0	0
2000	988	40	300	4	25	69	1056	0	0	49	49	1	0.03	0	0	0
