2000	17	40	300	4	25	108	3683	0	0	70	70	1	0.15	0	0	0
2000	164	50	300	4	25	108	24052	0	0	67	67	1	1.22	0.02	0	0
2000	285	50	300	4	25	108	5515	0	0	59	59	1	0.21	0.01	0	0
2000	293	50	300	4	25	108	95081	0	0	55	55	1	3.52	0.17	0	0
2000	442	50	300	4	25	108	17421	0	0	65	65	1	0.72	0.03	0	0
2000	469	50	300	4	25	108	14582	0	0	69	69	1	0.52	0.01	0	0
2000	636	50	300	4	25	108	14012	0	0	64	64	1	0.33	0.01	0	0
2000	647	50	300	4	25	108	9103	0	0	66	66	1	0.52	0.01	0	0
2000	774	50	300	4	25	108	13698	0	0	67	67	1	0.66	0.02	0	0
2000	986	50	300	4	25	108	99423	0	0	53	53	1	2.46	0.21	0	0
