2000	280	40	300	4	25	83	2750	0	0	51	51	1	0.07	0	0	0
2000	393	40	300	4	25	83	9103	0	0	43	43	1	0.2	0.01	0	0
2000	413	40	300	4	25	83	9260	0	0	46	46	1	0.21	0	0	0
2000	488	40	300	4	25	83	7240	0	0	46	46	1	0.12	0.01	0	0
2000	610	40	300	4	25	83	7720	0	0	46	46	1	0.2	0.01	0	0
2000	705	40	300	4	25	83	3560	0	0	49	49	1	0.07	0	0	0
2000	835	40	300	4	25	83	9719	0	0	41	41	1	0.19	0.02	0	0
2000	861	40	300	4	25	83	964	0	0	61	61	1	0.03	0	0	0
2000	897	40	300	4	25	83	13834	0	0	45	45	1	0.34	0.02	0	0
2000	923	40	300	4	25	83	5169	0	0	47	47	1	0.13	0.01	0	0
2000	970	40	300	4	25	83	11358	0	0	44	44	1	0.34	0.02	0	0
