2000	34	40	300	4	25	79	1762	0	0	50	50	1	0.03	0	0	0
2000	129	40	300	4	25	79	4086	0	0	54	54	1	0.11	0	0	0
2000	238	40	300	4	25	79	3091	0	0	54	54	1	0.07	0	0	0
2000	250	40	300	4	25	79	1156	0	0	48	48	1	0.03	0	0	0
2000	265	40	300	4	25	79	5005	0	0	41	41	1	0.14	0.01	0	0
2000	302	40	300	4	25	79	1724	0	0	57	57	1	0.02	0	0	0
2000	304	40	300	4	25	79	1982	0	0	51	51	1	0.05	0	0	0
2000	316	40	300	4	25	79	7724	0	0	50	50	1	0.18	0.01	0	0
2000	341	40	300	4	25	79	8152	0	0	41	41	1	0.23	0.01	0	0
2000	367	40	300	4	25	79	2442	0	0	48	48	1	0.04	0.01	0	0
2000	398	40	300	4	25	79	3157	0	0	42	42	1	0.09	0	0	0
2000	472	40	300	4	25	79	3931	0	0	49	49	1	0.17	0.01	0	0
2000	537	40	300	4	25	79	1624	0	0	57	57	1	0.04	0	0	0
2000	541	40	300	4	25	79	3851	0	0	44	44	1	0.12	0.01	0	0
2000	559	40	300	4	25	79	2147	0	0	53	53	1	0.04	0	0	0
2000	602	40	300	4	25	79	1215	0	0	59	59	1	0.03	0	0	0
2000	647	40	300	4	25	79	1691	0	0	55	55	1	0.05	0	0	0
2000	716	40	300	4	25	79	6882	0	0	39	39	1	0.17	0.01	0	0
2000	760	40	300	4	25	79	3245	0	0	50	50	1	0.08	0.01	0	0
2000	874	40	300	4	25	79	2324	0	0	50	50	1	0.05	0.01	0	0
2000	909	40	300	4	25	79	5921	0	0	43	43	1	0.15	0	0	0
2000	919	40	300	4	25	79	2600	0	0	51	51	1	0.1	0	0	0
2000	998	40	300	4	25	79	14887	0	0	41	41	1	0.17	0.02	0	0
