2000	108	30	300	4	25	59	848	0	0	36	36	1	0.01	0	0	0
2000	295	30	300	4	25	59	1255	0	0	35	35	1	0.03	0	0	0
2000	464	30	300	4	25	59	319	0	0	45	45	1	0	0	0	0
2000	467	30	300	4	25	59	733	0	0	38	38	1	0.01	0	0	0
2000	533	30	300	4	25	59	1339	0	0	37	37	1	0.02	0	0	0
2000	538	30	300	4	25	59	704	0	0	41	41	1	0.03	0	0	0
2000	984	30	300	4	25	59	742	0	0	39	39	1	0.01	0	0	0
2000	9	40	300	4	25	59	2318	0	0	30	30	1	0.05	0	0	0
2000	24	40	300	4	25	59	2635	0	0	34	34	1	0.04	0	0	0
2000	115	40	300	4	25	59	906	0	0	42	42	1	0.02	0	0	0
2000	588	40	300	4	25	59	1182	0	0	41	41	1	0.02	0.01	0	0
2000	666	40	300	4	25	59	2617	0	0	34	34	1	0.06	0	0	0
