2000	46	40	300	4	25	76	1693	0	0	46	46	1	0.04	0	0	0
2000	80	40	300	4	25	76	3654	0	0	44	44	1	0.07	0	0	0
2000	105	40	300	4	25	76	6958	0	0	41	41	1	0.12	0.01	0	0
2000	110	40	300	4	25	76	2018	0	0	51	51	1	0.05	0	0	0
2000	111	40	300	4	25	76	6015	0	0	39	39	1	0.19	0	0	0
2000	128	40	300	4	25	76	2784	0	0	51	51	1	0.07	0.01	0	0
2000	135	40	300	4	25	76	2031	0	0	45	45	1	0.04	0	0	0
2000	202	40	300	4	25	76	3433	0	0	47	47	1	0.05	0	0	0
2000	214	40	300	4	25	76	1822	0	0	42	42	1	0.05	0.01	0	0
2000	229	40	300	4	25	76	11663	0	0	44	44	1	0.26	0.01	0	0
2000	246	40	300	4	25	76	4916	0	0	42	42	1	0.15	0	0	0
2000	329	40	300	4	25	76	2356	0	0	40	40	1	0.05	0	0	0
2000	334	40	300	4	25	76	2065	0	0	55	55	1	0.06	0	0	0
2000	351	40	300	4	25	76	7614	0	0	37	37	1	0.17	0.01	0	0
2000	406	40	300	4	25	76	2823	0	0	41	41	1	0.09	0	0	0
2000	446	40	300	4	25	76	5218	0	0	41	41	1	0.1	0.01	0	0
2000	579	40	300	4	25	76	14660	0	0	44	44	1	0.68	0.01	0	0
2000	616	40	300	4	25	76	5029	0	0	43	43	1	0.13	0	0	0
2000	690	40	300	4	25	76	2911	0	0	50	50	1	0.12	0	0	0
2000	776	40	300	4	25	76	1925	0	0	50	50	1	0.03	0.01	0	0
2000	830	40	300	4	25	76	3920	0	0	50	50	1	0.16	0	0	0
2000	852	40	300	4	25	76	8367	0	0	41	41	1	0.15	0	0	0
2000	875	40	300	4	25	76	6955	0	0	45	45	1	0.17	0.01	0	0
2000	913	40	300	4	25	76	4303	0	0	40	40	1	0.1	0	0	0
2000	921	40	300	4	25	76	8307	0	0	47	47	1	0.1	0.01	0	0
2000	960	40	300	4	25	76	3029	0	0	47	47	1	0.09	0	0	0
