3000	512	30	300	4	25	36	2068	0	0	18	18	1	0.02	0	0	0
3000	736	30	300	4	25	36	1771	0	0	24	24	1	0.03	0	0	0
3000	8	40	300	4	25	36	5534	0	0	16	16	1	0.06	0	0	0
3000	13	40	300	4	25	36	7578	0	0	13	13	1	0.1	0.02	0	0
3000	37	40	300	4	25	36	3328	0	0	14	14	1	0.04	0	0	0
3000	43	40	300	4	25	36	1514	0	0	18	18	1	0.01	0.01	0	0
3000	122	40	300	4	25	36	1082	0	0	20	20	1	0.01	0	0	0
3000	128	40	300	4	25	36	1873	0	0	20	20	1	0.02	0	0	0
3000	136	40	300	4	25	36	2950	0	0	13	13	1	0.03	0	0	0
3000	152	40	300	4	25	36	4560	0	0	17	17	1	0.05	0	0	0
3000	169	40	300	4	25	36	2874	0	0	15	15	1	0.02	0.01	0	0
3000	198	40	300	4	25	36	2198	0	0	14	14	1	0.02	0	0	0
3000	208	40	300	4	25	36	2874	0	0	16	16	1	0.02	0.01	0	0
3000	212	40	300	4	25	36	1791	0	0	22	22	1	0.01	0	0	0
3000	231	40	300	4	25	36	2809	0	0	16	16	1	0.03	0	0	0
3000	253	40	300	4	25	36	1037	0	0	19	19	1	0.02	0	0	0
3000	301	40	300	4	25	36	5537	0	0	16	16	1	0.06	0.01	0	0
3000	343	40	300	4	25	36	1747	0	0	23	23	1	0.03	0	0	0
3000	359	40	300	4	25	36	2863	0	0	16	16	1	0.03	0	0	0
3000	363	40	300	4	25	36	5745	0	0	15	15	1	0.04	0.01	0	0
3000	417	40	300	4	25	36	894	0	0	15	15	1	0.01	0	0	0
3000	479	40	300	4	25	36	2210	0	0	17	17	1	0.01	0	0	0
3000	501	40	300	4	25	36	1185	0	0	17	17	1	0.01	0	0	0
3000	517	40	300	4	25	36	5253	0	0	16	16	1	0.08	0	0	0
3000	542	40	300	4	25	36	2335	0	0	16	16	1	0.03	0	0	0
3000	661	40	300	4	25	36	2659	0	0	19	19	1	0.04	0.01	0	0
3000	683	40	300	4	25	36	698	0	0	22	22	1	0	0	0	0
3000	695	40	300	4	25	36	1316	0	0	18	18	1	0.01	0	0	0
3000	702	40	300	4	25	36	1562	0	0	21	21	1	0.01	0	0	0
3000	722	40	300	4	25	36	1946	0	0	20	20	1	0.03	0	0	0
3000	739	40	300	4	25	36	1493	0	0	19	19	1	0.02	0	0	0
3000	760	40	300	4	25	36	3468	0	0	12	12	1	0.04	0.01	0	0
3000	796	40	300	4	25	36	2575	0	0	14	14	1	0.02	0.01	0	0
3000	818	40	300	4	25	36	2677	0	0	22	22	1	0.02	0	0	0
3000	841	40	300	4	25	36	2358	0	0	19	19	1	0.02	0	0	0
3000	899	40	300	4	25	36	6232	0	0	12	12	1	0.06	0.01	0	0
3000	901	40	300	4	25	36	2862	0	0	16	16	1	0.04	0	0	0
3000	902	40	300	4	25	36	1300	0	0	22	22	1	0.01	0	0	0
3000	910	40	300	4	25	36	1664	0	0	17	17	1	0.02	0	0	0
3000	918	40	300	4	25	36	3644	0	0	12	12	1	0.04	0	0	0
3000	929	40	300	4	25	36	626	0	0	21	21	1	0	0	0	0
3000	946	40	300	4	25	36	900	0	0	21	21	1	0.01	0	0	0
3000	954	40	300	4	25	36	14677	0	0	10	10	1	0.12	0.01	0	0
3000	20	50	300	4	25	36	1147	0	0	17	17	1	0.04	0	0	0
3000	794	50	300	4	25	36	2374	0	0	15	15	1	0.06	0.01	0	0
