4000	276	50	300	4	25	46	6105	0	0	21	21	1	0.11	0	0	0
4000	280	50	300	4	25	46	3140	0	0	26	26	1	0.04	0	0	0
4000	312	50	300	4	25	46	9326	0	0	25	25	1	0.19	0.01	0	0
4000	836	50	300	4	25	46	22913	0	0	15	15	1	0.33	0.02	0	0
4000	962	50	300	4	25	46	10566	0	0	18	18	1	0.14	0.01	0	0
4000	16	60	300	4	25	46	34701	0	0	15	15	1	0.7	0.04	0	0
4000	59	60	300	4	25	46	26666	0	0	16	16	1	0.31	0.03	0	0
4000	192	60	300	4	25	46	49925	0	0	19	19	1	0.51	0.08	0	0
4000	207	60	300	4	25	46	9296	0	0	17	17	1	0.12	0	0	0
4000	215	60	300	4	25	46	17873	0	0	22	22	1	0.27	0.02	0	0
4000	450	60	300	4	25	46	45190	0	0	18	18	1	0.58	0.08	0	0
4000	470	60	300	4	25	46	21762	0	0	19	19	1	0.4	0.03	0	0
4000	483	60	300	4	25	46	69271	0	0	18	18	1	0.97	0.1	0	0
4000	554	60	300	4	25	46	38323	0	0	18	18	1	0.48	0.06	0	0
4000	581	60	300	4	25	46	190955	0	0	11	11	1	4.35	0.38	0	0
4000	610	60	300	4	25	46	33221	0	0	18	18	1	0.57	0.04	0	0
4000	654	60	300	4	25	46	23225	0	0	15	15	1	0.33	0.04	0	0
4000	830	60	300	4	25	46	83636	0	0	16	16	1	2.08	0.12	0	0
4000	887	60	300	4	25	46	117835	0	0	14	14	1	1.15	0.21	0	0
4000	900	60	300	4	25	46	21522	0	0	21	21	1	0.31	0.02	0	0
4000	941	60	300	4	25	46	166183	0	0	12	12	1	2.49	0.35	0	0
4000	944	60	300	4	25	46	16860	0	0	17	17	1	0.28	0.03	0	0
4000	189	70	300	4	25	46	92378	0	0	14	14	1	0.65	0.16	0	0
4000	285	70	300	4	25	46	95795	0	0	15	15	1	1.14	0.13	0	0
4000	535	70	300	4	25	46	124492	0	0	19	19	1	1.66	0.17	0	0
4000	757	70	300	4	25	46	19865	0	0	19	19	1	0.29	0.03	0	0
4000	864	70	300	4	25	46	82412	0	0	14	14	1	1.08	0.12	0	0
4000	937	70	300	4	25	46	56312	0	0	12	12	1	0.78	0.09	0	0
