4000	117	60	300	4	25	55	104563	0	0	20	20	1	2	0.12	0	0
4000	124	60	300	4	25	55	15123	0	0	32	32	1	0.23	0.01	0	0
4000	150	60	300	4	25	55	325267	0	0	20	20	1	8.15	0.45	0	0
4000	203	60	300	4	25	55	116857	0	0	19	19	1	2.69	0.17	0	0
4000	249	60	300	4	25	55	27830	0	0	22	22	1	0.48	0.05	0	0
4000	279	60	300	4	25	55	18371	0	0	25	25	1	0.4	0.01	0	0
4000	290	60	300	4	25	55	18800	0	0	30	30	1	0.33	0.03	0	0
4000	413	60	300	4	25	55	27253	0	0	23	23	1	0.42	0.05	0	0
4000	475	60	300	4	25	55	105765	0	0	17	17	1	2.17	0.17	0	0
4000	508	60	300	4	25	55	18165	0	0	24	24	1	0.3	0.02	0	0
4000	805	60	300	4	25	55	13605	0	0	27	27	1	0.23	0.01	0	0
4000	815	60	300	4	25	55	138909	0	0	18	18	1	2.24	0.21	0	0
4000	837	60	300	4	25	55	77827	0	0	27	27	1	1.07	0.1	0	0
4000	909	60	300	4	25	55	43280	0	0	26	26	1	1.03	0.07	0	0
4000	41	70	300	4	25	55	65284	0	0	21	21	1	2.27	0.11	0	0
4000	554	70	300	4	25	55	122586	0	0	21	21	1	2.07	0.17	0	0
4000	609	70	300	4	25	55	143568	0	0	16	16	1	1.24	0.24	0	0
4000	714	70	300	4	25	55	190248	0	0	20	20	1	4.06	0.35	0	0
4000	987	70	300	4	25	55	63048	0	0	19	19	1	0.9	0.12	0	0
