4000	27	50	300	4	25	62	4011	0	0	46	46	1	0.12	0	0	0
4000	219	60	300	4	25	62	149143	0	0	25	25	1	2.48	0.24	0	0
4000	431	60	300	4	25	62	271835	0	0	19	19	1	5.49	0.39	0	0
4000	559	60	300	4	25	62	96454	0	0	21	21	1	1.65	0.2	0	0
4000	798	60	300	4	25	62	254922	0	0	23	23	1	3.85	0.41	0	0
4000	865	60	300	4	25	62	14809	0	0	36	36	1	0.25	0	0	0
4000	946	60	300	4	25	62	73769	0	0	23	23	1	1.49	0.09	0	0
4000	992	60	300	4	25	62	221622	0	0	25	25	1	3.54	0.32	0	0
4000	429	70	300	4	25	62	112120	0	0	22	22	1	2.67	0.18	0	0
4000	742	70	300	4	25	62	242916	0	0	20	20	1	4.63	0.53	0	0
