4000	1	50	300	4	25	42	2807	0	0	24	24	1	0.03	0	0	0
4000	2	50	300	4	25	42	6350	0	0	16	16	1	0.08	0.01	0	0
4000	36	50	300	4	25	42	5727	0	0	24	24	1	0.16	0	0	0
4000	39	50	300	4	25	42	38255	0	0	15	15	1	0.33	0.05	0	0
4000	163	50	300	4	25	42	115309	0	0	11	11	1	1.45	0.14	0	0
4000	343	50	300	4	25	42	14883	0	0	19	19	1	0.29	0.02	0	0
4000	377	50	300	4	25	42	11127	0	0	20	20	1	0.22	0.01	0	0
4000	514	50	300	4	25	42	7998	0	0	20	20	1	0.07	0.01	0	0
4000	530	50	300	4	25	42	14479	0	0	18	18	1	0.28	0.02	0	0
4000	571	50	300	4	25	42	13694	0	0	14	14	1	0.26	0.02	0	0
4000	614	50	300	4	25	42	2508	0	0	21	21	1	0.08	0.01	0	0
4000	749	50	300	4	25	42	420	0	0	35	35	1	0	0	0	0
4000	866	50	300	4	25	42	6857	0	0	16	16	1	0.09	0.01	0	0
4000	867	50	300	4	25	42	10650	0	0	15	15	1	0.17	0.01	0	0
4000	876	50	300	4	25	42	9778	0	0	21	21	1	0.22	0	0	0
4000	879	50	300	4	25	42	4977	0	0	21	21	1	0.07	0	0	0
4000	201	60	300	4	25	42	11563	0	0	17	17	1	0.2	0.02	0	0
4000	210	60	300	4	25	42	106756	0	0	12	12	1	1.86	0.18	0	0
4000	297	60	300	4	25	42	19589	0	0	18	18	1	0.29	0.03	0	0
4000	309	60	300	4	25	42	200665	0	0	16	16	1	2.29	0.27	0	0
4000	410	60	300	4	25	42	30115	0	0	14	14	1	0.3	0.05	0	0
4000	412	60	300	4	25	42	24712	0	0	18	18	1	0.56	0.02	0	0
4000	418	60	300	4	25	42	21244	0	0	14	14	1	0.29	0.03	0	0
4000	603	60	300	4	25	42	7725	0	0	15	15	1	0.23	0.01	0	0
4000	702	60	300	4	25	42	19961	0	0	19	19	1	0.26	0.03	0	0
4000	734	60	300	4	25	42	74762	0	0	15	15	1	1.3	0.12	0	0
4000	757	60	300	4	25	42	5060	0	0	21	21	1	0.06	0.01	0	0
4000	791	60	300	4	25	42	60126	0	0	11	11	1	0.58	0.09	0	0
4000	822	60	300	4	25	42	8591	0	0	15	15	1	0.07	0.01	0	0
4000	913	60	300	4	25	42	10523	0	0	16	16	1	0.19	0.01	0	0
