4000	400	50	300	4	25	44	9268	0	0	23	23	1	0.18	0	0	0
4000	641	50	300	4	25	44	14668	0	0	20	20	1	0.18	0.01	0	0
4000	671	50	300	4	25	44	20641	0	0	20	20	1	0.22	0.01	0	0
4000	736	50	300	4	25	44	37306	0	0	19	19	1	0.74	0.06	0	0
4000	805	50	300	4	25	44	2256	0	0	23	23	1	0.03	0	0	0
4000	865	50	300	4	25	44	4400	0	0	25	25	1	0.05	0	0	0
4000	872	50	300	4	25	44	15365	0	0	17	17	1	0.15	0.03	0	0
4000	35	60	300	4	25	44	15421	0	0	22	22	1	0.14	0.02	0	0
4000	181	60	300	4	25	44	12035	0	0	22	22	1	0.16	0.01	0	0
4000	211	60	300	4	25	44	49278	0	0	14	14	1	1.16	0.05	0	0
4000	308	60	300	4	25	44	96987	0	0	17	17	1	1.82	0.14	0	0
4000	405	60	300	4	25	44	19244	0	0	17	17	1	0.21	0.02	0	0
4000	513	60	300	4	25	44	18936	0	0	19	19	1	0.19	0.03	0	0
4000	537	60	300	4	25	44	39039	0	0	16	16	1	3.9	0.05	0	0
4000	692	60	300	4	25	44	14631	0	0	16	16	1	0.18	0.01	0	0
4000	901	60	300	4	25	44	65773	0	0	12	12	1	0.98	0.09	0	0
4000	926	60	300	4	25	44	14703	0	0	16	16	1	0.16	0.02	0	0
4000	942	60	300	4	25	44	57439	0	0	13	13	1	0.89	0.09	0	0
