6000	680	50	300	4	25	33	18298	0	0	10	10	1	0.15	0.04	0	0
6000	956	50	300	4	25	33	10996	0	0	12	12	1	0.13	0.01	0	0
6000	404	60	300	4	25	33	27555	0	0	11	11	1	0.29	0.04	0	0
6000	512	60	300	4	25	33	51027	0	0	10	10	1	0.79	0.04	0	0
6000	650	60	300	4	25	33	60092	0	0	10	10	1	0.44	0.05	0	0
6000	936	60	300	4	25	33	102551	0	0	8	8	1	0.72	0.14	0	0
6000	37	70	300	4	25	33	79390	0	0	11	11	1	1.23	0.1	0	0
6000	160	70	300	4	25	33	29024	0	0	10	10	1	0.26	0.04	0	0
6000	196	70	300	4	25	33	58922	0	0	12	12	1	0.37	0.05	0	0
6000	199	70	300	4	25	33	217420	0	0	7	7	1	2.43	0.43	0	0
6000	220	70	300	4	25	33	36161	0	0	11	11	1	0.26	0.04	0	0
6000	246	70	300	4	25	33	58996	0	0	8	8	1	0.53	0.08	0	0
6000	314	70	300	4	25	33	63998	0	0	7	7	1	0.94	0.08	0	0
6000	333	70	300	4	25	33	26501	0	0	10	10	1	0.25	0.03	0	0
6000	340	70	300	4	25	33	94948	0	0	12	12	1	1.53	0.11	0	0
6000	348	70	300	4	25	33	10700	0	0	14	14	1	0.07	0.01	0	0
6000	361	70	300	4	25	33	83994	0	0	9	9	1	0.63	0.07	0	0
6000	375	70	300	4	25	33	97509	0	0	12	12	1	0.9	0.09	0	0
6000	422	70	300	4	25	33	27571	0	0	12	12	1	0.28	0.04	0	0
6000	490	70	300	4	25	33	6229	0	0	13	13	1	0.05	0.01	0	0
6000	590	70	300	4	25	33	102593	0	0	7	7	1	0.75	0.17	0	0
6000	641	70	300	4	25	33	19539	0	0	11	11	1	0.16	0.02	0	0
6000	654	70	300	4	25	33	11845	0	0	11	11	1	0.15	0.01	0	0
6000	663	70	300	4	25	33	29078	0	0	13	13	1	0.43	0.04	0	0
6000	711	70	300	4	25	33	29932	0	0	9	9	1	0.45	0.04	0	0
6000	723	70	300	4	25	33	53782	0	0	12	12	1	0.71	0.07	0	0
6000	760	70	300	4	25	33	214650	0	0	8	8	1	2.68	0.44	0	0
6000	858	70	300	4	25	33	119197	0	0	10	10	1	0.63	0.14	0	0
6000	875	70	300	4	25	33	5643	0	0	14	14	1	0.04	0.01	0	0
6000	889	70	300	4	25	33	70112	0	0	8	8	1	0.75	0.09	0	0
6000	917	70	300	4	25	33	115554	0	0	11	11	1	0.7	0.11	0	0
6000	920	70	300	4	25	33	52261	0	0	9	9	1	0.45	0.07	0	0
6000	992	70	300	4	25	33	176976	0	0	10	10	1	1.44	0.24	0	0
