6000	534	40	300	4	25	21	2123	3.32695	4	0	0	8	0.125	8	0.125	1	0.01	-2	0	0	0	0
6000	836	40	300	4	25	21	899	2.95376	3	0	0	10	0.1	10	0.1	1	0	0	0.01	-2	0	0
6000	37	50	300	4	25	21	2248	3.3518	4	0	0	6	0.166667	6	0.166667	1	0.01	-2	0	0	0	0
6000	61	50	300	4	25	21	5464	3.73751	4	0	0	6	0.166667	6	0.166667	1	0.04	-1.39794	0.01	-2	0	0
6000	145	50	300	4	25	21	2747	3.43886	4	0	0	7	0.142857	7	0.142857	1	0.01	-2	0	0	0	0
6000	272	50	300	4	25	21	336	2.52634	3	0	0	12	0.0833333	12	0.0833333	1	0	0	0	0	0	0
6000	321	50	300	4	25	21	6243	3.79539	4	0	0	5	0.2	5	0.2	1	0.03	-1.52288	0	0	0	0
6000	515	50	300	4	25	21	1152	3.06145	4	0	0	8	0.125	8	0.125	1	0	0	0.01	-2	0	0
6000	531	50	300	4	25	21	955	2.98	3	0	0	12	0.0833333	12	0.0833333	1	0	0	0	0	0	0
6000	579	50	300	4	25	21	4406	3.64404	4	0	0	6	0.166667	6	0.166667	1	0.03	-1.52288	0.01	-2	0	0
6000	593	50	300	4	25	21	6944	3.84161	4	0	0	7	0.142857	7	0.142857	1	0.06	-1.22185	0.01	-2	0	0
6000	598	50	300	4	25	21	1852	3.26764	4	0	0	7	0.142857	7	0.142857	1	0.01	-2	0	0	0	0
6000	650	50	300	4	25	21	3506	3.54481	4	0	0	8	0.125	8	0.125	1	0.02	-1.69897	0	0	0	0
6000	676	50	300	4	25	21	6857	3.83613	4	0	0	4	0.25	4	0.25	1	0.03	-1.52288	0.01	-2	0	0
6000	739	50	300	4	25	21	2379	3.37639	4	0	0	9	0.111111	9	0.111111	1	0.02	-1.69897	0	0	0	0
6000	753	50	300	4	25	21	8559	3.93242	4	0	0	6	0.166667	6	0.166667	1	0.06	-1.22185	0	0	0	0
6000	777	50	300	4	25	21	2475	3.39358	4	0	0	8	0.125	8	0.125	1	0.01	-2	0	0	0	0
6000	851	50	300	4	25	21	3775	3.57692	4	0	0	7	0.142857	7	0.142857	1	0.02	-1.69897	0	0	0	0
6000	875	50	300	4	25	21	444	2.64738	3	0	0	10	0.1	10	0.1	1	0	0	0	0	0	0
6000	921	50	300	4	25	21	2896	3.4618	4	0	0	6	0.166667	6	0.166667	1	0.01	-2	0.01	-2	0	0
6000	943	50	300	4	25	21	1972	3.29491	4	0	0	7	0.142857	7	0.142857	1	0.04	-1.39794	0	0	0	0
6000	971	50	300	4	25	21	3273	3.51495	4	0	0	6	0.166667	6	0.166667	1	0.02	-1.69897	0	0	0	0
6000	990	50	300	4	25	21	2060	3.31387	4	0	0	6	0.166667	6	0.166667	1	0.01	-2	0	0	0	0
6000	1	60	300	4	25	21	1251	3.09726	4	0	0	11	0.0909091	11	0.0909091	1	0	0	0	0	0	0
6000	6	60	300	4	25	21	8360	3.92221	4	0	0	7	0.142857	7	0.142857	1	0.07	-1.1549	0.01	-2	0	0
6000	9	60	300	4	25	21	2910	3.46389	4	0	0	7	0.142857	7	0.142857	1	0.07	-1.1549	0	0	0	0
6000	11	60	300	4	25	21	4790	3.68034	4	0	0	7	0.142857	7	0.142857	1	0.07	-1.1549	0	0	0	0
6000	32	60	300	4	25	21	2451	3.38934	4	0	0	7	0.142857	7	0.142857	1	0.01	-2	0	0	0	0
6000	39	60	300	4	25	21	6648	3.82269	4	0	0	6	0.166667	6	0.166667	1	0.03	-1.52288	0	0	0	0
6000	43	60	300	4	25	21	2057	3.31323	4	0	0	9	0.111111	9	0.111111	1	0.01	-2	0	0	0	0
6000	51	60	300	4	25	21	5421	3.73408	4	0	0	5	0.2	5	0.2	1	0.05	-1.30103	0	0	0	0
6000	54	60	300	4	25	21	6414	3.80713	4	0	0	5	0.2	5	0.2	1	0.03	-1.52288	0.01	-2	0	0
6000	96	60	300	4	25	21	4126	3.61553	4	0	0	7	0.142857	7	0.142857	1	0.03	-1.52288	0	0	0	0
6000	119	60	300	4	25	21	4159	3.61899	4	0	0	6	0.166667	6	0.166667	1	0.02	-1.69897	0	0	0	0
6000	131	60	300	4	25	21	7091	3.85071	4	0	0	8	0.125	8	0.125	1	0.07	-1.1549	0	0	0	0
6000	176	60	300	4	25	21	499	2.6981	3	0	0	14	0.0714286	14	0.0714286	1	0	0	0	0	0	0
6000	183	60	300	4	25	21	1898	3.2783	4	0	0	9	0.111111	9	0.111111	1	0.02	-1.69897	0	0	0	0
6000	195	60	300	4	25	21	16128	4.20758	5	0	0	5	0.2	5	0.2	1	0.1	-1	0.01	-2	0	0
6000	282	60	300	4	25	21	1787	3.25212	4	0	0	9	0.111111	9	0.111111	1	0.01	-2	0	0	0	0
6000	325	60	300	4	25	21	2585	3.41246	4	0	0	5	0.2	5	0.2	1	0.02	-1.69897	0	0	0	0
6000	326	60	300	4	25	21	14174	4.15149	5	0	0	4	0.25	4	0.25	1	0.09	-1.04576	0.01	-2	0	0
6000	344	60	300	4	25	21	3483	3.54195	4	0	0	7	0.142857	7	0.142857	1	0.02	-1.69897	0	0	0	0
6000	346	60	300	4	25	21	3412	3.53301	4	0	0	6	0.166667	6	0.166667	1	0.02	-1.69897	0	0	0	0
6000	401	60	300	4	25	21	2332	3.36773	4	0	0	6	0.166667	6	0.166667	1	0.01	-2	0	0	0	0
6000	406	60	300	4	25	21	806	2.90634	3	0	0	9	0.111111	9	0.111111	1	0	0	0	0	0	0
6000	407	60	300	4	25	21	4288	3.63225	4	0	0	8	0.125	8	0.125	1	0.02	-1.69897	0.01	-2	0	0
6000	413	60	300	4	25	21	3264	3.51375	4	0	0	6	0.166667	6	0.166667	1	0.01	-2	0	0	0	0
6000	428	60	300	4	25	21	4713	3.6733	4	0	0	8	0.125	8	0.125	1	0.02	-1.69897	0	0	0	0
6000	448	60	300	4	25	21	3076	3.48799	4	0	0	7	0.142857	7	0.142857	1	0.02	-1.69897	0	0	0	0
6000	449	60	300	4	25	21	940	2.97313	3	0	0	10	0.1	10	0.1	1	0	0	0	0	0	0
6000	485	60	300	4	25	21	1412	3.14983	4	0	0	8	0.125	8	0.125	1	0.01	-2	0	0	0	0
6000	517	60	300	4	25	21	1367	3.13577	4	0	0	7	0.142857	7	0.142857	1	0	0	0.01	-2	0	0
6000	577	60	300	4	25	21	9388	3.97257	4	0	0	5	0.2	5	0.2	1	0.04	-1.39794	0.01	-2	0	0
6000	590	60	300	4	25	21	8256	3.91677	4	0	0	5	0.2	5	0.2	1	0.04	-1.39794	0	0	0	0
6000	618	60	300	4	25	21	6674	3.82439	4	0	0	4	0.25	4	0.25	1	0.06	-1.22185	0	0	0	0
6000	619	60	300	4	25	21	2453	3.3897	4	0	0	8	0.125	8	0.125	1	0.02	-1.69897	0	0	0	0
6000	628	60	300	4	25	21	5418	3.73384	4	0	0	5	0.2	5	0.2	1	0.04	-1.39794	0	0	0	0
6000	638	60	300	4	25	21	3495	3.54345	4	0	0	5	0.2	5	0.2	1	0.01	-2	0	0	0	0
6000	679	60	300	4	25	21	1293	3.1116	4	0	0	8	0.125	8	0.125	1	0.01	-2	0	0	0	0
6000	695	60	300	4	25	21	2949	3.46967	4	0	0	8	0.125	8	0.125	1	0.02	-1.69897	0	0	0	0
6000	715	60	300	4	25	21	377	2.57634	3	0	0	14	0.0714286	14	0.0714286	1	0	0	0	0	0	0
6000	732	60	300	4	25	21	1282	3.10789	4	0	0	7	0.142857	7	0.142857	1	0.01	-2	0	0	0	0
6000	800	60	300	4	25	21	5101	3.70766	4	0	0	6	0.166667	6	0.166667	1	0.04	-1.39794	0	0	0	0
6000	804	60	300	4	25	21	4027	3.60498	4	0	0	6	0.166667	6	0.166667	1	0.05	-1.30103	0.01	-2	0	0
6000	811	60	300	4	25	21	4373	3.64078	4	0	0	10	0.1	10	0.1	1	0.02	-1.69897	0	0	0	0
6000	892	60	300	4	25	21	1013	3.00561	4	0	0	9	0.111111	9	0.111111	1	0	0	0	0	0	0
6000	911	60	300	4	25	21	813	2.91009	3	0	0	10	0.1	10	0.1	1	0	0	0	0	0	0
6000	944	60	300	4	25	21	1221	3.08672	4	0	0	6	0.166667	6	0.166667	1	0.01	-2	0	0	0	0
6000	952	60	300	4	25	21	2782	3.44436	4	0	0	9	0.111111	9	0.111111	1	0.02	-1.69897	0	0	0	0
6000	970	60	300	4	25	21	3512	3.54555	4	0	0	7	0.142857	7	0.142857	1	0.02	-1.69897	0	0	0	0
6000	114	70	300	4	25	21	3369	3.5275	4	0	0	7	0.142857	7	0.142857	1	0.02	-1.69897	0.01	-2	0	0
6000	135	70	300	4	25	21	2597	3.41447	4	0	0	7	0.142857	7	0.142857	1	0.04	-1.39794	0	0	0	0
6000	319	70	300	4	25	21	1937	3.28713	4	0	0	8	0.125	8	0.125	1	0.01	-2	0	0	0	0
6000	344	70	300	4	25	21	2230	3.3483	4	0	0	8	0.125	8	0.125	1	0.01	-2	0	0	0	0
6000	362	70	300	4	25	21	3343	3.52414	4	0	0	8	0.125	8	0.125	1	0.01	-2	0	0	0	0
6000	539	70	300	4	25	21	1419	3.15198	4	0	0	7	0.142857	7	0.142857	1	0.01	-2	0	0	0	0
6000	549	70	300	4	25	21	5251	3.72024	4	0	0	6	0.166667	6	0.166667	1	0.03	-1.52288	0	0	0	0
6000	551	70	300	4	25	21	2536	3.40415	4	0	0	9	0.111111	9	0.111111	1	0.02	-1.69897	0	0	0	0
6000	554	70	300	4	25	21	5131	3.7102	4	0	0	7	0.142857	7	0.142857	1	0.04	-1.39794	0.01	-2	0	0
6000	585	70	300	4	25	21	5305	3.72469	4	0	0	7	0.142857	7	0.142857	1	0.02	-1.69897	0.01	-2	0	0
6000	604	70	300	4	25	21	4639	3.66642	4	0	0	8	0.125	8	0.125	1	0.02	-1.69897	0.01	-2	0	0
6000	626	70	300	4	25	21	1546	3.18921	4	0	0	8	0.125	8	0.125	1	0.01	-2	0	0	0	0
6000	639	70	300	4	25	21	1484	3.17143	4	0	0	8	0.125	8	0.125	1	0	0	0	0	0	0
6000	679	70	300	4	25	21	1617	3.20871	4	0	0	8	0.125	8	0.125	1	0.01	-2	0	0	0	0
6000	692	70	300	4	25	21	9078	3.95799	4	0	0	6	0.166667	6	0.166667	1	0.05	-1.30103	0.01	-2	0	0
6000	744	70	300	4	25	21	9825	3.99233	4	0	0	6	0.166667	6	0.166667	1	0.08	-1.09691	0.01	-2	0	0
6000	864	70	300	4	25	21	4036	3.60595	4	0	0	7	0.142857	7	0.142857	1	0.02	-1.69897	0.01	-2	0	0
6000	892	70	300	4	25	21	1607	3.20602	4	0	0	7	0.142857	7	0.142857	1	0.01	-2	0	0	0	0
6000	935	70	300	4	25	21	11986	4.07867	5	0	0	5	0.2	5	0.2	1	0.08	-1.09691	0.02	-1.69897	0	0
6000	961	70	300	4	25	21	7184	3.85637	4	0	0	7	0.142857	7	0.142857	1	0.05	-1.30103	0	0	0	0
6000	968	70	300	4	25	21	7473	3.87349	4	0	0	6	0.166667	6	0.166667	1	0.06	-1.22185	0	0	0	0
6000	969	70	300	4	25	21	3302	3.51878	4	0	0	6	0.166667	6	0.166667	1	0.02	-1.69897	0	0	0	0
