6000	680	40	300	4	25	23	3871	0	0	6	6	1	0.03	0	0	0
6000	17	50	300	4	25	23	1973	0	0	8	8	1	0.01	0	0	0
6000	27	50	300	4	25	23	230	0	0	18	18	1	0	0	0	0
6000	160	50	300	4	25	23	3635	0	0	10	10	1	0.01	0	0	0
6000	377	50	300	4	25	23	1094	0	0	10	10	1	0.01	0	0	0
6000	438	50	300	4	25	23	1884	0	0	12	12	1	0.02	0	0	0
6000	735	50	300	4	25	23	145	0	0	19	19	1	0	0	0	0
6000	849	50	300	4	25	23	3989	0	0	7	7	1	0.02	0.01	0	0
6000	854	50	300	4	25	23	1539	0	0	12	12	1	0.01	0	0	0
6000	965	50	300	4	25	23	3271	0	0	7	7	1	0.02	0	0	0
6000	995	50	300	4	25	23	10867	0	0	7	7	1	0.07	0.01	0	0
6000	21	60	300	4	25	23	2493	0	0	12	12	1	0.02	0	0	0
6000	27	60	300	4	25	23	381	0	0	17	17	1	0	0	0	0
6000	42	60	300	4	25	23	5709	0	0	7	7	1	0.05	0	0	0
6000	61	60	300	4	25	23	24360	0	0	6	6	1	0.18	0.03	0	0
6000	120	60	300	4	25	23	3562	0	0	9	9	1	0.03	0	0	0
6000	139	60	300	4	25	23	1502	0	0	10	10	1	0.01	0	0	0
6000	189	60	300	4	25	23	1256	0	0	8	8	1	0	0	0	0
6000	190	60	300	4	25	23	6681	0	0	9	9	1	0.04	0	0	0
6000	276	60	300	4	25	23	1375	0	0	9	9	1	0.01	0	0	0
6000	290	60	300	4	25	23	1777	0	0	9	9	1	0.01	0	0	0
6000	322	60	300	4	25	23	6835	0	0	8	8	1	0.03	0.01	0	0
6000	329	60	300	4	25	23	2132	0	0	11	11	1	0.01	0	0	0
6000	345	60	300	4	25	23	4241	0	0	8	8	1	0.02	0	0	0
6000	372	60	300	4	25	23	2680	0	0	7	7	1	0.02	0	0	0
6000	383	60	300	4	25	23	20663	0	0	5	5	1	0.13	0.02	0	0
6000	422	60	300	4	25	23	2696	0	0	7	7	1	0.01	0.01	0	0
6000	425	60	300	4	25	23	4507	0	0	7	7	1	0.03	0	0	0
6000	444	60	300	4	25	23	25993	0	0	6	6	1	0.27	0.03	0	0
6000	445	60	300	4	25	23	7076	0	0	6	6	1	0.05	0.01	0	0
6000	462	60	300	4	25	23	4434	0	0	7	7	1	0.02	0	0	0
6000	478	60	300	4	25	23	8514	0	0	7	7	1	0.05	0.01	0	0
6000	519	60	300	4	25	23	1319	0	0	8	8	1	0.01	0	0	0
6000	524	60	300	4	25	23	6963	0	0	7	7	1	0.04	0	0	0
6000	624	60	300	4	25	23	3802	0	0	7	7	1	0.02	0.01	0	0
6000	627	60	300	4	25	23	3724	0	0	6	6	1	0.02	0	0	0
6000	632	60	300	4	25	23	11612	0	0	7	7	1	0.12	0.01	0	0
6000	654	60	300	4	25	23	1147	0	0	8	8	1	0	0.01	0	0
6000	655	60	300	4	25	23	5043	0	0	8	8	1	0.02	0.01	0	0
6000	661	60	300	4	25	23	8716	0	0	10	10	1	0.06	0.01	0	0
6000	718	60	300	4	25	23	3323	0	0	7	7	1	0.02	0	0	0
6000	725	60	300	4	25	23	776	0	0	12	12	1	0	0	0	0
6000	755	60	300	4	25	23	9223	0	0	9	9	1	0.05	0.01	0	0
6000	758	60	300	4	25	23	9128	0	0	5	5	1	0.04	0.01	0	0
6000	769	60	300	4	25	23	6342	0	0	7	7	1	0.03	0	0	0
6000	790	60	300	4	25	23	7367	0	0	8	8	1	0.03	0.01	0	0
6000	797	60	300	4	25	23	1161	0	0	11	11	1	0	0	0	0
6000	805	60	300	4	25	23	834	0	0	9	9	1	0.01	0	0	0
6000	825	60	300	4	25	23	7637	0	0	6	6	1	0.03	0.01	0	0
6000	830	60	300	4	25	23	2922	0	0	9	9	1	0.03	0	0	0
6000	896	60	300	4	25	23	2370	0	0	7	7	1	0.02	0	0	0
6000	907	60	300	4	25	23	10857	0	0	7	7	1	0.1	0.01	0	0
6000	912	60	300	4	25	23	7486	0	0	7	7	1	0.06	0	0	0
6000	926	60	300	4	25	23	2853	0	0	7	7	1	0.01	0	0	0
6000	67	70	300	4	25	23	4700	0	0	8	8	1	0.04	0	0	0
6000	190	70	300	4	25	23	2796	0	0	9	9	1	0.02	0	0	0
6000	209	70	300	4	25	23	1985	0	0	8	8	1	0.01	0.01	0	0
6000	251	70	300	4	25	23	34750	0	0	5	5	1	0.22	0.04	0	0
6000	260	70	300	4	25	23	1208	0	0	13	13	1	0	0	0	0
6000	291	70	300	4	25	23	3801	0	0	12	12	1	0.02	0	0	0
6000	316	70	300	4	25	23	2202	0	0	10	10	1	0.01	0	0	0
6000	350	70	300	4	25	23	8675	0	0	7	7	1	0.06	0.01	0	0
6000	395	70	300	4	25	23	13850	0	0	6	6	1	0.09	0.02	0	0
6000	423	70	300	4	25	23	5335	0	0	9	9	1	0.03	0	0	0
6000	455	70	300	4	25	23	6347	0	0	6	6	1	0.06	0.01	0	0
6000	546	70	300	4	25	23	11130	0	0	5	5	1	0.08	0	0	0
6000	561	70	300	4	25	23	9957	0	0	5	5	1	0.07	0.02	0	0
6000	577	70	300	4	25	23	16272	0	0	5	5	1	0.08	0.02	0	0
6000	597	70	300	4	25	23	4699	0	0	6	6	1	0.03	0	0	0
6000	644	70	300	4	25	23	8751	0	0	6	6	1	0.09	0	0	0
6000	645	70	300	4	25	23	17094	0	0	6	6	1	0.14	0.01	0	0
6000	804	70	300	4	25	23	5726	0	0	6	6	1	0.07	0	0	0
6000	813	70	300	4	25	23	4919	0	0	9	9	1	0.05	0.01	0	0
6000	860	70	300	4	25	23	3549	0	0	8	8	1	0.04	0	0	0
6000	914	70	300	4	25	23	47338	0	0	4	4	1	0.37	0.06	0	0
6000	957	70	300	4	25	23	17176	0	0	5	5	1	0.13	0.03	0	0
6000	977	70	300	4	25	23	1257	0	0	11	11	1	0	0	0	0
