6000	404	50	300	4	25	26	10665	0	0	8	8	1	0.1	0.02	0	0
6000	663	50	300	4	25	26	1176	0	0	11	11	1	0.01	0	0	0
6000	963	50	300	4	25	26	4173	0	0	9	9	1	0.03	0	0	0
6000	985	50	300	4	25	26	14547	0	0	7	7	1	0.08	0.03	0	0
6000	69	60	300	4	25	26	23638	0	0	6	6	1	0.21	0.04	0	0
6000	158	60	300	4	25	26	5255	0	0	8	8	1	0.04	0.01	0	0
6000	224	60	300	4	25	26	29555	0	0	9	9	1	0.32	0.04	0	0
6000	259	60	300	4	25	26	11828	0	0	7	7	1	0.09	0.01	0	0
6000	310	60	300	4	25	26	3427	0	0	9	9	1	0.02	0	0	0
6000	420	60	300	4	25	26	17171	0	0	10	10	1	0.16	0.01	0	0
6000	457	60	300	4	25	26	8367	0	0	9	9	1	0.07	0	0	0
6000	476	60	300	4	25	26	19620	0	0	7	7	1	0.22	0.02	0	0
6000	528	60	300	4	25	26	5959	0	0	8	8	1	0.04	0.01	0	0
6000	532	60	300	4	25	26	1529	0	0	15	15	1	0.01	0	0	0
6000	576	60	300	4	25	26	4324	0	0	9	9	1	0.03	0.01	0	0
6000	587	60	300	4	25	26	23313	0	0	6	6	1	0.18	0.05	0	0
6000	613	60	300	4	25	26	2160	0	0	15	15	1	0.02	0	0	0
6000	663	60	300	4	25	26	2725	0	0	9	9	1	0.02	0	0	0
6000	671	60	300	4	25	26	2051	0	0	12	12	1	0.01	0.01	0	0
6000	672	60	300	4	25	26	16347	0	0	8	8	1	0.18	0.03	0	0
6000	686	60	300	4	25	26	5787	0	0	9	9	1	0.03	0.01	0	0
6000	696	60	300	4	25	26	8277	0	0	7	7	1	0.11	0	0	0
6000	761	60	300	4	25	26	12843	0	0	8	8	1	0.08	0.01	0	0
6000	786	60	300	4	25	26	8118	0	0	6	6	1	0.08	0.01	0	0
6000	856	60	300	4	25	26	2056	0	0	10	10	1	0.02	0	0	0
6000	888	60	300	4	25	26	4729	0	0	11	11	1	0.03	0.01	0	0
6000	889	60	300	4	25	26	16705	0	0	5	5	1	0.13	0.03	0	0
6000	898	60	300	4	25	26	2128	0	0	12	12	1	0.02	0	0	0
6000	909	60	300	4	25	26	7043	0	0	10	10	1	0.06	0	0	0
6000	917	60	300	4	25	26	15669	0	0	9	9	1	0.07	0.03	0	0
6000	920	60	300	4	25	26	24167	0	0	5	5	1	0.21	0.04	0	0
6000	921	60	300	4	25	26	11226	0	0	8	8	1	0.06	0.01	0	0
6000	13	70	300	4	25	26	39035	0	0	6	6	1	0.38	0.05	0	0
6000	26	70	300	4	25	26	4809	0	0	11	11	1	0.07	0	0	0
6000	94	70	300	4	25	26	12079	0	0	6	6	1	0.11	0.01	0	0
6000	110	70	300	4	25	26	2117	0	0	11	11	1	0.01	0.01	0	0
6000	120	70	300	4	25	26	26877	0	0	7	7	1	0.28	0.01	0	0
6000	173	70	300	4	25	26	5864	0	0	7	7	1	0.03	0.01	0	0
6000	174	70	300	4	25	26	11752	0	0	7	7	1	0.07	0.01	0	0
6000	204	70	300	4	25	26	1572	0	0	9	9	1	0.01	0	0	0
6000	281	70	300	4	25	26	3056	0	0	11	11	1	0.02	0	0	0
6000	296	70	300	4	25	26	13488	0	0	7	7	1	0.17	0.02	0	0
6000	353	70	300	4	25	26	12316	0	0	8	8	1	0.13	0.01	0	0
6000	394	70	300	4	25	26	9215	0	0	9	9	1	0.04	0.01	0	0
6000	412	70	300	4	25	26	12789	0	0	8	8	1	0.12	0.01	0	0
6000	504	70	300	4	25	26	5946	0	0	9	9	1	0.03	0	0	0
6000	538	70	300	4	25	26	18044	0	0	7	7	1	0.16	0.03	0	0
6000	541	70	300	4	25	26	6578	0	0	7	7	1	0.06	0.01	0	0
6000	545	70	300	4	25	26	7906	0	0	12	12	1	0.07	0.01	0	0
6000	556	70	300	4	25	26	13716	0	0	7	7	1	0.08	0.02	0	0
6000	572	70	300	4	25	26	13563	0	0	8	8	1	0.12	0.02	0	0
6000	620	70	300	4	25	26	21678	0	0	7	7	1	0.19	0.02	0	0
6000	651	70	300	4	25	26	11892	0	0	8	8	1	0.09	0.01	0	0
6000	685	70	300	4	25	26	4947	0	0	9	9	1	0.06	0	0	0
6000	762	70	300	4	25	26	6731	0	0	10	10	1	0.06	0	0	0
6000	789	70	300	4	25	26	18095	0	0	9	9	1	0.19	0.02	0	0
6000	820	70	300	4	25	26	10114	0	0	10	10	1	0.08	0.02	0	0
6000	904	70	300	4	25	26	5313	0	0	8	8	1	0.04	0.01	0	0
6000	951	70	300	4	25	26	5549	0	0	11	11	1	0.05	0	0	0
