6000	389	50	300	4	25	27	4722	0	0	12	12	1	0.05	0	0	0
6000	525	50	300	4	25	27	3147	0	0	13	13	1	0.02	0	0	0
6000	859	50	300	4	25	27	21650	0	0	7	7	1	0.22	0.03	0	0
6000	83	60	300	4	25	27	17354	0	0	8	8	1	0.16	0.02	0	0
6000	145	60	300	4	25	27	6155	0	0	8	8	1	0.03	0	0	0
6000	169	60	300	4	25	27	17918	0	0	10	10	1	0.21	0.03	0	0
6000	281	60	300	4	25	27	3146	0	0	12	12	1	0.02	0.01	0	0
6000	343	60	300	4	25	27	4653	0	0	13	13	1	0.04	0	0	0
6000	379	60	300	4	25	27	18672	0	0	8	8	1	0.13	0.01	0	0
6000	384	60	300	4	25	27	7654	0	0	9	9	1	0.06	0	0	0
6000	385	60	300	4	25	27	9992	0	0	10	10	1	0.07	0	0	0
6000	403	60	300	4	25	27	3949	0	0	14	14	1	0.01	0.01	0	0
6000	419	60	300	4	25	27	13896	0	0	7	7	1	0.06	0.02	0	0
6000	456	60	300	4	25	27	1436	0	0	10	10	1	0.01	0	0	0
6000	464	60	300	4	25	27	6255	0	0	11	11	1	0.04	0.01	0	0
6000	534	60	300	4	25	27	10149	0	0	13	13	1	0.08	0.01	0	0
6000	558	60	300	4	25	27	16690	0	0	8	8	1	0.08	0.03	0	0
6000	572	60	300	4	25	27	10276	0	0	10	10	1	0.11	0.01	0	0
6000	574	60	300	4	25	27	2503	0	0	14	14	1	0.02	0	0	0
6000	682	60	300	4	25	27	8126	0	0	11	11	1	0.06	0	0	0
6000	747	60	300	4	25	27	1885	0	0	13	13	1	0.02	0	0	0
6000	792	60	300	4	25	27	51800	0	0	8	8	1	0.56	0.02	0	0
6000	806	60	300	4	25	27	20764	0	0	8	8	1	0.11	0.03	0	0
6000	829	60	300	4	25	27	2217	0	0	11	11	1	0.02	0.01	0	0
6000	834	60	300	4	25	27	6480	0	0	9	9	1	0.04	0	0	0
6000	891	60	300	4	25	27	11363	0	0	10	10	1	0.08	0.01	0	0
6000	934	60	300	4	25	27	5290	0	0	8	8	1	0.03	0.01	0	0
6000	953	60	300	4	25	27	3370	0	0	9	9	1	0.04	0	0	0
6000	965	60	300	4	25	27	33583	0	0	6	6	1	0.25	0.04	0	0
6000	972	60	300	4	25	27	5697	0	0	11	11	1	0.04	0	0	0
6000	994	60	300	4	25	27	18012	0	0	10	10	1	0.17	0.02	0	0
6000	998	60	300	4	25	27	9767	0	0	10	10	1	0.05	0.01	0	0
6000	7	70	300	4	25	27	4594	0	0	9	9	1	0.08	0.01	0	0
6000	20	70	300	4	25	27	15482	0	0	8	8	1	0.13	0.01	0	0
6000	22	70	300	4	25	27	31576	0	0	10	10	1	0.21	0.01	0	0
6000	36	70	300	4	25	27	5524	0	0	13	13	1	0.05	0	0	0
6000	40	70	300	4	25	27	27357	0	0	7	7	1	0.28	0.02	0	0
6000	71	70	300	4	25	27	39230	0	0	7	7	1	0.35	0.04	0	0
6000	73	70	300	4	25	27	22427	0	0	6	6	1	0.19	0.02	0	0
6000	96	70	300	4	25	27	36462	0	0	9	9	1	0.44	0.05	0	0
6000	113	70	300	4	25	27	16729	0	0	8	8	1	0.13	0.02	0	0
6000	119	70	300	4	25	27	15495	0	0	7	7	1	0.09	0.02	0	0
6000	131	70	300	4	25	27	24789	0	0	11	11	1	0.38	0.03	0	0
6000	164	70	300	4	25	27	5340	0	0	12	12	1	0.06	0	0	0
6000	191	70	300	4	25	27	6577	0	0	8	8	1	0.05	0.01	0	0
6000	198	70	300	4	25	27	9022	0	0	10	10	1	0.05	0.01	0	0
6000	215	70	300	4	25	27	1735	0	0	13	13	1	0.02	0	0	0
6000	233	70	300	4	25	27	16894	0	0	10	10	1	0.12	0.01	0	0
6000	277	70	300	4	25	27	10678	0	0	8	8	1	0.08	0.01	0	0
6000	322	70	300	4	25	27	12702	0	0	7	7	1	0.08	0.03	0	0
6000	331	70	300	4	25	27	43196	0	0	9	9	1	0.53	0.04	0	0
6000	332	70	300	4	25	27	17085	0	0	7	7	1	0.12	0.03	0	0
6000	403	70	300	4	25	27	13922	0	0	9	9	1	0.08	0.01	0	0
6000	410	70	300	4	25	27	28713	0	0	9	9	1	0.19	0.04	0	0
6000	479	70	300	4	25	27	17635	0	0	8	8	1	0.14	0.04	0	0
6000	498	70	300	4	25	27	5014	0	0	13	13	1	0.03	0	0	0
6000	505	70	300	4	25	27	6065	0	0	8	8	1	0.04	0.01	0	0
6000	610	70	300	4	25	27	4666	0	0	11	11	1	0.04	0	0	0
6000	619	70	300	4	25	27	7591	0	0	8	8	1	0.08	0.01	0	0
6000	636	70	300	4	25	27	26197	0	0	8	8	1	0.21	0.04	0	0
6000	688	70	300	4	25	27	3527	0	0	12	12	1	0.02	0	0	0
6000	689	70	300	4	25	27	23445	0	0	9	9	1	0.16	0.03	0	0
6000	694	70	300	4	25	27	12781	0	0	7	7	1	0.16	0.02	0	0
6000	700	70	300	4	25	27	23034	0	0	7	7	1	0.18	0.02	0	0
6000	701	70	300	4	25	27	12725	0	0	7	7	1	0.14	0.01	0	0
6000	733	70	300	4	25	27	23484	0	0	7	7	1	0.22	0.02	0	0
6000	794	70	300	4	25	27	41176	0	0	10	10	1	0.28	0.03	0	0
6000	828	70	300	4	25	27	31385	0	0	7	7	1	0.44	0.03	0	0
6000	835	70	300	4	25	27	6633	0	0	8	8	1	0.06	0.01	0	0
6000	929	70	300	4	25	27	17468	0	0	7	7	1	0.1	0.02	0	0
