6000	717	60	300	4	25	35	24915	0	0	12	12	1	0.35	0.02	0	0
6000	814	60	300	4	25	35	7804	0	0	13	13	1	0.08	0	0	0
6000	865	60	300	4	25	35	2000	0	0	19	19	1	0.02	0	0	0
6000	18	70	300	4	25	35	160286	0	0	8	8	1	1.87	0.24	0	0
6000	95	70	300	4	25	35	29644	0	0	13	13	1	0.32	0.03	0	0
6000	169	70	300	4	25	35	50329	0	0	11	11	1	0.63	0.06	0	0
6000	249	70	300	4	25	35	11586	0	0	13	13	1	0.22	0.01	0	0
6000	374	70	300	4	25	35	90655	0	0	7	7	1	1.04	0.1	0	0
6000	400	70	300	4	25	35	9464	0	0	17	17	1	0.13	0	0	0
6000	544	70	300	4	25	35	33753	0	0	12	12	1	0.48	0.05	0	0
6000	565	70	300	4	25	35	186276	0	0	9	9	1	1.73	0.26	0	0
6000	606	70	300	4	25	35	67908	0	0	9	9	1	0.35	0.07	0	0
6000	842	70	300	4	25	35	22286	0	0	9	9	1	0.25	0.04	0	0
6000	854	70	300	4	25	35	26251	0	0	12	12	1	0.27	0.04	0	0
6000	879	70	300	4	25	35	31570	0	0	11	11	1	0.49	0.06	0	0
6000	901	70	300	4	25	35	56345	0	0	10	10	1	0.98	0.09	0	0
6000	979	70	300	4	25	35	37688	0	0	12	12	1	0.47	0.04	0	0
6000	983	70	300	4	25	35	174279	0	0	11	11	1	2.94	0.21	0	0
