7000	156	40	300	4	25	14	349	2.54283	3	0	0	6	0.166667	6	0.166667	1	0	0	0	0	0	0
7000	326	40	300	4	25	14	683	2.83442	3	0	0	5	0.2	5	0.2	1	0	0	0	0	0	0
7000	438	40	300	4	25	14	101	2.00432	3	0	0	8	0.125	8	0.125	1	0	0	0	0	0	0
7000	568	40	300	4	25	14	764	2.88309	3	0	0	4	0.25	4	0.25	1	0	0	0	0	0	0
7000	785	40	300	4	25	14	87	1.93952	2	0	0	10	0.1	10	0.1	1	0	0	0	0	0	0
7000	800	40	300	4	25	14	719	2.85673	3	0	0	4	0.25	4	0.25	1	0	0	0	0	0	0
7000	907	40	300	4	25	14	307	2.48714	3	0	0	7	0.142857	7	0.142857	1	0	0	0	0	0	0
7000	921	40	300	4	25	14	306	2.48572	3	0	0	6	0.166667	6	0.166667	1	0	0	0	0	0	0
7000	963	40	300	4	25	14	404	2.60638	3	0	0	5	0.2	5	0.2	1	0	0	0	0	0	0
7000	971	40	300	4	25	14	153	2.18469	3	0	0	5	0.2	5	0.2	1	0	0	0	0	0	0
7000	22	50	300	4	25	14	491	2.69108	3	0	0	6	0.166667	6	0.166667	1	0	0	0	0	0	0
7000	39	50	300	4	25	14	1366	3.13545	4	0	0	4	0.25	4	0.25	1	0	0	0	0	0	0
7000	45	50	300	4	25	14	2591	3.41347	4	0	0	3	0.333333	3	0.333333	1	0.01	-2	0	0	0	0
7000	55	50	300	4	25	14	659	2.81889	3	0	0	5	0.2	5	0.2	1	0	0	0	0	0	0
7000	124	50	300	4	25	14	275	2.43933	3	0	0	8	0.125	8	0.125	1	0	0	0	0	0	0
7000	134	50	300	4	25	14	503	2.70157	3	0	0	5	0.2	5	0.2	1	0	0	0	0	0	0
7000	171	50	300	4	25	14	665	2.82282	3	0	0	5	0.2	5	0.2	1	0	0	0	0	0	0
7000	198	50	300	4	25	14	608	2.7839	3	0	0	4	0.25	4	0.25	1	0	0	0	0	0	0
7000	244	50	300	4	25	14	473	2.67486	3	0	0	5	0.2	5	0.2	1	0	0	0	0	0	0
7000	271	50	300	4	25	14	851	2.92993	3	0	0	5	0.2	5	0.2	1	0	0	0	0	0	0
7000	272	50	300	4	25	14	74	1.86923	2	0	0	9	0.111111	9	0.111111	1	0	0	0	0	0	0
7000	286	50	300	4	25	14	1100	3.04139	4	0	0	5	0.2	5	0.2	1	0	0	0	0	0	0
7000	289	50	300	4	25	14	755	2.87795	3	0	0	5	0.2	5	0.2	1	0	0	0	0	0	0
7000	306	50	300	4	25	14	121	2.08279	3	0	0	6	0.166667	6	0.166667	1	0	0	0	0	0	0
7000	309	50	300	4	25	14	563	2.75051	3	0	0	5	0.2	5	0.2	1	0	0	0	0	0	0
7000	311	50	300	4	25	14	563	2.75051	3	0	0	4	0.25	4	0.25	1	0	0	0	0	0	0
7000	322	50	300	4	25	14	434	2.63749	3	0	0	6	0.166667	6	0.166667	1	0	0	0	0	0	0
7000	343	50	300	4	25	14	743	2.87099	3	0	0	5	0.2	5	0.2	1	0	0	0	0	0	0
7000	368	50	300	4	25	14	165	2.21748	3	0	0	8	0.125	8	0.125	1	0	0	0	0	0	0
7000	390	50	300	4	25	14	2266	3.35526	4	0	0	3	0.333333	3	0.333333	1	0.03	-1.52288	0.01	-2	0	0
7000	408	50	300	4	25	14	643	2.80821	3	0	0	4	0.25	4	0.25	1	0	0	0	0	0	0
7000	507	50	300	4	25	14	755	2.87795	3	0	0	5	0.2	5	0.2	1	0	0	0	0	0	0
7000	515	50	300	4	25	14	181	2.25768	3	0	0	6	0.166667	6	0.166667	1	0	0	0	0	0	0
7000	522	50	300	4	25	14	879	2.94399	3	0	0	4	0.25	4	0.25	1	0	0	0	0	0	0
7000	524	50	300	4	25	14	458	2.66087	3	0	0	4	0.25	4	0.25	1	0	0	0	0	0	0
7000	530	50	300	4	25	14	395	2.5966	3	0	0	7	0.142857	7	0.142857	1	0	0	0	0	0	0
7000	611	50	300	4	25	14	650	2.81291	3	0	0	4	0.25	4	0.25	1	0	0	0	0	0	0
7000	641	50	300	4	25	14	251	2.39967	3	0	0	5	0.2	5	0.2	1	0	0	0	0	0	0
7000	645	50	300	4	25	14	719	2.85673	3	0	0	5	0.2	5	0.2	1	0	0	0	0	0	0
7000	662	50	300	4	25	14	374	2.57287	3	0	0	4	0.25	4	0.25	1	0	0	0	0	0	0
7000	671	50	300	4	25	14	377	2.57634	3	0	0	6	0.166667	6	0.166667	1	0	0	0	0	0	0
7000	682	50	300	4	25	14	243	2.38561	3	0	0	7	0.142857	7	0.142857	1	0	0	0	0	0	0
7000	689	50	300	4	25	14	385	2.58546	3	0	0	4	0.25	4	0.25	1	0	0	0	0	0	0
7000	746	50	300	4	25	14	645	2.80956	3	0	0	4	0.25	4	0.25	1	0	0	0	0	0	0
7000	791	50	300	4	25	14	362	2.55871	3	0	0	6	0.166667	6	0.166667	1	0	0	0	0	0	0
7000	805	50	300	4	25	14	238	2.37658	3	0	0	8	0.125	8	0.125	1	0	0	0	0	0	0
7000	806	50	300	4	25	14	231	2.36361	3	0	0	7	0.142857	7	0.142857	1	0	0	0	0	0	0
7000	815	50	300	4	25	14	729	2.86273	3	0	0	4	0.25	4	0.25	1	0	0	0	0	0	0
7000	849	50	300	4	25	14	599	2.77743	3	0	0	5	0.2	5	0.2	1	0	0	0	0	0	0
7000	876	50	300	4	25	14	1727	3.23729	4	0	0	3	0.333333	3	0.333333	1	0.01	-2	0	0	0	0
7000	889	50	300	4	25	14	321	2.50651	3	0	0	5	0.2	5	0.2	1	0	0	0	0	0	0
7000	896	50	300	4	25	14	194	2.2878	3	0	0	8	0.125	8	0.125	1	0	0	0	0	0	0
7000	910	50	300	4	25	14	688	2.83759	3	0	0	3	0.333333	3	0.333333	1	0	0	0	0	0	0
7000	916	50	300	4	25	14	2179	3.33826	4	0	0	3	0.333333	3	0.333333	1	0.01	-2	0.01	-2	0	0
7000	932	50	300	4	25	14	252	2.4014	3	0	0	6	0.166667	6	0.166667	1	0	0	0	0	0	0
7000	969	50	300	4	25	14	578	2.76193	3	0	0	4	0.25	4	0.25	1	0	0	0	0	0	0
7000	978	50	300	4	25	14	134	2.1271	3	0	0	6	0.166667	6	0.166667	1	0	0	0	0	0	0
7000	980	50	300	4	25	14	575	2.75967	3	0	0	5	0.2	5	0.2	1	0	0	0	0	0	0
7000	1	60	300	4	25	14	276	2.44091	3	0	0	8	0.125	8	0.125	1	0	0	0	0	0	0
7000	7	60	300	4	25	14	341	2.53275	3	0	0	6	0.166667	6	0.166667	1	0	0	0	0	0	0
7000	39	60	300	4	25	14	2513	3.40019	4	0	0	4	0.25	4	0.25	1	0.01	-2	0	0	0	0
7000	106	60	300	4	25	14	788	2.89653	3	0	0	4	0.25	4	0.25	1	0	0	0	0	0	0
7000	120	60	300	4	25	14	925	2.96614	3	0	0	4	0.25	4	0.25	1	0	0	0	0	0	0
7000	121	60	300	4	25	14	1215	3.08458	4	0	0	3	0.333333	3	0.333333	1	0	0	0	0	0	0
7000	146	60	300	4	25	14	995	2.99782	3	0	0	5	0.2	5	0.2	1	0	0	0	0	0	0
7000	179	60	300	4	25	14	1079	3.03302	4	0	0	4	0.25	4	0.25	1	0	0	0	0	0	0
7000	185	60	300	4	25	14	1174	3.06967	4	0	0	4	0.25	4	0.25	1	0.01	-2	0	0	0	0
7000	188	60	300	4	25	14	2065	3.31492	4	0	0	3	0.333333	3	0.333333	1	0	0	0.01	-2	0	0
7000	193	60	300	4	25	14	477	2.67852	3	0	0	5	0.2	5	0.2	1	0	0	0	0	0	0
7000	237	60	300	4	25	14	134	2.1271	3	0	0	8	0.125	8	0.125	1	0	0	0	0	0	0
7000	271	60	300	4	25	14	850	2.92942	3	0	0	5	0.2	5	0.2	1	0	0	0	0	0	0
7000	297	60	300	4	25	14	168	2.22531	3	0	0	6	0.166667	6	0.166667	1	0	0	0	0	0	0
7000	300	60	300	4	25	14	1044	3.0187	4	0	0	5	0.2	5	0.2	1	0	0	0	0	0	0
7000	302	60	300	4	25	14	478	2.67943	3	0	0	5	0.2	5	0.2	1	0	0	0	0	0	0
7000	307	60	300	4	25	14	1727	3.23729	4	0	0	4	0.25	4	0.25	1	0.01	-2	0	0	0	0
7000	325	60	300	4	25	14	675	2.8293	3	0	0	4	0.25	4	0.25	1	0	0	0	0	0	0
7000	332	60	300	4	25	14	652	2.81425	3	0	0	5	0.2	5	0.2	1	0	0	0	0	0	0
7000	350	60	300	4	25	14	427	2.63043	3	0	0	7	0.142857	7	0.142857	1	0	0	0	0	0	0
7000	361	60	300	4	25	14	1058	3.02449	4	0	0	4	0.25	4	0.25	1	0	0	0	0	0	0
7000	369	60	300	4	25	14	2303	3.36229	4	0	0	3	0.333333	3	0.333333	1	0.01	-2	0	0	0	0
7000	392	60	300	4	25	14	1609	3.20656	4	0	0	3	0.333333	3	0.333333	1	0	0	0	0	0	0
7000	427	60	300	4	25	14	859	2.93399	3	0	0	3	0.333333	3	0.333333	1	0	0	0	0	0	0
7000	441	60	300	4	25	14	1043	3.01828	4	0	0	5	0.2	5	0.2	1	0	0	0	0	0	0
7000	452	60	300	4	25	14	2267	3.35545	4	0	0	3	0.333333	3	0.333333	1	0.01	-2	0	0	0	0
7000	462	60	300	4	25	14	775	2.8893	3	0	0	5	0.2	5	0.2	1	0	0	0	0	0	0
7000	469	60	300	4	25	14	649	2.81224	3	0	0	5	0.2	5	0.2	1	0	0	0	0	0	0
7000	489	60	300	4	25	14	1919	3.28307	4	0	0	4	0.25	4	0.25	1	0.01	-2	0	0	0	0
7000	497	60	300	4	25	14	388	2.58883	3	0	0	5	0.2	5	0.2	1	0	0	0	0	0	0
7000	505	60	300	4	25	14	813	2.91009	3	0	0	5	0.2	5	0.2	1	0	0	0	0	0	0
7000	552	60	300	4	25	14	311	2.49276	3	0	0	7	0.142857	7	0.142857	1	0	0	0	0	0	0
7000	555	60	300	4	25	14	524	2.71933	3	0	0	4	0.25	4	0.25	1	0	0	0	0	0	0
7000	591	60	300	4	25	14	791	2.89818	3	0	0	4	0.25	4	0.25	1	0	0	0	0	0	0
7000	637	60	300	4	25	14	569	2.75511	3	0	0	4	0.25	4	0.25	1	0	0	0	0	0	0
7000	640	60	300	4	25	14	541	2.7332	3	0	0	6	0.166667	6	0.166667	1	0	0	0	0	0	0
7000	657	60	300	4	25	14	2591	3.41347	4	0	0	3	0.333333	3	0.333333	1	0	0	0.01	-2	0	0
7000	678	60	300	4	25	14	189	2.27646	3	0	0	5	0.2	5	0.2	1	0	0	0	0	0	0
7000	706	60	300	4	25	14	1295	3.11227	4	0	0	5	0.2	5	0.2	1	0	0	0	0	0	0
7000	757	60	300	4	25	14	159	2.2014	3	0	0	7	0.142857	7	0.142857	1	0	0	0	0	0	0
7000	782	60	300	4	25	14	353	2.54777	3	0	0	6	0.166667	6	0.166667	1	0	0	0	0	0	0
7000	783	60	300	4	25	14	1113	3.0465	4	0	0	3	0.333333	3	0.333333	1	0	0	0	0	0	0
7000	787	60	300	4	25	14	704	2.84757	3	0	0	4	0.25	4	0.25	1	0	0	0	0	0	0
7000	794	60	300	4	25	14	1261	3.10072	4	0	0	4	0.25	4	0.25	1	0	0	0	0	0	0
7000	797	60	300	4	25	14	559	2.74741	3	0	0	4	0.25	4	0.25	1	0	0	0	0	0	0
7000	799	60	300	4	25	14	630	2.79934	3	0	0	5	0.2	5	0.2	1	0	0	0	0	0	0
7000	838	60	300	4	25	14	1439	3.15806	4	0	0	3	0.333333	3	0.333333	1	0	0	0.01	-2	0	0
7000	857	60	300	4	25	14	344	2.53656	3	0	0	6	0.166667	6	0.166667	1	0	0	0	0	0	0
7000	884	60	300	4	25	14	971	2.98722	3	0	0	5	0.2	5	0.2	1	0	0	0	0	0	0
7000	900	60	300	4	25	14	2565	3.40909	4	0	0	3	0.333333	3	0.333333	1	0.01	-2	0	0	0	0
7000	914	60	300	4	25	14	1725	3.23679	4	0	0	4	0.25	4	0.25	1	0	0	0.01	-2	0	0
7000	919	60	300	4	25	14	916	2.9619	3	0	0	4	0.25	4	0.25	1	0	0	0	0	0	0
7000	931	60	300	4	25	14	599	2.77743	3	0	0	5	0.2	5	0.2	1	0	0	0	0	0	0
7000	969	60	300	4	25	14	335	2.52504	3	0	0	5	0.2	5	0.2	1	0	0	0	0	0	0
7000	10	70	300	4	25	14	570	2.75587	3	0	0	5	0.2	5	0.2	1	0	0	0	0	0	0
7000	38	70	300	4	25	14	255	2.40654	3	0	0	6	0.166667	6	0.166667	1	0	0	0	0	0	0
7000	74	70	300	4	25	14	318	2.50243	3	0	0	6	0.166667	6	0.166667	1	0	0	0	0	0	0
7000	97	70	300	4	25	14	1434	3.15655	4	0	0	3	0.333333	3	0.333333	1	0	0	0.01	-2	0	0
7000	186	70	300	4	25	14	644	2.80889	3	0	0	4	0.25	4	0.25	1	0	0	0	0	0	0
7000	193	70	300	4	25	14	637	2.80414	3	0	0	5	0.2	5	0.2	1	0	0	0	0	0	0
7000	209	70	300	4	25	14	899	2.95376	3	0	0	4	0.25	4	0.25	1	0	0	0	0	0	0
7000	344	70	300	4	25	14	1273	3.10483	4	0	0	3	0.333333	3	0.333333	1	0	0	0.01	-2	0	0
7000	366	70	300	4	25	14	602	2.7796	3	0	0	5	0.2	5	0.2	1	0	0	0	0	0	0
7000	370	70	300	4	25	14	1563	3.19396	4	0	0	5	0.2	5	0.2	1	0	0	0	0	0	0
7000	371	70	300	4	25	14	512	2.70927	3	0	0	6	0.166667	6	0.166667	1	0	0	0	0	0	0
7000	453	70	300	4	25	14	724	2.85974	3	0	0	5	0.2	5	0.2	1	0	0	0	0	0	0
7000	487	70	300	4	25	14	1007	3.00303	4	0	0	5	0.2	5	0.2	1	0	0	0	0	0	0
7000	510	70	300	4	25	14	1591	3.20167	4	0	0	4	0.25	4	0.25	1	0.01	-2	0	0	0	0
7000	539	70	300	4	25	14	461	2.6637	3	0	0	4	0.25	4	0.25	1	0	0	0	0	0	0
7000	602	70	300	4	25	14	373	2.57171	3	0	0	5	0.2	5	0.2	1	0	0	0	0	0	0
7000	604	70	300	4	25	14	2015	3.30428	4	0	0	4	0.25	4	0.25	1	0.01	-2	0	0	0	0
7000	639	70	300	4	25	14	293	2.46687	3	0	0	5	0.2	5	0.2	1	0	0	0	0	0	0
7000	645	70	300	4	25	14	971	2.98722	3	0	0	5	0.2	5	0.2	1	0	0	0	0	0	0
7000	710	70	300	4	25	14	127	2.1038	3	0	0	7	0.142857	7	0.142857	1	0	0	0	0	0	0
7000	722	70	300	4	25	14	891	2.94988	3	0	0	4	0.25	4	0.25	1	0	0	0	0	0	0
7000	728	70	300	4	25	14	461	2.6637	3	0	0	6	0.166667	6	0.166667	1	0	0	0	0	0	0
7000	738	70	300	4	25	14	669	2.82543	3	0	0	4	0.25	4	0.25	1	0	0	0	0	0	0
7000	804	70	300	4	25	14	868	2.93852	3	0	0	4	0.25	4	0.25	1	0	0	0	0	0	0
7000	808	70	300	4	25	14	216	2.33445	3	0	0	5	0.2	5	0.2	1	0	0	0	0	0	0
7000	855	70	300	4	25	14	628	2.79796	3	0	0	5	0.2	5	0.2	1	0	0	0	0	0	0
7000	864	70	300	4	25	14	959	2.98182	3	0	0	5	0.2	5	0.2	1	0.01	-2	0	0	0	0
7000	885	70	300	4	25	14	630	2.79934	3	0	0	5	0.2	5	0.2	1	0	0	0	0	0	0
7000	904	70	300	4	25	14	863	2.93601	3	0	0	5	0.2	5	0.2	1	0	0	0	0	0	0
7000	908	70	300	4	25	14	1283	3.10823	4	0	0	3	0.333333	3	0.333333	1	0	0	0	0	0	0
7000	935	70	300	4	25	14	1675	3.22401	4	0	0	4	0.25	4	0.25	1	0	0	0.01	-2	0	0
7000	937	70	300	4	25	14	296	2.47129	3	0	0	6	0.166667	6	0.166667	1	0	0	0	0	0	0
7000	967	70	300	4	25	14	2015	3.30428	4	0	0	3	0.333333	3	0.333333	1	0.01	-2	0	0	0	0
7000	981	70	300	4	25	14	658	2.81823	3	0	0	5	0.2	5	0.2	1	0	0	0	0	0	0
