7000	374	60	300	4	25	28	16818	0	0	7	7	1	0.15	0.02	0	0
7000	995	60	300	4	25	28	31020	0	0	8	8	1	0.39	0.03	0	0
7000	115	70	300	4	25	28	42132	0	0	8	8	1	0.56	0.05	0	0
7000	124	70	300	4	25	28	5919	0	0	10	10	1	0.08	0	0	0
7000	192	70	300	4	25	28	16507	0	0	9	9	1	0.17	0.02	0	0
7000	247	70	300	4	25	28	53842	0	0	6	6	1	0.54	0.09	0	0
7000	593	70	300	4	25	28	65352	0	0	6	6	1	0.77	0.1	0	0
7000	642	70	300	4	25	28	6846	0	0	10	10	1	0.08	0.01	0	0
7000	649	70	300	4	25	28	53705	0	0	8	8	1	0.48	0.07	0	0
7000	727	70	300	4	25	28	7335	0	0	11	11	1	0.07	0	0	0
7000	798	70	300	4	25	28	37504	0	0	6	6	1	0.33	0.05	0	0
7000	801	70	300	4	25	28	22918	0	0	8	8	1	0.23	0.04	0	0
7000	816	70	300	4	25	28	21982	0	0	10	10	1	0.18	0.01	0	0
7000	854	70	300	4	25	28	7466	0	0	11	11	1	0.05	0.01	0	0
7000	877	70	300	4	25	28	17320	0	0	9	9	1	0.23	0.03	0	0
7000	883	70	300	4	25	28	42546	0	0	8	8	1	0.55	0.06	0	0
