8000	680	50	300	4	25	20	2519	0	0	6	6	1	0.01	0	0	0
8000	899	50	300	4	25	20	5401	0	0	4	4	1	0.03	0.01	0	0
8000	23	60	300	4	25	20	8879	0	0	6	6	1	0.04	0.01	0	0
8000	103	60	300	4	25	20	1938	0	0	7	7	1	0.01	0	0	0
8000	222	60	300	4	25	20	3455	0	0	11	11	1	0.04	0	0	0
8000	312	60	300	4	25	20	3495	0	0	8	8	1	0.03	0	0	0
8000	390	60	300	4	25	20	25055	0	0	5	5	1	0.13	0.05	0	0
8000	565	60	300	4	25	20	2385	0	0	8	8	1	0.01	0	0	0
8000	613	60	300	4	25	20	4697	0	0	8	8	1	0.02	0.01	0	0
8000	656	60	300	4	25	20	635	0	0	9	9	1	0	0	0	0
8000	680	60	300	4	25	20	9827	0	0	6	6	1	0.06	0.01	0	0
8000	729	60	300	4	25	20	1710	0	0	8	8	1	0.01	0	0	0
8000	736	60	300	4	25	20	1725	0	0	6	6	1	0.01	0	0	0
8000	785	60	300	4	25	20	2196	0	0	8	8	1	0.01	0.01	0	0
8000	871	60	300	4	25	20	5707	0	0	5	5	1	0.04	0	0	0
8000	872	60	300	4	25	20	1931	0	0	6	6	1	0.01	0	0	0
8000	882	60	300	4	25	20	7396	0	0	5	5	1	0.04	0.01	0	0
8000	917	60	300	4	25	20	8329	0	0	7	7	1	0.03	0.01	0	0
8000	25	70	300	4	25	20	4601	0	0	5	5	1	0.03	0	0	0
8000	34	70	300	4	25	20	4255	0	0	6	6	1	0.02	0	0	0
8000	71	70	300	4	25	20	12256	0	0	4	4	1	0.07	0	0	0
8000	91	70	300	4	25	20	17302	0	0	4	4	1	0.09	0.03	0	0
8000	92	70	300	4	25	20	3628	0	0	6	6	1	0.02	0	0	0
8000	95	70	300	4	25	20	1583	0	0	10	10	1	0	0	0	0
8000	105	70	300	4	25	20	4114	0	0	6	6	1	0.02	0	0	0
8000	124	70	300	4	25	20	1462	0	0	9	9	1	0.01	0	0	0
8000	139	70	300	4	25	20	2860	0	0	6	6	1	0.03	0	0	0
8000	215	70	300	4	25	20	264	0	0	12	12	1	0	0	0	0
8000	224	70	300	4	25	20	41332	0	0	4	4	1	0.25	0.06	0	0
8000	225	70	300	4	25	20	4237	0	0	8	8	1	0.04	0	0	0
8000	315	70	300	4	25	20	10079	0	0	6	6	1	0.05	0	0	0
8000	329	70	300	4	25	20	2081	0	0	9	9	1	0.01	0	0	0
8000	349	70	300	4	25	20	6201	0	0	5	5	1	0.26	0	0	0
8000	355	70	300	4	25	20	4710	0	0	5	5	1	0.03	0	0	0
8000	385	70	300	4	25	20	4163	0	0	6	6	1	0.03	0	0	0
8000	400	70	300	4	25	20	1476	0	0	10	10	1	0.01	0	0	0
8000	434	70	300	4	25	20	2095	0	0	8	8	1	0.01	0	0	0
8000	444	70	300	4	25	20	5759	0	0	4	4	1	0.04	0.01	0	0
8000	450	70	300	4	25	20	2364	0	0	6	6	1	0.02	0	0	0
8000	497	70	300	4	25	20	2579	0	0	7	7	1	0.01	0	0	0
8000	576	70	300	4	25	20	9391	0	0	5	5	1	0.06	0.01	0	0
8000	601	70	300	4	25	20	15551	0	0	5	5	1	0.11	0.01	0	0
8000	623	70	300	4	25	20	6079	0	0	5	5	1	0.04	0.01	0	0
8000	641	70	300	4	25	20	3981	0	0	6	6	1	0.02	0.01	0	0
8000	681	70	300	4	25	20	3558	0	0	8	8	1	0.02	0	0	0
8000	721	70	300	4	25	20	2375	0	0	10	10	1	0.01	0	0	0
8000	723	70	300	4	25	20	12093	0	0	6	6	1	0.11	0.01	0	0
8000	756	70	300	4	25	20	8511	0	0	6	6	1	0.05	0	0	0
8000	792	70	300	4	25	20	12689	0	0	6	6	1	0.07	0.01	0	0
8000	800	70	300	4	25	20	5672	0	0	5	5	1	0.05	0	0	0
8000	814	70	300	4	25	20	3339	0	0	5	5	1	0.02	0.01	0	0
8000	823	70	300	4	25	20	31967	0	0	4	4	1	0.36	0.03	0	0
8000	842	70	300	4	25	20	1048	0	0	9	9	1	0.01	0	0	0
8000	899	70	300	4	25	20	5580	0	0	4	4	1	0.04	0	0	0
8000	6	80	300	4	25	20	6695	0	0	5	5	1	0.04	0.01	0	0
8000	11	80	300	4	25	20	9743	0	0	6	6	1	0.05	0.01	0	0
8000	32	80	300	4	25	20	376	0	0	12	12	1	0	0	0	0
8000	34	80	300	4	25	20	4741	0	0	5	5	1	0.03	0	0	0
8000	58	80	300	4	25	20	4703	0	0	8	8	1	0.04	0	0	0
8000	84	80	300	4	25	20	3952	0	0	6	6	1	0.01	0.01	0	0
8000	207	80	300	4	25	20	5879	0	0	6	6	1	0.04	0	0	0
8000	228	80	300	4	25	20	5136	0	0	8	8	1	0.06	0	0	0
8000	252	80	300	4	25	20	5011	0	0	6	6	1	0.04	0	0	0
8000	260	80	300	4	25	20	768	0	0	12	12	1	0	0	0	0
8000	262	80	300	4	25	20	7145	0	0	7	7	1	0.04	0.01	0	0
8000	311	80	300	4	25	20	13014	0	0	6	6	1	0.08	0.01	0	0
8000	316	80	300	4	25	20	18480	0	0	6	6	1	0.26	0.01	0	0
8000	322	80	300	4	25	20	10079	0	0	6	6	1	0.08	0.01	0	0
8000	323	80	300	4	25	20	9746	0	0	5	5	1	0.06	0	0	0
8000	326	80	300	4	25	20	12680	0	0	4	4	1	0.09	0.01	0	0
8000	332	80	300	4	25	20	10511	0	0	6	6	1	0.07	0	0	0
8000	342	80	300	4	25	20	15793	0	0	5	5	1	0.1	0.02	0	0
8000	4	90	300	4	25	20	4100	0	0	5	5	1	0.03	0	0	0
8000	10	90	300	4	25	20	11814	0	0	4	4	1	0.06	0.01	0	0
8000	19	90	300	4	25	20	10635	0	0	6	6	1	0.05	0.01	0	0
8000	68	90	300	4	25	20	20804	0	0	3	3	1	0.12	0.02	0	0
8000	72	90	300	4	25	20	2738	0	0	8	8	1	0.03	0	0	0
8000	187	90	300	4	25	20	8385	0	0	6	6	1	0.12	0.02	0	0
8000	193	90	300	4	25	20	5761	0	0	5	5	1	0.02	0.01	0	0
8000	217	90	300	4	25	20	24029	0	0	3	3	1	0.21	0.03	0	0
8000	273	90	300	4	25	20	6501	0	0	5	5	1	0.04	0	0	0
8000	275	90	300	4	25	20	1914	0	0	8	8	1	0.01	0	0	0
8000	310	90	300	4	25	20	2942	0	0	5	5	1	0.02	0	0	0
8000	322	90	300	4	25	20	34899	0	0	4	4	1	0.2	0.04	0	0
8000	4	100	300	4	25	20	9029	0	0	5	5	1	0.08	0.01	0	0
8000	74	100	300	4	25	20	44063	0	0	4	4	1	0.3	0.04	0	0
8000	104	100	300	4	25	20	2945	0	0	9	9	1	0.01	0.01	0	0
8000	120	100	300	4	25	20	42896	0	0	3	3	1	0.23	0.04	0	0
8000	193	100	300	4	25	20	7167	0	0	5	5	1	0.03	0.01	0	0
8000	461	100	300	4	25	20	4371	0	0	7	7	1	0.03	0	0	0
8000	827	100	300	4	25	20	10365	0	0	4	4	1	0.07	0.01	0	0
8000	878	100	300	4	25	20	13261	0	0	3	3	1	0.09	0.02	0	0
