8000	433	60	300	4	25	24	663	0	0	15	15	1	0	0.01	0	0
8000	963	60	300	4	25	24	1818	0	0	9	9	1	0.01	0	0	0
8000	181	70	300	4	25	24	17203	0	0	6	6	1	0.13	0.02	0	0
8000	223	70	300	4	25	24	29386	0	0	9	9	1	0.36	0.03	0	0
8000	246	70	300	4	25	24	18835	0	0	7	7	1	0.12	0.01	0	0
8000	247	70	300	4	25	24	11132	0	0	5	5	1	0.12	0.02	0	0
8000	324	70	300	4	25	24	34287	0	0	6	6	1	0.22	0.04	0	0
8000	386	70	300	4	25	24	17351	0	0	9	9	1	0.17	0.01	0	0
8000	419	70	300	4	25	24	43253	0	0	6	6	1	0.34	0.05	0	0
8000	428	70	300	4	25	24	10675	0	0	8	8	1	0.06	0.01	0	0
8000	470	70	300	4	25	24	40626	0	0	5	5	1	0.33	0.03	0	0
8000	559	70	300	4	25	24	16644	0	0	6	6	1	0.15	0.01	0	0
8000	653	70	300	4	25	24	17658	0	0	7	7	1	0.1	0.02	0	0
8000	783	70	300	4	25	24	21933	0	0	7	7	1	0.22	0.02	0	0
8000	837	70	300	4	25	24	6165	0	0	12	12	1	0.04	0	0	0
8000	869	70	300	4	25	24	16241	0	0	6	6	1	0.12	0.02	0	0
8000	963	70	300	4	25	24	6549	0	0	7	7	1	0.03	0.01	0	0
8000	53	80	300	4	25	24	3078	0	0	14	14	1	0.01	0	0	0
8000	95	80	300	4	25	24	8901	0	0	9	9	1	0.04	0.01	0	0
8000	118	80	300	4	25	24	17066	0	0	7	7	1	0.11	0.01	0	0
8000	201	80	300	4	25	24	4475	0	0	11	11	1	0.03	0	0	0
8000	203	80	300	4	25	24	16359	0	0	7	7	1	0.13	0.02	0	0
8000	236	80	300	4	25	24	20603	0	0	6	6	1	0.14	0.02	0	0
8000	279	80	300	4	25	24	1612	0	0	11	11	1	0.01	0	0	0
8000	285	80	300	4	25	24	16106	0	0	9	9	1	0.13	0.02	0	0
8000	288	80	300	4	25	24	12814	0	0	7	7	1	0.08	0.01	0	0
8000	297	80	300	4	25	24	29399	0	0	6	6	1	0.27	0.05	0	0
8000	26	90	300	4	25	24	31402	0	0	6	6	1	0.21	0.04	0	0
8000	27	90	300	4	25	24	592	0	0	14	14	1	0	0	0	0
8000	64	90	300	4	25	24	17286	0	0	7	7	1	0.15	0.01	0	0
8000	106	90	300	4	25	24	5107	0	0	7	7	1	0.04	0.01	0	0
8000	143	90	300	4	25	24	31261	0	0	6	6	1	0.16	0.04	0	0
8000	151	90	300	4	25	24	23401	0	0	9	9	1	0.13	0.02	0	0
8000	164	90	300	4	25	24	51242	0	0	5	5	1	0.32	0.07	0	0
8000	177	90	300	4	25	24	50043	0	0	6	6	1	0.44	0.07	0	0
8000	189	90	300	4	25	24	8879	0	0	7	7	1	0.05	0	0	0
8000	202	90	300	4	25	24	44902	0	0	6	6	1	0.28	0.05	0	0
8000	216	90	300	4	25	24	49536	0	0	7	7	1	0.37	0.06	0	0
8000	319	90	300	4	25	24	40403	0	0	6	6	1	0.44	0.05	0	0
8000	367	90	300	4	25	24	4689	0	0	10	10	1	0.05	0	0	0
8000	379	90	300	4	25	24	12504	0	0	9	9	1	0.07	0.01	0	0
8000	322	100	300	4	25	24	78943	0	0	6	6	1	0.57	0.11	0	0
8000	412	100	300	4	25	24	22854	0	0	5	5	1	0.35	0.03	0	0
8000	510	100	300	4	25	24	109050	0	0	5	5	1	0.79	0.16	0	0
8000	518	100	300	4	25	24	22513	0	0	6	6	1	0.18	0.02	0	0
8000	583	100	300	4	25	24	6864	0	0	11	11	1	0.04	0.01	0	0
8000	584	100	300	4	25	24	21443	0	0	5	5	1	0.17	0.02	0	0
8000	822	100	300	4	25	24	350272	0	0	5	5	1	2.33	0.37	0	0
8000	835	100	300	4	25	24	22135	0	0	7	7	1	0.26	0.01	0	0
