8000	531	60	300	4	25	27	11921	0	0	10	10	1	0.07	0.01	0	0
8000	165	70	300	4	25	27	14114	0	0	9	9	1	0.07	0	0	0
8000	292	70	300	4	25	27	39591	0	0	7	7	1	0.29	0.05	0	0
8000	357	70	300	4	25	27	50413	0	0	7	7	1	0.32	0.06	0	0
8000	965	70	300	4	25	27	28047	0	0	8	8	1	0.2	0.03	0	0
8000	1	80	300	4	25	27	44308	0	0	5	5	1	0.52	0.08	0	0
8000	9	80	300	4	25	27	25157	0	0	9	9	1	0.21	0.02	0	0
8000	23	80	300	4	25	27	81374	0	0	6	6	1	0.67	0.1	0	0
8000	36	80	300	4	25	27	54138	0	0	7	7	1	0.52	0.06	0	0
8000	56	80	300	4	25	27	49335	0	0	7	7	1	0.38	0.06	0	0
8000	155	80	300	4	25	27	13255	0	0	8	8	1	0.13	0.02	0	0
8000	163	80	300	4	25	27	43042	0	0	8	8	1	0.43	0.06	0	0
8000	198	80	300	4	25	27	7455	0	0	11	11	1	0.08	0	0	0
8000	208	80	300	4	25	27	182128	0	0	4	4	1	1.36	0.25	0	0
8000	215	80	300	4	25	27	3449	0	0	12	12	1	0.04	0	0	0
8000	218	80	300	4	25	27	7825	0	0	12	12	1	0.06	0.01	0	0
8000	257	80	300	4	25	27	29711	0	0	6	6	1	0.26	0.02	0	0
8000	356	80	300	4	25	27	46937	0	0	8	8	1	0.35	0.03	0	0
8000	22	90	300	4	25	27	111453	0	0	4	4	1	1.06	0.11	0	0
8000	24	90	300	4	25	27	115717	0	0	6	6	1	0.77	0.2	0	0
8000	54	90	300	4	25	27	57353	0	0	8	8	1	0.71	0.04	0	0
8000	58	90	300	4	25	27	53294	0	0	7	7	1	0.39	0.06	0	0
8000	108	90	300	4	25	27	197653	0	0	7	7	1	1.6	0.24	0	0
8000	166	90	300	4	25	27	54496	0	0	7	7	1	0.41	0.05	0	0
8000	251	90	300	4	25	27	102673	0	0	8	8	1	0.68	0.12	0	0
8000	272	90	300	4	25	27	31496	0	0	7	7	1	0.18	0.03	0	0
8000	314	90	300	4	25	27	10792	0	0	7	7	1	0.09	0.01	0	0
8000	336	90	300	4	25	27	157117	0	0	5	5	1	1.74	0.2	0	0
8000	97	100	300	4	25	27	77717	0	0	6	6	1	0.62	0.11	0	0
8000	189	100	300	4	25	27	22123	0	0	8	8	1	0.16	0.03	0	0
8000	265	100	300	4	25	27	31601	0	0	9	9	1	0.36	0.02	0	0
8000	325	100	300	4	25	27	54382	0	0	6	6	1	0.51	0.07	0	0
8000	427	100	300	4	25	27	47896	0	0	6	6	1	0.4	0.05	0	0
8000	439	100	300	4	25	27	40564	0	0	5	5	1	0.44	0.05	0	0
8000	508	100	300	4	25	27	31188	0	0	8	8	1	0.21	0.04	0	0
8000	533	100	300	4	25	27	93215	0	0	5	5	1	0.88	0.09	0	0
8000	573	100	300	4	25	27	93053	0	0	7	7	1	0.61	0.1	0	0
8000	612	100	300	4	25	27	58654	0	0	6	6	1	0.71	0.07	0	0
8000	654	100	300	4	25	27	286840	0	0	4	4	1	2.02	0.27	0	0
8000	699	100	300	4	25	27	34885	0	0	6	6	1	0.38	0.06	0	0
8000	710	100	300	4	25	27	47623	0	0	8	8	1	0.43	0.03	0	0
8000	719	100	300	4	25	27	255347	0	0	5	5	1	1.97	0.25	0	0
8000	797	100	300	4	25	27	74111	0	0	7	7	1	0.79	0.08	0	0
8000	845	100	300	4	25	27	56375	0	0	6	6	1	0.38	0.08	0	0
8000	853	100	300	4	25	27	114339	0	0	9	9	1	1	0.12	0	0
8000	860	100	300	4	25	27	4591	0	0	9	9	1	0.05	0.01	0	0
8000	885	100	300	4	25	27	28081	0	0	9	9	1	2.17	0.03	0	0
8000	888	100	300	4	25	27	20529	0	0	6	6	1	0.22	0.03	0	0
