10000	23	20	300	4	25	6	2	0	0	2	2	1	0	0	0	0
10000	105	20	300	4	25	4	2	0	0	2	2	1	0	0	0	0
10000	156	20	300	4	25	6	2	0	0	4	4	1	0	0	0	0
10000	274	20	300	4	25	6	2	0	0	4	4	1	0	0	0	0
10000	277	20	300	4	25	5	2	0	0	2	2	1	0	0	0	0
10000	312	20	300	4	25	6	2	0	0	3	3	1	0	0	0	0
10000	480	20	300	4	25	4	2	0	0	2	2	1	0	0	0	0
10000	593	20	300	4	25	5	2	0	0	2	2	1	0	0	0	0
10000	670	20	300	4	25	4	2	0	0	2	2	1	0	0	0	0
10000	772	20	300	4	25	5	2	0	0	2	2	1	0	0	0	0
10000	777	20	300	4	25	4	2	0	0	2	2	1	0	0	0	0
10000	859	20	300	4	25	6	2	0	0	3	3	1	0	0	0	0
10000	917	20	300	4	25	4	2	0	0	2	2	1	0	0	0	0
10000	918	20	300	4	25	6	2	0	0	2	2	1	0	0	0	0
10000	9	30	300	4	25	4	2	0	0	2	2	1	0	0	0	0
10000	17	30	300	4	25	4	2	0	0	2	2	1	0	0	0	0
10000	22	30	300	4	25	5	2	0	0	2	2	1	0	0	0	0
10000	23	30	300	4	25	7	2	0	0	2	2	1	0	0	0	0
10000	39	30	300	4	25	5	2	0	0	2	2	1	0	0	0	0
10000	62	30	300	4	25	4	2	0	0	2	2	1	0	0	0	0
10000	91	30	300	4	25	7	2	0	0	2	2	1	0	0	0	0
10000	96	30	300	4	25	6	2	0	0	5	5	1	0	0	0	0
10000	105	30	300	4	25	7	2	0	0	3	3	1	0	0	0	0
10000	129	30	300	4	25	7	2	0	0	2	2	1	0	0	0	0
10000	150	30	300	4	25	5	2	0	0	2	2	1	0	0	0	0
10000	156	30	300	4	25	7	2	0	0	5	5	1	0	0	0	0
10000	163	30	300	4	25	4	2	0	0	2	2	1	0	0	0	0
10000	180	30	300	4	25	5	2	0	0	2	2	1	0	0	0	0
10000	190	30	300	4	25	5	2	0	0	3	3	1	0	0	0	0
10000	196	30	300	4	25	5	2	0	0	2	2	1	0	0	0	0
10000	198	30	300	4	25	4	2	0	0	2	2	1	0	0	0	0
10000	208	30	300	4	25	5	2	0	0	2	2	1	0	0	0	0
10000	219	30	300	4	25	6	2	0	0	2	2	1	0	0	0	0
10000	220	30	300	4	25	4	2	0	0	2	2	1	0	0	0	0
10000	225	30	300	4	25	7	2	0	0	5	5	1	0	0	0	0
10000	240	30	300	4	25	4	2	0	0	2	2	1	0	0	0	0
10000	242	30	300	4	25	5	2	0	0	2	2	1	0	0	0	0
10000	274	30	300	4	25	5	2	0	0	2	2	1	0	0	0	0
10000	277	30	300	4	25	5	2	0	0	3	3	1	0	0	0	0
10000	286	30	300	4	25	4	2	0	0	2	2	1	0	0	0	0
10000	297	30	300	4	25	5	2	0	0	2	2	1	0	0	0	0
10000	300	30	300	4	25	4	2	0	0	1	1	1	0	0	0	0
10000	301	30	300	4	25	4	2	0	0	2	2	1	0	0	0	0
10000	307	30	300	4	25	6	2	0	0	2	2	1	0	0	0	0
10000	312	30	300	4	25	6	2	0	0	2	2	1	0	0	0	0
10000	316	30	300	4	25	4	2	0	0	2	2	1	0	0	0	0
10000	323	30	300	4	25	5	2	0	0	2	2	1	0	0	0	0
10000	357	30	300	4	25	6	2	0	0	3	3	1	0	0	0	0
10000	382	30	300	4	25	5	2	0	0	3	3	1	0	0	0	0
10000	390	30	300	4	25	4	2	0	0	2	2	1	0	0	0	0
10000	392	30	300	4	25	5	2	0	0	3	3	1	0	0	0	0
10000	420	30	300	4	25	5	2	0	0	2	2	1	0	0	0	0
10000	421	30	300	4	25	6	2	0	0	2	2	1	0	0	0	0
10000	425	30	300	4	25	4	2	0	0	2	2	1	0	0	0	0
10000	437	30	300	4	25	5	2	0	0	3	3	1	0	0	0	0
10000	440	30	300	4	25	5	2	0	0	3	3	1	0	0	0	0
10000	447	30	300	4	25	4	2	0	0	2	2	1	0	0	0	0
10000	476	30	300	4	25	4	2	0	0	2	2	1	0	0	0	0
10000	477	30	300	4	25	5	2	0	0	2	2	1	0	0	0	0
10000	478	30	300	4	25	7	2	0	0	3	3	1	0	0	0	0
10000	480	30	300	4	25	4	2	0	0	2	2	1	0	0	0	0
10000	489	30	300	4	25	4	2	0	0	2	2	1	0	0	0	0
10000	491	30	300	4	25	4	2	0	0	2	2	1	0	0	0	0
10000	493	30	300	4	25	5	2	0	0	2	2	1	0	0	0	0
10000	495	30	300	4	25	6	2	0	0	2	2	1	0	0	0	0
10000	512	30	300	4	25	8	2	0	0	4	4	1	0	0	0	0
10000	517	30	300	4	25	5	2	0	0	2	2	1	0	0	0	0
10000	530	30	300	4	25	5	2	0	0	2	2	1	0	0	0	0
10000	542	30	300	4	25	6	2	0	0	2	2	1	0	0	0	0
10000	545	30	300	4	25	4	2	0	0	2	2	1	0	0	0	0
10000	558	30	300	4	25	5	2	0	0	2	2	1	0	0	0	0
10000	560	30	300	4	25	4	2	0	0	2	2	1	0	0	0	0
10000	569	30	300	4	25	4	2	0	0	2	2	1	0	0	0	0
10000	581	30	300	4	25	5	2	0	0	2	2	1	0	0	0	0
10000	593	30	300	4	25	4	2	0	0	2	2	1	0	0	0	0
10000	594	30	300	4	25	4	2	0	0	2	2	1	0	0	0	0
10000	600	30	300	4	25	4	2	0	0	2	2	1	0	0	0	0
10000	611	30	300	4	25	5	2	0	0	2	2	1	0	0	0	0
10000	627	30	300	4	25	5	2	0	0	3	3	1	0	0	0	0
10000	633	30	300	4	25	4	2	0	0	2	2	1	0	0	0	0
10000	638	30	300	4	25	5	2	0	0	2	2	1	0	0	0	0
10000	670	30	300	4	25	4	2	0	0	1	1	1	0	0	0	0
10000	680	30	300	4	25	9	2	0	0	3	3	1	0	0	0	0
10000	687	30	300	4	25	4	2	0	0	2	2	1	0	0	0	0
10000	694	30	300	4	25	5	2	0	0	3	3	1	0	0	0	0
10000	703	30	300	4	25	5	2	0	0	2	2	1	0	0	0	0
10000	712	30	300	4	25	5	2	0	0	2	2	1	0	0	0	0
10000	717	30	300	4	25	6	2	0	0	2	2	1	0	0	0	0
10000	724	30	300	4	25	4	2	0	0	2	2	1	0	0	0	0
10000	736	30	300	4	25	7	2	0	0	4	4	1	0	0	0	0
10000	766	30	300	4	25	5	2	0	0	2	2	1	0	0	0	0
10000	767	30	300	4	25	4	2	0	0	2	2	1	0	0	0	0
10000	777	30	300	4	25	7	2	0	0	2	2	1	0	0	0	0
10000	783	30	300	4	25	7	2	0	0	4	4	1	0	0	0	0
10000	790	30	300	4	25	5	2	0	0	2	2	1	0	0	0	0
10000	803	30	300	4	25	6	2	0	0	2	2	1	0	0	0	0
10000	832	30	300	4	25	4	2	0	0	2	2	1	0	0	0	0
10000	833	30	300	4	25	6	2	0	0	3	3	1	0	0	0	0
10000	839	30	300	4	25	4	2	0	0	2	2	1	0	0	0	0
10000	848	30	300	4	25	5	2	0	0	2	2	1	0	0	0	0
10000	859	30	300	4	25	8	2	0	0	4	4	1	0	0	0	0
10000	872	30	300	4	25	5	2	0	0	3	3	1	0	0	0	0
10000	882	30	300	4	25	4	2	0	0	2	2	1	0	0	0	0
10000	886	30	300	4	25	4	2	0	0	2	2	1	0	0	0	0
10000	898	30	300	4	25	4	2	0	0	2	2	1	0	0	0	0
10000	909	30	300	4	25	4	2	0	0	2	2	1	0	0	0	0
10000	910	30	300	4	25	5	2	0	0	2	2	1	0	0	0	0
10000	916	30	300	4	25	5	2	0	0	3	3	1	0	0	0	0
10000	918	30	300	4	25	5	2	0	0	2	2	1	0	0	0	0
10000	928	30	300	4	25	6	2	0	0	3	3	1	0	0	0	0
10000	940	30	300	4	25	7	2	0	0	2	2	1	0	0	0	0
10000	953	30	300	4	25	6	2	0	0	2	2	1	0	0	0	0
10000	963	30	300	4	25	5	2	0	0	3	3	1	0	0	0	0
10000	980	30	300	4	25	9	2	0	0	6	6	1	0	0	0	0
10000	983	30	300	4	25	5	2	0	0	2	2	1	0	0	0	0
10000	999	30	300	4	25	4	2	0	0	2	2	1	0	0	0	0
10000	3	40	300	4	25	8	2	0	0	3	3	1	0	0	0	0
10000	5	40	300	4	25	6	2	0	0	2	2	1	0	0	0	0
10000	8	40	300	4	25	6	2	0	0	2	2	1	0	0	0	0
10000	9	40	300	4	25	7	2	0	0	4	4	1	0	0	0	0
10000	13	40	300	4	25	4	2	0	0	2	2	1	0	0	0	0
10000	14	40	300	4	25	5	2	0	0	2	2	1	0	0	0	0
10000	17	40	300	4	25	9	2	0	0	5	5	1	0	0	0	0
10000	21	40	300	4	25	5	2	0	0	2	2	1	0	0	0	0
10000	22	40	300	4	25	4	2	0	0	2	2	1	0	0	0	0
10000	23	40	300	4	25	5	2	0	0	1	1	1	0	0	0	0
10000	25	40	300	4	25	5	2	0	0	2	2	1	0	0	0	0
10000	28	40	300	4	25	5	2	0	0	2	2	1	0	0	0	0
10000	29	40	300	4	25	4	2	0	0	2	2	1	0	0	0	0
10000	34	40	300	4	25	4	2	0	0	2	2	1	0	0	0	0
10000	36	40	300	4	25	5	2	0	0	2	2	1	0	0	0	0
10000	39	40	300	4	25	6	2	0	0	2	2	1	0	0	0	0
10000	44	40	300	4	25	7	2	0	0	3	3	1	0	0	0	0
10000	45	40	300	4	25	5	2	0	0	3	3	1	0	0	0	0
10000	50	40	300	4	25	5	2	0	0	2	2	1	0	0	0	0
10000	51	40	300	4	25	4	2	0	0	2	2	1	0	0	0	0
10000	56	40	300	4	25	4	2	0	0	2	2	1	0	0	0	0
10000	60	40	300	4	25	5	2	0	0	2	2	1	0	0	0	0
10000	68	40	300	4	25	4	2	0	0	2	2	1	0	0	0	0
10000	69	40	300	4	25	4	2	0	0	2	2	1	0	0	0	0
10000	75	40	300	4	25	5	2	0	0	3	3	1	0	0	0	0
10000	77	40	300	4	25	7	2	0	0	2	2	1	0	0	0	0
10000	81	40	300	4	25	6	2	0	0	3	3	1	0	0	0	0
10000	85	40	300	4	25	5	2	0	0	2	2	1	0	0	0	0
10000	86	40	300	4	25	4	2	0	0	2	2	1	0	0	0	0
10000	87	40	300	4	25	7	2	0	0	2	2	1	0	0	0	0
10000	89	40	300	4	25	6	2	0	0	2	2	1	0	0	0	0
10000	92	40	300	4	25	4	2	0	0	2	2	1	0	0	0	0
10000	96	40	300	4	25	11	2	0	0	8	8	1	0	0	0	0
10000	105	40	300	4	25	7	2	0	0	3	3	1	0	0	0	0
10000	107	40	300	4	25	5	2	0	0	2	2	1	0	0	0	0
10000	108	40	300	4	25	5	2	0	0	2	2	1	0	0	0	0
10000	109	40	300	4	25	4	2	0	0	2	2	1	0	0	0	0
10000	117	40	300	4	25	4	2	0	0	2	2	1	0	0	0	0
10000	121	40	300	4	25	4	2	0	0	2	2	1	0	0	0	0
10000	123	40	300	4	25	5	2	0	0	2	2	1	0	0	0	0
10000	125	40	300	4	25	5	2	0	0	2	2	1	0	0	0	0
10000	126	40	300	4	25	4	2	0	0	2	2	1	0	0	0	0
10000	129	40	300	4	25	5	2	0	0	2	2	1	0	0	0	0
10000	131	40	300	4	25	5	2	0	0	3	3	1	0	0	0	0
10000	140	40	300	4	25	6	2	0	0	4	4	1	0	0	0	0
10000	142	40	300	4	25	6	2	0	0	1	1	1	0	0	0	0
10000	150	40	300	4	25	5	2	0	0	2	2	1	0	0	0	0
10000	152	40	300	4	25	5	2	0	0	2	2	1	0	0	0	0
10000	155	40	300	4	25	7	2	0	0	2	2	1	0	0	0	0
10000	162	40	300	4	25	6	2	0	0	2	2	1	0	0	0	0
10000	165	40	300	4	25	6	2	0	0	3	3	1	0	0	0	0
10000	166	40	300	4	25	5	2	0	0	3	3	1	0	0	0	0
10000	169	40	300	4	25	4	2	0	0	2	2	1	0	0	0	0
10000	170	40	300	4	25	5	2	0	0	2	2	1	0	0	0	0
10000	171	40	300	4	25	6	2	0	0	2	2	1	0	0	0	0
10000	177	40	300	4	25	7	2	0	0	2	2	1	0	0	0	0
10000	178	40	300	4	25	4	2	0	0	2	2	1	0	0	0	0
10000	180	40	300	4	25	5	2	0	0	2	2	1	0	0	0	0
10000	183	40	300	4	25	5	2	0	0	2	2	1	0	0	0	0
10000	185	40	300	4	25	4	2	0	0	2	2	1	0	0	0	0
10000	188	40	300	4	25	4	2	0	0	2	2	1	0	0	0	0
10000	190	40	300	4	25	5	2	0	0	3	3	1	0	0	0	0
10000	192	40	300	4	25	5	2	0	0	3	3	1	0	0	0	0
10000	195	40	300	4	25	5	2	0	0	3	3	1	0	0	0	0
10000	197	40	300	4	25	4	2	0	0	2	2	1	0	0	0	0
10000	198	40	300	4	25	5	2	0	0	3	3	1	0	0	0	0
10000	199	40	300	4	25	4	2	0	0	2	2	1	0	0	0	0
10000	200	40	300	4	25	6	2	0	0	2	2	1	0	0	0	0
10000	202	40	300	4	25	5	2	0	0	2	2	1	0	0	0	0
10000	203	40	300	4	25	8	2	0	0	3	3	1	0	0	0	0
10000	207	40	300	4	25	4	2	0	0	2	2	1	0	0	0	0
10000	208	40	300	4	25	7	2	0	0	3	3	1	0	0	0	0
10000	210	40	300	4	25	6	2	0	0	4	4	1	0	0	0	0
10000	214	40	300	4	25	4	2	0	0	2	2	1	0	0	0	0
10000	215	40	300	4	25	6	2	0	0	5	5	1	0	0	0	0
10000	217	40	300	4	25	5	2	0	0	2	2	1	0	0	0	0
10000	224	40	300	4	25	4	2	0	0	2	2	1	0	0	0	0
10000	227	40	300	4	25	5	2	0	0	2	2	1	0	0	0	0
10000	232	40	300	4	25	5	2	0	0	2	2	1	0	0	0	0
10000	233	40	300	4	25	5	2	0	0	2	2	1	0	0	0	0
10000	234	40	300	4	25	4	2	0	0	2	2	1	0	0	0	0
10000	240	40	300	4	25	7	2	0	0	2	2	1	0	0	0	0
10000	242	40	300	4	25	5	2	0	0	2	2	1	0	0	0	0
10000	244	40	300	4	25	4	2	0	0	2	2	1	0	0	0	0
10000	249	40	300	4	25	5	2	0	0	2	2	1	0	0	0	0
10000	251	40	300	4	25	4	2	0	0	2	2	1	0	0	0	0
10000	252	40	300	4	25	4	2	0	0	2	2	1	0	0	0	0
10000	255	40	300	4	25	4	2	0	0	2	2	1	0	0	0	0
10000	256	40	300	4	25	7	2	0	0	3	3	1	0	0	0	0
10000	257	40	300	4	25	5	2	0	0	2	2	1	0	0	0	0
10000	260	40	300	4	25	4	2	0	0	2	2	1	0	0	0	0
10000	266	40	300	4	25	6	2	0	0	2	2	1	0	0	0	0
10000	267	40	300	4	25	4	2	0	0	2	2	1	0	0	0	0
10000	268	40	300	4	25	4	2	0	0	2	2	1	0	0	0	0
10000	274	40	300	4	25	4	2	0	0	2	2	1	0	0	0	0
10000	277	40	300	4	25	7	2	0	0	4	4	1	0	0	0	0
10000	281	40	300	4	25	4	2	0	0	2	2	1	0	0	0	0
10000	282	40	300	4	25	4	2	0	0	2	2	1	0	0	0	0
10000	285	40	300	4	25	5	2	0	0	3	3	1	0	0	0	0
10000	286	40	300	4	25	6	2	0	0	2	2	1	0	0	0	0
10000	287	40	300	4	25	6	2	0	0	5	5	1	0	0	0	0
10000	290	40	300	4	25	5	2	0	0	2	2	1	0	0	0	0
10000	293	40	300	4	25	6	2	0	0	3	3	1	0	0	0	0
10000	297	40	300	4	25	4	2	0	0	2	2	1	0	0	0	0
10000	298	40	300	4	25	6	2	0	0	3	3	1	0	0	0	0
10000	299	40	300	4	25	8	2	0	0	4	4	1	0	0	0	0
10000	300	40	300	4	25	7	2	0	0	2	2	1	0	0	0	0
10000	301	40	300	4	25	4	2	0	0	2	2	1	0	0	0	0
10000	303	40	300	4	25	4	2	0	0	2	2	1	0	0	0	0
10000	307	40	300	4	25	8	2	0	0	2	2	1	0	0	0	0
10000	309	40	300	4	25	6	2	0	0	2	2	1	0	0	0	0
10000	311	40	300	4	25	5	2	0	0	2	2	1	0	0	0	0
10000	312	40	300	4	25	10	2	0	0	6	6	1	0	0	0	0
10000	315	40	300	4	25	7	2	0	0	3	3	1	0	0	0	0
10000	316	40	300	4	25	4	2	0	0	2	2	1	0	0	0	0
10000	323	40	300	4	25	5	2	0	0	2	2	1	0	0	0	0
10000	324	40	300	4	25	4	2	0	0	2	2	1	0	0	0	0
10000	326	40	300	4	25	4	2	0	0	2	2	1	0	0	0	0
10000	332	40	300	4	25	8	2	0	0	3	3	1	0	0	0	0
10000	342	40	300	4	25	4	2	0	0	2	2	1	0	0	0	0
10000	344	40	300	4	25	5	2	0	0	2	2	1	0	0	0	0
10000	345	40	300	4	25	6	2	0	0	2	2	1	0	0	0	0
10000	347	40	300	4	25	5	2	0	0	2	2	1	0	0	0	0
10000	349	40	300	4	25	7	2	0	0	4	4	1	0	0	0	0
10000	351	40	300	4	25	5	2	0	0	2	2	1	0	0	0	0
10000	357	40	300	4	25	5	2	0	0	2	2	1	0	0	0	0
10000	359	40	300	4	25	4	2	0	0	1	1	1	0	0	0	0
10000	361	40	300	4	25	7	2	0	0	4	4	1	0	0	0	0
10000	369	40	300	4	25	5	2	0	0	2	2	1	0	0	0	0
10000	373	40	300	4	25	5	2	0	0	2	2	1	0	0	0	0
10000	376	40	300	4	25	5	2	0	0	2	2	1	0	0	0	0
10000	379	40	300	4	25	6	2	0	0	2	2	1	0	0	0	0
10000	380	40	300	4	25	6	2	0	0	2	2	1	0	0	0	0
10000	381	40	300	4	25	6	2	0	0	2	2	1	0	0	0	0
10000	382	40	300	4	25	5	2	0	0	3	3	1	0	0	0	0
10000	392	40	300	4	25	7	2	0	0	3	3	1	0	0	0	0
10000	393	40	300	4	25	4	2	0	0	2	2	1	0	0	0	0
10000	394	40	300	4	25	4	2	0	0	2	2	1	0	0	0	0
10000	396	40	300	4	25	5	2	0	0	2	2	1	0	0	0	0
10000	398	40	300	4	25	4	2	0	0	2	2	1	0	0	0	0
10000	404	40	300	4	25	8	2	0	0	3	3	1	0	0	0	0
10000	405	40	300	4	25	8	2	0	0	4	4	1	0	0	0	0
10000	419	40	300	4	25	9	2	0	0	3	3	1	0	0	0	0
10000	420	40	300	4	25	6	2	0	0	2	2	1	0	0	0	0
10000	421	40	300	4	25	8	2	0	0	3	3	1	0	0	0	0
10000	425	40	300	4	25	6	2	0	0	3	3	1	0	0	0	0
10000	432	40	300	4	25	5	2	0	0	2	2	1	0	0	0	0
10000	433	40	300	4	25	6	2	0	0	4	4	1	0	0	0	0
10000	435	40	300	4	25	7	2	0	0	3	3	1	0	0	0	0
10000	438	40	300	4	25	9	2	0	0	7	7	1	0	0	0	0
10000	440	40	300	4	25	7	2	0	0	4	4	1	0	0	0	0
10000	442	40	300	4	25	4	2	0	0	2	2	1	0	0	0	0
10000	447	40	300	4	25	6	2	0	0	2	2	1	0	0	0	0
10000	449	40	300	4	25	4	2	0	0	2	2	1	0	0	0	0
10000	456	40	300	4	25	5	2	0	0	2	2	1	0	0	0	0
10000	459	40	300	4	25	4	2	0	0	2	2	1	0	0	0	0
10000	466	40	300	4	25	6	2	0	0	4	4	1	0	0	0	0
10000	467	40	300	4	25	4	2	0	0	2	2	1	0	0	0	0
10000	468	40	300	4	25	4	2	0	0	2	2	1	0	0	0	0
10000	477	40	300	4	25	7	2	0	0	3	3	1	0	0	0	0
10000	478	40	300	4	25	5	2	0	0	3	3	1	0	0	0	0
10000	480	40	300	4	25	6	2	0	0	2	2	1	0	0	0	0
10000	488	40	300	4	25	4	2	0	0	2	2	1	0	0	0	0
10000	489	40	300	4	25	5	2	0	0	2	2	1	0	0	0	0
10000	491	40	300	4	25	6	2	0	0	2	2	1	0	0	0	0
10000	493	40	300	4	25	4	2	0	0	2	2	1	0	0	0	0
10000	495	40	300	4	25	5	2	0	0	1	1	1	0	0	0	0
10000	497	40	300	4	25	5	2	0	0	2	2	1	0	0	0	0
10000	500	40	300	4	25	6	2	0	0	2	2	1	0	0	0	0
10000	502	40	300	4	25	8	2	0	0	4	4	1	0	0	0	0
10000	505	40	300	4	25	4	2	0	0	2	2	1	0	0	0	0
10000	506	40	300	4	25	6	2	0	0	2	2	1	0	0	0	0
10000	507	40	300	4	25	5	2	0	0	2	2	1	0	0	0	0
10000	508	40	300	4	25	6	2	0	0	4	4	1	0	0	0	0
10000	509	40	300	4	25	5	2	0	0	3	3	1	0	0	0	0
10000	510	40	300	4	25	8	2	0	0	3	3	1	0	0	0	0
10000	512	40	300	4	25	9	2	0	0	6	6	1	0	0	0	0
10000	517	40	300	4	25	8	2	0	0	3	3	1	0	0	0	0
10000	520	40	300	4	25	5	2	0	0	2	2	1	0	0	0	0
10000	522	40	300	4	25	6	2	0	0	2	2	1	0	0	0	0
10000	524	40	300	4	25	5	2	0	0	1	1	1	0	0	0	0
10000	525	40	300	4	25	8	2	0	0	6	6	1	0	0	0	0
10000	530	40	300	4	25	7	2	0	0	2	2	1	0	0	0	0
10000	534	40	300	4	25	9	2	0	0	4	4	1	0	0	0	0
10000	536	40	300	4	25	4	2	0	0	1	1	1	0	0	0	0
10000	545	40	300	4	25	6	2	0	0	2	2	1	0	0	0	0
10000	546	40	300	4	25	6	2	0	0	3	3	1	0	0	0	0
10000	556	40	300	4	25	4	2	0	0	2	2	1	0	0	0	0
10000	557	40	300	4	25	4	2	0	0	2	2	1	0	0	0	0
10000	558	40	300	4	25	9	2	0	0	5	5	1	0	0	0	0
10000	559	40	300	4	25	5	2	0	0	2	2	1	0	0	0	0
10000	560	40	300	4	25	6	2	0	0	2	2	1	0	0	0	0
10000	563	40	300	4	25	5	2	0	0	2	2	1	0	0	0	0
10000	568	40	300	4	25	6	2	0	0	2	2	1	0	0	0	0
10000	570	40	300	4	25	7	2	0	0	3	3	1	0	0	0	0
10000	576	40	300	4	25	4	2	0	0	2	2	1	0	0	0	0
10000	577	40	300	4	25	4	2	0	0	2	2	1	0	0	0	0
10000	579	40	300	4	25	5	2	0	0	2	2	1	0	0	0	0
10000	580	40	300	4	25	4	2	0	0	2	2	1	0	0	0	0
10000	581	40	300	4	25	8	2	0	0	3	3	1	0	0	0	0
10000	586	40	300	4	25	4	2	0	0	2	2	1	0	0	0	0
10000	590	40	300	4	25	6	2	0	0	2	2	1	0	0	0	0
10000	593	40	300	4	25	7	2	0	0	2	2	1	0	0	0	0
10000	594	40	300	4	25	4	2	0	0	2	2	1	0	0	0	0
10000	598	40	300	4	25	5	2	0	0	2	2	1	0	0	0	0
10000	600	40	300	4	25	7	2	0	0	2	2	1	0	0	0	0
10000	610	40	300	4	25	5	2	0	0	2	2	1	0	0	0	0
10000	611	40	300	4	25	6	2	0	0	4	4	1	0	0	0	0
10000	619	40	300	4	25	4	2	0	0	1	1	1	0	0	0	0
10000	626	40	300	4	25	4	2	0	0	2	2	1	0	0	0	0
10000	627	40	300	4	25	8	2	0	0	4	4	1	0	0	0	0
10000	629	40	300	4	25	4	2	0	0	2	2	1	0	0	0	0
10000	633	40	300	4	25	6	2	0	0	2	2	1	0	0	0	0
10000	634	40	300	4	25	4	2	0	0	2	2	1	0	0	0	0
10000	635	40	300	4	25	5	2	0	0	2	2	1	0	0	0	0
10000	638	40	300	4	25	6	2	0	0	3	3	1	0	0	0	0
10000	642	40	300	4	25	7	2	0	0	3	3	1	0	0	0	0
10000	643	40	300	4	25	6	2	0	0	3	3	1	0	0	0	0
10000	646	40	300	4	25	5	2	0	0	2	2	1	0	0	0	0
10000	648	40	300	4	25	5	2	0	0	3	3	1	0	0	0	0
10000	650	40	300	4	25	9	2	0	0	5	5	1	0	0	0	0
10000	654	40	300	4	25	4	2	0	0	2	2	1	0	0	0	0
10000	655	40	300	4	25	4	2	0	0	2	2	1	0	0	0	0
10000	656	40	300	4	25	6	2	0	0	2	2	1	0	0	0	0
10000	659	40	300	4	25	4	2	0	0	2	2	1	0	0	0	0
10000	661	40	300	4	25	4	2	0	0	2	2	1	0	0	0	0
10000	662	40	300	4	25	5	2	0	0	3	3	1	0	0	0	0
10000	665	40	300	4	25	5	2	0	0	2	2	1	0	0	0	0
10000	666	40	300	4	25	4	2	0	0	2	2	1	0	0	0	0
10000	670	40	300	4	25	7	2	0	0	2	2	1	0	0	0	0
10000	671	40	300	4	25	6	2	0	0	4	4	1	0	0	0	0
10000	675	40	300	4	25	5	2	0	0	2	2	1	0	0	0	0
10000	680	40	300	4	25	9	2	0	0	4	4	1	0	0	0	0
10000	682	40	300	4	25	4	2	0	0	1	1	1	0	0	0	0
10000	684	40	300	4	25	6	2	0	0	2	2	1	0	0	0	0
10000	687	40	300	4	25	5	2	0	0	2	2	1	0	0	0	0
10000	688	40	300	4	25	7	2	0	0	5	5	1	0	0	0	0
10000	691	40	300	4	25	4	2	0	0	2	2	1	0	0	0	0
10000	695	40	300	4	25	6	2	0	0	2	2	1	0	0	0	0
10000	697	40	300	4	25	6	2	0	0	2	2	1	0	0	0	0
10000	703	40	300	4	25	4	2	0	0	1	1	1	0	0	0	0
10000	705	40	300	4	25	5	2	0	0	2	2	1	0	0	0	0
10000	706	40	300	4	25	6	2	0	0	2	2	1	0	0	0	0
10000	708	40	300	4	25	5	2	0	0	2	2	1	0	0	0	0
10000	713	40	300	4	25	7	2	0	0	4	4	1	0	0	0	0
10000	718	40	300	4	25	4	2	0	0	2	2	1	0	0	0	0
10000	723	40	300	4	25	4	2	0	0	2	2	1	0	0	0	0
10000	724	40	300	4	25	6	2	0	0	2	2	1	0	0	0	0
10000	729	40	300	4	25	6	2	0	0	2	2	1	0	0	0	0
10000	730	40	300	4	25	6	2	0	0	2	2	1	0	0	0	0
10000	736	40	300	4	25	12	2	0	0	6	6	1	0	0	0	0
10000	742	40	300	4	25	4	2	0	0	2	2	1	0	0	0	0
10000	744	40	300	4	25	4	2	0	0	2	2	1	0	0	0	0
10000	756	40	300	4	25	5	2	0	0	2	2	1	0	0	0	0
10000	757	40	300	4	25	4	2	0	0	2	2	1	0	0	0	0
10000	760	40	300	4	25	6	2	0	0	3	3	1	0	0	0	0
10000	762	40	300	4	25	4	2	0	0	2	2	1	0	0	0	0
10000	766	40	300	4	25	4	2	0	0	1	1	1	0	0	0	0
10000	767	40	300	4	25	4	2	0	0	1	1	1	0	0	0	0
10000	775	40	300	4	25	6	2	0	0	2	2	1	0	0	0	0
10000	783	40	300	4	25	5	2	0	0	3	3	1	0	0	0	0
10000	786	40	300	4	25	5	2	0	0	3	3	1	0	0	0	0
10000	792	40	300	4	25	6	2	0	0	3	3	1	0	0	0	0
10000	797	40	300	4	25	4	2	0	0	2	2	1	0	0	0	0
10000	798	40	300	4	25	5	2	0	0	2	2	1	0	0	0	0
10000	800	40	300	4	25	5	2	0	0	3	3	1	0	0	0	0
10000	802	40	300	4	25	4	2	0	0	2	2	1	0	0	0	0
10000	803	40	300	4	25	6	2	0	0	2	2	1	0	0	0	0
10000	807	40	300	4	25	8	2	0	0	3	3	1	0	0	0	0
10000	808	40	300	4	25	5	2	0	0	3	3	1	0	0	0	0
10000	811	40	300	4	25	9	2	0	0	6	6	1	0	0	0	0
10000	814	40	300	4	25	6	2	0	0	2	2	1	0	0	0	0
10000	817	40	300	4	25	4	2	0	0	2	2	1	0	0	0	0
10000	818	40	300	4	25	4	2	0	0	1	1	1	0	0	0	0
10000	824	40	300	4	25	5	2	0	0	3	3	1	0	0	0	0
10000	829	40	300	4	25	7	2	0	0	4	4	1	0	0	0	0
10000	832	40	300	4	25	6	2	0	0	3	3	1	0	0	0	0
10000	833	40	300	4	25	6	2	0	0	2	2	1	0	0	0	0
10000	838	40	300	4	25	4	2	0	0	2	2	1	0	0	0	0
10000	843	40	300	4	25	5	2	0	0	2	2	1	0	0	0	0
10000	848	40	300	4	25	4	2	0	0	1	1	1	0	0	0	0
10000	849	40	300	4	25	4	2	0	0	2	2	1	0	0	0	0
10000	851	40	300	4	25	4	2	0	0	2	2	1	0	0	0	0
10000	853	40	300	4	25	4	2	0	0	2	2	1	0	0	0	0
10000	857	40	300	4	25	4	2	0	0	2	2	1	0	0	0	0
10000	858	40	300	4	25	7	2	0	0	5	5	1	0	0	0	0
10000	859	40	300	4	25	9	2	0	0	4	4	1	0	0	0	0
10000	865	40	300	4	25	7	2	0	0	4	4	1	0	0	0	0
10000	867	40	300	4	25	5	2	0	0	2	2	1	0	0	0	0
10000	869	40	300	4	25	4	2	0	0	2	2	1	0	0	0	0
10000	872	40	300	4	25	5	2	0	0	3	3	1	0	0	0	0
10000	874	40	300	4	25	4	2	0	0	2	2	1	0	0	0	0
10000	878	40	300	4	25	5	2	0	0	2	2	1	0	0	0	0
10000	882	40	300	4	25	6	2	0	0	2	2	1	0	0	0	0
10000	886	40	300	4	25	4	2	0	0	2	2	1	0	0	0	0
10000	887	40	300	4	25	4	2	0	0	2	2	1	0	0	0	0
10000	889	40	300	4	25	5	2	0	0	2	2	1	0	0	0	0
10000	890	40	300	4	25	7	2	0	0	3	3	1	0	0	0	0
10000	891	40	300	4	25	6	2	0	0	4	4	1	0	0	0	0
10000	892	40	300	4	25	5	2	0	0	2	2	1	0	0	0	0
10000	895	40	300	4	25	6	2	0	0	2	2	1	0	0	0	0
10000	898	40	300	4	25	7	2	0	0	3	3	1	0	0	0	0
10000	907	40	300	4	25	4	2	0	0	2	2	1	0	0	0	0
10000	909	40	300	4	25	4	2	0	0	2	2	1	0	0	0	0
10000	910	40	300	4	25	5	2	0	0	2	2	1	0	0	0	0
10000	916	40	300	4	25	4	2	0	0	2	2	1	0	0	0	0
10000	918	40	300	4	25	4	2	0	0	1	1	1	0	0	0	0
10000	921	40	300	4	25	6	2	0	0	3	3	1	0	0	0	0
10000	925	40	300	4	25	4	2	0	0	2	2	1	0	0	0	0
10000	926	40	300	4	25	4	2	0	0	2	2	1	0	0	0	0
10000	928	40	300	4	25	5	2	0	0	2	2	1	0	0	0	0
10000	932	40	300	4	25	5	2	0	0	3	3	1	0	0	0	0
10000	933	40	300	4	25	4	2	0	0	2	2	1	0	0	0	0
10000	936	40	300	4	25	5	2	0	0	2	2	1	0	0	0	0
10000	940	40	300	4	25	4	2	0	0	2	2	1	0	0	0	0
10000	945	40	300	4	25	4	2	0	0	2	2	1	0	0	0	0
10000	952	40	300	4	25	5	2	0	0	2	2	1	0	0	0	0
10000	953	40	300	4	25	4	2	0	0	2	2	1	0	0	0	0
10000	954	40	300	4	25	4	2	0	0	2	2	1	0	0	0	0
10000	956	40	300	4	25	6	2	0	0	2	2	1	0	0	0	0
10000	957	40	300	4	25	7	2	0	0	3	3	1	0	0	0	0
10000	960	40	300	4	25	4	2	0	0	2	2	1	0	0	0	0
10000	961	40	300	4	25	5	2	0	0	2	2	1	0	0	0	0
10000	963	40	300	4	25	7	2	0	0	3	3	1	0	0	0	0
10000	964	40	300	4	25	5	2	0	0	2	2	1	0	0	0	0
10000	965	40	300	4	25	6	2	0	0	2	2	1	0	0	0	0
10000	966	40	300	4	25	7	2	0	0	2	2	1	0	0	0	0
10000	967	40	300	4	25	6	2	0	0	2	2	1	0	0	0	0
10000	969	40	300	4	25	6	2	0	0	2	2	1	0	0	0	0
10000	970	40	300	4	25	4	2	0	0	2	2	1	0	0	0	0
10000	971	40	300	4	25	4	2	0	0	2	2	1	0	0	0	0
10000	980	40	300	4	25	8	2	0	0	5	5	1	0	0	0	0
10000	983	40	300	4	25	7	2	0	0	3	3	1	0	0	0	0
10000	989	40	300	4	25	4	2	0	0	2	2	1	0	0	0	0
10000	990	40	300	4	25	5	2	0	0	3	3	1	0	0	0	0
10000	992	40	300	4	25	4	2	0	0	2	2	1	0	0	0	0
10000	995	40	300	4	25	5	2	0	0	2	2	1	0	0	0	0
10000	996	40	300	4	25	5	2	0	0	2	2	1	0	0	0	0
10000	998	40	300	4	25	5	2	0	0	2	2	1	0	0	0	0
10000	999	40	300	4	25	5	2	0	0	2	2	1	0	0	0	0
10000	2	50	300	4	25	5	2	0	0	2	2	1	0	0	0	0
10000	3	50	300	4	25	7	2	0	0	3	3	1	0	0	0	0
10000	5	50	300	4	25	5	2	0	0	2	2	1	0	0	0	0
10000	6	50	300	4	25	5	2	0	0	2	2	1	0	0	0	0
10000	8	50	300	4	25	6	2	0	0	3	3	1	0	0	0	0
10000	9	50	300	4	25	6	2	0	0	4	4	1	0	0	0	0
10000	13	50	300	4	25	5	2	0	0	2	2	1	0	0	0	0
10000	14	50	300	4	25	6	2	0	0	2	2	1	0	0	0	0
10000	17	50	300	4	25	9	2	0	0	4	4	1	0	0	0	0
10000	18	50	300	4	25	5	2	0	0	2	2	1	0	0	0	0
10000	19	50	300	4	25	5	2	0	0	2	2	1	0	0	0	0
10000	20	50	300	4	25	4	2	0	0	2	2	1	0	0	0	0
10000	21	50	300	4	25	4	2	0	0	2	2	1	0	0	0	0
10000	22	50	300	4	25	7	2	0	0	2	2	1	0	0	0	0
10000	24	50	300	4	25	7	2	0	0	2	2	1	0	0	0	0
10000	25	50	300	4	25	8	2	0	0	3	3	1	0	0	0	0
10000	27	50	300	4	25	7	2	0	0	5	5	1	0	0	0	0
10000	28	50	300	4	25	8	2	0	0	4	4	1	0	0	0	0
10000	29	50	300	4	25	6	2	0	0	2	2	1	0	0	0	0
10000	31	50	300	4	25	4	2	0	0	1	1	1	0	0	0	0
10000	34	50	300	4	25	5	2	0	0	3	3	1	0	0	0	0
10000	36	50	300	4	25	6	2	0	0	2	2	1	0	0	0	0
10000	37	50	300	4	25	6	2	0	0	2	2	1	0	0	0	0
10000	40	50	300	4	25	5	2	0	0	3	3	1	0	0	0	0
10000	44	50	300	4	25	6	2	0	0	3	3	1	0	0	0	0
10000	48	50	300	4	25	5	2	0	0	2	2	1	0	0	0	0
10000	50	50	300	4	25	6	2	0	0	2	2	1	0	0	0	0
10000	53	50	300	4	25	5	2	0	0	2	2	1	0	0	0	0
10000	54	50	300	4	25	5	2	0	0	2	2	1	0	0	0	0
10000	57	50	300	4	25	6	2	0	0	2	2	1	0	0	0	0
10000	61	50	300	4	25	7	2	0	0	2	2	1	0	0	0	0
10000	62	50	300	4	25	7	2	0	0	2	2	1	0	0	0	0
10000	66	50	300	4	25	5	2	0	0	2	2	1	0	0	0	0
10000	68	50	300	4	25	4	2	0	0	2	2	1	0	0	0	0
10000	69	50	300	4	25	4	2	0	0	1	1	1	0	0	0	0
10000	70	50	300	4	25	5	2	0	0	2	2	1	0	0	0	0
10000	75	50	300	4	25	5	2	0	0	3	3	1	0	0	0	0
10000	76	50	300	4	25	4	2	0	0	2	2	1	0	0	0	0
10000	77	50	300	4	25	7	2	0	0	2	2	1	0	0	0	0
10000	79	50	300	4	25	7	2	0	0	3	3	1	0	0	0	0
10000	80	50	300	4	25	7	2	0	0	2	2	1	0	0	0	0
10000	81	50	300	4	25	8	2	0	0	4	4	1	0	0	0	0
10000	83	50	300	4	25	5	2	0	0	2	2	1	0	0	0	0
10000	84	50	300	4	25	4	2	0	0	2	2	1	0	0	0	0
10000	86	50	300	4	25	8	2	0	0	3	3	1	0	0	0	0
10000	88	50	300	4	25	7	2	0	0	2	2	1	0	0	0	0
10000	89	50	300	4	25	7	2	0	0	2	2	1	0	0	0	0
10000	92	50	300	4	25	6	2	0	0	2	2	1	0	0	0	0
10000	93	50	300	4	25	5	2	0	0	2	2	1	0	0	0	0
10000	94	50	300	4	25	5	2	0	0	2	2	1	0	0	0	0
10000	95	50	300	4	25	7	2	0	0	4	4	1	0	0	0	0
10000	100	50	300	4	25	4	2	0	0	2	2	1	0	0	0	0
10000	102	50	300	4	25	4	2	0	0	2	2	1	0	0	0	0
10000	103	50	300	4	25	4	2	0	0	1	1	1	0	0	0	0
10000	105	50	300	4	25	6	2	0	0	2	2	1	0	0	0	0
10000	106	50	300	4	25	5	2	0	0	2	2	1	0	0	0	0
10000	109	50	300	4	25	6	2	0	0	3	3	1	0	0	0	0
10000	110	50	300	4	25	4	2	0	0	2	2	1	0	0	0	0
10000	111	50	300	4	25	7	2	0	0	2	2	1	0	0	0	0
10000	114	50	300	4	25	8	2	0	0	3	3	1	0	0	0	0
10000	115	50	300	4	25	4	2	0	0	2	2	1	0	0	0	0
10000	116	50	300	4	25	4	2	0	0	2	2	1	0	0	0	0
10000	117	50	300	4	25	4	2	0	0	2	2	1	0	0	0	0
10000	118	50	300	4	25	5	2	0	0	2	2	1	0	0	0	0
10000	120	50	300	4	25	8	2	0	0	3	3	1	0	0	0	0
10000	121	50	300	4	25	7	2	0	0	3	3	1	0	0	0	0
10000	123	50	300	4	25	4	2	0	0	2	2	1	0	0	0	0
10000	125	50	300	4	25	8	2	0	0	3	3	1	0	0	0	0
10000	126	50	300	4	25	6	2	0	0	2	2	1	0	0	0	0
10000	127	50	300	4	25	5	2	0	0	3	3	1	0	0	0	0
10000	129	50	300	4	25	5	2	0	0	2	2	1	0	0	0	0
10000	131	50	300	4	25	10	2	0	0	7	7	1	0	0	0	0
10000	132	50	300	4	25	6	2	0	0	5	5	1	0	0	0	0
10000	133	50	300	4	25	4	2	0	0	2	2	1	0	0	0	0
10000	134	50	300	4	25	4	2	0	0	2	2	1	0	0	0	0
10000	137	50	300	4	25	5	2	0	0	2	2	1	0	0	0	0
10000	145	50	300	4	25	5	2	0	0	2	2	1	0	0	0	0
10000	146	50	300	4	25	6	2	0	0	2	2	1	0	0	0	0
10000	147	50	300	4	25	10	2	0	0	5	5	1	0	0	0	0
10000	149	50	300	4	25	4	2	0	0	2	2	1	0	0	0	0
10000	150	50	300	4	25	7	2	0	0	2	2	1	0	0	0	0
10000	152	50	300	4	25	9	2	0	0	4	4	1	0	0	0	0
10000	156	50	300	4	25	9	2	0	0	5	5	1	0	0	0	0
10000	158	50	300	4	25	7	2	0	0	2	2	1	0	0	0	0
10000	160	50	300	4	25	6	2	0	0	2	2	1	0	0	0	0
10000	161	50	300	4	25	10	2	0	0	4	4	1	0	0	0	0
10000	164	50	300	4	25	5	2	0	0	3	3	1	0	0	0	0
10000	166	50	300	4	25	6	2	0	0	3	3	1	0	0	0	0
10000	167	50	300	4	25	5	2	0	0	3	3	1	0	0	0	0
10000	170	50	300	4	25	4	2	0	0	2	2	1	0	0	0	0
10000	171	50	300	4	25	6	2	0	0	2	2	1	0	0	0	0
10000	172	50	300	4	25	4	2	0	0	2	2	1	0	0	0	0
10000	174	50	300	4	25	5	2	0	0	2	2	1	0	0	0	0
10000	175	50	300	4	25	6	2	0	0	4	4	1	0	0	0	0
10000	177	50	300	4	25	7	2	0	0	2	2	1	0	0	0	0
10000	178	50	300	4	25	7	2	0	0	2	2	1	0	0	0	0
10000	179	50	300	4	25	8	2	0	0	4	4	1	0	0	0	0
10000	180	50	300	4	25	6	2	0	0	2	2	1	0	0	0	0
10000	181	50	300	4	25	4	2	0	0	1	1	1	0	0	0	0
10000	183	50	300	4	25	10	2	0	0	6	6	1	0	0	0	0
10000	185	50	300	4	25	7	2	0	0	3	3	1	0	0	0	0
10000	190	50	300	4	25	6	2	0	0	4	4	1	0	0	0	0
10000	191	50	300	4	25	5	2	0	0	3	3	1	0	0	0	0
10000	192	50	300	4	25	8	2	0	0	5	5	1	0	0	0	0
10000	194	50	300	4	25	8	2	0	0	4	4	1	0	0	0	0
10000	195	50	300	4	25	6	2	0	0	2	2	1	0	0	0	0
10000	198	50	300	4	25	8	2	0	0	5	5	1	0	0	0	0
10000	199	50	300	4	25	5	2	0	0	1	1	1	0	0	0	0
10000	203	50	300	4	25	8	2	0	0	2	2	1	0	0	0	0
10000	204	50	300	4	25	5	2	0	0	2	2	1	0	0	0	0
10000	207	50	300	4	25	7	2	0	0	2	2	1	0	0	0	0
10000	209	50	300	4	25	5	2	0	0	2	2	1	0	0	0	0
10000	214	50	300	4	25	5	2	0	0	3	3	1	0	0	0	0
10000	215	50	300	4	25	8	2	0	0	7	7	1	0	0	0	0
10000	216	50	300	4	25	5	2	0	0	3	3	1	0	0	0	0
10000	218	50	300	4	25	7	2	0	0	2	2	1	0	0	0	0
10000	221	50	300	4	25	4	2	0	0	2	2	1	0	0	0	0
10000	222	50	300	4	25	11	2	0	0	10	10	1	0	0	0	0
10000	223	50	300	4	25	7	2	0	0	4	4	1	0	0	0	0
10000	224	50	300	4	25	8	2	0	0	3	3	1	0	0	0	0
10000	227	50	300	4	25	7	2	0	0	2	2	1	0	0	0	0
10000	229	50	300	4	25	5	2	0	0	2	2	1	0	0	0	0
10000	230	50	300	4	25	5	2	0	0	3	3	1	0	0	0	0
10000	239	50	300	4	25	5	2	0	0	2	2	1	0	0	0	0
10000	240	50	300	4	25	5	2	0	0	2	2	1	0	0	0	0
10000	241	50	300	4	25	6	2	0	0	3	3	1	0	0	0	0
10000	244	50	300	4	25	6	2	0	0	2	2	1	0	0	0	0
10000	249	50	300	4	25	6	2	0	0	2	2	1	0	0	0	0
10000	252	50	300	4	25	6	2	0	0	3	3	1	0	0	0	0
10000	255	50	300	4	25	7	2	0	0	2	2	1	0	0	0	0
10000	256	50	300	4	25	10	2	0	0	4	4	1	0	0	0	0
10000	257	50	300	4	25	6	2	0	0	2	2	1	0	0	0	0
10000	260	50	300	4	25	6	2	0	0	4	4	1	0	0	0	0
10000	265	50	300	4	25	4	2	0	0	2	2	1	0	0	0	0
10000	266	50	300	4	25	4	2	0	0	1	1	1	0	0	0	0
10000	267	50	300	4	25	5	2	0	0	2	2	1	0	0	0	0
10000	268	50	300	4	25	9	2	0	0	3	3	1	0	0	0	0
10000	269	50	300	4	25	4	2	0	0	2	2	1	0	0	0	0
10000	274	50	300	4	25	7	2	0	0	4	4	1	0	0	0	0
10000	277	50	300	4	25	7	2	0	0	4	4	1	0	0	0	0
10000	278	50	300	4	25	5	2	0	0	2	2	1	0	0	0	0
10000	279	50	300	4	25	6	2	0	0	5	5	1	0	0	0	0
10000	280	50	300	4	25	6	2	0	0	3	3	1	0	0	0	0
10000	281	50	300	4	25	4	2	0	0	2	2	1	0	0	0	0
10000	282	50	300	4	25	4	2	0	0	2	2	1	0	0	0	0
10000	283	50	300	4	25	5	2	0	0	2	2	1	0	0	0	0
10000	284	50	300	4	25	6	2	0	0	2	2	1	0	0	0	0
10000	285	50	300	4	25	6	2	0	0	5	5	1	0	0	0	0
10000	287	50	300	4	25	11	2	0	0	8	8	1	0	0	0	0
10000	289	50	300	4	25	7	2	0	0	4	4	1	0	0	0	0
10000	290	50	300	4	25	7	2	0	0	3	3	1	0	0	0	0
10000	292	50	300	4	25	5	2	0	0	3	3	1	0	0	0	0
10000	293	50	300	4	25	5	2	0	0	2	2	1	0	0	0	0
10000	294	50	300	4	25	4	2	0	0	2	2	1	0	0	0	0
10000	297	50	300	4	25	8	2	0	0	5	5	1	0	0	0	0
10000	298	50	300	4	25	4	2	0	0	1	1	1	0	0	0	0
10000	299	50	300	4	25	8	2	0	0	3	3	1	0	0	0	0
10000	301	50	300	4	25	6	2	0	0	2	2	1	0	0	0	0
10000	302	50	300	4	25	5	2	0	0	2	2	1	0	0	0	0
10000	303	50	300	4	25	5	2	0	0	2	2	1	0	0	0	0
10000	304	50	300	4	25	6	2	0	0	2	2	1	0	0	0	0
10000	306	50	300	4	25	6	2	0	0	3	3	1	0	0	0	0
10000	309	50	300	4	25	7	2	0	0	2	2	1	0	0	0	0
10000	311	50	300	4	25	5	2	0	0	2	2	1	0	0	0	0
10000	312	50	300	4	25	10	2	0	0	4	4	1	0	0	0	0
10000	313	50	300	4	25	5	2	0	0	2	2	1	0	0	0	0
10000	315	50	300	4	25	10	2	0	0	5	5	1	0	0	0	0
10000	316	50	300	4	25	5	2	0	0	2	2	1	0	0	0	0
10000	317	50	300	4	25	8	2	0	0	5	5	1	0	0	0	0
10000	318	50	300	4	25	6	2	0	0	2	2	1	0	0	0	0
10000	320	50	300	4	25	4	2	0	0	1	1	1	0	0	0	0
10000	321	50	300	4	25	4	2	0	0	2	2	1	0	0	0	0
10000	322	50	300	4	25	5	2	0	0	2	2	1	0	0	0	0
10000	323	50	300	4	25	7	2	0	0	2	2	1	0	0	0	0
10000	324	50	300	4	25	8	2	0	0	5	5	1	0	0	0	0
10000	326	50	300	4	25	7	2	0	0	3	3	1	0	0	0	0
10000	327	50	300	4	25	5	2	0	0	3	3	1	0	0	0	0
10000	328	50	300	4	25	4	2	0	0	2	2	1	0	0	0	0
10000	329	50	300	4	25	6	2	0	0	3	3	1	0	0	0	0
10000	330	50	300	4	25	4	2	0	0	2	2	1	0	0	0	0
10000	332	50	300	4	25	6	2	0	0	2	2	1	0	0	0	0
10000	335	50	300	4	25	8	2	0	0	3	3	1	0	0	0	0
10000	337	50	300	4	25	4	2	0	0	2	2	1	0	0	0	0
10000	341	50	300	4	25	4	2	0	0	2	2	1	0	0	0	0
10000	342	50	300	4	25	4	2	0	0	1	1	1	0	0	0	0
10000	343	50	300	4	25	7	2	0	0	4	4	1	0	0	0	0
10000	344	50	300	4	25	6	2	0	0	2	2	1	0	0	0	0
10000	346	50	300	4	25	5	2	0	0	2	2	1	0	0	0	0
10000	347	50	300	4	25	6	2	0	0	2	2	1	0	0	0	0
10000	349	50	300	4	25	8	2	0	0	3	3	1	0	0	0	0
10000	351	50	300	4	25	6	2	0	0	3	3	1	0	0	0	0
10000	354	50	300	4	25	7	2	0	0	4	4	1	0	0	0	0
10000	355	50	300	4	25	5	2	0	0	3	3	1	0	0	0	0
10000	356	50	300	4	25	4	2	0	0	2	2	1	0	0	0	0
10000	357	50	300	4	25	9	2	0	0	4	4	1	0	0	0	0
10000	360	50	300	4	25	6	2	0	0	3	3	1	0	0	0	0
10000	361	50	300	4	25	7	2	0	0	4	4	1	0	0	0	0
10000	363	50	300	4	25	7	2	0	0	2	2	1	0	0	0	0
10000	364	50	300	4	25	7	2	0	0	5	5	1	0	0	0	0
10000	366	50	300	4	25	4	2	0	0	1	1	1	0	0	0	0
10000	372	50	300	4	25	7	2	0	0	3	3	1	0	0	0	0
10000	373	50	300	4	25	7	2	0	0	3	3	1	0	0	0	0
10000	376	50	300	4	25	7	2	0	0	4	4	1	0	0	0	0
10000	380	50	300	4	25	4	2	0	0	2	2	1	0	0	0	0
10000	382	50	300	4	25	9	2	0	0	5	5	1	0	0	0	0
10000	387	50	300	4	25	4	2	0	0	2	2	1	0	0	0	0
10000	388	50	300	4	25	5	2	0	0	2	2	1	0	0	0	0
10000	389	50	300	4	25	8	2	0	0	4	4	1	0	0	0	0
10000	392	50	300	4	25	8	2	0	0	4	4	1	0	0	0	0
10000	393	50	300	4	25	5	2	0	0	2	2	1	0	0	0	0
10000	395	50	300	4	25	4	2	0	0	2	2	1	0	0	0	0
10000	396	50	300	4	25	6	2	0	0	2	2	1	0	0	0	0
10000	397	50	300	4	25	4	2	0	0	2	2	1	0	0	0	0
10000	398	50	300	4	25	6	2	0	0	2	2	1	0	0	0	0
10000	399	50	300	4	25	6	2	0	0	2	2	1	0	0	0	0
10000	408	50	300	4	25	6	2	0	0	2	2	1	0	0	0	0
10000	409	50	300	4	25	5	2	0	0	2	2	1	0	0	0	0
10000	410	50	300	4	25	6	2	0	0	3	3	1	0	0	0	0
10000	414	50	300	4	25	4	2	0	0	2	2	1	0	0	0	0
10000	415	50	300	4	25	6	2	0	0	3	3	1	0	0	0	0
10000	416	50	300	4	25	5	2	0	0	3	3	1	0	0	0	0
10000	418	50	300	4	25	6	2	0	0	2	2	1	0	0	0	0
10000	420	50	300	4	25	7	2	0	0	2	2	1	0	0	0	0
10000	421	50	300	4	25	7	2	0	0	3	3	1	0	0	0	0
10000	423	50	300	4	25	6	2	0	0	3	3	1	0	0	0	0
10000	425	50	300	4	25	7	2	0	0	3	3	1	0	0	0	0
10000	428	50	300	4	25	8	2	0	0	5	5	1	0	0	0	0
10000	429	50	300	4	25	7	2	0	0	3	3	1	0	0	0	0
10000	430	50	300	4	25	6	2	0	0	2	2	1	0	0	0	0
10000	432	50	300	4	25	7	2	0	0	2	2	1	0	0	0	0
10000	434	50	300	4	25	7	2	0	0	3	3	1	0	0	0	0
10000	435	50	300	4	25	9	2	0	0	3	3	1	0	0	0	0
10000	436	50	300	4	25	4	2	0	0	2	2	1	0	0	0	0
10000	437	50	300	4	25	6	2	0	0	2	2	1	0	0	0	0
10000	438	50	300	4	25	7	2	0	0	5	5	1	0	0	0	0
10000	440	50	300	4	25	8	2	0	0	4	4	1	0	0	0	0
10000	441	50	300	4	25	7	2	0	0	2	2	1	0	0	0	0
10000	442	50	300	4	25	5	2	0	0	2	2	1	0	0	0	0
10000	446	50	300	4	25	4	2	0	0	2	2	1	0	0	0	0
10000	447	50	300	4	25	7	2	0	0	2	2	1	0	0	0	0
10000	449	50	300	4	25	7	2	0	0	2	2	1	0	0	0	0
10000	451	50	300	4	25	7	2	0	0	2	2	1	0	0	0	0
10000	454	50	300	4	25	5	2	0	0	2	2	1	0	0	0	0
10000	456	50	300	4	25	5	2	0	0	2	2	1	0	0	0	0
10000	458	50	300	4	25	5	2	0	0	2	2	1	0	0	0	0
10000	459	50	300	4	25	5	2	0	0	1	1	1	0	0	0	0
10000	460	50	300	4	25	5	2	0	0	2	2	1	0	0	0	0
10000	463	50	300	4	25	5	2	0	0	2	2	1	0	0	0	0
10000	464	50	300	4	25	6	2	0	0	2	2	1	0	0	0	0
10000	466	50	300	4	25	7	2	0	0	5	5	1	0	0	0	0
10000	469	50	300	4	25	5	2	0	0	2	2	1	0	0	0	0
10000	473	50	300	4	25	5	2	0	0	3	3	1	0	0	0	0
10000	476	50	300	4	25	4	2	0	0	2	2	1	0	0	0	0
10000	477	50	300	4	25	7	2	0	0	2	2	1	0	0	0	0
10000	478	50	300	4	25	7	2	0	0	2	2	1	0	0	0	0
10000	484	50	300	4	25	5	2	0	0	2	2	1	0	0	0	0
10000	485	50	300	4	25	5	2	0	0	2	2	1	0	0	0	0
10000	486	50	300	4	25	5	2	0	0	3	3	1	0	0	0	0
10000	489	50	300	4	25	7	2	0	0	2	2	1	0	0	0	0
10000	490	50	300	4	25	6	2	0	0	4	4	1	0	0	0	0
10000	491	50	300	4	25	7	2	0	0	2	2	1	0	0	0	0
10000	496	50	300	4	25	6	2	0	0	3	3	1	0	0	0	0
10000	497	50	300	4	25	6	2	0	0	3	3	1	0	0	0	0
10000	498	50	300	4	25	8	2	0	0	4	4	1	0	0	0	0
10000	499	50	300	4	25	4	2	0	0	2	2	1	0	0	0	0
10000	504	50	300	4	25	6	2	0	0	2	2	1	0	0	0	0
10000	506	50	300	4	25	4	2	0	0	1	1	1	0	0	0	0
10000	508	50	300	4	25	7	2	0	0	3	3	1	0	0	0	0
10000	509	50	300	4	25	9	2	0	0	3	3	1	0	0	0	0
10000	511	50	300	4	25	5	2	0	0	3	3	1	0	0	0	0
10000	514	50	300	4	25	5	2	0	0	2	2	1	0	0	0	0
10000	515	50	300	4	25	6	2	0	0	5	5	1	0	0	0	0
10000	517	50	300	4	25	7	2	0	0	3	3	1	0	0	0	0
10000	520	50	300	4	25	5	2	0	0	2	2	1	0	0	0	0
10000	521	50	300	4	25	7	2	0	0	3	3	1	0	0	0	0
10000	522	50	300	4	25	8	2	0	0	3	3	1	0	0	0	0
10000	524	50	300	4	25	7	2	0	0	2	2	1	0	0	0	0
10000	531	50	300	4	25	10	2	0	0	5	5	1	0	0	0	0
10000	534	50	300	4	25	7	2	0	0	3	3	1	0	0	0	0
10000	536	50	300	4	25	6	2	0	0	3	3	1	0	0	0	0
10000	537	50	300	4	25	6	2	0	0	1	1	1	0	0	0	0
10000	545	50	300	4	25	5	2	0	0	2	2	1	0	0	0	0
10000	546	50	300	4	25	6	2	0	0	2	2	1	0	0	0	0
10000	549	50	300	4	25	5	2	0	0	2	2	1	0	0	0	0
10000	550	50	300	4	25	4	2	0	0	2	2	1	0	0	0	0
10000	551	50	300	4	25	5	2	0	0	2	2	1	0	0	0	0
10000	556	50	300	4	25	4	2	0	0	1	1	1	0	0	0	0
10000	557	50	300	4	25	7	2	0	0	2	2	1	0	0	0	0
10000	558	50	300	4	25	6	2	0	0	3	3	1	0	0	0	0
10000	559	50	300	4	25	7	2	0	0	3	3	1	0	0	0	0
10000	560	50	300	4	25	6	2	0	0	2	2	1	0	0	0	0
10000	561	50	300	4	25	5	2	0	0	3	3	1	0	0	0	0
10000	563	50	300	4	25	7	2	0	0	3	3	1	0	0	0	0
10000	564	50	300	4	25	6	2	0	0	2	2	1	0	0	0	0
10000	565	50	300	4	25	8	2	0	0	4	4	1	0	0	0	0
10000	568	50	300	4	25	5	2	0	0	1	1	1	0	0	0	0
10000	569	50	300	4	25	4	2	0	0	2	2	1	0	0	0	0
10000	570	50	300	4	25	8	2	0	0	3	3	1	0	0	0	0
10000	572	50	300	4	25	5	2	0	0	3	3	1	0	0	0	0
10000	575	50	300	4	25	4	2	0	0	1	1	1	0	0	0	0
10000	576	50	300	4	25	6	2	0	0	3	3	1	0	0	0	0
10000	577	50	300	4	25	7	2	0	0	3	3	1	0	0	0	0
10000	578	50	300	4	25	6	2	0	0	5	5	1	0	0	0	0
10000	580	50	300	4	25	5	2	0	0	3	3	1	0	0	0	0
10000	581	50	300	4	25	7	2	0	0	2	2	1	0	0	0	0
10000	582	50	300	4	25	6	2	0	0	3	3	1	0	0	0	0
10000	585	50	300	4	25	5	2	0	0	2	2	1	0	0	0	0
10000	586	50	300	4	25	6	2	0	0	2	2	1	0	0	0	0
10000	588	50	300	4	25	5	2	0	0	3	3	1	0	0	0	0
10000	589	50	300	4	25	4	2	0	0	1	1	1	0	0	0	0
10000	590	50	300	4	25	6	2	0	0	2	2	1	0	0	0	0
10000	592	50	300	4	25	7	2	0	0	4	4	1	0	0	0	0
10000	594	50	300	4	25	7	2	0	0	3	3	1	0	0	0	0
10000	595	50	300	4	25	6	2	0	0	3	3	1	0	0	0	0
10000	596	50	300	4	25	7	2	0	0	3	3	1	0	0	0	0
10000	600	50	300	4	25	6	2	0	0	2	2	1	0	0	0	0
10000	601	50	300	4	25	6	2	0	0	2	2	1	0	0	0	0
10000	604	50	300	4	25	4	2	0	0	2	2	1	0	0	0	0
10000	605	50	300	4	25	6	2	0	0	2	2	1	0	0	0	0
10000	606	50	300	4	25	4	2	0	0	2	2	1	0	0	0	0
10000	607	50	300	4	25	8	2	0	0	4	4	1	0	0	0	0
10000	608	50	300	4	25	5	2	0	0	2	2	1	0	0	0	0
10000	611	50	300	4	25	6	2	0	0	3	3	1	0	0	0	0
10000	613	50	300	4	25	6	2	0	0	3	3	1	0	0	0	0
10000	614	50	300	4	25	4	2	0	0	2	2	1	0	0	0	0
10000	618	50	300	4	25	5	2	0	0	2	2	1	0	0	0	0
10000	619	50	300	4	25	4	2	0	0	1	1	1	0	0	0	0
10000	621	50	300	4	25	4	2	0	0	2	2	1	0	0	0	0
10000	623	50	300	4	25	6	2	0	0	2	2	1	0	0	0	0
10000	624	50	300	4	25	7	2	0	0	2	2	1	0	0	0	0
10000	625	50	300	4	25	6	2	0	0	3	3	1	0	0	0	0
10000	626	50	300	4	25	4	2	0	0	2	2	1	0	0	0	0
10000	627	50	300	4	25	9	2	0	0	3	3	1	0	0	0	0
10000	628	50	300	4	25	5	2	0	0	2	2	1	0	0	0	0
10000	629	50	300	4	25	4	2	0	0	1	1	1	0	0	0	0
10000	632	50	300	4	25	7	2	0	0	2	2	1	0	0	0	0
10000	633	50	300	4	25	6	2	0	0	2	2	1	0	0	0	0
10000	634	50	300	4	25	6	2	0	0	4	4	1	0	0	0	0
10000	635	50	300	4	25	4	2	0	0	2	2	1	0	0	0	0
10000	639	50	300	4	25	4	2	0	0	1	1	1	0	0	0	0
10000	640	50	300	4	25	6	2	0	0	3	3	1	0	0	0	0
10000	641	50	300	4	25	7	2	0	0	3	3	1	0	0	0	0
10000	645	50	300	4	25	5	2	0	0	2	2	1	0	0	0	0
10000	646	50	300	4	25	7	2	0	0	5	5	1	0	0	0	0
10000	648	50	300	4	25	8	2	0	0	3	3	1	0	0	0	0
10000	649	50	300	4	25	8	2	0	0	4	4	1	0	0	0	0
10000	652	50	300	4	25	4	2	0	0	2	2	1	0	0	0	0
10000	654	50	300	4	25	4	2	0	0	2	2	1	0	0	0	0
10000	655	50	300	4	25	4	2	0	0	2	2	1	0	0	0	0
10000	656	50	300	4	25	8	2	0	0	5	5	1	0	0	0	0
10000	659	50	300	4	25	5	2	0	0	2	2	1	0	0	0	0
10000	660	50	300	4	25	4	2	0	0	2	2	1	0	0	0	0
10000	661	50	300	4	25	5	2	0	0	1	1	1	0	0	0	0
10000	662	50	300	4	25	7	2	0	0	4	4	1	0	0	0	0
10000	663	50	300	4	25	6	2	0	0	4	4	1	0	0	0	0
10000	665	50	300	4	25	6	2	0	0	3	3	1	0	0	0	0
10000	666	50	300	4	25	9	2	0	0	4	4	1	0	0	0	0
10000	668	50	300	4	25	6	2	0	0	2	2	1	0	0	0	0
10000	671	50	300	4	25	7	2	0	0	3	3	1	0	0	0	0
10000	677	50	300	4	25	7	2	0	0	2	2	1	0	0	0	0
10000	678	50	300	4	25	5	2	0	0	3	3	1	0	0	0	0
10000	682	50	300	4	25	7	2	0	0	2	2	1	0	0	0	0
10000	683	50	300	4	25	5	2	0	0	2	2	1	0	0	0	0
10000	685	50	300	4	25	4	2	0	0	2	2	1	0	0	0	0
10000	687	50	300	4	25	8	2	0	0	4	4	1	0	0	0	0
10000	688	50	300	4	25	8	2	0	0	4	4	1	0	0	0	0
10000	689	50	300	4	25	8	2	0	0	4	4	1	0	0	0	0
10000	691	50	300	4	25	8	2	0	0	3	3	1	0	0	0	0
10000	692	50	300	4	25	6	2	0	0	2	2	1	0	0	0	0
10000	693	50	300	4	25	5	2	0	0	2	2	1	0	0	0	0
10000	695	50	300	4	25	5	2	0	0	2	2	1	0	0	0	0
10000	696	50	300	4	25	6	2	0	0	2	2	1	0	0	0	0
10000	697	50	300	4	25	5	2	0	0	2	2	1	0	0	0	0
10000	703	50	300	4	25	7	2	0	0	2	2	1	0	0	0	0
10000	705	50	300	4	25	4	2	0	0	2	2	1	0	0	0	0
10000	708	50	300	4	25	8	2	0	0	3	3	1	0	0	0	0
10000	709	50	300	4	25	6	2	0	0	2	2	1	0	0	0	0
10000	713	50	300	4	25	6	2	0	0	3	3	1	0	0	0	0
10000	714	50	300	4	25	7	2	0	0	5	5	1	0	0	0	0
10000	716	50	300	4	25	10	2	0	0	5	5	1	0	0	0	0
10000	718	50	300	4	25	4	2	0	0	2	2	1	0	0	0	0
10000	719	50	300	4	25	5	2	0	0	2	2	1	0	0	0	0
10000	721	50	300	4	25	6	2	0	0	4	4	1	0	0	0	0
10000	723	50	300	4	25	4	2	0	0	2	2	1	0	0	0	0
10000	724	50	300	4	25	7	2	0	0	2	2	1	0	0	0	0
10000	728	50	300	4	25	5	2	0	0	2	2	1	0	0	0	0
10000	729	50	300	4	25	5	2	0	0	1	1	1	0	0	0	0
10000	730	50	300	4	25	5	2	0	0	1	1	1	0	0	0	0
10000	733	50	300	4	25	4	2	0	0	2	2	1	0	0	0	0
10000	735	50	300	4	25	10	2	0	0	6	6	1	0	0	0	0
10000	739	50	300	4	25	9	2	0	0	4	4	1	0	0	0	0
10000	741	50	300	4	25	4	2	0	0	1	1	1	0	0	0	0
10000	743	50	300	4	25	5	2	0	0	2	2	1	0	0	0	0
10000	744	50	300	4	25	5	2	0	0	2	2	1	0	0	0	0
10000	750	50	300	4	25	6	2	0	0	4	4	1	0	0	0	0
10000	754	50	300	4	25	7	2	0	0	4	4	1	0	0	0	0
10000	755	50	300	4	25	6	2	0	0	2	2	1	0	0	0	0
10000	756	50	300	4	25	5	2	0	0	2	2	1	0	0	0	0
10000	757	50	300	4	25	8	2	0	0	4	4	1	0	0	0	0
10000	758	50	300	4	25	6	2	0	0	5	5	1	0	0	0	0
10000	759	50	300	4	25	5	2	0	0	2	2	1	0	0	0	0
10000	762	50	300	4	25	6	2	0	0	2	2	1	0	0	0	0
10000	767	50	300	4	25	5	2	0	0	2	2	1	0	0	0	0
10000	770	50	300	4	25	6	2	0	0	3	3	1	0	0	0	0
10000	773	50	300	4	25	4	2	0	0	2	2	1	0	0	0	0
10000	779	50	300	4	25	5	2	0	0	2	2	1	0	0	0	0
10000	782	50	300	4	25	4	2	0	0	2	2	1	0	0	0	0
10000	783	50	300	4	25	8	2	0	0	3	3	1	0	0	0	0
10000	784	50	300	4	25	6	2	0	0	3	3	1	0	0	0	0
10000	785	50	300	4	25	7	2	0	0	6	6	1	0	0	0	0
10000	786	50	300	4	25	7	2	0	0	3	3	1	0	0	0	0
10000	787	50	300	4	25	6	2	0	0	2	2	1	0	0	0	0
10000	788	50	300	4	25	4	2	0	0	2	2	1	0	0	0	0
10000	790	50	300	4	25	7	2	0	0	2	2	1	0	0	0	0
10000	791	50	300	4	25	6	2	0	0	3	3	1	0	0	0	0
10000	793	50	300	4	25	5	2	0	0	2	2	1	0	0	0	0
10000	796	50	300	4	25	4	2	0	0	2	2	1	0	0	0	0
10000	797	50	300	4	25	5	2	0	0	2	2	1	0	0	0	0
10000	798	50	300	4	25	6	2	0	0	2	2	1	0	0	0	0
10000	799	50	300	4	25	6	2	0	0	3	3	1	0	0	0	0
10000	800	50	300	4	25	6	2	0	0	2	2	1	0	0	0	0
10000	801	50	300	4	25	6	2	0	0	2	2	1	0	0	0	0
10000	805	50	300	4	25	7	2	0	0	3	3	1	0	0	0	0
10000	809	50	300	4	25	4	2	0	0	2	2	1	0	0	0	0
10000	810	50	300	4	25	5	2	0	0	2	2	1	0	0	0	0
10000	814	50	300	4	25	7	2	0	0	2	2	1	0	0	0	0
10000	815	50	300	4	25	7	2	0	0	2	2	1	0	0	0	0
10000	816	50	300	4	25	7	2	0	0	2	2	1	0	0	0	0
10000	817	50	300	4	25	4	2	0	0	2	2	1	0	0	0	0
10000	818	50	300	4	25	6	2	0	0	2	2	1	0	0	0	0
10000	823	50	300	4	25	7	2	0	0	2	2	1	0	0	0	0
10000	824	50	300	4	25	6	2	0	0	3	3	1	0	0	0	0
10000	825	50	300	4	25	7	2	0	0	2	2	1	0	0	0	0
10000	828	50	300	4	25	5	2	0	0	2	2	1	0	0	0	0
10000	829	50	300	4	25	7	2	0	0	4	4	1	0	0	0	0
10000	831	50	300	4	25	7	2	0	0	4	4	1	0	0	0	0
10000	832	50	300	4	25	7	2	0	0	2	2	1	0	0	0	0
10000	835	50	300	4	25	4	2	0	0	2	2	1	0	0	0	0
10000	837	50	300	4	25	7	2	0	0	3	3	1	0	0	0	0
10000	838	50	300	4	25	4	2	0	0	2	2	1	0	0	0	0
10000	843	50	300	4	25	5	2	0	0	2	2	1	0	0	0	0
10000	845	50	300	4	25	4	2	0	0	2	2	1	0	0	0	0
10000	846	50	300	4	25	7	2	0	0	2	2	1	0	0	0	0
10000	847	50	300	4	25	6	2	0	0	3	3	1	0	0	0	0
10000	850	50	300	4	25	8	2	0	0	4	4	1	0	0	0	0
10000	853	50	300	4	25	6	2	0	0	2	2	1	0	0	0	0
10000	854	50	300	4	25	9	2	0	0	5	5	1	0	0	0	0
10000	856	50	300	4	25	5	2	0	0	2	2	1	0	0	0	0
10000	857	50	300	4	25	4	2	0	0	1	1	1	0	0	0	0
10000	858	50	300	4	25	8	2	0	0	4	4	1	0	0	0	0
10000	862	50	300	4	25	9	2	0	0	5	5	1	0	0	0	0
10000	864	50	300	4	25	4	2	0	0	2	2	1	0	0	0	0
10000	865	50	300	4	25	6	2	0	0	3	3	1	0	0	0	0
10000	867	50	300	4	25	5	2	0	0	1	1	1	0	0	0	0
10000	869	50	300	4	25	5	2	0	0	2	2	1	0	0	0	0
10000	871	50	300	4	25	7	2	0	0	2	2	1	0	0	0	0
10000	873	50	300	4	25	4	2	0	0	1	1	1	0	0	0	0
10000	874	50	300	4	25	8	2	0	0	4	4	1	0	0	0	0
10000	875	50	300	4	25	6	2	0	0	3	3	1	0	0	0	0
10000	876	50	300	4	25	5	2	0	0	3	3	1	0	0	0	0
10000	877	50	300	4	25	8	2	0	0	3	3	1	0	0	0	0
10000	878	50	300	4	25	4	2	0	0	2	2	1	0	0	0	0
10000	880	50	300	4	25	6	2	0	0	2	2	1	0	0	0	0
10000	881	50	300	4	25	4	2	0	0	2	2	1	0	0	0	0
10000	882	50	300	4	25	5	2	0	0	2	2	1	0	0	0	0
10000	884	50	300	4	25	6	2	0	0	2	2	1	0	0	0	0
10000	886	50	300	4	25	4	2	0	0	2	2	1	0	0	0	0
10000	887	50	300	4	25	6	2	0	0	2	2	1	0	0	0	0
10000	888	50	300	4	25	5	2	0	0	2	2	1	0	0	0	0
10000	889	50	300	4	25	7	2	0	0	3	3	1	0	0	0	0
10000	895	50	300	4	25	7	2	0	0	2	2	1	0	0	0	0
10000	899	50	300	4	25	9	2	0	0	4	4	1	0	0	0	0
10000	901	50	300	4	25	6	2	0	0	4	4	1	0	0	0	0
10000	903	50	300	4	25	5	2	0	0	2	2	1	0	0	0	0
10000	907	50	300	4	25	4	2	0	0	2	2	1	0	0	0	0
10000	908	50	300	4	25	7	2	0	0	2	2	1	0	0	0	0
10000	909	50	300	4	25	6	2	0	0	4	4	1	0	0	0	0
10000	910	50	300	4	25	6	2	0	0	2	2	1	0	0	0	0
10000	912	50	300	4	25	4	2	0	0	2	2	1	0	0	0	0
10000	913	50	300	4	25	4	2	0	0	2	2	1	0	0	0	0
10000	914	50	300	4	25	6	2	0	0	2	2	1	0	0	0	0
10000	918	50	300	4	25	6	2	0	0	2	2	1	0	0	0	0
10000	919	50	300	4	25	6	2	0	0	2	2	1	0	0	0	0
10000	923	50	300	4	25	5	2	0	0	3	3	1	0	0	0	0
10000	925	50	300	4	25	4	2	0	0	1	1	1	0	0	0	0
10000	926	50	300	4	25	7	2	0	0	3	3	1	0	0	0	0
10000	928	50	300	4	25	7	2	0	0	3	3	1	0	0	0	0
10000	929	50	300	4	25	4	2	0	0	2	2	1	0	0	0	0
10000	931	50	300	4	25	4	2	0	0	2	2	1	0	0	0	0
10000	932	50	300	4	25	7	2	0	0	3	3	1	0	0	0	0
10000	933	50	300	4	25	6	2	0	0	2	2	1	0	0	0	0
10000	934	50	300	4	25	6	2	0	0	2	2	1	0	0	0	0
10000	936	50	300	4	25	8	2	0	0	4	4	1	0	0	0	0
10000	937	50	300	4	25	4	2	0	0	2	2	1	0	0	0	0
10000	938	50	300	4	25	6	2	0	0	2	2	1	0	0	0	0
10000	939	50	300	4	25	7	2	0	0	3	3	1	0	0	0	0
10000	940	50	300	4	25	7	2	0	0	3	3	1	0	0	0	0
10000	941	50	300	4	25	6	2	0	0	3	3	1	0	0	0	0
10000	942	50	300	4	25	7	2	0	0	4	4	1	0	0	0	0
10000	943	50	300	4	25	7	2	0	0	2	2	1	0	0	0	0
10000	945	50	300	4	25	4	2	0	0	2	2	1	0	0	0	0
10000	951	50	300	4	25	4	2	0	0	2	2	1	0	0	0	0
10000	952	50	300	4	25	6	2	0	0	2	2	1	0	0	0	0
10000	953	50	300	4	25	7	2	0	0	2	2	1	0	0	0	0
10000	954	50	300	4	25	7	2	0	0	2	2	1	0	0	0	0
10000	955	50	300	4	25	4	2	0	0	2	2	1	0	0	0	0
10000	959	50	300	4	25	6	2	0	0	2	2	1	0	0	0	0
10000	960	50	300	4	25	7	2	0	0	2	2	1	0	0	0	0
10000	961	50	300	4	25	6	2	0	0	2	2	1	0	0	0	0
10000	962	50	300	4	25	6	2	0	0	2	2	1	0	0	0	0
10000	963	50	300	4	25	9	2	0	0	5	5	1	0	0	0	0
10000	964	50	300	4	25	8	2	0	0	5	5	1	0	0	0	0
10000	965	50	300	4	25	5	2	0	0	2	2	1	0	0	0	0
10000	967	50	300	4	25	8	2	0	0	4	4	1	0	0	0	0
10000	968	50	300	4	25	6	2	0	0	2	2	1	0	0	0	0
10000	969	50	300	4	25	5	2	0	0	2	2	1	0	0	0	0
10000	971	50	300	4	25	7	2	0	0	2	2	1	0	0	0	0
10000	972	50	300	4	25	5	2	0	0	2	2	1	0	0	0	0
10000	973	50	300	4	25	6	2	0	0	2	2	1	0	0	0	0
10000	974	50	300	4	25	4	2	0	0	2	2	1	0	0	0	0
10000	975	50	300	4	25	6	2	0	0	2	2	1	0	0	0	0
10000	977	50	300	4	25	7	2	0	0	5	5	1	0	0	0	0
10000	978	50	300	4	25	4	2	0	0	2	2	1	0	0	0	0
10000	980	50	300	4	25	9	2	0	0	3	3	1	0	0	0	0
10000	986	50	300	4	25	4	2	0	0	2	2	1	0	0	0	0
10000	988	50	300	4	25	6	2	0	0	3	3	1	0	0	0	0
10000	989	50	300	4	25	6	2	0	0	2	2	1	0	0	0	0
10000	991	50	300	4	25	5	2	0	0	2	2	1	0	0	0	0
10000	992	50	300	4	25	6	2	0	0	2	2	1	0	0	0	0
10000	993	50	300	4	25	6	2	0	0	4	4	1	0	0	0	0
10000	994	50	300	4	25	8	2	0	0	6	6	1	0	0	0	0
10000	995	50	300	4	25	7	2	0	0	3	3	1	0	0	0	0
10000	997	50	300	4	25	7	2	0	0	2	2	1	0	0	0	0
10000	999	50	300	4	25	6	2	0	0	2	2	1	0	0	0	0
10000	1	60	300	4	25	4	2	0	0	1	1	1	0	0	0	0
10000	3	60	300	4	25	7	2	0	0	2	2	1	0	0	0	0
10000	4	60	300	4	25	5	2	0	0	2	2	1	0	0	0	0
10000	5	60	300	4	25	6	2	0	0	2	2	1	0	0	0	0
10000	7	60	300	4	25	4	2	0	0	2	2	1	0	0	0	0
10000	8	60	300	4	25	8	2	0	0	6	6	1	0	0	0	0
10000	9	60	300	4	25	8	2	0	0	4	4	1	0	0	0	0
10000	11	60	300	4	25	7	2	0	0	4	4	1	0	0	0	0
10000	12	60	300	4	25	7	2	0	0	2	2	1	0	0	0	0
10000	14	60	300	4	25	7	2	0	0	2	2	1	0	0	0	0
10000	17	60	300	4	25	7	2	0	0	4	4	1	0	0	0	0
10000	18	60	300	4	25	8	2	0	0	3	3	1	0	0	0	0
10000	20	60	300	4	25	4	2	0	0	1	1	1	0	0	0	0
10000	21	60	300	4	25	8	2	0	0	4	4	1	0	0	0	0
10000	22	60	300	4	25	7	2	0	0	2	2	1	0	0	0	0
10000	29	60	300	4	25	5	2	0	0	2	2	1	0	0	0	0
10000	31	60	300	4	25	4	2	0	0	1	1	1	0	0	0	0
10000	32	60	300	4	25	6	2	0	0	2	2	1	0	0	0	0
10000	35	60	300	4	25	7	2	0	0	2	2	1	0	0	0	0
10000	37	60	300	4	25	6	2	0	0	2	2	1	0	0	0	0
10000	40	60	300	4	25	8	2	0	0	4	4	1	0	0	0	0
10000	42	60	300	4	25	5	2	0	0	2	2	1	0	0	0	0
10000	43	60	300	4	25	5	2	0	0	3	3	1	0	0	0	0
10000	46	60	300	4	25	5	2	0	0	2	2	1	0	0	0	0
10000	47	60	300	4	25	6	2	0	0	2	2	1	0	0	0	0
10000	48	60	300	4	25	7	2	0	0	2	2	1	0	0	0	0
10000	49	60	300	4	25	7	2	0	0	2	2	1	0	0	0	0
10000	51	60	300	4	25	7	2	0	0	2	2	1	0	0	0	0
10000	52	60	300	4	25	6	2	0	0	4	4	1	0	0	0	0
10000	53	60	300	4	25	9	2	0	0	7	7	1	0	0	0	0
10000	54	60	300	4	25	7	2	0	0	2	2	1	0	0	0	0
10000	56	60	300	4	25	8	2	0	0	3	3	1	0	0	0	0
10000	57	60	300	4	25	7	2	0	0	2	2	1	0	0	0	0
10000	58	60	300	4	25	7	2	0	0	3	3	1	0	0	0	0
10000	67	60	300	4	25	4	2	0	0	1	1	1	0	0	0	0
10000	68	60	300	4	25	7	2	0	0	2	2	1	0	0	0	0
10000	70	60	300	4	25	7	2	0	0	2	2	1	0	0	0	0
10000	71	60	300	4	25	6	2	0	0	2	2	1	0	0	0	0
10000	72	60	300	4	25	5	2	0	0	2	2	1	0	0	0	0
10000	75	60	300	4	25	7	2	0	0	2	2	1	0	0	0	0
10000	76	60	300	4	25	8	2	0	0	3	3	1	0	0	0	0
10000	79	60	300	4	25	6	2	0	0	3	3	1	0	0	0	0
10000	84	60	300	4	25	6	2	0	0	2	2	1	0	0	0	0
10000	90	60	300	4	25	9	2	0	0	4	4	1	0	0	0	0
10000	93	60	300	4	25	4	2	0	0	1	1	1	0	0	0	0
10000	97	60	300	4	25	5	2	0	0	1	1	1	0	0	0	0
10000	99	60	300	4	25	6	2	0	0	2	2	1	0	0	0	0
10000	100	60	300	4	25	7	2	0	0	2	2	1	0	0	0	0
10000	101	60	300	4	25	8	2	0	0	4	4	1	0	0	0	0
10000	102	60	300	4	25	4	2	0	0	2	2	1	0	0	0	0
10000	105	60	300	4	25	8	2	0	0	3	3	1	0	0	0	0
10000	106	60	300	4	25	6	2	0	0	2	2	1	0	0	0	0
10000	107	60	300	4	25	9	2	0	0	4	4	1	0	0	0	0
10000	108	60	300	4	25	6	2	0	0	2	2	1	0	0	0	0
10000	109	60	300	4	25	8	2	0	0	3	3	1	0	0	0	0
10000	110	60	300	4	25	5	2	0	0	2	2	1	0	0	0	0
10000	111	60	300	4	25	6	2	0	0	2	2	1	0	0	0	0
10000	113	60	300	4	25	4	2	0	0	1	1	1	0	0	0	0
10000	114	60	300	4	25	8	2	0	0	4	4	1	0	0	0	0
10000	115	60	300	4	25	8	2	0	0	3	3	1	0	0	0	0
10000	116	60	300	4	25	4	2	0	0	2	2	1	0	0	0	0
10000	118	60	300	4	25	7	2	0	0	2	2	1	0	0	0	0
10000	121	60	300	4	25	7	2	0	0	2	2	1	0	0	0	0
10000	123	60	300	4	25	6	2	0	0	2	2	1	0	0	0	0
10000	124	60	300	4	25	6	2	0	0	4	4	1	0	0	0	0
10000	126	60	300	4	25	6	2	0	0	2	2	1	0	0	0	0
10000	127	60	300	4	25	8	2	0	0	2	2	1	0	0	0	0
10000	128	60	300	4	25	8	2	0	0	3	3	1	0	0	0	0
10000	129	60	300	4	25	7	2	0	0	2	2	1	0	0	0	0
10000	132	60	300	4	25	7	2	0	0	5	5	1	0	0	0	0
10000	133	60	300	4	25	7	2	0	0	3	3	1	0	0	0	0
10000	134	60	300	4	25	6	2	0	0	2	2	1	0	0	0	0
10000	135	60	300	4	25	5	2	0	0	3	3	1	0	0	0	0
10000	136	60	300	4	25	5	2	0	0	2	2	1	0	0	0	0
10000	138	60	300	4	25	5	2	0	0	2	2	1	0	0	0	0
10000	139	60	300	4	25	5	2	0	0	3	3	1	0	0	0	0
10000	141	60	300	4	25	5	2	0	0	2	2	1	0	0	0	0
10000	144	60	300	4	25	7	2	0	0	3	3	1	0	0	0	0
10000	145	60	300	4	25	7	2	0	0	2	2	1	0	0	0	0
10000	146	60	300	4	25	9	2	0	0	5	5	1	0	0	0	0
10000	149	60	300	4	25	8	2	0	0	4	4	1	0	0	0	0
10000	151	60	300	4	25	6	2	0	0	2	2	1	0	0	0	0
10000	156	60	300	4	25	7	2	0	0	3	3	1	0	0	0	0
10000	159	60	300	4	25	6	2	0	0	5	5	1	0	0	0	0
10000	161	60	300	4	25	8	2	0	0	3	3	1	0	0	0	0
10000	164	60	300	4	25	4	2	0	0	2	2	1	0	0	0	0
10000	166	60	300	4	25	6	2	0	0	3	3	1	0	0	0	0
10000	172	60	300	4	25	5	2	0	0	2	2	1	0	0	0	0
10000	173	60	300	4	25	6	2	0	0	2	2	1	0	0	0	0
10000	175	60	300	4	25	8	2	0	0	5	5	1	0	0	0	0
10000	176	60	300	4	25	7	2	0	0	6	6	1	0	0	0	0
10000	179	60	300	4	25	6	2	0	0	2	2	1	0	0	0	0
10000	180	60	300	4	25	7	2	0	0	2	2	1	0	0	0	0
10000	181	60	300	4	25	6	2	0	0	2	2	1	0	0	0	0
10000	182	60	300	4	25	4	2	0	0	2	2	1	0	0	0	0
10000	184	60	300	4	25	9	2	0	0	5	5	1	0	0	0	0
10000	187	60	300	4	25	7	2	0	0	2	2	1	0	0	0	0
10000	191	60	300	4	25	10	2	0	0	4	4	1	0	0	0	0
10000	192	60	300	4	25	7	2	0	0	4	4	1	0	0	0	0
10000	193	60	300	4	25	5	2	0	0	3	3	1	0	0	0	0
10000	195	60	300	4	25	7	2	0	0	2	2	1	0	0	0	0
10000	197	60	300	4	25	8	2	0	0	3	3	1	0	0	0	0
10000	199	60	300	4	25	7	2	0	0	2	2	1	0	0	0	0
10000	202	60	300	4	25	6	2	0	0	2	2	1	0	0	0	0
10000	203	60	300	4	25	9	2	0	0	4	4	1	0	0	0	0
10000	204	60	300	4	25	6	2	0	0	3	3	1	0	0	0	0
10000	207	60	300	4	25	7	2	0	0	2	2	1	0	0	0	0
10000	210	60	300	4	25	7	2	0	0	5	5	1	0	0	0	0
10000	213	60	300	4	25	4	2	0	0	2	2	1	0	0	0	0
10000	214	60	300	4	25	6	2	0	0	3	3	1	0	0	0	0
10000	215	60	300	4	25	10	2	0	0	8	8	1	0	0	0	0
10000	216	60	300	4	25	7	2	0	0	3	3	1	0	0	0	0
10000	217	60	300	4	25	7	2	0	0	2	2	1	0	0	0	0
10000	221	60	300	4	25	7	2	0	0	4	4	1	0	0	0	0
10000	223	60	300	4	25	9	2	0	0	3	3	1	0	0	0	0
10000	225	60	300	4	25	5	2	0	0	3	3	1	0	0	0	0
10000	227	60	300	4	25	8	2	0	0	2	2	1	0	0	0	0
10000	229	60	300	4	25	8	2	0	0	4	4	1	0	0	0	0
10000	230	60	300	4	25	7	2	0	0	2	2	1	0	0	0	0
10000	231	60	300	4	25	5	2	0	0	2	2	1	0	0	0	0
10000	235	60	300	4	25	5	2	0	0	3	3	1	0	0	0	0
10000	237	60	300	4	25	7	2	0	0	3	3	1	0	0	0	0
10000	240	60	300	4	25	7	2	0	0	2	2	1	0	0	0	0
10000	241	60	300	4	25	7	2	0	0	3	3	1	0	0	0	0
10000	244	60	300	4	25	4	2	0	0	1	1	1	0	0	0	0
10000	252	60	300	4	25	7	2	0	0	3	3	1	0	0	0	0
10000	253	60	300	4	25	4	2	0	0	2	2	1	0	0	0	0
10000	254	60	300	4	25	7	2	0	0	3	3	1	0	0	0	0
10000	260	60	300	4	25	7	2	0	0	4	4	1	0	0	0	0
10000	261	60	300	4	25	4	2	0	0	1	1	1	0	0	0	0
10000	262	60	300	4	25	5	2	0	0	2	2	1	0	0	0	0
10000	264	60	300	4	25	6	2	0	0	2	2	1	0	0	0	0
10000	265	60	300	4	25	7	2	0	0	3	3	1	0	0	0	0
10000	266	60	300	4	25	5	2	0	0	1	1	1	0	0	0	0
10000	267	60	300	4	25	4	2	0	0	2	2	1	0	0	0	0
10000	269	60	300	4	25	5	2	0	0	2	2	1	0	0	0	0
10000	271	60	300	4	25	6	2	0	0	2	2	1	0	0	0	0
10000	273	60	300	4	25	4	2	0	0	2	2	1	0	0	0	0
10000	274	60	300	4	25	6	2	0	0	2	2	1	0	0	0	0
10000	276	60	300	4	25	6	2	0	0	2	2	1	0	0	0	0
10000	277	60	300	4	25	8	2	0	0	5	5	1	0	0	0	0
10000	279	60	300	4	25	7	2	0	0	4	4	1	0	0	0	0
10000	281	60	300	4	25	9	2	0	0	5	5	1	0	0	0	0
10000	282	60	300	4	25	5	2	0	0	2	2	1	0	0	0	0
10000	283	60	300	4	25	4	2	0	0	1	1	1	0	0	0	0
10000	284	60	300	4	25	6	2	0	0	2	2	1	0	0	0	0
10000	285	60	300	4	25	9	2	0	0	5	5	1	0	0	0	0
10000	288	60	300	4	25	6	2	0	0	2	2	1	0	0	0	0
10000	291	60	300	4	25	8	2	0	0	4	4	1	0	0	0	0
10000	292	60	300	4	25	9	2	0	0	4	4	1	0	0	0	0
10000	293	60	300	4	25	7	2	0	0	3	3	1	0	0	0	0
10000	295	60	300	4	25	6	2	0	0	4	4	1	0	0	0	0
10000	296	60	300	4	25	4	2	0	0	2	2	1	0	0	0	0
10000	297	60	300	4	25	8	2	0	0	4	4	1	0	0	0	0
10000	298	60	300	4	25	5	2	0	0	2	2	1	0	0	0	0
10000	301	60	300	4	25	8	2	0	0	5	5	1	0	0	0	0
10000	302	60	300	4	25	5	2	0	0	2	2	1	0	0	0	0
10000	303	60	300	4	25	6	2	0	0	2	2	1	0	0	0	0
10000	304	60	300	4	25	7	2	0	0	2	2	1	0	0	0	0
10000	305	60	300	4	25	5	2	0	0	2	2	1	0	0	0	0
10000	306	60	300	4	25	7	2	0	0	3	3	1	0	0	0	0
10000	311	60	300	4	25	6	2	0	0	2	2	1	0	0	0	0
10000	313	60	300	4	25	6	2	0	0	2	2	1	0	0	0	0
10000	314	60	300	4	25	4	2	0	0	2	2	1	0	0	0	0
10000	315	60	300	4	25	8	2	0	0	3	3	1	0	0	0	0
10000	316	60	300	4	25	4	2	0	0	2	2	1	0	0	0	0
10000	318	60	300	4	25	5	2	0	0	1	1	1	0	0	0	0
10000	320	60	300	4	25	5	2	0	0	2	2	1	0	0	0	0
10000	327	60	300	4	25	8	2	0	0	3	3	1	0	0	0	0
10000	329	60	300	4	25	8	2	0	0	5	5	1	0	0	0	0
10000	330	60	300	4	25	5	2	0	0	2	2	1	0	0	0	0
10000	332	60	300	4	25	9	2	0	0	4	4	1	0	0	0	0
10000	333	60	300	4	25	6	2	0	0	2	2	1	0	0	0	0
10000	337	60	300	4	25	5	2	0	0	2	2	1	0	0	0	0
10000	339	60	300	4	25	5	2	0	0	2	2	1	0	0	0	0
10000	340	60	300	4	25	9	2	0	0	4	4	1	0	0	0	0
10000	341	60	300	4	25	8	2	0	0	3	3	1	0	0	0	0
10000	342	60	300	4	25	8	2	0	0	3	3	1	0	0	0	0
10000	343	60	300	4	25	10	2	0	0	5	5	1	0	0	0	0
10000	346	60	300	4	25	6	2	0	0	3	3	1	0	0	0	0
10000	347	60	300	4	25	4	2	0	0	1	1	1	0	0	0	0
10000	350	60	300	4	25	6	2	0	0	2	2	1	0	0	0	0
10000	352	60	300	4	25	5	2	0	0	2	2	1	0	0	0	0
10000	354	60	300	4	25	6	2	0	0	3	3	1	0	0	0	0
10000	356	60	300	4	25	6	2	0	0	2	2	1	0	0	0	0
10000	361	60	300	4	25	9	2	0	0	4	4	1	0	0	0	0
10000	362	60	300	4	25	5	2	0	0	2	2	1	0	0	0	0
10000	363	60	300	4	25	7	2	0	0	2	2	1	0	0	0	0
10000	364	60	300	4	25	11	2	0	0	5	5	1	0	0	0	0
10000	366	60	300	4	25	4	2	0	0	1	1	1	0	0	0	0
10000	370	60	300	4	25	6	2	0	0	2	2	1	0	0	0	0
10000	376	60	300	4	25	6	2	0	0	2	2	1	0	0	0	0
10000	380	60	300	4	25	6	2	0	0	2	2	1	0	0	0	0
10000	381	60	300	4	25	7	2	0	0	2	2	1	0	0	0	0
10000	382	60	300	4	25	6	2	0	0	3	3	1	0	0	0	0
10000	383	60	300	4	25	7	2	0	0	3	3	1	0	0	0	0
10000	384	60	300	4	25	5	2	0	0	1	1	1	0	0	0	0
10000	385	60	300	4	25	9	2	0	0	4	4	1	0	0	0	0
10000	386	60	300	4	25	9	2	0	0	5	5	1	0	0	0	0
10000	388	60	300	4	25	7	2	0	0	2	2	1	0	0	0	0
10000	391	60	300	4	25	5	2	0	0	2	2	1	0	0	0	0
10000	394	60	300	4	25	5	2	0	0	1	1	1	0	0	0	0
10000	395	60	300	4	25	6	2	0	0	2	2	1	0	0	0	0
10000	396	60	300	4	25	5	2	0	0	1	1	1	0	0	0	0
10000	397	60	300	4	25	7	2	0	0	2	2	1	0	0	0	0
10000	398	60	300	4	25	8	2	0	0	3	3	1	0	0	0	0
10000	400	60	300	4	25	6	2	0	0	3	3	1	0	0	0	0
10000	402	60	300	4	25	7	2	0	0	3	3	1	0	0	0	0
10000	403	60	300	4	25	5	2	0	0	3	3	1	0	0	0	0
10000	408	60	300	4	25	7	2	0	0	2	2	1	0	0	0	0
10000	409	60	300	4	25	7	2	0	0	2	2	1	0	0	0	0
10000	410	60	300	4	25	7	2	0	0	3	3	1	0	0	0	0
10000	414	60	300	4	25	6	2	0	0	4	4	1	0	0	0	0
10000	415	60	300	4	25	5	2	0	0	2	2	1	0	0	0	0
10000	416	60	300	4	25	5	2	0	0	3	3	1	0	0	0	0
10000	417	60	300	4	25	9	2	0	0	4	4	1	0	0	0	0
10000	418	60	300	4	25	5	2	0	0	2	2	1	0	0	0	0
10000	422	60	300	4	25	6	2	0	0	2	2	1	0	0	0	0
10000	423	60	300	4	25	8	2	0	0	3	3	1	0	0	0	0
10000	427	60	300	4	25	7	2	0	0	2	2	1	0	0	0	0
10000	428	60	300	4	25	10	2	0	0	6	6	1	0	0	0	0
10000	430	60	300	4	25	6	2	0	0	2	2	1	0	0	0	0
10000	436	60	300	4	25	6	2	0	0	2	2	1	0	0	0	0
10000	438	60	300	4	25	8	2	0	0	6	6	1	0	0	0	0
10000	442	60	300	4	25	5	2	0	0	2	2	1	0	0	0	0
10000	445	60	300	4	25	7	2	0	0	2	2	1	0	0	0	0
10000	446	60	300	4	25	6	2	0	0	2	2	1	0	0	0	0
10000	448	60	300	4	25	5	2	0	0	2	2	1	0	0	0	0
10000	449	60	300	4	25	9	2	0	0	4	4	1	0	0	0	0
10000	451	60	300	4	25	7	2	0	0	3	3	1	0	0	0	0
10000	452	60	300	4	25	5	2	0	0	1	1	1	0	0	0	0
10000	454	60	300	4	25	7	2	0	0	2	2	1	0	0	0	0
10000	457	60	300	4	25	4	2	0	0	2	2	1	0	0	0	0
10000	460	60	300	4	25	7	2	0	0	2	2	1	0	0	0	0
10000	461	60	300	4	25	5	2	0	0	2	2	1	0	0	0	0
10000	464	60	300	4	25	8	2	0	0	3	3	1	0	0	0	0
10000	465	60	300	4	25	5	2	0	0	2	2	1	0	0	0	0
10000	466	60	300	4	25	10	2	0	0	6	6	1	0	0	0	0
10000	467	60	300	4	25	7	2	0	0	5	5	1	0	0	0	0
10000	468	60	300	4	25	6	2	0	0	2	2	1	0	0	0	0
10000	469	60	300	4	25	7	2	0	0	2	2	1	0	0	0	0
10000	470	60	300	4	25	7	2	0	0	2	2	1	0	0	0	0
10000	472	60	300	4	25	5	2	0	0	2	2	1	0	0	0	0
10000	475	60	300	4	25	4	2	0	0	2	2	1	0	0.01	0	0
10000	476	60	300	4	25	7	2	0	0	3	3	1	0	0	0	0
10000	479	60	300	4	25	7	2	0	0	2	2	1	0	0	0	0
10000	480	60	300	4	25	7	2	0	0	2	2	1	0	0	0	0
10000	481	60	300	4	25	5	2	0	0	2	2	1	0	0	0	0
10000	483	60	300	4	25	7	2	0	0	2	2	1	0	0	0	0
10000	484	60	300	4	25	5	2	0	0	2	2	1	0	0	0	0
10000	485	60	300	4	25	6	2	0	0	2	2	1	0	0	0	0
10000	486	60	300	4	25	5	2	0	0	2	2	1	0	0	0	0
10000	490	60	300	4	25	6	2	0	0	2	2	1	0	0	0	0
10000	492	60	300	4	25	5	2	0	0	1	1	1	0	0	0	0
10000	493	60	300	4	25	5	2	0	0	2	2	1	0	0	0	0
10000	494	60	300	4	25	5	2	0	0	2	2	1	0	0	0	0
10000	496	60	300	4	25	5	2	0	0	2	2	1	0	0	0	0
10000	497	60	300	4	25	7	2	0	0	3	3	1	0	0	0	0
10000	499	60	300	4	25	9	2	0	0	3	3	1	0	0	0	0
10000	501	60	300	4	25	7	2	0	0	2	2	1	0	0	0	0
10000	504	60	300	4	25	7	2	0	0	2	2	1	0	0	0	0
10000	508	60	300	4	25	8	2	0	0	4	4	1	0	0	0	0
10000	510	60	300	4	25	7	2	0	0	2	2	1	0	0	0	0
10000	511	60	300	4	25	7	2	0	0	3	3	1	0	0	0	0
10000	513	60	300	4	25	5	2	0	0	2	2	1	0	0	0	0
10000	515	60	300	4	25	7	2	0	0	5	5	1	0	0	0	0
10000	516	60	300	4	25	6	2	0	0	2	2	1	0	0	0	0
10000	517	60	300	4	25	8	2	0	0	3	3	1	0	0	0	0
10000	526	60	300	4	25	6	2	0	0	2	2	1	0	0	0	0
10000	527	60	300	4	25	8	2	0	0	3	3	1	0	0	0	0
10000	528	60	300	4	25	6	2	0	0	2	2	1	0	0	0	0
10000	529	60	300	4	25	4	2	0	0	2	2	1	0	0	0	0
10000	532	60	300	4	25	7	2	0	0	2	2	1	0	0	0	0
10000	538	60	300	4	25	4	2	0	0	2	2	1	0	0	0	0
10000	540	60	300	4	25	4	2	0	0	2	2	1	0	0	0	0
10000	541	60	300	4	25	7	2	0	0	2	2	1	0	0	0	0
10000	543	60	300	4	25	7	2	0	0	2	2	1	0	0	0	0
10000	544	60	300	4	25	8	2	0	0	3	3	1	0	0	0	0
10000	545	60	300	4	25	9	2	0	0	5	5	1	0	0	0	0
10000	546	60	300	4	25	7	2	0	0	3	3	1	0	0	0	0
10000	548	60	300	4	25	8	2	0	0	3	3	1	0	0	0	0
10000	551	60	300	4	25	5	2	0	0	2	2	1	0	0	0	0
10000	553	60	300	4	25	4	2	0	0	2	2	1	0	0	0	0
10000	554	60	300	4	25	5	2	0	0	2	2	1	0	0	0	0
10000	556	60	300	4	25	4	2	0	0	1	1	1	0	0	0	0
10000	558	60	300	4	25	8	2	0	0	5	5	1	0	0	0	0
10000	560	60	300	4	25	6	2	0	0	2	2	1	0	0	0	0
10000	561	60	300	4	25	7	2	0	0	2	2	1	0	0	0	0
10000	563	60	300	4	25	8	2	0	0	3	3	1	0	0	0	0
10000	567	60	300	4	25	8	2	0	0	3	3	1	0	0	0	0
10000	568	60	300	4	25	8	2	0	0	4	4	1	0	0	0	0
10000	570	60	300	4	25	7	2	0	0	2	2	1	0	0	0	0
10000	571	60	300	4	25	5	2	0	0	2	2	1	0	0	0	0
10000	572	60	300	4	25	8	2	0	0	2	2	1	0	0	0	0
10000	573	60	300	4	25	6	2	0	0	3	3	1	0	0	0	0
10000	574	60	300	4	25	8	2	0	0	4	4	1	0	0	0	0
10000	575	60	300	4	25	5	2	0	0	2	2	1	0	0	0	0
10000	580	60	300	4	25	8	2	0	0	3	3	1	0	0	0	0
10000	582	60	300	4	25	7	2	0	0	3	3	1	0	0	0	0
10000	585	60	300	4	25	8	2	0	0	3	3	1	0	0	0	0
10000	586	60	300	4	25	7	2	0	0	2	2	1	0	0	0	0
10000	589	60	300	4	25	5	2	0	0	2	2	1	0	0	0	0
10000	591	60	300	4	25	4	2	0	0	2	2	1	0	0	0	0
10000	598	60	300	4	25	5	2	0	0	2	2	1	0	0	0	0
10000	603	60	300	4	25	6	2	0	0	2	2	1	0	0	0	0
10000	609	60	300	4	25	7	2	0	0	2	2	1	0	0	0	0
10000	612	60	300	4	25	4	2	0	0	1	1	1	0	0	0	0
10000	615	60	300	4	25	7	2	0	0	3	3	1	0	0	0	0
10000	616	60	300	4	25	5	2	0	0	2	2	1	0	0	0	0
10000	617	60	300	4	25	4	2	0	0	2	2	1	0	0	0	0
10000	621	60	300	4	25	6	2	0	0	3	3	1	0	0	0	0
10000	624	60	300	4	25	5	2	0	0	2	2	1	0	0	0	0
10000	626	60	300	4	25	5	2	0	0	2	2	1	0	0	0	0
10000	628	60	300	4	25	7	2	0	0	2	2	1	0	0	0	0
10000	629	60	300	4	25	6	2	0	0	1	1	1	0	0	0	0
10000	631	60	300	4	25	6	2	0	0	4	4	1	0	0	0	0
10000	637	60	300	4	25	4	2	0	0	2	2	1	0	0	0	0
10000	639	60	300	4	25	6	2	0	0	2	2	1	0	0	0	0
10000	641	60	300	4	25	6	2	0	0	3	3	1	0	0	0	0
10000	645	60	300	4	25	7	2	0	0	3	3	1	0	0	0	0
10000	646	60	300	4	25	8	2	0	0	3	3	1	0	0	0	0
10000	647	60	300	4	25	6	2	0	0	2	2	1	0	0	0	0
10000	649	60	300	4	25	9	2	0	0	4	4	1	0	0	0	0
10000	651	60	300	4	25	5	2	0	0	2	2	1	0	0	0	0
10000	652	60	300	4	25	5	2	0	0	2	2	1	0	0	0	0
10000	654	60	300	4	25	6	2	0	0	2	2	1	0	0	0	0
10000	655	60	300	4	25	5	2	0	0	2	2	1	0	0	0	0
10000	657	60	300	4	25	6	2	0	0	2	2	1	0	0	0	0
10000	658	60	300	4	25	7	2	0	0	4	4	1	0	0	0	0
10000	659	60	300	4	25	7	2	0	0	4	4	1	0	0	0	0
10000	660	60	300	4	25	4	2	0	0	1	1	1	0	0	0	0
10000	663	60	300	4	25	7	2	0	0	4	4	1	0	0	0	0
10000	664	60	300	4	25	4	2	0	0	2	2	1	0	0	0	0
10000	665	60	300	4	25	8	2	0	0	3	3	1	0	0	0	0
10000	667	60	300	4	25	6	2	0	0	2	2	1	0	0	0	0
10000	668	60	300	4	25	6	2	0	0	2	2	1	0	0	0	0
10000	674	60	300	4	25	4	2	0	0	2	2	1	0	0	0	0
10000	682	60	300	4	25	8	2	0	0	3	3	1	0	0	0	0
10000	683	60	300	4	25	6	2	0	0	1	1	1	0	0	0	0
10000	685	60	300	4	25	6	2	0	0	2	2	1	0	0	0	0
10000	687	60	300	4	25	7	2	0	0	3	3	1	0	0	0	0
10000	688	60	300	4	25	9	2	0	0	5	5	1	0	0	0	0
10000	690	60	300	4	25	8	2	0	0	3	3	1	0	0	0	0
10000	692	60	300	4	25	7	2	0	0	2	2	1	0	0	0	0
10000	694	60	300	4	25	7	2	0	0	3	3	1	0	0	0	0
10000	697	60	300	4	25	7	2	0	0	2	2	1	0	0	0	0
10000	701	60	300	4	25	4	2	0	0	2	2	1	0	0	0	0
10000	702	60	300	4	25	4	2	0	0	1	1	1	0	0	0	0
10000	705	60	300	4	25	7	2	0	0	3	3	1	0	0	0	0
10000	706	60	300	4	25	6	2	0	0	2	2	1	0	0	0	0
10000	707	60	300	4	25	6	2	0	0	2	2	1	0	0	0	0
10000	708	60	300	4	25	8	2	0	0	3	3	1	0	0	0	0
10000	709	60	300	4	25	5	2	0	0	2	2	1	0	0	0	0
10000	710	60	300	4	25	10	2	0	0	5	5	1	0	0	0	0
10000	713	60	300	4	25	8	2	0	0	3	3	1	0	0	0	0
10000	715	60	300	4	25	5	2	0	0	3	3	1	0	0	0	0
10000	718	60	300	4	25	5	2	0	0	2	2	1	0	0	0	0
10000	719	60	300	4	25	5	2	0	0	2	2	1	0	0	0	0
10000	727	60	300	4	25	7	2	0	0	2	2	1	0	0	0	0
10000	728	60	300	4	25	7	2	0	0	3	3	1	0	0	0	0
10000	731	60	300	4	25	6	2	0	0	2	2	1	0	0	0	0
10000	733	60	300	4	25	7	2	0	0	2	2	1	0	0	0	0
10000	734	60	300	4	25	5	2	0	0	3	3	1	0	0	0	0
10000	740	60	300	4	25	4	2	0	0	1	1	1	0	0	0	0
10000	742	60	300	4	25	5	2	0	0	2	2	1	0	0	0	0
10000	743	60	300	4	25	5	2	0	0	2	2	1	0	0	0	0
10000	744	60	300	4	25	7	2	0	0	3	3	1	0	0	0	0
10000	745	60	300	4	25	5	2	0	0	3	3	1	0	0	0	0
10000	751	60	300	4	25	4	2	0	0	1	1	1	0	0	0	0
10000	753	60	300	4	25	6	2	0	0	2	2	1	0	0	0	0
10000	754	60	300	4	25	7	2	0	0	4	4	1	0	0	0	0
10000	755	60	300	4	25	5	2	0	0	2	2	1	0	0	0	0
10000	757	60	300	4	25	8	2	0	0	6	6	1	0	0	0	0
10000	758	60	300	4	25	10	2	0	0	4	4	1	0	0	0	0
10000	759	60	300	4	25	6	2	0	0	2	2	1	0	0	0	0
10000	761	60	300	4	25	6	2	0	0	3	3	1	0	0	0	0
10000	762	60	300	4	25	7	2	0	0	2	2	1	0	0	0	0
10000	763	60	300	4	25	4	2	0	0	1	1	1	0	0	0	0
10000	765	60	300	4	25	7	2	0	0	3	3	1	0	0	0	0
10000	767	60	300	4	25	7	2	0	0	2	2	1	0	0	0	0
10000	769	60	300	4	25	7	2	0	0	4	4	1	0	0	0	0
10000	771	60	300	4	25	4	2	0	0	2	2	1	0	0	0	0
10000	774	60	300	4	25	8	2	0	0	3	3	1	0	0	0	0
10000	775	60	300	4	25	6	2	0	0	2	2	1	0	0	0	0
10000	776	60	300	4	25	6	2	0	0	4	4	1	0	0	0	0
10000	779	60	300	4	25	6	2	0	0	3	3	1	0	0	0	0
10000	780	60	300	4	25	6	2	0	0	3	3	1	0	0	0	0
10000	781	60	300	4	25	5	2	0	0	2	2	1	0	0	0	0
10000	787	60	300	4	25	5	2	0	0	2	2	1	0	0	0	0
10000	789	60	300	4	25	5	2	0	0	2	2	1	0	0	0	0
10000	790	60	300	4	25	7	2	0	0	2	2	1	0	0	0	0
10000	791	60	300	4	25	6	2	0	0	3	3	1	0	0	0	0
10000	794	60	300	4	25	4	2	0	0	2	2	1	0	0	0	0
10000	795	60	300	4	25	7	2	0	0	2	2	1	0	0	0	0
10000	796	60	300	4	25	6	2	0	0	2	2	1	0	0	0	0
10000	797	60	300	4	25	6	2	0	0	3	3	1	0	0	0	0
10000	799	60	300	4	25	5	2	0	0	3	3	1	0	0	0	0
10000	800	60	300	4	25	6	2	0	0	2	2	1	0	0	0	0
10000	801	60	300	4	25	6	2	0	0	4	4	1	0	0	0	0
10000	804	60	300	4	25	6	2	0	0	2	2	1	0	0	0	0
10000	805	60	300	4	25	7	2	0	0	3	3	1	0	0	0	0
10000	806	60	300	4	25	7	2	0	0	3	3	1	0	0	0	0
10000	808	60	300	4	25	5	2	0	0	2	2	1	0	0	0	0
10000	809	60	300	4	25	4	2	0	0	1	1	1	0	0	0	0
10000	810	60	300	4	25	6	2	0	0	3	3	1	0	0	0	0
10000	812	60	300	4	25	6	2	0	0	3	3	1	0	0	0	0
10000	813	60	300	4	25	6	2	0	0	2	2	1	0	0	0	0
10000	817	60	300	4	25	4	2	0	0	1	1	1	0	0	0	0
10000	821	60	300	4	25	6	2	0	0	2	2	1	0	0	0	0
10000	822	60	300	4	25	5	2	0	0	3	3	1	0	0	0	0
10000	825	60	300	4	25	7	2	0	0	2	2	1	0	0	0	0
10000	826	60	300	4	25	4	2	0	0	1	1	1	0	0	0	0
10000	829	60	300	4	25	9	2	0	0	4	4	1	0	0	0	0
10000	831	60	300	4	25	10	2	0	0	6	6	1	0	0	0	0
10000	834	60	300	4	25	8	2	0	0	3	3	1	0	0	0	0
10000	835	60	300	4	25	6	2	0	0	2	2	1	0	0	0	0
10000	837	60	300	4	25	11	2	0	0	8	8	1	0	0	0	0
10000	838	60	300	4	25	7	2	0	0	3	3	1	0	0	0	0
10000	841	60	300	4	25	5	2	0	0	2	2	1	0	0	0	0
10000	843	60	300	4	25	7	2	0	0	3	3	1	0	0	0	0
10000	844	60	300	4	25	9	2	0	0	4	4	1	0	0	0	0
10000	846	60	300	4	25	7	2	0	0	2	2	1	0	0	0	0
10000	847	60	300	4	25	7	2	0	0	3	3	1	0	0	0	0
10000	848	60	300	4	25	8	2	0	0	3	3	1	0	0	0	0
10000	850	60	300	4	25	8	2	0	0	3	3	1	0	0	0	0
10000	853	60	300	4	25	6	2	0	0	2	2	1	0	0	0	0
10000	854	60	300	4	25	9	2	0	0	5	5	1	0	0	0	0
10000	855	60	300	4	25	5	2	0	0	2	2	1	0	0	0	0
10000	858	60	300	4	25	8	2	0	0	4	4	1	0	0	0	0
10000	861	60	300	4	25	5	2	0	0	3	3	1	0	0	0	0
10000	862	60	300	4	25	7	2	0	0	4	4	1	0	0	0	0
10000	864	60	300	4	25	7	2	0	0	3	3	1	0	0	0	0
10000	865	60	300	4	25	14	2	0	0	11	11	1	0	0	0	0
10000	866	60	300	4	25	9	2	0	0	4	4	1	0	0	0	0
10000	868	60	300	4	25	6	2	0	0	3	3	1	0	0	0	0
10000	870	60	300	4	25	4	2	0	0	2	2	1	0	0	0	0
10000	873	60	300	4	25	5	2	0	0	1	1	1	0	0	0	0
10000	875	60	300	4	25	7	2	0	0	2	2	1	0	0	0	0
10000	876	60	300	4	25	5	2	0	0	3	3	1	0	0	0	0
10000	877	60	300	4	25	7	2	0	0	2	2	1	0	0	0	0
10000	878	60	300	4	25	7	2	0	0	4	4	1	0	0	0	0
10000	879	60	300	4	25	5	2	0	0	2	2	1	0	0	0	0
10000	880	60	300	4	25	6	2	0	0	2	2	1	0	0	0	0
10000	881	60	300	4	25	4	2	0	0	2	2	1	0	0	0	0
10000	886	60	300	4	25	5	2	0	0	2	2	1	0	0	0	0
10000	892	60	300	4	25	8	2	0	0	2	2	1	0	0	0	0
10000	894	60	300	4	25	6	2	0	0	2	2	1	0	0	0	0
10000	896	60	300	4	25	6	2	0	0	3	3	1	0	0	0	0
10000	897	60	300	4	25	5	2	0	0	3	3	1	0	0	0	0
10000	899	60	300	4	25	7	2	0	0	3	3	1	0	0	0	0
10000	901	60	300	4	25	6	2	0	0	2	2	1	0	0	0	0
10000	902	60	300	4	25	4	2	0	0	2	2	1	0	0	0	0
10000	903	60	300	4	25	6	2	0	0	2	2	1	0	0	0	0
10000	907	60	300	4	25	6	2	0	0	2	2	1	0	0	0	0
10000	909	60	300	4	25	8	2	0	0	6	6	1	0	0	0	0
10000	911	60	300	4	25	5	2	0	0	1	1	1	0	0	0	0
10000	913	60	300	4	25	6	2	0	0	3	3	1	0	0	0	0
10000	915	60	300	4	25	5	2	0	0	2	2	1	0	0	0	0
10000	918	60	300	4	25	8	2	0	0	3	3	1	0	0	0	0
10000	925	60	300	4	25	7	2	0	0	2	2	1	0	0	0	0
10000	926	60	300	4	25	8	2	0	0	3	3	1	0	0	0	0
10000	927	60	300	4	25	7	2	0	0	2	2	1	0	0	0	0
10000	930	60	300	4	25	8	2	0	0	5	5	1	0	0	0	0
10000	931	60	300	4	25	9	2	0	0	4	4	1	0	0	0	0
10000	932	60	300	4	25	6	2	0	0	2	2	1	0	0	0	0
10000	934	60	300	4	25	8	2	0	0	3	3	1	0	0	0	0
10000	935	60	300	4	25	5	2	0	0	2	2	1	0	0	0	0
10000	938	60	300	4	25	6	2	0	0	2	2	1	0	0	0	0
10000	939	60	300	4	25	6	2	0	0	2	2	1	0	0	0	0
10000	941	60	300	4	25	6	2	0	0	3	3	1	0	0	0	0
10000	943	60	300	4	25	6	2	0	0	2	2	1	0	0	0	0
10000	944	60	300	4	25	4	2	0	0	2	2	1	0	0	0	0
10000	948	60	300	4	25	8	2	0	0	4	4	1	0	0	0	0
10000	949	60	300	4	25	7	2	0	0	2	2	1	0	0	0	0
10000	951	60	300	4	25	6	2	0	0	2	2	1	0	0	0	0
10000	953	60	300	4	25	9	2	0	0	4	4	1	0	0	0	0
10000	960	60	300	4	25	7	2	0	0	3	3	1	0	0	0	0
10000	967	60	300	4	25	9	2	0	0	4	4	1	0	0	0	0
10000	968	60	300	4	25	5	2	0	0	1	1	1	0	0	0	0
10000	969	60	300	4	25	6	2	0	0	2	2	1	0	0	0	0
10000	970	60	300	4	25	6	2	0	0	2	2	1	0	0	0	0
10000	973	60	300	4	25	5	2	0	0	2	2	1	0	0	0	0
10000	974	60	300	4	25	7	2	0	0	4	4	1	0	0	0	0
10000	976	60	300	4	25	6	2	0	0	2	2	1	0	0	0	0
10000	978	60	300	4	25	6	2	0	0	2	2	1	0	0	0	0
10000	979	60	300	4	25	5	2	0	0	3	3	1	0	0	0	0
10000	981	60	300	4	25	8	2	0	0	4	4	1	0	0	0	0
10000	984	60	300	4	25	4	2	0	0	2	2	1	0	0	0	0
10000	986	60	300	4	25	5	2	0	0	1	1	1	0	0	0	0
10000	987	60	300	4	25	5	2	0	0	3	3	1	0	0	0	0
10000	988	60	300	4	25	7	2	0	0	2	2	1	0	0	0	0
10000	990	60	300	4	25	8	2	0	0	3	3	1	0	0	0	0
10000	991	60	300	4	25	5	2	0	0	2	2	1	0	0	0	0
10000	992	60	300	4	25	7	2	0	0	2	2	1	0	0	0	0
10000	996	60	300	4	25	6	2	0	0	3	3	1	0	0	0	0
10000	4	70	300	4	25	7	2	0	0	2	2	1	0	0	0	0
10000	5	70	300	4	25	9	2	0	0	4	4	1	0	0	0	0
10000	9	70	300	4	25	10	2	0	0	5	5	1	0	0	0	0
10000	10	70	300	4	25	6	2	0	0	2	2	1	0	0	0	0
10000	20	70	300	4	25	7	2	0	0	2	2	1	0	0	0	0
10000	26	70	300	4	25	6	2	0	0	3	3	1	0	0	0	0
10000	27	70	300	4	25	8	2	0	0	5	5	1	0	0	0	0
10000	29	70	300	4	25	7	2	0	0	2	2	1	0	0	0	0
10000	40	70	300	4	25	7	2	0	0	3	3	1	0	0	0	0
10000	41	70	300	4	25	4	2	0	0	2	2	1	0	0	0	0
10000	42	70	300	4	25	4	2	0	0	2	2	1	0	0	0	0
10000	43	70	300	4	25	9	2	0	0	3	3	1	0	0	0	0
10000	45	70	300	4	25	7	2	0	0	2	2	1	0	0	0	0
10000	46	70	300	4	25	7	2	0	0	2	2	1	0	0	0	0
10000	49	70	300	4	25	7	2	0	0	2	2	1	0	0	0	0
10000	58	70	300	4	25	12	2	0	0	6	6	1	0	0	0	0
10000	63	70	300	4	25	6	2	0	0	2	2	1	0	0	0	0
10000	65	70	300	4	25	8	2	0	0	4	4	1	0	0	0	0
10000	67	70	300	4	25	5	2	0	0	2	2	1	0	0	0	0
10000	70	70	300	4	25	6	2	0	0	2	2	1	0	0	0	0
10000	72	70	300	4	25	5	2	0	0	2	2	1	0	0	0	0
10000	73	70	300	4	25	7	2	0	0	2	2	1	0	0	0	0
10000	74	70	300	4	25	5	2	0	0	2	2	1	0	0	0	0
10000	93	70	300	4	25	7	2	0	0	2	2	1	0	0	0	0
10000	98	70	300	4	25	7	2	0	0	3	3	1	0	0	0	0
10000	99	70	300	4	25	6	2	0	0	3	3	1	0	0	0	0
10000	104	70	300	4	25	6	2	0	0	2	2	1	0	0	0	0
10000	110	70	300	4	25	6	2	0	0	2	2	1	0	0	0	0
10000	116	70	300	4	25	6	2	0	0	1	1	1	0	0	0	0
10000	122	70	300	4	25	8	2	0	0	3	3	1	0	0	0	0
10000	123	70	300	4	25	8	2	0	0	3	3	1	0	0	0	0
10000	132	70	300	4	25	9	2	0	0	6	6	1	0	0	0	0
10000	133	70	300	4	25	8	2	0	0	3	3	1	0	0	0	0
10000	135	70	300	4	25	5	2	0	0	3	3	1	0	0	0	0
10000	136	70	300	4	25	7	2	0	0	2	2	1	0	0	0	0
10000	141	70	300	4	25	9	2	0	0	4	4	1	0	0	0	0
10000	144	70	300	4	25	7	2	0	0	3	3	1	0	0	0	0
10000	146	70	300	4	25	7	2	0	0	3	3	1	0	0	0	0
10000	148	70	300	4	25	7	2	0	0	2	2	1	0	0	0	0
10000	154	70	300	4	25	4	2	0	0	1	1	1	0	0	0	0
10000	157	70	300	4	25	9	2	0	0	4	4	1	0	0	0	0
10000	159	70	300	4	25	7	2	0	0	3	3	1	0	0	0	0
10000	166	70	300	4	25	9	2	0	0	3	3	1	0	0	0	0
10000	168	70	300	4	25	4	2	0	0	1	1	1	0	0	0	0
10000	182	70	300	4	25	7	2	0	0	2	2	1	0	0	0	0
10000	184	70	300	4	25	9	2	0	0	4	4	1	0	0	0	0
10000	186	70	300	4	25	5	2	0	0	2	2	1	0	0	0	0
10000	189	70	300	4	25	4	2	0	0	2	2	1	0	0	0	0
10000	193	70	300	4	25	6	2	0	0	2	2	1	0	0	0	0
10000	201	70	300	4	25	7	2	0	0	3	3	1	0	0	0	0
10000	204	70	300	4	25	7	2	0	0	2	2	1	0	0	0	0
10000	206	70	300	4	25	5	2	0	0	2	2	1	0	0	0	0
10000	207	70	300	4	25	6	2	0	0	2	2	1	0	0	0	0
10000	209	70	300	4	25	7	2	0	0	2	2	1	0	0	0	0
10000	212	70	300	4	25	4	2	0	0	2	2	1	0	0	0	0
10000	213	70	300	4	25	5	2	0	0	2	2	1	0	0	0	0
10000	215	70	300	4	25	12	2	0	0	10	10	1	0	0	0	0
10000	216	70	300	4	25	7	2	0	0	3	3	1	0	0	0	0
10000	228	70	300	4	25	8	2	0	0	6	6	1	0	0	0	0
10000	231	70	300	4	25	4	2	0	0	2	2	1	0	0	0	0
10000	235	70	300	4	25	9	2	0	0	3	3	1	0	0	0	0
10000	245	70	300	4	25	6	2	0	0	2	2	1	0	0	0	0
10000	252	70	300	4	25	7	2	0	0	3	3	1	0	0	0	0
10000	254	70	300	4	25	8	2	0	0	3	3	1	0	0	0	0
10000	258	70	300	4	25	4	2	0	0	2	2	1	0	0	0	0
10000	260	70	300	4	25	9	2	0	0	7	7	1	0	0	0	0
10000	263	70	300	4	25	9	2	0	0	6	6	1	0	0	0	0
10000	264	70	300	4	25	5	2	0	0	2	2	1	0	0	0	0
10000	269	70	300	4	25	5	2	0	0	2	2	1	0	0	0	0
10000	273	70	300	4	25	6	2	0	0	2	2	1	0	0	0	0
10000	277	70	300	4	25	10	2	0	0	6	6	1	0	0	0	0
10000	279	70	300	4	25	9	2	0	0	5	5	1	0	0	0	0
10000	281	70	300	4	25	11	2	0	0	5	5	1	0	0	0	0
10000	291	70	300	4	25	7	2	0	0	3	3	1	0	0	0	0
10000	302	70	300	4	25	7	2	0	0	2	2	1	0	0	0	0
10000	306	70	300	4	25	9	2	0	0	4	4	1	0	0	0	0
10000	311	70	300	4	25	8	2	0	0	2	2	1	0	0	0	0
10000	313	70	300	4	25	7	2	0	0	2	2	1	0	0	0	0
10000	314	70	300	4	25	6	2	0	0	2	2	1	0	0	0	0
10000	316	70	300	4	25	6	2	0	0	1	1	1	0	0	0	0
10000	320	70	300	4	25	10	2	0	0	5	5	1	0	0	0	0
10000	321	70	300	4	25	6	2	0	0	2	2	1	0	0	0	0
10000	325	70	300	4	25	7	2	0	0	2	2	1	0	0	0	0
10000	330	70	300	4	25	6	2	0	0	2	2	1	0	0	0	0
10000	337	70	300	4	25	6	2	0	0	3	3	1	0	0	0	0
10000	339	70	300	4	25	7	2	0	0	3	3	1	0	0	0	0
10000	347	70	300	4	25	7	2	0	0	2	2	1	0	0	0	0
10000	348	70	300	4	25	12	2	0	0	6	6	1	0	0	0	0
10000	350	70	300	4	25	6	2	0	0	2	2	1	0	0	0	0
10000	353	70	300	4	25	9	2	0	0	6	6	1	0	0	0	0
10000	366	70	300	4	25	6	2	0	0	2	2	1	0	0	0	0
10000	367	70	300	4	25	6	2	0	0	2	2	1	0	0	0	0
10000	368	70	300	4	25	4	2	0	0	2	2	1	0	0	0	0
10000	378	70	300	4	25	5	2	0	0	1	1	1	0	0	0	0
10000	393	70	300	4	25	7	2	0	0	2	2	1	0	0	0	0
10000	403	70	300	4	25	7	2	0	0	4	4	1	0	0	0	0
10000	406	70	300	4	25	6	2	0	0	2	2	1	0	0	0	0
10000	411	70	300	4	25	9	2	0	0	5	5	1	0	0	0	0
10000	412	70	300	4	25	6	2	0	0	3	3	1	0	0	0	0
10000	413	70	300	4	25	6	2	0	0	2	2	1	0	0	0	0
10000	415	70	300	4	25	8	2	0	0	4	4	1	0	0	0	0
10000	416	70	300	4	25	5	2	0	0	2	2	1	0	0	0	0
10000	422	70	300	4	25	7	2	0	0	3	3	1	0	0	0	0
10000	423	70	300	4	25	8	2	0	0	3	3	1	0	0	0	0
10000	427	70	300	4	25	7	2	0	0	2	2	1	0	0	0	0
10000	436	70	300	4	25	7	2	0	0	2	2	1	0	0	0	0
10000	438	70	300	4	25	12	2	0	0	9	9	1	0	0	0	0
10000	445	70	300	4	25	7	2	0	0	3	3	1	0	0	0	0
10000	446	70	300	4	25	7	2	0	0	2	2	1	0	0	0	0
10000	447	70	300	4	25	8	2	0	0	3	3	1	0	0	0	0
10000	448	70	300	4	25	7	2	0	0	3	3	1	0	0	0	0
10000	451	70	300	4	25	7	2	0	0	4	4	1	0	0	0	0
10000	452	70	300	4	25	5	2	0	0	1	1	1	0	0	0	0
10000	453	70	300	4	25	4	2	0	0	2	2	1	0	0	0	0
10000	455	70	300	4	25	7	2	0	0	2	2	1	0	0	0	0
10000	457	70	300	4	25	5	2	0	0	3	3	1	0	0	0	0
10000	466	70	300	4	25	10	2	0	0	7	7	1	0	0	0	0
10000	474	70	300	4	25	7	2	0	0	3	3	1	0	0	0	0
10000	475	70	300	4	25	4	2	0	0	2	2	1	0	0	0	0
10000	482	70	300	4	25	10	2	0	0	5	5	1	0	0	0	0
10000	484	70	300	4	25	7	2	0	0	2	2	1	0	0	0	0
10000	486	70	300	4	25	7	2	0	0	2	2	1	0	0	0	0
10000	487	70	300	4	25	5	2	0	0	2	2	1	0	0	0	0
10000	490	70	300	4	25	8	2	0	0	4	4	1	0	0	0	0
10000	493	70	300	4	25	7	2	0	0	2	2	1	0	0	0	0
10000	513	70	300	4	25	6	2	0	0	2	2	1	0	0	0	0
10000	515	70	300	4	25	10	2	0	0	8	8	1	0	0	0	0
10000	519	70	300	4	25	7	2	0	0	4	4	1	0	0	0	0
10000	525	70	300	4	25	9	2	0	0	5	5	1	0	0	0	0
10000	527	70	300	4	25	7	2	0	0	3	3	1	0	0	0	0
10000	529	70	300	4	25	7	2	0	0	2	2	1	0	0	0	0
10000	535	70	300	4	25	8	2	0	0	3	3	1	0	0	0	0
10000	538	70	300	4	25	6	2	0	0	2	2	1	0	0	0	0
10000	546	70	300	4	25	6	2	0	0	2	2	1	0	0	0	0
10000	547	70	300	4	25	5	2	0	0	3	3	1	0	0	0	0
10000	550	70	300	4	25	8	2	0	0	3	3	1	0	0	0	0
10000	551	70	300	4	25	6	2	0	0	2	2	1	0	0	0	0
10000	552	70	300	4	25	8	2	0	0	4	4	1	0	0	0	0
10000	554	70	300	4	25	7	2	0	0	2	2	1	0	0	0	0
10000	555	70	300	4	25	6	2	0	0	2	2	1	0	0	0	0
10000	558	70	300	4	25	8	2	0	0	5	5	1	0	0	0	0
10000	560	70	300	4	25	8	2	0	0	4	4	1	0	0	0	0
10000	566	70	300	4	25	5	2	0	0	3	3	1	0	0	0	0
10000	571	70	300	4	25	7	2	0	0	2	2	1	0	0	0	0
10000	572	70	300	4	25	8	2	0	0	4	4	1	0	0	0	0
10000	573	70	300	4	25	7	2	0	0	2	2	1	0	0	0	0
10000	574	70	300	4	25	9	2	0	0	4	4	1	0	0	0	0
10000	578	70	300	4	25	9	2	0	0	4	4	1	0	0	0	0
10000	583	70	300	4	25	5	2	0	0	3	3	1	0	0	0	0
10000	588	70	300	4	25	7	2	0	0	4	4	1	0	0	0	0
10000	589	70	300	4	25	6	2	0	0	2	2	1	0	0	0	0
10000	591	70	300	4	25	9	2	0	0	4	4	1	0	0	0	0
10000	597	70	300	4	25	7	2	0	0	2	2	1	0	0	0	0
10000	598	70	300	4	25	4	2	0	0	1	1	1	0	0	0	0
10000	599	70	300	4	25	6	2	0	0	3	3	1	0	0	0	0
10000	602	70	300	4	25	7	2	0	0	2	2	1	0	0	0	0
10000	603	70	300	4	25	8	2	0	0	3	3	1	0	0	0	0
10000	618	70	300	4	25	8	2	0	0	4	4	1	0	0	0	0
10000	620	70	300	4	25	5	2	0	0	3	3	1	0	0	0	0
10000	621	70	300	4	25	8	2	0	0	3	3	1	0	0	0	0
10000	626	70	300	4	25	6	2	0	0	2	2	1	0	0	0	0
10000	628	70	300	4	25	7	2	0	0	3	3	1	0	0	0	0
10000	630	70	300	4	25	8	2	0	0	5	5	1	0	0	0	0
10000	631	70	300	4	25	7	2	0	0	3	3	1	0	0	0	0
10000	635	70	300	4	25	8	2	0	0	3	3	1	0	0	0	0
10000	639	70	300	4	25	9	2	0	0	4	4	1	0	0	0	0
10000	645	70	300	4	25	4	2	0	0	2	2	1	0	0	0	0
10000	651	70	300	4	25	8	2	0	0	4	4	1	0	0	0	0
10000	652	70	300	4	25	5	2	0	0	2	2	1	0	0	0	0
10000	658	70	300	4	25	8	2	0	0	3	3	1	0	0	0	0
10000	659	70	300	4	25	8	2	0	0	4	4	1	0	0	0	0
10000	663	70	300	4	25	8	2	0	0	3	3	1	0	0	0	0
10000	664	70	300	4	25	5	2	0	0	2	2	1	0	0	0	0
10000	669	70	300	4	25	5	2	0	0	3	3	1	0	0	0	0
10000	673	70	300	4	25	8	2	0	0	4	4	1	0	0	0	0
10000	682	70	300	4	25	8	2	0	0	4	4	1	0	0	0	0
10000	688	70	300	4	25	11	2	0	0	6	6	1	0	0	0	0
10000	690	70	300	4	25	7	2	0	0	2	2	1	0	0	0	0
10000	692	70	300	4	25	6	2	0	0	2	2	1	0	0	0	0
10000	693	70	300	4	25	4	2	0	0	1	1	1	0	0	0	0
10000	698	70	300	4	25	8	2	0	0	4	4	1	0	0	0	0
10000	701	70	300	4	25	7	2	0	0	2	2	1	0	0	0	0
10000	702	70	300	4	25	7	2	0	0	3	3	1	0	0	0	0
10000	704	70	300	4	25	7	2	0	0	2	2	1	0	0	0	0
10000	709	70	300	4	25	7	2	0	0	2	2	1	0	0	0	0
10000	710	70	300	4	25	10	2	0	0	5	5	1	0	0	0	0
10000	719	70	300	4	25	7	2	0	0	3	3	1	0	0	0	0
10000	720	70	300	4	25	6	2	0	0	3	3	1	0	0	0	0
10000	722	70	300	4	25	7	2	0	0	2	2	1	0	0	0	0
10000	725	70	300	4	25	6	2	0	0	4	4	1	0	0	0	0
10000	726	70	300	4	25	6	2	0	0	3	3	1	0	0	0	0
10000	728	70	300	4	25	7	2	0	0	2	2	1	0	0	0	0
10000	733	70	300	4	25	4	2	0	0	1	1	1	0	0	0	0
10000	734	70	300	4	25	7	2	0	0	3	3	1	0	0	0	0
10000	737	70	300	4	25	6	2	0	0	3	3	1	0	0	0	0
10000	738	70	300	4	25	5	2	0	0	3	3	1	0	0	0	0
10000	743	70	300	4	25	6	2	0	0	2	2	1	0	0	0	0
10000	747	70	300	4	25	12	2	0	0	8	8	1	0	0	0	0
10000	748	70	300	4	25	6	2	0	0	3	3	1	0	0	0	0
10000	749	70	300	4	25	12	2	0	0	8	8	1	0	0	0	0
10000	751	70	300	4	25	5	2	0	0	2	2	1	0	0	0	0
10000	764	70	300	4	25	6	2	0	0	3	3	1	0	0	0	0
10000	767	70	300	4	25	5	2	0	0	2	2	1	0	0	0	0
10000	768	70	300	4	25	5	2	0	0	2	2	1	0	0	0	0
10000	769	70	300	4	25	6	2	0	0	3	3	1	0	0	0	0
10000	773	70	300	4	25	7	2	0	0	2	2	1	0	0	0	0
10000	774	70	300	4	25	8	2	0	0	3	3	1	0	0	0	0
10000	776	70	300	4	25	9	2	0	0	5	5	1	0	0	0	0
10000	779	70	300	4	25	7	2	0	0	3	3	1	0	0	0	0
10000	780	70	300	4	25	8	2	0	0	3	3	1	0	0	0	0
10000	781	70	300	4	25	9	2	0	0	5	5	1	0	0	0	0
10000	787	70	300	4	25	5	2	0	0	2	2	1	0	0	0	0
10000	794	70	300	4	25	8	2	0	0	2	2	1	0	0	0	0
10000	795	70	300	4	25	7	2	0	0	2	2	1	0	0	0	0
10000	796	70	300	4	25	6	2	0	0	2	2	1	0	0	0	0
10000	799	70	300	4	25	8	2	0	0	3	3	1	0	0	0	0
10000	808	70	300	4	25	8	2	0	0	3	3	1	0	0	0	0
10000	810	70	300	4	25	7	2	0	0	4	4	1	0	0	0	0
10000	819	70	300	4	25	4	2	0	0	2	2	1	0	0	0	0
10000	820	70	300	4	25	5	2	0	0	2	2	1	0	0	0	0
10000	821	70	300	4	25	7	2	0	0	3	3	1	0	0	0	0
10000	822	70	300	4	25	6	2	0	0	3	3	1	0	0	0	0
10000	826	70	300	4	25	5	2	0	0	2	2	1	0	0	0	0
10000	827	70	300	4	25	4	2	0	0	2	2	1	0	0	0	0
10000	837	70	300	4	25	17	2	0	0	15	15	1	0	0	0	0
10000	840	70	300	4	25	8	2	0	0	4	4	1	0	0	0	0
10000	841	70	300	4	25	5	2	0	0	2	2	1	0	0	0	0
10000	842	70	300	4	25	8	2	0	0	4	4	1	0	0	0	0
10000	844	70	300	4	25	10	2	0	0	5	5	1	0	0	0	0
10000	852	70	300	4	25	4	2	0	0	2	2	1	0	0	0	0
10000	853	70	300	4	25	5	2	0	0	2	2	1	0	0	0	0
10000	855	70	300	4	25	8	2	0	0	4	4	1	0	0	0	0
10000	860	70	300	4	25	7	2	0	0	2	2	1	0	0	0	0
10000	861	70	300	4	25	6	2	0	0	2	2	1	0	0	0	0
10000	862	70	300	4	25	7	2	0	0	4	4	1	0	0	0	0
10000	866	70	300	4	25	8	2	0	0	4	4	1	0	0	0	0
10000	870	70	300	4	25	4	2	0	0	2	2	1	0	0	0	0
10000	878	70	300	4	25	7	2	0	0	3	3	1	0	0	0	0
10000	879	70	300	4	25	6	2	0	0	2	2	1	0	0	0	0
10000	881	70	300	4	25	7	2	0	0	2	2	1	0	0	0	0
10000	892	70	300	4	25	8	2	0	0	3	3	1	0	0	0	0
10000	893	70	300	4	25	6	2	0	0	3	3	1	0	0	0	0
10000	895	70	300	4	25	7	2	0	0	3	3	1	0	0	0	0
10000	896	70	300	4	25	7	2	0	0	2	2	1	0	0	0	0
10000	897	70	300	4	25	5	2	0	0	3	3	1	0	0	0	0
10000	904	70	300	4	25	4	2	0	0	2	2	1	0	0	0	0
10000	907	70	300	4	25	7	2	0	0	2	2	1	0	0	0	0
10000	908	70	300	4	25	8	2	0	0	3	3	1	0	0	0	0
10000	915	70	300	4	25	7	2	0	0	3	3	1	0	0	0	0
10000	922	70	300	4	25	6	2	0	0	2	2	1	0	0	0	0
10000	925	70	300	4	25	8	2	0	0	3	3	1	0	0	0	0
10000	927	70	300	4	25	7	2	0	0	2	2	1	0	0	0	0
10000	937	70	300	4	25	6	2	0	0	2	2	1	0	0	0	0
10000	942	70	300	4	25	6	2	0	0	2	2	1	0	0	0	0
10000	944	70	300	4	25	7	2	0	0	3	3	1	0	0	0	0
10000	950	70	300	4	25	4	2	0	0	1	1	1	0	0	0	0
10000	958	70	300	4	25	5	2	0	0	2	2	1	0	0	0	0
10000	969	70	300	4	25	6	2	0	0	2	2	1	0	0	0	0
10000	977	70	300	4	25	9	2	0	0	5	5	1	0	0	0	0
10000	981	70	300	4	25	6	2	0	0	3	3	1	0	0	0	0
10000	984	70	300	4	25	8	2	0	0	3	3	1	0	0	0	0
10000	986	70	300	4	25	9	2	0	0	4	4	1	0	0	0	0
10000	987	70	300	4	25	9	2	0	0	4	4	1	0	0	0	0
10000	991	70	300	4	25	5	2	0	0	1	1	1	0	0	0	0
10000	10	80	300	4	25	8	2	0	0	4	4	1	0	0	0	0
10000	16	80	300	4	25	7	2	0	0	2	2	1	0	0	0	0
10000	27	80	300	4	25	9	2	0	0	6	6	1	0	0	0	0
10000	42	80	300	4	25	8	2	0	0	3	3	1	0	0	0	0
10000	45	80	300	4	25	7	2	0	0	2	2	1	0	0	0	0
10000	49	80	300	4	25	6	2	0	0	2	2	1	0	0	0	0
10000	59	80	300	4	25	5	2	0	0	2	2	1	0	0	0	0
10000	72	80	300	4	25	4	2	0	0	1	1	1	0	0	0	0
10000	104	80	300	4	25	7	2	0	0	3	3	1	0	0	0	0
10000	110	80	300	4	25	5	2	0	0	1	1	1	0	0	0	0
10000	119	80	300	4	25	7	2	0	0	2	2	1	0	0	0	0
10000	135	80	300	4	25	5	2	0	0	2	2	1	0	0	0	0
10000	143	80	300	4	25	6	2	0	0	2	2	1	0	0	0	0
10000	154	80	300	4	25	6	2	0	0	2	2	1	0	0	0	0
10000	168	80	300	4	25	7	2	0	0	2	2	1	0	0	0	0
10000	180	80	300	4	25	7	2	0	0	2	2	1	0	0	0	0
10000	189	80	300	4	25	6	2	0	0	3	3	1	0	0	0	0
10000	212	80	300	4	25	10	2	0	0	6	6	1	0	0	0	0
10000	226	80	300	4	25	5	2	0	0	3	3	1	0	0	0	0
10000	228	80	300	4	25	10	2	0	0	6	6	1	0	0	0	0
10000	229	80	300	4	25	8	2	0	0	3	3	1	0	0	0	0
10000	248	80	300	4	25	6	2	0	0	3	3	1	0	0	0	0
10000	260	80	300	4	25	11	2	0	0	7	7	1	0	0	0	0
10000	264	80	300	4	25	7	2	0	0	2	2	1	0	0	0	0
10000	267	80	300	4	25	6	2	0	0	1	1	1	0	0	0	0
10000	273	80	300	4	25	7	2	0	0	3	3	1	0	0	0	0
10000	275	80	300	4	25	6	2	0	0	2	2	1	0	0	0	0
10000	306	80	300	4	25	8	2	0	0	3	3	1	0	0	0	0
10000	310	80	300	4	25	7	2	0	0	3	3	1	0	0	0	0
10000	313	80	300	4	25	7	2	0	0	3	3	1	0	0	0	0
10000	362	80	300	4	25	7	2	0	0	2	2	1	0	0	0	0
10000	368	80	300	4	25	6	2	0	0	3	3	1	0	0	0	0
10000	403	80	300	4	25	9	2	0	0	4	4	1	0	0	0	0
10000	413	80	300	4	25	6	2	0	0	2	2	1	0	0	0	0
10000	438	80	300	4	25	15	2	0	0	12	12	1	0	0	0	0
10000	439	80	300	4	25	9	2	0	0	4	4	1	0	0	0	0
10000	453	80	300	4	25	6	2	0	0	2	2	1	0	0	0	0
10000	457	80	300	4	25	9	2	0	0	3	3	1	0	0	0	0
10000	461	80	300	4	25	8	2	0	0	4	4	1	0	0	0	0
10000	472	80	300	4	25	8	2	0	0	4	4	1	0	0	0	0
10000	475	80	300	4	25	6	2	0	0	2	2	1	0	0	0	0
10000	487	80	300	4	25	7	2	0	0	2	2	1	0	0	0	0
10000	508	80	300	4	25	9	2	0	0	4	4	1	0	0	0	0
10000	515	80	300	4	25	10	2	0	0	8	8	1	0	0	0	0
10000	518	80	300	4	25	7	2	0	0	2	2	1	0	0	0	0
10000	519	80	300	4	25	11	2	0	0	5	5	1	0	0	0	0
10000	540	80	300	4	25	7	2	0	0	2	2	1	0	0	0	0
10000	547	80	300	4	25	7	2	0	0	2	2	1	0	0	0	0
10000	552	80	300	4	25	8	2	0	0	5	5	1	0	0	0	0
10000	566	80	300	4	25	8	2	0	0	3	3	1	0	0	0	0
10000	567	80	300	4	25	10	2	0	0	4	4	1	0	0	0	0
10000	571	80	300	4	25	7	2	0	0	3	3	1	0	0	0	0
10000	583	80	300	4	25	6	2	0	0	2	2	1	0	0	0	0
10000	597	80	300	4	25	9	2	0	0	4	4	1	0	0	0	0
10000	598	80	300	4	25	9	2	0	0	5	5	1	0	0	0	0
10000	599	80	300	4	25	6	2	0	0	3	3	1	0	0	0	0
10000	621	80	300	4	25	8	2	0	0	3	3	1	0	0	0	0
10000	628	80	300	4	25	8	2	0	0	3	3	1	0	0	0	0
10000	664	80	300	4	25	7	2	0	0	2	2	1	0	0	0	0
10000	669	80	300	4	25	7	2	0	0	3	3	1	0	0	0	0
10000	693	80	300	4	25	7	2	0	0	3	3	1	0	0	0	0
10000	699	80	300	4	25	8	2	0	0	5	5	1	0	0	0	0
10000	702	80	300	4	25	7	2	0	0	3	3	1	0	0	0	0
10000	720	80	300	4	25	7	2	0	0	2	2	1	0	0	0	0
10000	725	80	300	4	25	13	2	0	0	9	9	1	0	0	0	0
10000	734	80	300	4	25	9	2	0	0	4	4	1	0	0	0	0
10000	738	80	300	4	25	9	2	0	0	3	3	1	0	0	0	0
10000	743	80	300	4	25	9	2	0	0	4	4	1	0	0	0	0
10000	747	80	300	4	25	10	2	0	0	6	6	1	0.01	0	0	0
10000	748	80	300	4	25	13	2	0	0	7	7	1	0	0	0	0
10000	753	80	300	4	25	8	2	0	0	3	3	1	0	0	0	0
10000	754	80	300	4	25	12	2	0	0	8	8	1	0	0	0	0
10000	779	80	300	4	25	7	2	0	0	3	3	1	0	0	0	0
10000	796	80	300	4	25	6	2	0	0	2	2	1	0	0	0	0
10000	820	80	300	4	25	6	2	0	0	2	2	1	0	0	0	0
10000	822	80	300	4	25	7	2	0	0	3	3	1	0	0	0	0
10000	826	80	300	4	25	8	2	0	0	3	3	1	0	0	0	0
10000	840	80	300	4	25	7	2	0	0	3	3	1	0	0	0	0
10000	841	80	300	4	25	9	2	0	0	4	4	1	0	0	0	0
10000	852	80	300	4	25	5	2	0	0	3	3	1	0	0	0	0
10000	853	80	300	4	25	5	2	0	0	2	2	1	0	0	0	0
10000	878	80	300	4	25	8	2	0	0	3	3	1	0	0	0	0
10000	886	80	300	4	25	8	2	0	0	3	3	1	0	0	0	0
10000	893	80	300	4	25	7	2	0	0	2	2	1	0	0	0	0
10000	897	80	300	4	25	9	2	0	0	5	5	1	0	0	0	0
10000	904	80	300	4	25	9	2	0	0	4	4	1	0	0	0	0
10000	935	80	300	4	25	6	2	0	0	1	1	1	0	0	0	0
10000	944	80	300	4	25	6	2	0	0	2	2	1	0	0	0	0
10000	950	80	300	4	25	6	2	0	0	2	2	1	0	0	0	0
10000	59	90	300	4	25	7	2	0	0	2	2	1	0	0	0	0
10000	72	90	300	4	25	7	2	0	0	3	3	1	0	0	0	0
10000	130	90	300	4	25	7	2	0	0	3	3	1	0	0	0	0
10000	205	90	300	4	25	7	2	0	0	4	4	1	0	0	0	0
10000	258	90	300	4	25	6	2	0	0	1	1	1	0	0	0	0
10000	275	90	300	4	25	11	2	0	0	4	4	1	0	0	0	0
10000	368	90	300	4	25	8	2	0	0	4	4	1	0	0	0	0
10000	415	90	300	4	25	7	2	0	0	3	3	1	0	0	0	0
10000	439	90	300	4	25	9	2	0	0	3	3	1	0	0	0	0
10000	461	90	300	4	25	9	2	0	0	4	4	1	0	0	0	0
10000	591	90	300	4	25	8	2	0	0	3	3	1	0	0	0	0
10000	599	90	300	4	25	8	2	0	0	3	3	1	0	0	0	0
10000	637	90	300	4	25	6	2	0	0	3	3	1	0	0	0	0
10000	719	90	300	4	25	8	2	0	0	3	3	1	0	0	0	0
10000	764	90	300	4	25	8	2	0	0	3	3	1	0	0	0	0
10000	796	90	300	4	25	7	2	0	0	2	2	1	0	0	0	0
10000	852	90	300	4	25	4	2	0	0	2	2	1	0	0	0	0
10000	893	90	300	4	25	6	2	0	0	2	2	1	0	0	0	0
