10000	359	60	300	4	25	19	13769	4.1389	5	0	0	5	0.2	5	0.2	1	0.07	-1.1549	0	0	0	0
10000	28	70	300	4	25	20	34559	4.53856	5	0	0	4	0.25	4	0.25	1	0.19	-0.721246	0.03	-1.52288	0	0
10000	85	70	300	4	25	17	20735	4.3167	5	0	0	3	0.333333	3	0.333333	1	0.09	-1.04576	0.03	-1.52288	0	0
10000	242	70	300	4	25	22	24191	4.38365	5	0	0	7	0.142857	7	0.142857	1	0.13	-0.886057	0.01	-2	0	0
10000	280	70	300	4	25	25	14687	4.16693	5	0	0	11	0.0909091	11	0.0909091	1	0.11	-0.958607	0.01	-2	0	0
10000	359	70	300	4	25	20	31934	4.50425	5	0	0	5	0.2	5	0.2	1	0.18	-0.744727	0.03	-1.52288	0	0
10000	390	70	300	4	25	18	18715	4.27219	5	0	0	4	0.25	4	0.25	1	0.1	-1	0.03	-1.52288	0	0
10000	419	70	300	4	25	19	17279	4.23752	5	0	0	4	0.25	4	0.25	1	0.09	-1.04576	0.01	-2	0	0
10000	512	70	300	4	25	23	21059	4.32344	5	0	0	6	0.166667	6	0.166667	1	0.21	-0.677781	0.02	-1.69897	0	0
10000	634	70	300	4	25	25	10708	4.02971	5	0	0	7	0.142857	7	0.142857	1	0.06	-1.22185	0.01	-2	0	0
10000	712	70	300	4	25	22	60690	4.78312	5	0	0	4	0.25	4	0.25	1	0.42	-0.376751	0.07	-1.1549	0	0
10000	807	70	300	4	25	18	11663	4.06681	5	0	0	3	0.333333	3	0.333333	1	0.05	-1.30103	0.01	-2	0	0
10000	823	70	300	4	25	17	19439	4.28867	5	0	0	2	0.5	2	0.5	1	0.1	-1	0.01	-2	0	0
10000	883	70	300	4	25	22	10709	4.02975	5	0	0	6	0.166667	6	0.166667	1	0.09	-1.04576	0.01	-2	0	0
10000	33	80	300	4	25	22	32788	4.51571	5	0	0	4	0.25	4	0.25	1	0.26	-0.585027	0.05	-1.30103	0	0
10000	44	80	300	4	25	22	11711	4.06859	5	0	0	4	0.25	4	0.25	1	0.07	-1.1549	0.01	-2	0	0
10000	56	80	300	4	25	19	12605	4.10054	5	0	0	5	0.2	5	0.2	1	0.07	-1.1549	0	0	0	0
10000	71	80	300	4	25	19	20735	4.3167	5	0	0	4	0.25	4	0.25	1	0.15	-0.823909	0.02	-1.69897	0	0
10000	87	80	300	4	25	20	47830	4.6797	5	0	0	3	0.333333	3	0.333333	1	0.27	-0.568636	0.06	-1.22185	0	0
10000	137	80	300	4	25	19	12076	4.08192	5	0	0	4	0.25	4	0.25	1	0.07	-1.1549	0	0	0	0
10000	147	80	300	4	25	24	12493	4.09667	5	0	0	10	0.1	10	0.1	1	0.13	-0.886057	0	0	0	0
10000	163	80	300	4	25	20	11879	4.07478	5	0	0	6	0.166667	6	0.166667	1	0.08	-1.09691	0.01	-2	0	0
10000	170	80	300	4	25	20	28715	4.45811	5	0	0	3	0.333333	3	0.333333	1	0.16	-0.79588	0.04	-1.39794	0	0
10000	266	80	300	4	25	15	10367	4.01565	5	0	0	2	0.5	2	0.5	1	0.05	-1.30103	0.01	-2	0	0
10000	286	80	300	4	25	24	10369	4.01574	5	0	0	10	0.1	10	0.1	1	0.09	-1.04576	0.01	-2	0	0
10000	287	80	300	4	25	30	13545	4.13178	5	0	0	11	0.0909091	11	0.0909091	1	0.11	-0.958607	0.01	-2	0	0
10000	294	80	300	4	25	22	22139	4.34516	5	0	0	6	0.166667	6	0.166667	1	0.21	-0.677781	0.02	-1.69897	0	0
10000	303	80	300	4	25	16	11663	4.06681	5	0	0	2	0.5	2	0.5	1	0.06	-1.22185	0.01	-2	0	0
10000	359	80	300	4	25	19	27641	4.44155	5	0	0	4	0.25	4	0.25	1	0.15	-0.823909	0.04	-1.39794	0	0
10000	375	80	300	4	25	20	11441	4.05846	5	0	0	5	0.2	5	0.2	1	0.09	-1.04576	0.01	-2	0	0
10000	424	80	300	4	25	18	18438	4.26571	5	0	0	3	0.333333	3	0.333333	1	0.09	-1.04576	0.03	-1.52288	0	0
10000	431	80	300	4	25	19	13370	4.12613	5	0	0	5	0.2	5	0.2	1	0.06	-1.22185	0.01	-2	0	0
10000	433	80	300	4	25	28	20609	4.31406	5	0	0	13	0.0769231	13	0.0769231	1	0.27	-0.568636	0.01	-2	0	0
10000	456	80	300	4	25	18	15551	4.19176	5	0	0	3	0.333333	3	0.333333	1	0.07	-1.1549	0.01	-2	0	0
10000	464	80	300	4	25	18	10226	4.00971	5	0	0	4	0.25	4	0.25	1	0.05	-1.30103	0	0	0	0
10000	500	80	300	4	25	19	23327	4.36786	5	0	0	4	0.25	4	0.25	1	0.12	-0.920819	0.03	-1.52288	0	0
10000	512	80	300	4	25	23	35999	4.55629	5	0	0	6	0.166667	6	0.166667	1	0.41	-0.387216	0.04	-1.39794	0	0
10000	559	80	300	4	25	21	15157	4.18061	5	0	0	4	0.25	4	0.25	1	0.09	-1.04576	0.02	-1.69897	0	0
10000	564	80	300	4	25	19	45197	4.65511	5	0	0	2	0.5	2	0.5	1	0.26	-0.585027	0.06	-1.22185	0	0
10000	569	80	300	4	25	21	46655	4.6689	5	0	0	5	0.2	5	0.2	1	0.24	-0.619789	0.04	-1.39794	0	0
10000	577	80	300	4	25	17	12369	4.09233	5	0	0	3	0.333333	3	0.333333	1	0.05	-1.30103	0.02	-1.69897	0	0
10000	601	80	300	4	25	20	48599	4.68663	5	0	0	4	0.25	4	0.25	1	0.42	-0.376751	0.04	-1.39794	0	0
10000	607	80	300	4	25	25	43966	4.64312	5	0	0	8	0.125	8	0.125	1	0.26	-0.585027	0.04	-1.39794	0	0
10000	633	80	300	4	25	18	13319	4.12447	5	0	0	4	0.25	4	0.25	1	0.05	-1.30103	0.02	-1.69897	0	0
10000	634	80	300	4	25	26	14095	4.14907	5	0	0	8	0.125	8	0.125	1	0.07	-1.1549	0.02	-1.69897	0	0
10000	656	80	300	4	25	22	12481	4.09625	5	0	0	6	0.166667	6	0.166667	1	0.05	-1.30103	0.02	-1.69897	0	0
10000	661	80	300	4	25	22	53236	4.72621	5	0	0	4	0.25	4	0.25	1	0.39	-0.408935	0.09	-1.04576	0	0
10000	671	80	300	4	25	21	21738	4.33722	5	0	0	5	0.2	5	0.2	1	0.15	-0.823909	0.01	-2	0	0
10000	677	80	300	4	25	20	19439	4.28867	5	0	0	5	0.2	5	0.2	1	0.18	-0.744727	0.03	-1.52288	0	0
10000	685	80	300	4	25	20	18695	4.27173	5	0	0	6	0.166667	6	0.166667	1	0.13	-0.886057	0.02	-1.69897	0	0
10000	691	80	300	4	25	19	21210	4.32654	5	0	0	3	0.333333	3	0.333333	1	0.1	-1	0.03	-1.52288	0	0
10000	695	80	300	4	25	19	18143	4.25871	5	0	0	5	0.2	5	0.2	1	0.09	-1.04576	0.03	-1.52288	0	0
10000	716	80	300	4	25	24	81211	4.90961	5	0	0	4	0.25	4	0.25	1	0.61	-0.21467	0.09	-1.04576	0	0
10000	758	80	300	4	25	23	33704	4.52768	5	0	0	5	0.2	5	0.2	1	0.25	-0.60206	0.04	-1.39794	0	0
10000	766	80	300	4	25	18	19472	4.28941	5	0	0	3	0.333333	3	0.333333	1	0.1	-1	0.02	-1.69897	0	0
10000	770	80	300	4	25	22	22349	4.34926	5	0	0	6	0.166667	6	0.166667	1	0.1	-1	0.03	-1.52288	0	0
10000	777	80	300	4	25	20	13737	4.13789	5	0	0	4	0.25	4	0.25	1	0.09	-1.04576	0.01	-2	0	0
10000	778	80	300	4	25	22	19016	4.27912	5	0	0	6	0.166667	6	0.166667	1	0.09	-1.04576	0.02	-1.69897	0	0
10000	805	80	300	4	25	18	10450	4.01912	5	0	0	5	0.2	5	0.2	1	0.05	-1.30103	0.01	-2	0	0
10000	807	80	300	4	25	21	45805	4.66091	5	0	0	4	0.25	4	0.25	1	0.26	-0.585027	0.04	-1.39794	0	0
10000	815	80	300	4	25	18	22679	4.35562	5	0	0	3	0.333333	3	0.333333	1	0.11	-0.958607	0.03	-1.52288	0	0
10000	818	80	300	4	25	25	28901	4.46091	5	0	0	7	0.142857	7	0.142857	1	0.19	-0.721246	0.02	-1.69897	0	0
10000	832	80	300	4	25	18	10750	4.03141	5	0	0	4	0.25	4	0.25	1	0.06	-1.22185	0	0	0	0
10000	833	80	300	4	25	21	62453	4.79555	5	0	0	5	0.2	5	0.2	1	0.51	-0.29243	0.06	-1.22185	0	0
10000	849	80	300	4	25	24	50338	4.7019	5	0	0	6	0.166667	6	0.166667	1	0.26	-0.585027	0.06	-1.22185	0	0
10000	874	80	300	4	25	27	67884	4.83177	5	0	0	6	0.166667	6	0.166667	1	0.69	-0.161151	0.09	-1.04576	0	0
10000	880	80	300	4	25	18	23528	4.37159	5	0	0	3	0.333333	3	0.333333	1	0.12	-0.920819	0.04	-1.39794	0	0
10000	883	80	300	4	25	22	10950	4.03941	5	0	0	6	0.166667	6	0.166667	1	0.18	-0.744727	0.01	-2	0	0
10000	884	80	300	4	25	21	18158	4.25907	5	0	0	4	0.25	4	0.25	1	0.16	-0.79588	0.01	-2	0	0
10000	953	80	300	4	25	21	13127	4.11817	5	0	0	6	0.166667	6	0.166667	1	0.14	-0.853872	0	0	0	0
10000	954	80	300	4	25	18	15557	4.19193	5	0	0	3	0.333333	3	0.333333	1	0.07	-1.1549	0.03	-1.52288	0	0
10000	956	80	300	4	25	33	18431	4.26555	5	0	0	15	0.0666667	15	0.0666667	1	0.15	-0.823909	0.01	-2	0	0
10000	983	80	300	4	25	20	11772	4.07085	5	0	0	7	0.142857	7	0.142857	1	0.06	-1.22185	0.01	-2	0	0
10000	9	90	300	4	25	21	13461	4.12908	5	0	0	6	0.166667	6	0.166667	1	0.11	-0.958607	0	0	0	0
10000	13	90	300	4	25	26	25372	4.40435	5	0	0	7	0.142857	7	0.142857	1	0.16	-0.79588	0.03	-1.52288	0	0
10000	23	90	300	4	25	20	39749	4.59933	5	0	0	3	0.333333	3	0.333333	1	0.35	-0.455932	0.05	-1.30103	0	0
10000	24	90	300	4	25	17	10367	4.01565	5	0	0	3	0.333333	3	0.333333	1	0.05	-1.30103	0.01	-2	0	0
10000	55	90	300	4	25	21	13199	4.12054	5	0	0	6	0.166667	6	0.166667	1	0.09	-1.04576	0.01	-2	0	0
10000	56	90	300	4	25	23	94116	4.97366	5	0	0	4	0.25	4	0.25	1	0.86	-0.0655015	0.09	-1.04576	0	0
10000	57	90	300	4	25	19	15641	4.19426	5	0	0	4	0.25	4	0.25	1	0.08	-1.09691	0.02	-1.69897	0	0
10000	65	90	300	4	25	22	22815	4.35822	5	0	0	5	0.2	5	0.2	1	0.12	-0.920819	0.03	-1.52288	0	0
10000	71	90	300	4	25	21	18143	4.25871	5	0	0	8	0.125	8	0.125	1	0.21	-0.677781	0.01	-2	0	0
10000	76	90	300	4	25	22	41471	4.61774	5	0	0	6	0.166667	6	0.166667	1	0.24	-0.619789	0.04	-1.39794	0	0
10000	78	90	300	4	25	23	16139	4.20788	5	0	0	6	0.166667	6	0.166667	1	0.09	-1.04576	0.01	-2	0	0
10000	80	90	300	4	25	18	15551	4.19176	5	0	0	5	0.2	5	0.2	1	0.07	-1.1549	0.01	-2	0	0
10000	89	90	300	4	25	19	12955	4.11244	5	0	0	4	0.25	4	0.25	1	0.07	-1.1549	0.01	-2	0	0
10000	92	90	300	4	25	20	25623	4.40863	5	0	0	4	0.25	4	0.25	1	0.14	-0.853872	0.03	-1.52288	0	0
10000	94	90	300	4	25	23	21961	4.34165	5	0	0	6	0.166667	6	0.166667	1	0.21	-0.677781	0.04	-1.39794	0	0
10000	108	90	300	4	25	20	24766	4.39386	5	0	0	4	0.25	4	0.25	1	0.18	-0.744727	0.04	-1.39794	0	0
10000	114	90	300	4	25	21	61633	4.78981	5	0	0	4	0.25	4	0.25	1	0.46	-0.337242	0.08	-1.09691	0	0
10000	115	90	300	4	25	25	22817	4.35826	5	0	0	6	0.166667	6	0.166667	1	0.21	-0.677781	0.03	-1.52288	0	0
10000	127	90	300	4	25	20	11065	4.04395	5	0	0	4	0.25	4	0.25	1	0.06	-1.22185	0.01	-2	0	0
10000	146	90	300	4	25	18	12095	4.08261	5	0	0	6	0.166667	6	0.166667	1	0.1	-1	0.01	-2	0	0
10000	152	90	300	4	25	22	36287	4.55975	5	0	0	5	0.2	5	0.2	1	0.2	-0.69897	0.04	-1.39794	0	0
10000	166	90	300	4	25	21	10199	4.00856	5	0	0	6	0.166667	6	0.166667	1	0.05	-1.30103	0.01	-2	0	0
10000	171	90	300	4	25	23	29653	4.47207	5	0	0	5	0.2	5	0.2	1	0.21	-0.677781	0.03	-1.52288	0	0
10000	172	90	300	4	25	21	34559	4.53856	5	0	0	5	0.2	5	0.2	1	0.21	-0.677781	0.03	-1.52288	0	0
10000	178	90	300	4	25	25	78706	4.89601	5	0	0	5	0.2	5	0.2	1	0.45	-0.346787	0.16	-0.79588	0	0
10000	185	90	300	4	25	18	10367	4.01565	5	0	0	4	0.25	4	0.25	1	0.04	-1.39794	0.02	-1.69897	0	0
10000	186	90	300	4	25	22	18545	4.26823	5	0	0	7	0.142857	7	0.142857	1	0.1	-1	0.02	-1.69897	0	0
10000	190	90	300	4	25	27	90237	4.95538	5	0	0	6	0.166667	6	0.166667	1	0.64	-0.19382	0.16	-0.79588	0	0
10000	192	90	300	4	25	24	24241	4.38455	5	0	0	6	0.166667	6	0.166667	1	0.2	-0.69897	0.02	-1.69897	0	0
10000	195	90	300	4	25	20	41471	4.61774	5	0	0	3	0.333333	3	0.333333	1	0.27	-0.568636	0.03	-1.52288	0	0
10000	196	90	300	4	25	20	19651	4.29338	5	0	0	4	0.25	4	0.25	1	0.1	-1	0.02	-1.69897	0	0
10000	197	90	300	4	25	19	13567	4.13248	5	0	0	4	0.25	4	0.25	1	0.07	-1.1549	0.01	-2	0	0
10000	198	90	300	4	25	24	56699	4.75358	5	0	0	6	0.166667	6	0.166667	1	0.42	-0.376751	0.04	-1.39794	0	0
10000	199	90	300	4	25	23	38094	4.58086	5	0	0	4	0.25	4	0.25	1	0.19	-0.721246	0.03	-1.52288	0	0
10000	200	90	300	4	25	19	25919	4.41362	5	0	0	3	0.333333	3	0.333333	1	0.15	-0.823909	0.03	-1.52288	0	0
10000	208	90	300	4	25	15	10407	4.01733	5	0	0	2	0.5	2	0.5	1	0.12	-0.920819	0.02	-1.69897	0	0
10000	210	90	300	4	25	25	23246	4.36635	5	0	0	9	0.111111	9	0.111111	1	0.28	-0.552842	0.01	-2	0	0
10000	211	90	300	4	25	23	31679	4.50077	5	0	0	5	0.2	5	0.2	1	0.14	-0.853872	0.04	-1.39794	0	0
10000	213	90	300	4	25	19	11335	4.05442	5	0	0	6	0.166667	6	0.166667	1	0.07	-1.1549	0.01	-2	0	0
10000	220	90	300	4	25	22	23374	4.36873	5	0	0	6	0.166667	6	0.166667	1	0.27	-0.568636	0.02	-1.69897	0	0
10000	224	90	300	4	25	18	27647	4.44165	5	0	0	3	0.333333	3	0.333333	1	0.15	-0.823909	0.02	-1.69897	0	0
10000	227	90	300	4	25	21	15836	4.19965	5	0	0	6	0.166667	6	0.166667	1	0.09	-1.04576	0.01	-2	0	0
10000	232	90	300	4	25	19	18431	4.26555	5	0	0	4	0.25	4	0.25	1	0.08	-1.09691	0.03	-1.52288	0	0
10000	234	90	300	4	25	19	12102	4.08286	5	0	0	6	0.166667	6	0.166667	1	0.06	-1.22185	0	0	0	0
10000	240	90	300	4	25	21	29159	4.46477	5	0	0	4	0.25	4	0.25	1	0.16	-0.79588	0.02	-1.69897	0	0
10000	243	90	300	4	25	18	17447	4.24172	5	0	0	4	0.25	4	0.25	1	0.1	-1	0.01	-2	0	0
10000	250	90	300	4	25	29	25912	4.4135	5	0	0	8	0.125	8	0.125	1	0.24	-0.619789	0.04	-1.39794	0	0
10000	252	90	300	4	25	19	14705	4.16747	5	0	0	5	0.2	5	0.2	1	0.08	-1.09691	0.01	-2	0	0
10000	256	90	300	4	25	28	45863	4.66146	5	0	0	5	0.2	5	0.2	1	0.36	-0.443697	0.05	-1.30103	0	0
10000	282	90	300	4	25	22	17382	4.2401	5	0	0	6	0.166667	6	0.166667	1	0.11	-0.958607	0.03	-1.52288	0	0
10000	286	90	300	4	25	23	23760	4.37585	5	0	0	8	0.125	8	0.125	1	0.24	-0.619789	0.03	-1.52288	0	0
10000	289	90	300	4	25	27	59326	4.77325	5	0	0	6	0.166667	6	0.166667	1	0.79	-0.102373	0.09	-1.04576	0	0
10000	291	90	300	4	25	23	18210	4.26031	5	0	0	8	0.125	8	0.125	1	0.14	-0.853872	0.01	-2	0	0
10000	293	90	300	4	25	22	11510	4.06108	5	0	0	4	0.25	4	0.25	1	0.09	-1.04576	0.01	-2	0	0
10000	297	90	300	4	25	20	14319	4.15591	5	0	0	5	0.2	5	0.2	1	0.09	-1.04576	0.02	-1.69897	0	0
10000	299	90	300	4	25	29	49956	4.69859	5	0	0	9	0.111111	9	0.111111	1	0.58	-0.236572	0.03	-1.52288	0	0
10000	303	90	300	4	25	18	39621	4.59793	5	0	0	3	0.333333	3	0.333333	1	0.21	-0.677781	0.03	-1.52288	0	0
10000	309	90	300	4	25	20	14087	4.14882	5	0	0	5	0.2	5	0.2	1	0.13	-0.886057	0	0	0	0
10000	326	90	300	4	25	18	10079	4.00342	5	0	0	4	0.25	4	0.25	1	0.05	-1.30103	0.01	-2	0	0
10000	331	90	300	4	25	20	27850	4.44483	5	0	0	4	0.25	4	0.25	1	0.15	-0.823909	0.04	-1.39794	0	0
10000	336	90	300	4	25	20	46079	4.6635	5	0	0	4	0.25	4	0.25	1	0.28	-0.552842	0.04	-1.39794	0	0
10000	343	90	300	4	25	24	11014	4.04195	5	0	0	6	0.166667	6	0.166667	1	0.07	-1.1549	0.01	-2	0	0
10000	345	90	300	4	25	27	16832	4.22614	5	0	0	9	0.111111	9	0.111111	1	0.11	-0.958607	0.01	-2	0	0
10000	357	90	300	4	25	26	31749	4.50173	5	0	0	6	0.166667	6	0.166667	1	0.26	-0.585027	0.04	-1.39794	0	0
10000	364	90	300	4	25	22	17639	4.24647	5	0	0	6	0.166667	6	0.166667	1	0.18	-0.744727	0.03	-1.52288	0	0
10000	372	90	300	4	25	17	14207	4.1525	5	0	0	3	0.333333	3	0.333333	1	0.07	-1.1549	0.01	-2	0	0
10000	389	90	300	4	25	19	23327	4.36786	5	0	0	4	0.25	4	0.25	1	0.14	-0.853872	0.02	-1.69897	0	0
10000	394	90	300	4	25	18	11411	4.05732	5	0	0	4	0.25	4	0.25	1	0.1	-1	0.01	-2	0	0
10000	421	90	300	4	25	21	36098	4.55748	5	0	0	4	0.25	4	0.25	1	0.27	-0.568636	0.04	-1.39794	0	0
10000	424	90	300	4	25	22	57133	4.75689	5	0	0	4	0.25	4	0.25	1	0.41	-0.387216	0.06	-1.22185	0	0
10000	430	90	300	4	25	19	30719	4.48741	5	0	0	4	0.25	4	0.25	1	0.16	-0.79588	0.03	-1.52288	0	0
10000	433	90	300	4	25	30	63815	4.80492	5	0	0	13	0.0769231	13	0.0769231	1	1.02	0.00860017	0.07	-1.1549	0	0
10000	436	90	300	4	25	18	31103	4.4928	5	0	0	3	0.333333	3	0.333333	1	0.22	-0.657577	0.04	-1.39794	0	0
10000	441	90	300	4	25	19	17878	4.25232	5	0	0	3	0.333333	3	0.333333	1	0.2	-0.69897	0.03	-1.52288	0	0
10000	447	90	300	4	25	21	14894	4.17301	5	0	0	5	0.2	5	0.2	1	0.07	-1.1549	0.02	-1.69897	0	0
10000	448	90	300	4	25	18	15773	4.19791	5	0	0	3	0.333333	3	0.333333	1	0.1	-1	0.01	-2	0	0
10000	455	90	300	4	25	16	10859	4.03579	5	0	0	2	0.5	2	0.5	1	0.05	-1.30103	0.01	-2	0	0
10000	459	90	300	4	25	21	64799	4.81157	5	0	0	4	0.25	4	0.25	1	0.4	-0.39794	0.07	-1.1549	0	0
10000	464	90	300	4	25	20	37996	4.57974	5	0	0	4	0.25	4	0.25	1	0.2	-0.69897	0.03	-1.52288	0	0
10000	466	90	300	4	25	25	42420	4.62757	5	0	0	8	0.125	8	0.125	1	0.36	-0.443697	0.03	-1.52288	0	0
10000	473	90	300	4	25	26	25919	4.41362	5	0	0	7	0.142857	7	0.142857	1	0.17	-0.769551	0.04	-1.39794	0	0
10000	493	90	300	4	25	29	89999	4.95424	5	0	0	9	0.111111	9	0.111111	1	0.85	-0.0705811	0.1	-1	0	0
10000	497	90	300	4	25	23	31103	4.4928	5	0	0	7	0.142857	7	0.142857	1	0.17	-0.769551	0.02	-1.69897	0	0
10000	500	90	300	4	25	19	14591	4.16409	5	0	0	3	0.333333	3	0.333333	1	0.07	-1.1549	0.02	-1.69897	0	0
10000	501	90	300	4	25	20	20864	4.3194	5	0	0	4	0.25	4	0.25	1	0.18	-0.744727	0.03	-1.52288	0	0
10000	502	90	300	4	25	29	49007	4.69026	5	0	0	7	0.142857	7	0.142857	1	0.57	-0.244125	0.03	-1.52288	0	0
10000	512	90	300	4	25	21	16510	4.21775	5	0	0	5	0.2	5	0.2	1	0.13	-0.886057	0.03	-1.52288	0	0
10000	517	90	300	4	25	20	18560	4.26858	5	0	0	4	0.25	4	0.25	1	0.1	-1	0.01	-2	0	0
10000	526	90	300	4	25	18	11366	4.05561	5	0	0	4	0.25	4	0.25	1	0.06	-1.22185	0.01	-2	0	0
10000	530	90	300	4	25	26	36749	4.56525	5	0	0	6	0.166667	6	0.166667	1	0.34	-0.468521	0.04	-1.39794	0	0
10000	532	90	300	4	25	19	18928	4.2771	5	0	0	4	0.25	4	0.25	1	0.11	-0.958607	0.01	-2	0	0
10000	537	90	300	4	25	17	10367	4.01565	5	0	0	3	0.333333	3	0.333333	1	0.06	-1.22185	0.01	-2	0	0
10000	541	90	300	4	25	21	22903	4.35989	5	0	0	4	0.25	4	0.25	1	0.18	-0.744727	0.04	-1.39794	0	0
10000	545	90	300	4	25	22	29159	4.46477	5	0	0	5	0.2	5	0.2	1	0.17	-0.769551	0.03	-1.52288	0	0
10000	557	90	300	4	25	20	19466	4.28928	5	0	0	4	0.25	4	0.25	1	0.13	-0.886057	0.01	-2	0	0
10000	560	90	300	4	25	21	19968	4.30033	5	0	0	5	0.2	5	0.2	1	0.21	-0.677781	0.02	-1.69897	0	0
10000	565	90	300	4	25	20	11199	4.04918	5	0	0	4	0.25	4	0.25	1	0.07	-1.1549	0.01	-2	0	0
10000	569	90	300	4	25	23	57295	4.75812	5	0	0	6	0.166667	6	0.166667	1	0.35	-0.455932	0.06	-1.22185	0	0
10000	580	90	300	4	25	18	10862	4.03591	5	0	0	4	0.25	4	0.25	1	0.05	-1.30103	0.02	-1.69897	0	0
10000	581	90	300	4	25	22	28799	4.45938	5	0	0	5	0.2	5	0.2	1	0.28	-0.552842	0.03	-1.52288	0	0
10000	585	90	300	4	25	25	31967	4.5047	5	0	0	7	0.142857	7	0.142857	1	0.27	-0.568636	0.02	-1.69897	0	0
10000	586	90	300	4	25	21	20956	4.32131	5	0	0	5	0.2	5	0.2	1	0.15	-0.823909	0.02	-1.69897	0	0
10000	587	90	300	4	25	20	20505	4.31186	5	0	0	4	0.25	4	0.25	1	0.11	-0.958607	0.03	-1.52288	0	0
10000	604	90	300	4	25	19	32255	4.5086	5	0	0	6	0.166667	6	0.166667	1	0.34	-0.468521	0.02	-1.69897	0	0
10000	611	90	300	4	25	21	32237	4.50835	5	0	0	5	0.2	5	0.2	1	0.25	-0.60206	0.04	-1.39794	0	0
10000	613	90	300	4	25	26	74843	4.87415	5	0	0	8	0.125	8	0.125	1	1.1	0.0413927	0.05	-1.30103	0	0
10000	616	90	300	4	25	17	11663	4.06681	5	0	0	4	0.25	4	0.25	1	0.05	-1.30103	0.01	-2	0	0
10000	624	90	300	4	25	16	13823	4.1406	5	0	0	3	0.333333	3	0.333333	1	0.08	-1.09691	0.01	-2	0	0
10000	626	90	300	4	25	17	10751	4.03145	5	0	0	3	0.333333	3	0.333333	1	0.06	-1.22185	0.02	-1.69897	0	0
10000	627	90	300	4	25	23	17545	4.24415	5	0	0	6	0.166667	6	0.166667	1	0.16	-0.79588	0.02	-1.69897	0	0
10000	633	90	300	4	25	20	35457	4.5497	5	0	0	4	0.25	4	0.25	1	0.22	-0.657577	0.03	-1.52288	0	0
10000	643	90	300	4	25	22	19559	4.29135	5	0	0	4	0.25	4	0.25	1	0.15	-0.823909	0.03	-1.52288	0	0
10000	648	90	300	4	25	21	98326	4.99267	5	0	0	3	0.333333	3	0.333333	1	0.71	-0.148742	0.16	-0.79588	0	0
10000	656	90	300	4	25	27	57949	4.76305	5	0	0	8	0.125	8	0.125	1	0.35	-0.455932	0.07	-1.1549	0	0
10000	668	90	300	4	25	20	28799	4.45938	5	0	0	3	0.333333	3	0.333333	1	0.21	-0.677781	0.02	-1.69897	0	0
10000	671	90	300	4	25	27	65136	4.81382	5	0	0	8	0.125	8	0.125	1	0.54	-0.267606	0.09	-1.04576	0	0
10000	676	90	300	4	25	20	43348	4.63697	5	0	0	4	0.25	4	0.25	1	0.23	-0.638272	0.06	-1.22185	0	0
10000	677	90	300	4	25	22	19158	4.28235	5	0	0	7	0.142857	7	0.142857	1	0.16	-0.79588	0.01	-2	0	0
10000	681	90	300	4	25	21	11743	4.06978	5	0	0	6	0.166667	6	0.166667	1	0.1	-1	0	0	0	0
10000	682	90	300	4	25	22	31010	4.4915	5	0	0	5	0.2	5	0.2	1	0.21	-0.677781	0.03	-1.52288	0	0
10000	695	90	300	4	25	19	32831	4.51628	5	0	0	3	0.333333	3	0.333333	1	0.18	-0.744727	0.04	-1.39794	0	0
10000	708	90	300	4	25	23	50856	4.70634	5	0	0	4	0.25	4	0.25	1	0.39	-0.408935	0.07	-1.1549	0	0
10000	724	90	300	4	25	19	24785	4.39419	5	0	0	4	0.25	4	0.25	1	0.13	-0.886057	0.02	-1.69897	0	0
10000	730	90	300	4	25	26	65834	4.81845	5	0	0	7	0.142857	7	0.142857	1	0.55	-0.259637	0.04	-1.39794	0	0
10000	741	90	300	4	25	24	49812	4.69733	5	0	0	7	0.142857	7	0.142857	1	0.38	-0.420216	0.05	-1.30103	0	0
10000	745	90	300	4	25	20	51839	4.71466	5	0	0	4	0.25	4	0.25	1	0.25	-0.60206	0.05	-1.30103	0	0
10000	755	90	300	4	25	21	21546	4.33337	5	0	0	6	0.166667	6	0.166667	1	0.16	-0.79588	0.01	-2	0	0
10000	758	90	300	4	25	23	25227	4.40187	5	0	0	6	0.166667	6	0.166667	1	0.19	-0.721246	0.01	-2	0	0
10000	760	90	300	4	25	23	15391	4.18727	5	0	0	4	0.25	4	0.25	1	0.11	-0.958607	0.03	-1.52288	0	0
10000	761	90	300	4	25	23	11267	4.05181	5	0	0	5	0.2	5	0.2	1	0.11	-0.958607	0.01	-2	0	0
10000	762	90	300	4	25	24	56854	4.75476	5	0	0	6	0.166667	6	0.166667	1	0.54	-0.267606	0.07	-1.1549	0	0
10000	766	90	300	4	25	17	14975	4.17537	5	0	0	3	0.333333	3	0.333333	1	0.07	-1.1549	0.01	-2	0	0
10000	777	90	300	4	25	20	10970	4.04021	5	0	0	5	0.2	5	0.2	1	0.07	-1.1549	0.01	-2	0	0
10000	780	90	300	4	25	22	13187	4.12015	5	0	0	7	0.142857	7	0.142857	1	0.07	-1.1549	0.01	-2	0	0
10000	783	90	300	4	25	27	52173	4.71745	5	0	0	8	0.125	8	0.125	1	0.57	-0.244125	0.04	-1.39794	0	0
10000	788	90	300	4	25	23	85459	4.93176	5	0	0	5	0.2	5	0.2	1	0.53	-0.275724	0.09	-1.04576	0	0
10000	791	90	300	4	25	19	25919	4.41362	5	0	0	4	0.25	4	0.25	1	0.15	-0.823909	0.03	-1.52288	0	0
10000	793	90	300	4	25	23	31247	4.49481	5	0	0	7	0.142857	7	0.142857	1	0.22	-0.657577	0.04	-1.39794	0	0
10000	795	90	300	4	25	18	31535	4.49879	5	0	0	3	0.333333	3	0.333333	1	0.17	-0.769551	0.04	-1.39794	0	0
10000	797	90	300	4	25	22	16847	4.22652	5	0	0	5	0.2	5	0.2	1	0.13	-0.886057	0.01	-2	0	0
10000	802	90	300	4	25	21	20082	4.30281	5	0	0	6	0.166667	6	0.166667	1	0.17	-0.769551	0.02	-1.69897	0	0
10000	803	90	300	4	25	22	34161	4.53353	5	0	0	6	0.166667	6	0.166667	1	0.25	-0.60206	0.04	-1.39794	0	0
10000	805	90	300	4	25	20	12181	4.08568	5	0	0	6	0.166667	6	0.166667	1	0.06	-1.22185	0.01	-2	0	0
10000	809	90	300	4	25	18	31103	4.4928	5	0	0	3	0.333333	3	0.333333	1	0.15	-0.823909	0.03	-1.52288	0	0
10000	814	90	300	4	25	22	11839	4.07332	5	0	0	8	0.125	8	0.125	1	0.07	-1.1549	0	0	0	0
10000	815	90	300	4	25	19	30640	4.48629	5	0	0	5	0.2	5	0.2	1	0.13	-0.886057	0.03	-1.52288	0	0
10000	817	90	300	4	25	16	10367	4.01565	5	0	0	4	0.25	4	0.25	1	0.04	-1.39794	0.01	-2	0	0
10000	823	90	300	4	25	16	11519	4.06141	5	0	0	4	0.25	4	0.25	1	0.05	-1.30103	0	0	0	0
10000	833	90	300	4	25	22	95922	4.98192	5	0	0	4	0.25	4	0.25	1	0.82	-0.0861861	0.15	-0.823909	0	0
10000	835	90	300	4	25	19	11663	4.06681	5	0	0	5	0.2	5	0.2	1	0.05	-1.30103	0	0	0	0
10000	848	90	300	4	25	19	19439	4.28867	5	0	0	5	0.2	5	0.2	1	0.09	-1.04576	0.03	-1.52288	0	0
10000	857	90	300	4	25	19	28875	4.46052	5	0	0	5	0.2	5	0.2	1	0.13	-0.886057	0.03	-1.52288	0	0
10000	869	90	300	4	25	21	26417	4.42188	5	0	0	5	0.2	5	0.2	1	0.17	-0.769551	0.02	-1.69897	0	0
10000	875	90	300	4	25	19	19591	4.29206	5	0	0	3	0.333333	3	0.333333	1	0.11	-0.958607	0.01	-2	0	0
10000	883	90	300	4	25	22	10467	4.01982	5	0	0	7	0.142857	7	0.142857	1	0.14	-0.853872	0.02	-1.69897	0	0
10000	884	90	300	4	25	23	53292	4.72666	5	0	0	4	0.25	4	0.25	1	0.37	-0.431798	0.09	-1.04576	0	0
10000	900	90	300	4	25	19	24227	4.3843	5	0	0	4	0.25	4	0.25	1	0.13	-0.886057	0.02	-1.69897	0	0
10000	912	90	300	4	25	22	40319	4.60551	5	0	0	6	0.166667	6	0.166667	1	0.33	-0.481486	0.03	-1.52288	0	0
10000	914	90	300	4	25	18	11693	4.06793	5	0	0	4	0.25	4	0.25	1	0.07	-1.1549	0.01	-2	0	0
10000	917	90	300	4	25	18	10367	4.01565	5	0	0	5	0.2	5	0.2	1	0.05	-1.30103	0	0	0	0
10000	919	90	300	4	25	21	19425	4.28836	5	0	0	5	0.2	5	0.2	1	0.14	-0.853872	0.03	-1.52288	0	0
10000	923	90	300	4	25	27	25174	4.40095	5	0	0	9	0.111111	9	0.111111	1	0.27	-0.568636	0.02	-1.69897	0	0
10000	926	90	300	4	25	19	14039	4.14734	5	0	0	5	0.2	5	0.2	1	0.12	-0.920819	0.01	-2	0	0
10000	929	90	300	4	25	20	17855	4.25176	5	0	0	7	0.142857	7	0.142857	1	0.1	-1	0.01	-2	0	0
10000	932	90	300	4	25	24	23935	4.37903	5	0	0	6	0.166667	6	0.166667	1	0.25	-0.60206	0.04	-1.39794	0	0
10000	933	90	300	4	25	27	97231	4.9878	5	0	0	7	0.142857	7	0.142857	1	1.01	0.00432137	0.12	-0.920819	0	0
10000	934	90	300	4	25	22	48137	4.68248	5	0	0	3	0.333333	3	0.333333	1	0.29	-0.537602	0.07	-1.1549	0	0
10000	936	90	300	4	25	23	17279	4.23752	5	0	0	8	0.125	8	0.125	1	0.1	-1	0.01	-2	0	0
10000	941	90	300	4	25	21	10907	4.03771	5	0	0	6	0.166667	6	0.166667	1	0.09	-1.04576	0.01	-2	0	0
10000	962	90	300	4	25	24	39438	4.59591	5	0	0	4	0.25	4	0.25	1	0.28	-0.552842	0.06	-1.22185	0	0
10000	966	90	300	4	25	19	20447	4.31063	5	0	0	4	0.25	4	0.25	1	0.15	-0.823909	0.02	-1.69897	0	0
10000	968	90	300	4	25	17	11519	4.06141	5	0	0	3	0.333333	3	0.333333	1	0.06	-1.22185	0.01	-2	0	0
10000	973	90	300	4	25	23	18970	4.27807	5	0	0	8	0.125	8	0.125	1	0.12	-0.920819	0.01	-2	0	0
10000	975	90	300	4	25	22	14849	4.1717	5	0	0	5	0.2	5	0.2	1	0.1	-1	0.03	-1.52288	0	0
10000	980	90	300	4	25	27	25271	4.40262	5	0	0	11	0.0909091	11	0.0909091	1	0.18	-0.744727	0.02	-1.69897	0	0
10000	983	90	300	4	25	27	51689	4.7134	5	0	0	6	0.166667	6	0.166667	1	0.36	-0.443697	0.08	-1.09691	0	0
10000	995	90	300	4	25	26	71313	4.85317	5	0	0	8	0.125	8	0.125	1	0.94	-0.0268721	0.09	-1.04576	0	0
10000	997	90	300	4	25	19	11616	4.06506	5	0	0	4	0.25	4	0.25	1	0.06	-1.22185	0.01	-2	0	0
10000	998	90	300	4	25	21	46655	4.6689	5	0	0	5	0.2	5	0.2	1	0.43	-0.366532	0.04	-1.39794	0	0
10000	1000	90	300	4	25	19	17346	4.2392	5	0	0	4	0.25	4	0.25	1	0.1	-1	0.02	-1.69897	0	0
10000	1	100	300	4	25	20	57201	4.7574	5	0	0	3	0.333333	3	0.333333	1	0.39	-0.408935	0.06	-1.22185	0	0
10000	13	100	300	4	25	23	15495	4.19019	5	0	0	7	0.142857	7	0.142857	1	0.09	-1.04576	0.02	-1.69897	0	0
10000	14	100	300	4	25	19	16523	4.21809	5	0	0	3	0.333333	3	0.333333	1	0.09	-1.04576	0.02	-1.69897	0	0
10000	18	100	300	4	25	22	18525	4.26776	5	0	0	4	0.25	4	0.25	1	0.15	-0.823909	0.02	-1.69897	0	0
10000	19	100	300	4	25	20	33256	4.52187	5	0	0	4	0.25	4	0.25	1	0.19	-0.721246	0.06	-1.22185	0	0
10000	21	100	300	4	25	21	32399	4.51053	5	0	0	5	0.2	5	0.2	1	0.19	-0.721246	0.05	-1.30103	0	0
10000	24	100	300	4	25	23	89670	4.95265	5	0	0	4	0.25	4	0.25	1	0.66	-0.180456	0.17	-0.769551	0	0
10000	43	100	300	4	25	19	14649	4.16581	5	0	0	3	0.333333	3	0.333333	1	0.09	-1.04576	0.01	-2	0	0
10000	49	100	300	4	25	18	16561	4.21909	5	0	0	4	0.25	4	0.25	1	0.08	-1.09691	0.02	-1.69897	0	0
10000	52	100	300	4	25	21	10381	4.01624	5	0	0	6	0.166667	6	0.166667	1	0.04	-1.39794	0.02	-1.69897	0	0
10000	53	100	300	4	25	24	18122	4.25821	5	0	0	8	0.125	8	0.125	1	0.11	-0.958607	0.01	-2	0	0
10000	57	100	300	4	25	23	45169	4.65484	5	0	0	5	0.2	5	0.2	1	0.27	-0.568636	0.08	-1.09691	0	0
10000	60	100	300	4	25	18	10012	4.00052	5	0	0	4	0.25	4	0.25	1	0.05	-1.30103	0.01	-2	0	0
10000	62	100	300	4	25	19	18143	4.25871	5	0	0	4	0.25	4	0.25	1	0.09	-1.04576	0.02	-1.69897	0	0
10000	64	100	300	4	25	23	27299	4.43615	5	0	0	6	0.166667	6	0.166667	1	0.17	-0.769551	0.03	-1.52288	0	0
10000	65	100	300	4	25	19	11648	4.06625	5	0	0	4	0.25	4	0.25	1	0.06	-1.22185	0.01	-2	0	0
10000	76	100	300	4	25	22	77759	4.89075	5	0	0	5	0.2	5	0.2	1	0.43	-0.366532	0.11	-0.958607	0	0
10000	82	100	300	4	25	20	36212	4.55885	5	0	0	4	0.25	4	0.25	1	0.21	-0.677781	0.04	-1.39794	0	0
10000	86	100	300	4	25	27	64998	4.8129	5	0	0	7	0.142857	7	0.142857	1	0.69	-0.161151	0.08	-1.09691	0	0
10000	88	100	300	4	25	24	46820	4.67043	5	0	0	6	0.166667	6	0.166667	1	0.49	-0.309804	0.06	-1.22185	0	0
10000	89	100	300	4	25	20	13310	4.12418	5	0	0	7	0.142857	7	0.142857	1	0.07	-1.1549	0	0	0	0
10000	92	100	300	4	25	21	55215	4.74206	5	0	0	4	0.25	4	0.25	1	0.33	-0.481486	0.06	-1.22185	0	0
10000	93	100	300	4	25	23	63730	4.80434	5	0	0	6	0.166667	6	0.166667	1	0.37	-0.431798	0.09	-1.04576	0	0
10000	94	100	300	4	25	28	55173	4.74173	5	0	0	8	0.125	8	0.125	1	0.59	-0.229148	0.07	-1.1549	0	0
10000	103	100	300	4	25	19	10069	4.00299	5	0	0	3	0.333333	3	0.333333	1	0.07	-1.1549	0.01	-2	0	0
10000	107	100	300	4	25	24	14975	4.17537	5	0	0	7	0.142857	7	0.142857	1	0.11	-0.958607	0.01	-2	0	0
10000	121	100	300	4	25	24	60625	4.78265	5	0	0	4	0.25	4	0.25	1	0.66	-0.180456	0.08	-1.09691	0	0
10000	124	100	300	4	25	28	31103	4.4928	5	0	0	8	0.125	8	0.125	1	0.27	-0.568636	0.03	-1.52288	0	0
10000	125	100	300	4	25	23	26006	4.41507	5	0	0	5	0.2	5	0.2	1	0.25	-0.60206	0.05	-1.30103	0	0
10000	131	100	300	4	25	24	26609	4.42503	5	0	0	6	0.166667	6	0.166667	1	0.18	-0.744727	0.03	-1.52288	0	0
10000	132	100	300	4	25	23	33127	4.52018	5	0	0	5	0.2	5	0.2	1	0.27	-0.568636	0.06	-1.22185	0	0
10000	133	100	300	4	25	21	86399	4.93651	5	0	0	4	0.25	4	0.25	1	0.66	-0.180456	0.04	-1.39794	0	0
10000	138	100	300	4	25	19	17099	4.23297	5	0	0	4	0.25	4	0.25	1	0.09	-1.04576	0.01	-2	0	0
10000	141	100	300	4	25	27	39227	4.59359	5	0	0	9	0.111111	9	0.111111	1	0.29	-0.537602	0.05	-1.30103	0	0
10000	145	100	300	4	25	22	35373	4.54867	5	0	0	5	0.2	5	0.2	1	0.22	-0.657577	0.03	-1.52288	0	0
10000	149	100	300	4	25	18	11663	4.06681	5	0	0	4	0.25	4	0.25	1	0.06	-1.22185	0.01	-2	0	0
10000	150	100	300	4	25	21	36459	4.5618	5	0	0	4	0.25	4	0.25	1	0.25	-0.60206	0.04	-1.39794	0	0
10000	153	100	300	4	25	23	98702	4.99433	5	0	0	5	0.2	5	0.2	1	0.81	-0.091515	0.14	-0.853872	0	0
10000	159	100	300	4	25	20	51839	4.71466	5	0	0	4	0.25	4	0.25	1	0.32	-0.49485	0.04	-1.39794	0	0
10000	161	100	300	4	25	20	13173	4.11968	5	0	0	5	0.2	5	0.2	1	0.11	-0.958607	0.01	-2	0	0
10000	169	100	300	4	25	24	51323	4.71031	5	0	0	8	0.125	8	0.125	1	0.25	-0.60206	0.05	-1.30103	0	0
10000	172	100	300	4	25	19	30719	4.48741	5	0	0	3	0.333333	3	0.333333	1	0.21	-0.677781	0.04	-1.39794	0	0
10000	173	100	300	4	25	24	12471	4.0959	5	0	0	12	0.0833333	12	0.0833333	1	0.12	-0.920819	0.01	-2	0	0
10000	174	100	300	4	25	24	63971	4.80598	5	0	0	6	0.166667	6	0.166667	1	0.46	-0.337242	0.07	-1.1549	0	0
10000	175	100	300	4	25	22	16259	4.21109	5	0	0	6	0.166667	6	0.166667	1	0.1	-1	0.02	-1.69897	0	0
10000	177	100	300	4	25	19	15395	4.18738	5	0	0	3	0.333333	3	0.333333	1	0.11	-0.958607	0.02	-1.69897	0	0
10000	178	100	300	4	25	26	48924	4.68952	5	0	0	6	0.166667	6	0.166667	1	0.33	-0.481486	0.05	-1.30103	0	0
10000	180	100	300	4	25	20	13086	4.11681	5	0	0	6	0.166667	6	0.166667	1	0.07	-1.1549	0.01	-2	0	0
10000	185	100	300	4	25	21	14182	4.15174	5	0	0	5	0.2	5	0.2	1	0.06	-1.22185	0.02	-1.69897	0	0
10000	196	100	300	4	25	23	73944	4.8689	5	0	0	5	0.2	5	0.2	1	0.5	-0.30103	0.1	-1	0	0
10000	198	100	300	4	25	23	34559	4.53856	5	0	0	8	0.125	8	0.125	1	0.22	-0.657577	0.03	-1.52288	0	0
10000	200	100	300	4	25	21	51839	4.71466	5	0	0	4	0.25	4	0.25	1	0.34	-0.468521	0.05	-1.30103	0	0
10000	201	100	300	4	25	20	19474	4.28946	5	0	0	4	0.25	4	0.25	1	0.13	-0.886057	0.03	-1.52288	0	0
10000	203	100	300	4	25	21	17363	4.23962	5	0	0	5	0.2	5	0.2	1	0.12	-0.920819	0.01	-2	0	0
10000	212	100	300	4	25	22	12829	4.10819	5	0	0	6	0.166667	6	0.166667	1	0.09	-1.04576	0.01	-2	0	0
10000	216	100	300	4	25	23	25611	4.40843	5	0	0	6	0.166667	6	0.166667	1	0.13	-0.886057	0.04	-1.39794	0	0
10000	217	100	300	4	25	24	37126	4.56968	5	0	0	6	0.166667	6	0.166667	1	0.36	-0.443697	0.04	-1.39794	0	0
10000	221	100	300	4	25	20	20198	4.30531	5	0	0	4	0.25	4	0.25	1	0.12	-0.920819	0.02	-1.69897	0	0
10000	222	100	300	4	25	22	13186	4.12011	5	0	0	8	0.125	8	0.125	1	0.17	-0.769551	0	0	0	0
10000	224	100	300	4	25	22	62399	4.79518	5	0	0	4	0.25	4	0.25	1	0.34	-0.468521	0.08	-1.09691	0	0
10000	227	100	300	4	25	22	64296	4.80818	5	0	0	4	0.25	4	0.25	1	0.45	-0.346787	0.06	-1.22185	0	0
10000	230	100	300	4	25	17	18350	4.26364	5	0	0	3	0.333333	3	0.333333	1	0.12	-0.920819	0.02	-1.69897	0	0
10000	231	100	300	4	25	19	24694	4.39259	5	0	0	3	0.333333	3	0.333333	1	0.12	-0.920819	0.02	-1.69897	0	0
10000	232	100	300	4	25	25	85451	4.93172	5	0	0	7	0.142857	7	0.142857	1	0.73	-0.136677	0.09	-1.04576	0	0
10000	237	100	300	4	25	26	21606	4.33457	5	0	0	7	0.142857	7	0.142857	1	0.18	-0.744727	0.02	-1.69897	0	0
10000	246	100	300	4	25	23	23277	4.36693	5	0	0	7	0.142857	7	0.142857	1	0.23	-0.638272	0.02	-1.69897	0	0
10000	252	100	300	4	25	21	23963	4.37954	5	0	0	6	0.166667	6	0.166667	1	0.14	-0.853872	0.03	-1.52288	0	0
10000	256	100	300	4	25	25	43899	4.64245	5	0	0	5	0.2	5	0.2	1	0.33	-0.481486	0.05	-1.30103	0	0
10000	257	100	300	4	25	22	13199	4.12054	5	0	0	6	0.166667	6	0.166667	1	0.1	-1	0.01	-2	0	0
10000	261	100	300	4	25	22	12479	4.09618	5	0	0	8	0.125	8	0.125	1	0.12	-0.920819	0.01	-2	0	0
10000	266	100	300	4	25	19	63779	4.80468	5	0	0	3	0.333333	3	0.333333	1	0.34	-0.468521	0.07	-1.1549	0	0
10000	268	100	300	4	25	20	13107	4.1175	5	0	0	4	0.25	4	0.25	1	0.11	-0.958607	0.01	-2	0	0
10000	270	100	300	4	25	23	41498	4.61803	5	0	0	4	0.25	4	0.25	1	0.38	-0.420216	0.05	-1.30103	0	0
10000	273	100	300	4	25	19	11663	4.06681	5	0	0	5	0.2	5	0.2	1	0.07	-1.1549	0	0	0	0
10000	274	100	300	4	25	19	24299	4.38559	5	0	0	4	0.25	4	0.25	1	0.16	-0.79588	0.01	-2	0	0
10000	278	100	300	4	25	20	25051	4.39883	5	0	0	4	0.25	4	0.25	1	0.12	-0.920819	0.03	-1.52288	0	0
10000	280	100	300	4	25	32	51202	4.70929	5	0	0	14	0.0714286	14	0.0714286	1	0.54	-0.267606	0.04	-1.39794	0	0
10000	284	100	300	4	25	25	64287	4.80812	5	0	0	6	0.166667	6	0.166667	1	0.34	-0.468521	0.09	-1.04576	0	0
10000	290	100	300	4	25	21	13794	4.13969	5	0	0	4	0.25	4	0.25	1	0.07	-1.1549	0.03	-1.52288	0	0
10000	294	100	300	4	25	29	99024	4.99574	5	0	0	8	0.125	8	0.125	1	1.23	0.0899051	0.11	-0.958607	0	0
10000	297	100	300	4	25	25	28547	4.45556	5	0	0	6	0.166667	6	0.166667	1	0.27	-0.568636	0.03	-1.52288	0	0
10000	303	100	300	4	25	20	97264	4.98795	5	0	0	3	0.333333	3	0.333333	1	0.63	-0.200659	0.1	-1	0	0
10000	305	100	300	4	25	19	10727	4.03048	5	0	0	4	0.25	4	0.25	1	0.06	-1.22185	0.01	-2	0	0
10000	308	100	300	4	25	19	19007	4.27891	5	0	0	5	0.2	5	0.2	1	0.08	-1.09691	0.02	-1.69897	0	0
10000	318	100	300	4	25	20	21377	4.32995	5	0	0	5	0.2	5	0.2	1	0.18	-0.744727	0.02	-1.69897	0	0
10000	319	100	300	4	25	20	23759	4.37583	5	0	0	4	0.25	4	0.25	1	0.2	-0.69897	0.03	-1.52288	0	0
10000	321	100	300	4	25	20	46164	4.6643	5	0	0	3	0.333333	3	0.333333	1	0.33	-0.481486	0.04	-1.39794	0	0
10000	323	100	300	4	25	24	37762	4.57705	5	0	0	6	0.166667	6	0.166667	1	0.37	-0.431798	0.05	-1.30103	0	0
10000	324	100	300	4	25	22	62207	4.79384	5	0	0	5	0.2	5	0.2	1	0.48	-0.318759	0.08	-1.09691	0	0
10000	325	100	300	4	25	19	15852	4.20008	5	0	0	5	0.2	5	0.2	1	0.07	-1.1549	0.02	-1.69897	0	0
10000	328	100	300	4	25	25	34030	4.53186	5	0	0	8	0.125	8	0.125	1	0.16	-0.79588	0.02	-1.69897	0	0
10000	331	100	300	4	25	19	14592	4.16411	5	0	0	4	0.25	4	0.25	1	0.07	-1.1549	0.02	-1.69897	0	0
10000	332	100	300	4	25	24	67285	4.82792	5	0	0	5	0.2	5	0.2	1	0.42	-0.376751	0.06	-1.22185	0	0
10000	338	100	300	4	25	17	10584	4.02465	5	0	0	3	0.333333	3	0.333333	1	0.05	-1.30103	0.01	-2	0	0
10000	340	100	300	4	25	23	17648	4.2467	5	0	0	7	0.142857	7	0.142857	1	0.11	-0.958607	0.01	-2	0	0
10000	346	100	300	4	25	21	17055	4.23185	5	0	0	5	0.2	5	0.2	1	0.12	-0.920819	0.02	-1.69897	0	0
10000	348	100	300	4	25	24	29949	4.47638	5	0	0	6	0.166667	6	0.166667	1	0.21	-0.677781	0.03	-1.52288	0	0
10000	350	100	300	4	25	22	28007	4.44727	5	0	0	6	0.166667	6	0.166667	1	0.19	-0.721246	0.02	-1.69897	0	0
10000	352	100	300	4	25	19	39739	4.59922	5	0	0	3	0.333333	3	0.333333	1	0.25	-0.60206	0.06	-1.22185	0	0
10000	355	100	300	4	25	19	18928	4.2771	5	0	0	4	0.25	4	0.25	1	0.11	-0.958607	0.03	-1.52288	0	0
10000	356	100	300	4	25	21	13770	4.13893	5	0	0	5	0.2	5	0.2	1	0.08	-1.09691	0.02	-1.69897	0	0
10000	361	100	300	4	25	21	18617	4.26991	5	0	0	4	0.25	4	0.25	1	0.13	-0.886057	0.01	-2	0	0
10000	362	100	300	4	25	18	10079	4.00342	5	0	0	4	0.25	4	0.25	1	0.05	-1.30103	0.01	-2	0	0
10000	370	100	300	4	25	21	11390	4.05652	5	0	0	8	0.125	8	0.125	1	0.06	-1.22185	0.01	-2	0	0
10000	371	100	300	4	25	19	14194	4.1521	5	0	0	5	0.2	5	0.2	1	0.08	-1.09691	0.02	-1.69897	0	0
10000	373	100	300	4	25	21	20735	4.3167	5	0	0	5	0.2	5	0.2	1	0.12	-0.920819	0.01	-2	0	0
10000	376	100	300	4	25	21	19167	4.28255	5	0	0	5	0.2	5	0.2	1	0.21	-0.677781	0.02	-1.69897	0	0
10000	377	100	300	4	25	25	22722	4.35645	5	0	0	8	0.125	8	0.125	1	0.18	-0.744727	0.02	-1.69897	0	0
10000	378	100	300	4	25	19	20755	4.31712	5	0	0	4	0.25	4	0.25	1	0.11	-0.958607	0.02	-1.69897	0	0
10000	381	100	300	4	25	20	18235	4.26091	5	0	0	3	0.333333	3	0.333333	1	0.14	-0.853872	0.03	-1.52288	0	0
10000	383	100	300	4	25	20	22083	4.34406	5	0	0	4	0.25	4	0.25	1	0.14	-0.853872	0.02	-1.69897	0	0
10000	384	100	300	4	25	21	20585	4.31355	5	0	0	4	0.25	4	0.25	1	0.19	-0.721246	0.03	-1.52288	0	0
10000	393	100	300	4	25	20	32184	4.50764	5	0	0	3	0.333333	3	0.333333	1	0.17	-0.769551	0.04	-1.39794	0	0
10000	395	100	300	4	25	21	18795	4.27404	5	0	0	4	0.25	4	0.25	1	0.1	-1	0.01	-2	0	0
10000	413	100	300	4	25	20	10783	4.03274	5	0	0	4	0.25	4	0.25	1	0.05	-1.30103	0.01	-2	0	0
10000	416	100	300	4	25	21	26261	4.41931	5	0	0	6	0.166667	6	0.166667	1	0.19	-0.721246	0.03	-1.52288	0	0
10000	418	100	300	4	25	26	97182	4.98759	5	0	0	5	0.2	5	0.2	1	0.6	-0.221849	0.13	-0.886057	0	0
10000	420	100	300	4	25	25	13558	4.1322	5	0	0	9	0.111111	9	0.111111	1	0.09	-1.04576	0.01	-2	0	0
10000	429	100	300	4	25	23	17156	4.23442	5	0	0	5	0.2	5	0.2	1	0.14	-0.853872	0.03	-1.52288	0	0
10000	432	100	300	4	25	17	18431	4.26555	5	0	0	3	0.333333	3	0.333333	1	0.09	-1.04576	0.02	-1.69897	0	0
10000	433	100	300	4	25	28	41725	4.6204	5	0	0	11	0.0909091	11	0.0909091	1	0.56	-0.251812	0.04	-1.39794	0	0
10000	436	100	300	4	25	16	16127	4.20755	5	0	0	3	0.333333	3	0.333333	1	0.09	-1.04576	0.02	-1.69897	0	0
10000	441	100	300	4	25	23	58538	4.76744	5	0	0	5	0.2	5	0.2	1	0.53	-0.275724	0.07	-1.1549	0	0
10000	442	100	300	4	25	23	53484	4.72822	5	0	0	6	0.166667	6	0.166667	1	0.48	-0.318759	0.06	-1.22185	0	0
10000	453	100	300	4	25	19	15477	4.18969	5	0	0	5	0.2	5	0.2	1	0.11	-0.958607	0.01	-2	0	0
10000	462	100	300	4	25	28	44634	4.64967	5	0	0	10	0.1	10	0.1	1	0.6	-0.221849	0.03	-1.52288	0	0
10000	463	100	300	4	25	19	22271	4.34774	5	0	0	4	0.25	4	0.25	1	0.1	-1	0.03	-1.52288	0	0
10000	464	100	300	4	25	20	42539	4.62879	5	0	0	3	0.333333	3	0.333333	1	0.23	-0.638272	0.04	-1.39794	0	0
10000	474	100	300	4	25	22	13344	4.12529	5	0	0	7	0.142857	7	0.142857	1	0.06	-1.22185	0.01	-2	0	0
10000	476	100	300	4	25	27	31302	4.49557	5	0	0	9	0.111111	9	0.111111	1	0.15	-0.823909	0.05	-1.30103	0	0
10000	478	100	300	4	25	26	72191	4.85848	5	0	0	9	0.111111	9	0.111111	1	0.76	-0.119186	0.09	-1.04576	0	0
10000	480	100	300	4	25	30	45674	4.65967	5	0	0	12	0.0833333	12	0.0833333	1	0.35	-0.455932	0.02	-1.69897	0	0
10000	481	100	300	4	25	23	18641	4.27047	5	0	0	6	0.166667	6	0.166667	1	0.13	-0.886057	0.02	-1.69897	0	0
10000	490	100	300	4	25	21	20591	4.31368	5	0	0	6	0.166667	6	0.166667	1	0.18	-0.744727	0.02	-1.69897	0	0
10000	496	100	300	4	25	24	13772	4.139	5	0	0	8	0.125	8	0.125	1	0.07	-1.1549	0.02	-1.69897	0	0
10000	499	100	300	4	25	20	27217	4.43484	5	0	0	4	0.25	4	0.25	1	0.26	-0.585027	0.02	-1.69897	0	0
10000	502	100	300	4	25	29	86201	4.93551	5	0	0	8	0.125	8	0.125	1	1.05	0.0211893	0.08	-1.09691	0	0
10000	506	100	300	4	25	19	28502	4.45488	5	0	0	3	0.333333	3	0.333333	1	0.18	-0.744727	0.04	-1.39794	0	0
10000	507	100	300	4	25	28	77759	4.89075	5	0	0	11	0.0909091	11	0.0909091	1	0.86	-0.0655015	0.06	-1.22185	0	0
10000	517	100	300	4	25	21	19527	4.29064	5	0	0	5	0.2	5	0.2	1	0.11	-0.958607	0.01	-2	0	0
10000	521	100	300	4	25	25	26149	4.41746	5	0	0	7	0.142857	7	0.142857	1	0.23	-0.638272	0.02	-1.69897	0	0
10000	531	100	300	4	25	23	25812	4.41182	5	0	0	6	0.166667	6	0.166667	1	0.24	-0.619789	0.04	-1.39794	0	0
10000	541	100	300	4	25	24	24356	4.38661	5	0	0	7	0.142857	7	0.142857	1	0.25	-0.60206	0.02	-1.69897	0	0
10000	542	100	300	4	25	23	42193	4.62524	5	0	0	5	0.2	5	0.2	1	0.25	-0.60206	0.04	-1.39794	0	0
10000	548	100	300	4	25	19	14312	4.1557	5	0	0	3	0.333333	3	0.333333	1	0.07	-1.1549	0.02	-1.69897	0	0
10000	549	100	300	4	25	20	31942	4.50436	5	0	0	4	0.25	4	0.25	1	0.2	-0.69897	0.04	-1.39794	0	0
10000	553	100	300	4	25	22	30144	4.4792	5	0	0	5	0.2	5	0.2	1	0.21	-0.677781	0.03	-1.52288	0	0
10000	563	100	300	4	25	23	13515	4.13082	5	0	0	5	0.2	5	0.2	1	0.11	-0.958607	0	0	0	0
10000	565	100	300	4	25	25	46236	4.66498	5	0	0	4	0.25	4	0.25	1	0.35	-0.455932	0.08	-1.09691	0	0
10000	569	100	300	4	25	17	12390	4.09307	5	0	0	3	0.333333	3	0.333333	1	0.06	-1.22185	0.01	-2	0	0
10000	572	100	300	4	25	21	12599	4.10034	5	0	0	6	0.166667	6	0.166667	1	0.18	-0.744727	0.01	-2	0	0
10000	575	100	300	4	25	21	56807	4.7544	5	0	0	3	0.333333	3	0.333333	1	0.35	-0.455932	0.06	-1.22185	0	0
10000	580	100	300	4	25	18	10959	4.03977	5	0	0	5	0.2	5	0.2	1	0.05	-1.30103	0.01	-2	0	0
10000	582	100	300	4	25	22	17279	4.23752	5	0	0	6	0.166667	6	0.166667	1	0.15	-0.823909	0.01	-2	0	0
10000	589	100	300	4	25	18	10877	4.03651	5	0	0	4	0.25	4	0.25	1	0.06	-1.22185	0.01	-2	0	0
10000	590	100	300	4	25	23	86748	4.93826	5	0	0	4	0.25	4	0.25	1	0.7	-0.154902	0.17	-0.769551	0	0
10000	596	100	300	4	25	24	45763	4.66051	5	0	0	7	0.142857	7	0.142857	1	0.38	-0.420216	0.05	-1.30103	0	0
10000	600	100	300	4	25	24	42938	4.63284	5	0	0	6	0.166667	6	0.166667	1	0.21	-0.677781	0.06	-1.22185	0	0
10000	603	100	300	4	25	21	13480	4.12969	5	0	0	6	0.166667	6	0.166667	1	0.08	-1.09691	0.02	-1.69897	0	0
10000	606	100	300	4	25	24	16262	4.21117	5	0	0	8	0.125	8	0.125	1	0.09	-1.04576	0.01	-2	0	0
10000	614	100	300	4	25	24	14163	4.15116	5	0	0	6	0.166667	6	0.166667	1	0.14	-0.853872	0.01	-2	0	0
10000	616	100	300	4	25	22	54139	4.73351	5	0	0	7	0.142857	7	0.142857	1	0.55	-0.259637	0.06	-1.22185	0	0
10000	617	100	300	4	25	24	21401	4.33043	5	0	0	11	0.0909091	11	0.0909091	1	0.12	-0.920819	0.01	-2	0	0
10000	622	100	300	4	25	23	54002	4.73241	5	0	0	5	0.2	5	0.2	1	0.37	-0.431798	0.09	-1.04576	0	0
10000	623	100	300	4	25	24	24639	4.39162	5	0	0	6	0.166667	6	0.166667	1	0.16	-0.79588	0.03	-1.52288	0	0
10000	625	100	300	4	25	22	24732	4.39326	5	0	0	4	0.25	4	0.25	1	0.22	-0.657577	0.02	-1.69897	0	0
10000	631	100	300	4	25	19	11304	4.05323	5	0	0	4	0.25	4	0.25	1	0.09	-1.04576	0	0	0	0
10000	632	100	300	4	25	18	14399	4.15833	5	0	0	4	0.25	4	0.25	1	0.07	-1.1549	0.02	-1.69897	0	0
10000	635	100	300	4	25	17	13823	4.1406	5	0	0	3	0.333333	3	0.333333	1	0.06	-1.22185	0.02	-1.69897	0	0
10000	636	100	300	4	25	24	76147	4.88165	5	0	0	6	0.166667	6	0.166667	1	0.61	-0.21467	0.08	-1.09691	0	0
10000	645	100	300	4	25	22	97199	4.98766	5	0	0	4	0.25	4	0.25	1	0.67	-0.173925	0.09	-1.04576	0	0
10000	646	100	300	4	25	30	94384	4.9749	5	0	0	11	0.0909091	11	0.0909091	1	0.69	-0.161151	0.07	-1.1549	0	0
10000	653	100	300	4	25	23	57546	4.76002	5	0	0	5	0.2	5	0.2	1	0.36	-0.443697	0.07	-1.1549	0	0
10000	659	100	300	4	25	21	37563	4.57476	5	0	0	4	0.25	4	0.25	1	0.25	-0.60206	0.04	-1.39794	0	0
10000	662	100	300	4	25	24	17170	4.23477	5	0	0	6	0.166667	6	0.166667	1	0.22	-0.657577	0.02	-1.69897	0	0
10000	663	100	300	4	25	24	18632	4.27026	5	0	0	10	0.1	10	0.1	1	0.19	-0.721246	0.03	-1.52288	0	0
10000	666	100	300	4	25	24	20827	4.31863	5	0	0	7	0.142857	7	0.142857	1	0.13	-0.886057	0.02	-1.69897	0	0
10000	672	100	300	4	25	23	32533	4.51232	5	0	0	5	0.2	5	0.2	1	0.26	-0.585027	0.04	-1.39794	0	0
10000	681	100	300	4	25	18	12212	4.08679	5	0	0	4	0.25	4	0.25	1	0.1	-1	0.01	-2	0	0
10000	682	100	300	4	25	20	43007	4.63354	5	0	0	6	0.166667	6	0.166667	1	0.29	-0.537602	0.04	-1.39794	0	0
10000	687	100	300	4	25	21	15338	4.18577	5	0	0	5	0.2	5	0.2	1	0.07	-1.1549	0.01	-2	0	0
10000	688	100	300	4	25	26	32339	4.50973	5	0	0	5	0.2	5	0.2	1	0.23	-0.638272	0.04	-1.39794	0	0
10000	689	100	300	4	25	26	94149	4.97382	5	0	0	8	0.125	8	0.125	1	0.56	-0.251812	0.06	-1.22185	0	0
10000	690	100	300	4	25	22	54866	4.7393	5	0	0	5	0.2	5	0.2	1	0.31	-0.508638	0.08	-1.09691	0	0
10000	692	100	300	4	25	17	14389	4.15803	5	0	0	4	0.25	4	0.25	1	0.08	-1.09691	0	0	0	0
10000	695	100	300	4	25	20	58341	4.76597	5	0	0	3	0.333333	3	0.333333	1	0.33	-0.481486	0.05	-1.30103	0	0
10000	696	100	300	4	25	19	11812	4.07232	5	0	0	6	0.166667	6	0.166667	1	0.09	-1.04576	0	0	0	0
10000	705	100	300	4	25	23	78986	4.89755	5	0	0	5	0.2	5	0.2	1	0.6	-0.221849	0.15	-0.823909	0	0
10000	711	100	300	4	25	22	12095	4.08261	5	0	0	7	0.142857	7	0.142857	1	0.08	-1.09691	0.01	-2	0	0
10000	721	100	300	4	25	32	48671	4.68727	5	0	0	13	0.0769231	13	0.0769231	1	0.3	-0.522879	0.02	-1.69897	0	0
10000	722	100	300	4	25	21	39562	4.59728	5	0	0	5	0.2	5	0.2	1	0.2	-0.69897	0.05	-1.30103	0	0
10000	724	100	300	4	25	19	18759	4.27321	5	0	0	4	0.25	4	0.25	1	0.09	-1.04576	0.01	-2	0	0
10000	728	100	300	4	25	25	68521	4.83582	5	0	0	7	0.142857	7	0.142857	1	0.69	-0.161151	0.07	-1.1549	0	0
10000	730	100	300	4	25	27	93973	4.973	5	0	0	8	0.125	8	0.125	1	0.94	-0.0268721	0.09	-1.04576	0	0
10000	735	100	300	4	25	22	40319	4.60551	5	0	0	6	0.166667	6	0.166667	1	0.28	-0.552842	0.02	-1.69897	0	0
10000	740	100	300	4	25	22	23039	4.36246	5	0	0	6	0.166667	6	0.166667	1	0.12	-0.920819	0.02	-1.69897	0	0
10000	742	100	300	4	25	20	40084	4.60297	5	0	0	4	0.25	4	0.25	1	0.21	-0.677781	0.03	-1.52288	0	0
10000	744	100	300	4	25	20	14041	4.1474	5	0	0	5	0.2	5	0.2	1	0.08	-1.09691	0	0	0	0
10000	756	100	300	4	25	24	79551	4.90065	5	0	0	6	0.166667	6	0.166667	1	0.7	-0.154902	0.1	-1	0	0
10000	759	100	300	4	25	24	54455	4.73604	5	0	0	6	0.166667	6	0.166667	1	0.46	-0.337242	0.06	-1.22185	0	0
10000	766	100	300	4	25	24	99359	4.99721	5	0	0	5	0.2	5	0.2	1	0.56	-0.251812	0.11	-0.958607	0	0
10000	769	100	300	4	25	22	24247	4.38466	5	0	0	6	0.166667	6	0.166667	1	0.16	-0.79588	0.02	-1.69897	0	0
10000	770	100	300	4	25	28	78720	4.89609	5	0	0	7	0.142857	7	0.142857	1	0.44	-0.356547	0.09	-1.04576	0	0
10000	774	100	300	4	25	25	36718	4.56488	5	0	0	5	0.2	5	0.2	1	0.22	-0.657577	0.05	-1.30103	0	0
10000	775	100	300	4	25	20	18385	4.26446	5	0	0	6	0.166667	6	0.166667	1	0.13	-0.886057	0.01	-2	0	0
10000	776	100	300	4	25	21	25631	4.40877	5	0	0	5	0.2	5	0.2	1	0.15	-0.823909	0.02	-1.69897	0	0
10000	780	100	300	4	25	25	26019	4.41529	5	0	0	8	0.125	8	0.125	1	0.16	-0.79588	0.03	-1.52288	0	0
10000	781	100	300	4	25	18	10473	4.02007	5	0	0	3	0.333333	3	0.333333	1	0.08	-1.09691	0.01	-2	0	0
10000	785	100	300	4	25	27	15981	4.2036	5	0	0	11	0.0909091	11	0.0909091	1	0.11	-0.958607	0.01	-2	0	0
10000	793	100	300	4	25	23	43199	4.63547	5	0	0	6	0.166667	6	0.166667	1	0.29	-0.537602	0.03	-1.52288	0	0
10000	797	100	300	4	25	19	12959	4.11257	5	0	0	5	0.2	5	0.2	1	0.07	-1.1549	0.01	-2	0	0
10000	800	100	300	4	25	21	11520	4.06145	5	0	0	6	0.166667	6	0.166667	1	0.11	-0.958607	0	0	0	0
10000	801	100	300	4	25	19	11663	4.06681	5	0	0	5	0.2	5	0.2	1	0.09	-1.04576	0.01	-2	0	0
10000	805	100	300	4	25	20	23594	4.3728	5	0	0	5	0.2	5	0.2	1	0.16	-0.79588	0.03	-1.52288	0	0
10000	808	100	300	4	25	20	10422	4.01795	5	0	0	5	0.2	5	0.2	1	0.05	-1.30103	0.01	-2	0	0
10000	809	100	300	4	25	23	75263	4.87658	5	0	0	4	0.25	4	0.25	1	0.5	-0.30103	0.1	-1	0	0
10000	814	100	300	4	25	23	38250	4.58263	5	0	0	7	0.142857	7	0.142857	1	0.24	-0.619789	0.04	-1.39794	0	0
10000	817	100	300	4	25	22	97688	4.98984	5	0	0	4	0.25	4	0.25	1	0.54	-0.267606	0.16	-0.79588	0	0
10000	822	100	300	4	25	18	10447	4.01899	5	0	0	6	0.166667	6	0.166667	1	0.05	-1.30103	0.01	-2	0	0
10000	826	100	300	4	25	19	20334	4.30822	5	0	0	4	0.25	4	0.25	1	0.13	-0.886057	0.02	-1.69897	0	0
10000	828	100	300	4	25	21	76246	4.88222	5	0	0	5	0.2	5	0.2	1	0.44	-0.356547	0.06	-1.22185	0	0
10000	836	100	300	4	25	23	25503	4.40659	5	0	0	6	0.166667	6	0.166667	1	0.21	-0.677781	0.03	-1.52288	0	0
10000	840	100	300	4	25	18	10079	4.00342	5	0	0	4	0.25	4	0.25	1	0.06	-1.22185	0.01	-2	0	0
10000	843	100	300	4	25	27	59501	4.77452	5	0	0	8	0.125	8	0.125	1	0.4	-0.39794	0.04	-1.39794	0	0
10000	847	100	300	4	25	25	76733	4.88498	5	0	0	7	0.142857	7	0.142857	1	0.64	-0.19382	0.1	-1	0	0
10000	848	100	300	4	25	23	65668	4.81735	5	0	0	5	0.2	5	0.2	1	0.42	-0.376751	0.06	-1.22185	0	0
10000	854	100	300	4	25	24	28401	4.45333	5	0	0	6	0.166667	6	0.166667	1	0.16	-0.79588	0.03	-1.52288	0	0
10000	855	100	300	4	25	20	16944	4.22902	5	0	0	5	0.2	5	0.2	1	0.07	-1.1549	0.01	-2	0	0
10000	857	100	300	4	25	20	40015	4.60222	5	0	0	4	0.25	4	0.25	1	0.21	-0.677781	0.04	-1.39794	0	0
10000	862	100	300	4	25	25	57599	4.76041	5	0	0	5	0.2	5	0.2	1	0.62	-0.207608	0.09	-1.04576	0	0
10000	871	100	300	4	25	26	22863	4.35913	5	0	0	8	0.125	8	0.125	1	0.14	-0.853872	0.03	-1.52288	0	0
10000	873	100	300	4	25	19	23741	4.3755	5	0	0	4	0.25	4	0.25	1	0.15	-0.823909	0.02	-1.69897	0	0
10000	875	100	300	4	25	19	29955	4.47647	5	0	0	3	0.333333	3	0.333333	1	0.19	-0.721246	0.04	-1.39794	0	0
10000	876	100	300	4	25	17	10799	4.03338	5	0	0	3	0.333333	3	0.333333	1	0.05	-1.30103	0.02	-1.69897	0	0
10000	881	100	300	4	25	19	19748	4.29552	5	0	0	4	0.25	4	0.25	1	0.12	-0.920819	0.02	-1.69897	0	0
10000	882	100	300	4	25	18	10911	4.03786	5	0	0	5	0.2	5	0.2	1	0.05	-1.30103	0.01	-2	0	0
10000	883	100	300	4	25	27	43679	4.64027	5	0	0	8	0.125	8	0.125	1	0.53	-0.275724	0.04	-1.39794	0	0
10000	885	100	300	4	25	18	12699	4.10377	5	0	0	4	0.25	4	0.25	1	0.06	-1.22185	0.01	-2	0	0
10000	887	100	300	4	25	22	42348	4.62683	5	0	0	6	0.166667	6	0.166667	1	0.26	-0.585027	0.03	-1.52288	0	0
10000	889	100	300	4	25	20	25104	4.39974	5	0	0	5	0.2	5	0.2	1	0.14	-0.853872	0.03	-1.52288	0	0
10000	894	100	300	4	25	20	25335	4.40372	5	0	0	4	0.25	4	0.25	1	0.14	-0.853872	0.03	-1.52288	0	0
10000	895	100	300	4	25	17	15749	4.19725	5	0	0	3	0.333333	3	0.333333	1	0.09	-1.04576	0.01	-2	0	0
10000	896	100	300	4	25	24	57649	4.76079	5	0	0	5	0.2	5	0.2	1	0.34	-0.468521	0.08	-1.09691	0	0
10000	903	100	300	4	25	18	15119	4.17952	5	0	0	4	0.25	4	0.25	1	0.12	-0.920819	0.01	-2	0	0
10000	914	100	300	4	25	20	51366	4.71068	5	0	0	3	0.333333	3	0.333333	1	0.4	-0.39794	0.08	-1.09691	0	0
10000	920	100	300	4	25	24	75173	4.87606	5	0	0	6	0.166667	6	0.166667	1	0.54	-0.267606	0.11	-0.958607	0	0
10000	926	100	300	4	25	22	56699	4.75358	5	0	0	4	0.25	4	0.25	1	0.56	-0.251812	0.07	-1.1549	0	0
10000	928	100	300	4	25	21	36685	4.56449	5	0	0	4	0.25	4	0.25	1	0.24	-0.619789	0.04	-1.39794	0	0
10000	936	100	300	4	25	21	40071	4.60283	5	0	0	5	0.2	5	0.2	1	0.26	-0.585027	0.05	-1.30103	0	0
10000	941	100	300	4	25	21	24677	4.39229	5	0	0	5	0.2	5	0.2	1	0.14	-0.853872	0.03	-1.52288	0	0
10000	955	100	300	4	25	25	31135	4.49325	5	0	0	8	0.125	8	0.125	1	0.46	-0.337242	0.02	-1.69897	0	0
10000	959	100	300	4	25	21	26879	4.42941	5	0	0	4	0.25	4	0.25	1	0.19	-0.721246	0.04	-1.39794	0	0
10000	961	100	300	4	25	17	12059	4.08131	5	0	0	4	0.25	4	0.25	1	0.05	-1.30103	0.01	-2	0	0
10000	962	100	300	4	25	26	61766	4.79075	5	0	0	4	0.25	4	0.25	1	0.52	-0.283997	0.1	-1	0	0
10000	964	100	300	4	25	21	40028	4.60236	5	0	0	5	0.2	5	0.2	1	0.26	-0.585027	0.05	-1.30103	0	0
10000	968	100	300	4	25	20	24191	4.38365	5	0	0	4	0.25	4	0.25	1	0.13	-0.886057	0.03	-1.52288	0	0
10000	969	100	300	4	25	23	57048	4.75624	5	0	0	7	0.142857	7	0.142857	1	0.33	-0.481486	0.03	-1.52288	0	0
10000	971	100	300	4	25	21	32255	4.5086	5	0	0	4	0.25	4	0.25	1	0.25	-0.60206	0.04	-1.39794	0	0
10000	978	100	300	4	25	22	26500	4.42325	5	0	0	5	0.2	5	0.2	1	0.16	-0.79588	0.03	-1.52288	0	0
10000	980	100	300	4	25	33	93747	4.97196	5	0	0	13	0.0769231	13	0.0769231	1	0.93	-0.0315171	0.07	-1.1549	0	0
10000	981	100	300	4	25	17	10799	4.03338	5	0	0	3	0.333333	3	0.333333	1	0.09	-1.04576	0.02	-1.69897	0	0
10000	984	100	300	4	25	20	23205	4.36558	5	0	0	5	0.2	5	0.2	1	0.16	-0.79588	0.03	-1.52288	0	0
10000	993	100	300	4	25	22	16185	4.20911	5	0	0	5	0.2	5	0.2	1	0.12	-0.920819	0.01	-2	0	0
10000	997	100	300	4	25	19	12864	4.10938	5	0	0	4	0.25	4	0.25	1	0.06	-1.22185	0.02	-1.69897	0	0
10000	998	100	300	4	25	23	41552	4.61859	5	0	0	6	0.166667	6	0.166667	1	0.33	-0.481486	0.05	-1.30103	0	0
10000	1000	100	300	4	25	20	12530	4.09795	5	0	0	5	0.2	5	0.2	1	0.1	-1	0.01	-2	0	0
