4000	23	20	300	4	25	10	3	0	0	4	4	1	0	0	0	0
4000	30	20	300	4	25	9	3	0	0	3	3	1	0	0	0	0
4000	248	20	300	4	25	12	3	0	0	5	5	1	0	0	0	0
4000	386	20	300	4	25	14	3	0	0	6	6	1	0	0	0	0
4000	400	20	300	4	25	22	3	0	0	15	15	1	0	0	0	0
4000	502	20	300	4	25	11	3	0	0	4	4	1	0	0	0	0
4000	512	20	300	4	25	12	3	0	0	5	5	1	0	0	0	0
4000	579	20	300	4	25	8	3	0	0	2	2	1	0	0	0	0
4000	586	20	300	4	25	12	3	0	0	4	4	1	0	0	0	0
4000	670	20	300	4	25	17	3	0	0	7	7	1	0	0	0	0
4000	680	20	300	4	25	14	3	0	0	7	7	1	0	0	0	0
4000	760	20	300	4	25	12	3	0	0	7	7	1	0	0	0	0
4000	786	20	300	4	25	14	3	0	0	7	7	1	0	0	0	0
4000	793	20	300	4	25	9	3	0	0	3	3	1	0	0	0	0
4000	814	20	300	4	25	15	3	0	0	5	5	1	0	0	0	0
4000	877	20	300	4	25	11	3	0	0	4	4	1	0	0	0	0
4000	898	20	300	4	25	15	3	0	0	10	10	1	0	0	0	0
4000	971	20	300	4	25	10	3	0	0	4	4	1	0	0	0	0
4000	3	30	300	4	25	13	3	0	0	5	5	1	0	0	0	0
4000	9	30	300	4	25	12	3	0	0	5	5	1	0	0	0	0
4000	13	30	300	4	25	18	3	0	0	8	8	1	0	0	0	0
4000	18	30	300	4	25	12	3	0	0	5	5	1	0	0	0	0
4000	22	30	300	4	25	11	3	0	0	5	5	1	0	0	0	0
4000	23	30	300	4	25	17	3	0	0	7	7	1	0	0	0	0
4000	25	30	300	4	25	19	3	0	0	11	11	1	0	0	0	0
4000	27	30	300	4	25	26	3	0	0	20	20	1	0	0	0	0
4000	29	30	300	4	25	12	3	0	0	4	4	1	0	0	0	0
4000	30	30	300	4	25	16	3	0	0	6	6	1	0	0	0	0
4000	32	30	300	4	25	17	3	0	0	6	6	1	0	0	0	0
4000	33	30	300	4	25	14	3	0	0	7	7	1	0	0	0	0
4000	41	30	300	4	25	12	3	0	0	5	5	1	0	0	0	0
4000	43	30	300	4	25	16	3	0	0	6	6	1	0	0	0	0
4000	45	30	300	4	25	13	3	0	0	5	5	1	0	0	0	0
4000	51	30	300	4	25	16	3	0	0	9	9	1	0	0	0	0
4000	54	30	300	4	25	15	3	0	0	7	7	1	0	0	0	0
4000	61	30	300	4	25	21	3	0	0	12	12	1	0	0	0	0
4000	62	30	300	4	25	12	3	0	0	6	6	1	0	0	0	0
4000	64	30	300	4	25	12	3	0	0	6	6	1	0	0	0	0
4000	66	30	300	4	25	12	3	0	0	4	4	1	0	0	0	0
4000	67	30	300	4	25	14	3	0	0	7	7	1	0	0	0	0
4000	68	30	300	4	25	13	3	0	0	7	7	1	0	0	0	0
4000	73	30	300	4	25	11	3	0	0	4	4	1	0	0	0	0
4000	74	30	300	4	25	15	3	0	0	8	8	1	0	0	0	0
4000	76	30	300	4	25	13	3	0	0	7	7	1	0	0	0	0
4000	88	30	300	4	25	14	3	0	0	9	9	1	0	0	0	0
4000	91	30	300	4	25	18	3	0	0	8	8	1	0	0	0	0
4000	96	30	300	4	25	14	3	0	0	6	6	1	0	0	0	0
4000	98	30	300	4	25	12	3	0	0	4	4	1	0	0	0	0
4000	105	30	300	4	25	22	3	0	0	16	16	1	0	0	0	0
4000	108	30	300	4	25	15	3	0	0	8	8	1	0	0	0	0
4000	109	30	300	4	25	17	3	0	0	10	10	1	0	0	0	0
4000	119	30	300	4	25	16	3	0	0	6	6	1	0	0	0	0
4000	122	30	300	4	25	19	3	0	0	11	11	1	0	0	0	0
4000	140	30	300	4	25	17	3	0	0	11	11	1	0	0	0	0
4000	142	30	300	4	25	13	3	0	0	3	3	1	0	0	0	0
4000	143	30	300	4	25	12	3	0	0	5	5	1	0	0	0	0
4000	145	30	300	4	25	9	3	0	0	3	3	1	0	0	0	0
4000	152	30	300	4	25	15	3	0	0	7	7	1	0	0	0	0
4000	155	30	300	4	25	14	3	0	0	9	9	1	0	0	0	0
4000	156	30	300	4	25	13	3	0	0	6	6	1	0	0	0	0
4000	157	30	300	4	25	18	3	0	0	9	9	1	0	0	0	0
4000	160	30	300	4	25	12	3	0	0	5	5	1	0	0	0	0
4000	162	30	300	4	25	13	3	0	0	6	6	1	0	0	0	0
4000	163	30	300	4	25	16	3	0	0	6	6	1	0	0	0	0
4000	165	30	300	4	25	14	3	0	0	6	6	1	0	0	0	0
4000	168	30	300	4	25	13	3	0	0	6	6	1	0	0	0	0
4000	171	30	300	4	25	18	3	0	0	10	10	1	0	0	0	0
4000	174	30	300	4	25	10	3	0	0	3	3	1	0	0	0	0
4000	175	30	300	4	25	21	3	0	0	16	16	1	0	0	0	0
4000	180	30	300	4	25	14	3	0	0	7	7	1	0	0	0	0
4000	183	30	300	4	25	12	3	0	0	6	6	1	0	0	0	0
4000	185	30	300	4	25	15	3	0	0	7	7	1	0	0	0	0
4000	186	30	300	4	25	15	3	0	0	5	5	1	0	0	0	0
4000	188	30	300	4	25	15	3	0	0	11	11	1	0	0	0	0
4000	190	30	300	4	25	16	3	0	0	8	8	1	0	0	0	0
4000	192	30	300	4	25	20	3	0	0	10	10	1	0	0	0	0
4000	195	30	300	4	25	16	3	0	0	7	7	1	0	0	0	0
4000	198	30	300	4	25	11	3	0	0	4	4	1	0	0	0	0
4000	201	30	300	4	25	11	3	0	0	6	6	1	0	0	0	0
4000	203	30	300	4	25	19	3	0	0	9	9	1	0	0	0	0
4000	204	30	300	4	25	17	3	0	0	9	9	1	0	0	0	0
4000	206	30	300	4	25	15	3	0	0	9	9	1	0	0	0	0
4000	207	30	300	4	25	17	3	0	0	9	9	1	0	0	0	0
4000	214	30	300	4	25	15	3	0	0	8	8	1	0	0	0	0
4000	218	30	300	4	25	14	3	0	0	7	7	1	0	0	0	0
4000	219	30	300	4	25	14	3	0	0	6	6	1	0	0	0	0
4000	220	30	300	4	25	16	3	0	0	10	10	1	0	0	0	0
4000	221	30	300	4	25	13	3	0	0	8	8	1	0	0	0	0
4000	222	30	300	4	25	16	3	0	0	10	10	1	0	0	0	0
4000	224	30	300	4	25	17	3	0	0	8	8	1	0	0	0	0
4000	225	30	300	4	25	24	3	0	0	12	12	1	0	0	0	0
4000	227	30	300	4	25	12	3	0	0	5	5	1	0	0	0	0
4000	229	30	300	4	25	11	3	0	0	5	5	1	0	0	0	0
4000	234	30	300	4	25	11	3	0	0	3	3	1	0	0	0	0
4000	236	30	300	4	25	16	3	0	0	6	6	1	0	0	0	0
4000	243	30	300	4	25	11	3	0	0	4	4	1	0	0	0	0
4000	244	30	300	4	25	10	3	0	0	5	5	1	0	0	0	0
4000	248	30	300	4	25	17	3	0	0	6	6	1	0	0	0	0
4000	249	30	300	4	25	13	3	0	0	5	5	1	0	0	0	0
4000	252	30	300	4	25	12	3	0	0	7	7	1	0	0	0	0
4000	255	30	300	4	25	21	3	0	0	13	13	1	0	0	0	0
4000	261	30	300	4	25	11	3	0	0	6	6	1	0	0	0	0
4000	265	30	300	4	25	13	3	0	0	6	6	1	0	0	0	0
4000	266	30	300	4	25	10	3	0	0	4	4	1	0	0	0	0
4000	276	30	300	4	25	28	3	0	0	18	18	1	0	0	0	0
4000	282	30	300	4	25	15	3	0	0	7	7	1	0	0	0	0
4000	285	30	300	4	25	10	3	0	0	3	3	1	0	0	0	0
4000	289	30	300	4	25	13	3	0	0	7	7	1	0	0	0	0
4000	293	30	300	4	25	18	3	0	0	9	9	1	0	0	0	0
4000	294	30	300	4	25	12	3	0	0	7	7	1	0	0	0	0
4000	295	30	300	4	25	19	3	0	0	12	12	1	0	0	0	0
4000	297	30	300	4	25	14	3	0	0	4	4	1	0	0	0	0
4000	300	30	300	4	25	14	3	0	0	7	7	1	0	0	0	0
4000	301	30	300	4	25	16	3	0	0	8	8	1	0	0	0	0
4000	311	30	300	4	25	9	3	0	0	3	3	1	0	0	0	0
4000	312	30	300	4	25	17	3	0	0	8	8	1	0	0	0	0
4000	316	30	300	4	25	11	3	0	0	4	4	1	0	0	0	0
4000	321	30	300	4	25	20	3	0	0	11	11	1	0	0	0	0
4000	322	30	300	4	25	14	3	0	0	5	5	1	0	0	0	0
4000	323	30	300	4	25	15	3	0	0	10	10	1	0	0	0	0
4000	326	30	300	4	25	12	3	0	0	6	6	1	0	0	0	0
4000	330	30	300	4	25	13	3	0	0	4	4	1	0	0	0	0
4000	332	30	300	4	25	13	3	0	0	8	8	1	0	0	0	0
4000	333	30	300	4	25	10	3	0	0	4	4	1	0	0	0	0
4000	335	30	300	4	25	12	3	0	0	6	6	1	0	0	0	0
4000	337	30	300	4	25	17	3	0	0	8	8	1	0	0	0	0
4000	343	30	300	4	25	13	3	0	0	7	7	1	0	0	0	0
4000	345	30	300	4	25	16	3	0	0	7	7	1	0	0	0	0
4000	347	30	300	4	25	11	3	0	0	5	5	1	0	0	0	0
4000	350	30	300	4	25	18	3	0	0	9	9	1	0	0	0	0
4000	359	30	300	4	25	15	3	0	0	10	10	1	0	0	0	0
4000	361	30	300	4	25	17	3	0	0	6	6	1	0	0	0	0
4000	363	30	300	4	25	13	3	0	0	5	5	1	0	0	0	0
4000	366	30	300	4	25	14	3	0	0	8	8	1	0	0	0	0
4000	369	30	300	4	25	20	3	0	0	10	10	1	0	0	0	0
4000	370	30	300	4	25	16	3	0	0	9	9	1	0	0	0	0
4000	375	30	300	4	25	16	3	0	0	8	8	1	0	0	0	0
4000	379	30	300	4	25	14	3	0	0	7	7	1	0	0	0	0
4000	383	30	300	4	25	16	3	0	0	6	6	1	0	0	0	0
4000	384	30	300	4	25	18	3	0	0	10	10	1	0	0	0	0
4000	386	30	300	4	25	23	3	0	0	12	12	1	0	0	0	0
4000	387	30	300	4	25	15	3	0	0	6	6	1	0	0	0	0
4000	391	30	300	4	25	13	3	0	0	7	7	1	0	0	0	0
4000	392	30	300	4	25	15	3	0	0	7	7	1	0	0	0	0
4000	393	30	300	4	25	15	3	0	0	6	6	1	0	0	0	0
4000	396	30	300	4	25	17	3	0	0	12	12	1	0	0	0	0
4000	397	30	300	4	25	10	3	0	0	4	4	1	0	0	0	0
4000	398	30	300	4	25	11	3	0	0	5	5	1	0	0	0	0
4000	401	30	300	4	25	12	3	0	0	5	5	1	0	0	0	0
4000	404	30	300	4	25	18	3	0	0	8	8	1	0	0	0	0
4000	411	30	300	4	25	19	3	0	0	8	8	1	0	0	0	0
4000	413	30	300	4	25	14	3	0	0	7	7	1	0	0	0	0
4000	415	30	300	4	25	14	3	0	0	8	8	1	0	0	0	0
4000	420	30	300	4	25	14	3	0	0	6	6	1	0	0	0	0
4000	421	30	300	4	25	12	3	0	0	6	6	1	0	0	0	0
4000	425	30	300	4	25	13	3	0	0	7	7	1	0	0	0	0
4000	432	30	300	4	25	12	3	0	0	5	5	1	0	0	0	0
4000	433	30	300	4	25	24	3	0	0	19	19	1	0	0	0	0
4000	434	30	300	4	25	17	3	0	0	8	8	1	0	0	0	0
4000	437	30	300	4	25	17	3	0	0	10	10	1	0	0	0	0
4000	438	30	300	4	25	17	3	0	0	7	7	1	0	0	0	0
4000	439	30	300	4	25	17	3	0	0	10	10	1	0	0	0	0
4000	444	30	300	4	25	12	3	0	0	5	5	1	0	0	0	0
4000	457	30	300	4	25	14	3	0	0	6	6	1	0	0	0	0
4000	460	30	300	4	25	17	3	0	0	6	6	1	0	0	0	0
4000	463	30	300	4	25	10	3	0	0	3	3	1	0	0	0	0
4000	466	30	300	4	25	17	3	0	0	10	10	1	0	0	0	0
4000	467	30	300	4	25	14	3	0	0	7	7	1	0	0	0	0
4000	468	30	300	4	25	12	3	0	0	5	5	1	0	0	0	0
4000	469	30	300	4	25	14	3	0	0	7	7	1	0	0	0	0
4000	473	30	300	4	25	11	3	0	0	5	5	1	0	0	0	0
4000	475	30	300	4	25	13	3	0	0	5	5	1	0	0	0	0
4000	476	30	300	4	25	19	3	0	0	10	10	1	0	0	0	0
4000	477	30	300	4	25	15	3	0	0	5	5	1	0	0	0	0
4000	480	30	300	4	25	12	3	0	0	7	7	1	0	0	0	0
4000	485	30	300	4	25	14	3	0	0	6	6	1	0	0	0	0
4000	491	30	300	4	25	12	3	0	0	6	6	1	0	0	0	0
4000	493	30	300	4	25	18	3	0	0	8	8	1	0	0	0	0
4000	495	30	300	4	25	19	3	0	0	11	11	1	0	0	0	0
4000	500	30	300	4	25	12	3	0	0	5	5	1	0	0	0	0
4000	501	30	300	4	25	12	3	0	0	4	4	1	0	0	0	0
4000	502	30	300	4	25	11	3	0	0	3	3	1	0	0	0	0
4000	505	30	300	4	25	15	3	0	0	8	8	1	0	0	0	0
4000	506	30	300	4	25	13	3	0	0	5	5	1	0	0	0	0
4000	507	30	300	4	25	11	3	0	0	5	5	1	0	0	0	0
4000	510	30	300	4	25	16	3	0	0	9	9	1	0	0	0	0
4000	514	30	300	4	25	23	3	0	0	13	13	1	0	0	0	0
4000	517	30	300	4	25	16	3	0	0	10	10	1	0	0	0	0
4000	520	30	300	4	25	16	3	0	0	6	6	1	0	0	0	0
4000	521	30	300	4	25	20	3	0	0	11	11	1	0	0	0	0
4000	523	30	300	4	25	18	3	0	0	7	7	1	0	0	0	0
4000	524	30	300	4	25	18	3	0	0	11	11	1	0	0	0	0
4000	525	30	300	4	25	23	3	0	0	12	12	1	0	0	0	0
4000	528	30	300	4	25	13	3	0	0	5	5	1	0	0	0	0
4000	529	30	300	4	25	12	3	0	0	6	6	1	0	0	0	0
4000	532	30	300	4	25	13	3	0	0	5	5	1	0	0	0	0
4000	533	30	300	4	25	14	3	0	0	7	7	1	0	0	0	0
4000	534	30	300	4	25	22	3	0	0	11	11	1	0	0	0	0
4000	536	30	300	4	25	11	3	0	0	5	5	1	0	0	0	0
4000	537	30	300	4	25	12	3	0	0	6	6	1	0	0	0	0
4000	542	30	300	4	25	12	3	0	0	5	5	1	0	0	0	0
4000	546	30	300	4	25	16	3	0	0	8	8	1	0	0	0	0
4000	549	30	300	4	25	11	3	0	0	5	5	1	0	0	0	0
4000	550	30	300	4	25	14	3	0	0	9	9	1	0	0	0	0
4000	557	30	300	4	25	15	3	0	0	9	9	1	0	0	0	0
4000	559	30	300	4	25	14	3	0	0	6	6	1	0	0	0	0
4000	563	30	300	4	25	12	3	0	0	6	6	1	0	0	0	0
4000	568	30	300	4	25	13	3	0	0	6	6	1	0	0	0	0
4000	570	30	300	4	25	15	3	0	0	5	5	1	0	0	0	0
4000	571	30	300	4	25	15	3	0	0	7	7	1	0	0	0	0
4000	578	30	300	4	25	14	3	0	0	7	7	1	0	0	0	0
4000	579	30	300	4	25	14	3	0	0	5	5	1	0	0	0	0
4000	580	30	300	4	25	15	3	0	0	6	6	1	0	0	0	0
4000	586	30	300	4	25	17	3	0	0	7	7	1	0	0	0	0
4000	591	30	300	4	25	13	3	0	0	3	3	1	0	0	0	0
4000	594	30	300	4	25	20	3	0	0	10	10	1	0	0	0	0
4000	595	30	300	4	25	11	3	0	0	5	5	1	0	0	0	0
4000	596	30	300	4	25	17	3	0	0	7	7	1	0	0	0	0
4000	598	30	300	4	25	17	3	0	0	10	10	1	0	0	0	0
4000	599	30	300	4	25	15	3	0	0	9	9	1	0	0	0	0
4000	600	30	300	4	25	12	3	0	0	5	5	1	0	0	0	0
4000	601	30	300	4	25	18	3	0	0	9	9	1	0	0	0	0
4000	605	30	300	4	25	18	3	0	0	10	10	1	0	0	0	0
4000	608	30	300	4	25	15	3	0	0	5	5	1	0	0	0	0
4000	620	30	300	4	25	13	3	0	0	6	6	1	0	0	0	0
4000	621	30	300	4	25	12	3	0	0	4	4	1	0	0	0	0
4000	622	30	300	4	25	16	3	0	0	9	9	1	0	0	0	0
4000	626	30	300	4	25	11	3	0	0	4	4	1	0	0	0	0
4000	627	30	300	4	25	17	3	0	0	7	7	1	0	0	0	0
4000	632	30	300	4	25	12	3	0	0	7	7	1	0	0	0	0
4000	633	30	300	4	25	13	3	0	0	4	4	1	0	0	0	0
4000	635	30	300	4	25	18	3	0	0	11	11	1	0	0	0	0
4000	636	30	300	4	25	12	3	0	0	5	5	1	0	0	0	0
4000	638	30	300	4	25	16	3	0	0	7	7	1	0	0	0	0
4000	640	30	300	4	25	13	3	0	0	5	5	1	0	0	0	0
4000	642	30	300	4	25	10	3	0	0	4	4	1	0	0	0	0
4000	643	30	300	4	25	12	3	0	0	4	4	1	0	0	0	0
4000	655	30	300	4	25	19	3	0	0	9	9	1	0	0	0	0
4000	656	30	300	4	25	18	3	0	0	9	9	1	0	0	0	0
4000	659	30	300	4	25	12	3	0	0	5	5	1	0	0	0	0
4000	663	30	300	4	25	15	3	0	0	8	8	1	0	0	0	0
4000	671	30	300	4	25	18	3	0	0	8	8	1	0	0	0	0
4000	672	30	300	4	25	9	3	0	0	3	3	1	0	0	0	0
4000	684	30	300	4	25	15	3	0	0	6	6	1	0	0	0	0
4000	685	30	300	4	25	16	3	0	0	11	11	1	0	0	0	0
4000	686	30	300	4	25	18	3	0	0	11	11	1	0	0	0	0
4000	693	30	300	4	25	20	3	0	0	11	11	1	0	0	0	0
4000	694	30	300	4	25	18	3	0	0	9	9	1	0	0	0	0
4000	698	30	300	4	25	12	3	0	0	5	5	1	0	0	0	0
4000	700	30	300	4	25	13	3	0	0	6	6	1	0	0	0	0
4000	703	30	300	4	25	13	3	0	0	5	5	1	0	0	0	0
4000	704	30	300	4	25	11	3	0	0	4	4	1	0	0	0	0
4000	710	30	300	4	25	15	3	0	0	9	9	1	0	0	0	0
4000	712	30	300	4	25	14	3	0	0	8	8	1	0	0	0	0
4000	714	30	300	4	25	10	3	0	0	3	3	1	0	0	0	0
4000	715	30	300	4	25	15	3	0	0	6	6	1	0	0	0	0
4000	720	30	300	4	25	14	3	0	0	6	6	1	0	0	0	0
4000	724	30	300	4	25	15	3	0	0	6	6	1	0	0	0	0
4000	726	30	300	4	25	14	3	0	0	8	8	1	0	0	0	0
4000	729	30	300	4	25	11	3	0	0	4	4	1	0	0	0	0
4000	734	30	300	4	25	9	3	0	0	4	4	1	0	0	0	0
4000	736	30	300	4	25	20	3	0	0	11	11	1	0	0	0	0
4000	737	30	300	4	25	16	3	0	0	7	7	1	0	0	0	0
4000	746	30	300	4	25	15	3	0	0	8	8	1	0	0	0	0
4000	753	30	300	4	25	11	3	0	0	4	4	1	0	0	0	0
4000	754	30	300	4	25	23	3	0	0	14	14	1	0	0	0	0
4000	755	30	300	4	25	16	3	0	0	7	7	1	0	0	0	0
4000	762	30	300	4	25	15	3	0	0	9	9	1	0	0	0	0
4000	767	30	300	4	25	15	3	0	0	4	4	1	0	0	0	0
4000	771	30	300	4	25	15	3	0	0	9	9	1	0	0	0	0
4000	772	30	300	4	25	11	3	0	0	4	4	1	0	0	0	0
4000	775	30	300	4	25	11	3	0	0	3	3	1	0	0	0	0
4000	776	30	300	4	25	15	3	0	0	6	6	1	0	0	0	0
4000	777	30	300	4	25	12	3	0	0	6	6	1	0	0	0	0
4000	780	30	300	4	25	11	3	0	0	5	5	1	0	0	0	0
4000	782	30	300	4	25	15	3	0	0	8	8	1	0	0	0	0
4000	783	30	300	4	25	12	3	0	0	4	4	1	0	0	0	0
4000	785	30	300	4	25	18	3	0	0	9	9	1	0	0	0	0
4000	788	30	300	4	25	16	3	0	0	7	7	1	0.01	0	0	0
4000	792	30	300	4	25	13	3	0	0	5	5	1	0	0	0	0
4000	796	30	300	4	25	14	3	0	0	5	5	1	0	0	0	0
4000	797	30	300	4	25	20	3	0	0	8	8	1	0	0	0	0
4000	799	30	300	4	25	14	3	0	0	8	8	1	0	0	0	0
4000	800	30	300	4	25	14	3	0	0	5	5	1	0	0	0	0
4000	801	30	300	4	25	11	3	0	0	3	3	1	0	0	0	0
4000	804	30	300	4	25	12	3	0	0	4	4	1	0	0	0	0
4000	806	30	300	4	25	13	3	0	0	6	6	1	0	0	0	0
4000	807	30	300	4	25	15	3	0	0	7	7	1	0	0	0	0
4000	810	30	300	4	25	18	3	0	0	6	6	1	0	0	0	0
4000	814	30	300	4	25	18	3	0	0	6	6	1	0	0	0	0
4000	815	30	300	4	25	15	3	0	0	6	6	1	0	0	0	0
4000	818	30	300	4	25	11	3	0	0	6	6	1	0	0	0	0
4000	820	30	300	4	25	17	3	0	0	8	8	1	0	0	0	0
4000	828	30	300	4	25	11	3	0	0	4	4	1	0	0	0	0
4000	829	30	300	4	25	22	3	0	0	14	14	1	0	0	0	0
4000	831	30	300	4	25	13	3	0	0	6	6	1	0	0	0	0
4000	832	30	300	4	25	13	3	0	0	4	4	1	0	0	0	0
4000	833	30	300	4	25	18	3	0	0	9	9	1	0	0	0	0
4000	834	30	300	4	25	17	3	0	0	9	9	1	0	0	0	0
4000	836	30	300	4	25	15	3	0	0	6	6	1	0	0	0	0
4000	839	30	300	4	25	14	3	0	0	7	7	1	0	0	0	0
4000	841	30	300	4	25	19	3	0	0	9	9	1	0	0	0	0
4000	842	30	300	4	25	18	3	0	0	7	7	1	0	0	0	0
4000	844	30	300	4	25	20	3	0	0	11	11	1	0	0	0	0
4000	845	30	300	4	25	13	3	0	0	6	6	1	0	0	0	0
4000	846	30	300	4	25	12	3	0	0	5	5	1	0	0	0	0
4000	848	30	300	4	25	10	3	0	0	4	4	1	0	0	0	0
4000	850	30	300	4	25	18	3	0	0	10	10	1	0	0	0	0
4000	854	30	300	4	25	12	3	0	0	4	4	1	0	0	0	0
4000	855	30	300	4	25	12	3	0	0	5	5	1	0	0	0	0
4000	858	30	300	4	25	13	3	0	0	9	9	1	0	0	0	0
4000	859	30	300	4	25	17	3	0	0	9	9	1	0	0	0	0
4000	865	30	300	4	25	17	3	0	0	13	13	1	0	0	0	0
4000	866	30	300	4	25	14	3	0	0	5	5	1	0	0	0	0
4000	868	30	300	4	25	13	3	0	0	6	6	1	0	0	0	0
4000	869	30	300	4	25	13	3	0	0	6	6	1	0	0	0	0
4000	872	30	300	4	25	13	3	0	0	7	7	1	0	0	0	0
4000	874	30	300	4	25	14	3	0	0	6	6	1	0	0	0	0
4000	877	30	300	4	25	15	3	0	0	5	5	1	0	0	0	0
4000	878	30	300	4	25	16	3	0	0	6	6	1	0	0	0	0
4000	880	30	300	4	25	14	3	0	0	7	7	1	0	0	0	0
4000	882	30	300	4	25	16	3	0	0	7	7	1	0	0	0	0
4000	892	30	300	4	25	19	3	0	0	13	13	1	0	0	0	0
4000	897	30	300	4	25	13	3	0	0	6	6	1	0	0	0	0
4000	898	30	300	4	25	18	3	0	0	9	9	1	0	0	0	0
4000	899	30	300	4	25	17	3	0	0	5	5	1	0	0	0	0
4000	902	30	300	4	25	13	3	0	0	7	7	1	0	0	0	0
4000	907	30	300	4	25	17	3	0	0	12	12	1	0	0	0	0
4000	908	30	300	4	25	12	3	0	0	4	4	1	0	0	0	0
4000	909	30	300	4	25	14	3	0	0	5	5	1	0	0	0	0
4000	912	30	300	4	25	11	3	0	0	4	4	1	0	0	0	0
4000	913	30	300	4	25	16	3	0	0	8	8	1	0	0	0	0
4000	917	30	300	4	25	12	3	0	0	3	3	1	0	0	0	0
4000	918	30	300	4	25	19	3	0	0	7	7	1	0	0	0	0
4000	921	30	300	4	25	11	3	0	0	5	5	1	0	0	0	0
4000	922	30	300	4	25	13	3	0	0	8	8	1	0	0	0	0
4000	925	30	300	4	25	13	3	0	0	5	5	1	0	0	0	0
4000	927	30	300	4	25	13	3	0	0	6	6	1	0	0	0	0
4000	928	30	300	4	25	20	3	0	0	9	9	1	0	0	0	0
4000	930	30	300	4	25	18	3	0	0	9	9	1	0	0	0	0
4000	931	30	300	4	25	16	3	0	0	7	7	1	0	0	0	0
4000	932	30	300	4	25	19	3	0	0	11	11	1	0	0	0	0
4000	943	30	300	4	25	11	3	0	0	4	4	1	0	0	0	0
4000	948	30	300	4	25	14	3	0	0	7	7	1	0	0	0	0
4000	950	30	300	4	25	10	3	0	0	4	4	1	0	0	0	0
4000	952	30	300	4	25	13	3	0	0	5	5	1	0	0	0	0
4000	953	30	300	4	25	19	3	0	0	14	14	1	0	0	0	0
4000	955	30	300	4	25	17	3	0	0	8	8	1	0	0	0	0
4000	963	30	300	4	25	11	3	0	0	5	5	1	0	0	0	0
4000	965	30	300	4	25	11	3	0	0	4	4	1	0	0	0	0
4000	966	30	300	4	25	13	3	0	0	6	6	1	0	0	0	0
4000	970	30	300	4	25	18	3	0	0	8	8	1	0	0	0	0
4000	971	30	300	4	25	19	3	0	0	9	9	1	0	0	0	0
4000	973	30	300	4	25	12	3	0	0	4	4	1	0	0	0	0
4000	977	30	300	4	25	15	3	0	0	9	9	1	0	0	0	0
4000	984	30	300	4	25	13	3	0	0	6	6	1	0	0	0	0
4000	985	30	300	4	25	17	3	0	0	7	7	1	0	0	0	0
4000	987	30	300	4	25	17	3	0	0	8	8	1	0	0	0	0
4000	990	30	300	4	25	13	3	0	0	4	4	1	0	0	0	0
4000	992	30	300	4	25	15	3	0	0	7	7	1	0	0	0	0
4000	994	30	300	4	25	22	3	0	0	13	13	1	0	0	0	0
4000	995	30	300	4	25	16	3	0	0	7	7	1	0	0	0	0
4000	996	30	300	4	25	17	3	0	0	11	11	1	0	0	0	0
4000	997	30	300	4	25	14	3	0	0	5	5	1	0	0	0	0
4000	998	30	300	4	25	12	3	0	0	4	4	1	0	0	0	0
4000	1	40	300	4	25	21	3	0	0	12	12	1	0	0	0	0
4000	2	40	300	4	25	26	3	0	0	9	9	1	0	0.01	0	0
4000	7	40	300	4	25	19	3	0	0	6	6	1	0	0	0	0
4000	9	40	300	4	25	18	3	0	0	7	7	1	0	0	0	0
4000	12	40	300	4	25	24	3	0	0	10	10	1	0	0	0	0
4000	14	40	300	4	25	20	3	0	0	8	8	1	0	0	0	0
4000	15	40	300	4	25	21	3	0	0	12	12	1	0	0	0	0
4000	16	40	300	4	25	20	3	0	0	10	10	1	0	0	0	0
4000	19	40	300	4	25	12	3	0	0	4	4	1	0	0	0	0
4000	20	40	300	4	25	13	3	0	0	5	5	1	0	0	0	0
4000	23	40	300	4	25	21	3	0	0	8	8	1	0	0	0	0
4000	28	40	300	4	25	20	3	0	0	7	7	1	0	0	0	0
4000	29	40	300	4	25	15	3	0	0	4	4	1	0	0	0	0
4000	34	40	300	4	25	15	3	0	0	8	8	1	0	0	0	0
4000	36	40	300	4	25	30	3	0	0	17	17	1	0	0	0	0
4000	38	40	300	4	25	18	3	0	0	8	8	1	0	0	0	0
4000	40	40	300	4	25	15	3	0	0	4	4	1	0	0	0	0
4000	41	40	300	4	25	18	3	0	0	5	5	1	0	0	0	0
4000	42	40	300	4	25	19	3	0	0	9	9	1	0	0	0	0
4000	46	40	300	4	25	13	3	0	0	7	7	1	0	0	0	0
4000	47	40	300	4	25	15	3	0	0	5	5	1	0	0	0	0
4000	48	40	300	4	25	13	3	0	0	6	6	1	0	0	0	0
4000	49	40	300	4	25	20	3	0	0	13	13	1	0	0	0	0
4000	56	40	300	4	25	16	3	0	0	9	9	1	0	0	0	0
4000	57	40	300	4	25	15	3	0	0	7	7	1	0	0	0	0
4000	58	40	300	4	25	16	3	0	0	6	6	1	0	0	0	0
4000	62	40	300	4	25	18	3	0	0	7	7	1	0	0	0	0
4000	63	40	300	4	25	21	3	0	0	15	15	1	0	0	0	0
4000	67	40	300	4	25	21	3	0	0	9	9	1	0	0	0	0
4000	69	40	300	4	25	17	3	0	0	6	6	1	0	0	0	0
4000	71	40	300	4	25	14	3	0	0	7	7	1	0	0	0	0
4000	72	40	300	4	25	21	3	0	0	12	12	1	0	0	0	0
4000	73	40	300	4	25	14	3	0	0	4	4	1	0	0	0	0
4000	74	40	300	4	25	25	3	0	0	11	11	1	0	0	0	0
4000	76	40	300	4	25	17	3	0	0	6	6	1	0	0	0	0
4000	78	40	300	4	25	14	3	0	0	5	5	1	0	0	0	0
4000	79	40	300	4	25	19	3	0	0	9	9	1	0	0	0	0
4000	80	40	300	4	25	17	3	0	0	8	8	1	0	0	0	0
4000	86	40	300	4	25	15	3	0	0	9	9	1	0	0	0	0
4000	87	40	300	4	25	20	3	0	0	8	8	1	0	0	0	0
4000	88	40	300	4	25	25	3	0	0	13	13	1	0	0	0	0
4000	89	40	300	4	25	22	3	0	0	10	10	1	0	0	0	0
4000	90	40	300	4	25	18	3	0	0	7	7	1	0	0	0	0
4000	92	40	300	4	25	17	3	0	0	6	6	1	0	0	0	0
4000	93	40	300	4	25	12	3	0	0	6	6	1	0	0	0	0
4000	94	40	300	4	25	16	3	0	0	7	7	1	0	0	0	0
4000	95	40	300	4	25	25	3	0	0	16	16	1	0	0	0	0
4000	100	40	300	4	25	14	3	0	0	7	7	1	0	0	0	0
4000	101	40	300	4	25	13	3	0	0	5	5	1	0	0	0	0
4000	102	40	300	4	25	19	3	0	0	9	9	1	0	0	0	0
4000	103	40	300	4	25	14	3	0	0	5	5	1	0	0	0	0
4000	106	40	300	4	25	19	3	0	0	8	8	1	0	0	0	0
4000	107	40	300	4	25	19	3	0	0	8	8	1	0	0	0	0
4000	110	40	300	4	25	15	3	0	0	6	6	1	0	0	0	0
4000	111	40	300	4	25	17	3	0	0	6	6	1	0	0	0	0
4000	112	40	300	4	25	19	3	0	0	6	6	1	0	0	0	0
4000	113	40	300	4	25	14	3	0	0	8	8	1	0	0	0	0
4000	114	40	300	4	25	27	3	0	0	14	14	1	0	0	0	0
4000	115	40	300	4	25	16	3	0	0	7	7	1	0	0	0	0
4000	116	40	300	4	25	24	3	0	0	10	10	1	0	0	0	0
4000	117	40	300	4	25	27	3	0	0	12	12	1	0	0	0	0
4000	120	40	300	4	25	19	3	0	0	8	8	1	0	0	0	0
4000	121	40	300	4	25	18	3	0	0	8	8	1	0	0	0	0
4000	122	40	300	4	25	24	3	0	0	12	12	1	0	0	0	0
4000	123	40	300	4	25	24	3	0	0	13	13	1	0.01	0	0	0
4000	125	40	300	4	25	20	3	0	0	12	12	1	0	0	0	0
4000	126	40	300	4	25	22	3	0	0	10	10	1	0	0	0	0
4000	127	40	300	4	25	16	3	0	0	9	9	1	0	0	0	0
4000	128	40	300	4	25	18	3	0	0	6	6	1	0	0	0	0
4000	129	40	300	4	25	17	3	0	0	8	8	1	0	0	0	0
4000	130	40	300	4	25	13	3	0	0	7	7	1	0	0	0	0
4000	131	40	300	4	25	23	3	0	0	12	12	1	0	0	0	0
4000	132	40	300	4	25	20	3	0	0	9	9	1	0	0	0	0
4000	133	40	300	4	25	15	3	0	0	4	4	1	0	0	0	0
4000	135	40	300	4	25	15	3	0	0	6	6	1	0	0	0	0
4000	136	40	300	4	25	20	3	0	0	9	9	1	0	0	0	0
4000	137	40	300	4	25	19	3	0	0	9	9	1	0	0	0	0
4000	138	40	300	4	25	22	3	0	0	12	12	1	0	0	0	0
4000	139	40	300	4	25	20	3	0	0	9	9	1	0	0	0	0
4000	141	40	300	4	25	15	3	0	0	5	5	1	0	0	0	0
4000	146	40	300	4	25	15	3	0	0	7	7	1	0	0	0	0
4000	148	40	300	4	25	16	3	0	0	8	8	1	0	0	0	0
4000	151	40	300	4	25	13	3	0	0	6	6	1	0	0	0	0
4000	152	40	300	4	25	20	3	0	0	9	9	1	0	0	0	0
4000	153	40	300	4	25	14	3	0	0	5	5	1	0	0	0	0
4000	154	40	300	4	25	20	3	0	0	7	7	1	0	0	0	0
4000	158	40	300	4	25	14	3	0	0	8	8	1	0	0	0	0
4000	164	40	300	4	25	14	3	0	0	6	6	1	0	0	0	0
4000	165	40	300	4	25	17	3	0	0	7	7	1	0	0	0	0
4000	168	40	300	4	25	18	3	0	0	7	7	1	0	0	0	0
4000	169	40	300	4	25	21	3	0	0	10	10	1	0	0	0	0
4000	170	40	300	4	25	13	3	0	0	6	6	1	0	0	0	0
4000	172	40	300	4	25	18	3	0	0	7	7	1	0	0	0	0
4000	173	40	300	4	25	19	3	0	0	10	10	1	0	0	0	0
4000	174	40	300	4	25	20	3	0	0	7	7	1	0	0	0	0
4000	175	40	300	4	25	29	3	0	0	17	17	1	0	0	0	0
4000	176	40	300	4	25	22	3	0	0	12	12	1	0	0	0	0
4000	177	40	300	4	25	18	3	0	0	10	10	1	0	0	0	0
4000	179	40	300	4	25	23	3	0	0	10	10	1	0	0	0	0
4000	181	40	300	4	25	22	3	0	0	9	9	1	0	0	0	0
4000	183	40	300	4	25	22	3	0	0	14	14	1	0	0	0	0
4000	184	40	300	4	25	15	3	0	0	5	5	1	0	0	0	0
4000	185	40	300	4	25	26	3	0	0	11	11	1	0	0.01	0	0
4000	186	40	300	4	25	21	3	0	0	7	7	1	0	0	0	0
4000	187	40	300	4	25	17	3	0	0	7	7	1	0	0	0	0
4000	189	40	300	4	25	15	3	0	0	6	6	1	0	0	0	0
4000	191	40	300	4	25	20	3	0	0	9	9	1	0	0	0	0
4000	196	40	300	4	25	21	3	0	0	11	11	1	0	0	0	0
4000	197	40	300	4	25	17	3	0	0	6	6	1	0	0	0	0
4000	198	40	300	4	25	17	3	0	0	5	5	1	0	0	0	0
4000	201	40	300	4	25	18	3	0	0	8	8	1	0	0	0	0
4000	204	40	300	4	25	25	3	0	0	12	12	1	0	0	0	0
4000	212	40	300	4	25	17	3	0	0	9	9	1	0	0	0	0
4000	213	40	300	4	25	16	3	0	0	6	6	1	0	0	0	0
4000	214	40	300	4	25	21	3	0	0	11	11	1	0	0	0	0
4000	215	40	300	4	25	24	3	0	0	12	12	1	0	0	0	0
4000	217	40	300	4	25	19	3	0	0	10	10	1	0	0	0	0
4000	218	40	300	4	25	23	3	0	0	10	10	1	0	0	0	0
4000	220	40	300	4	25	20	3	0	0	8	8	1	0	0	0	0
4000	223	40	300	4	25	15	3	0	0	5	5	1	0	0	0	0
4000	225	40	300	4	25	24	3	0	0	11	11	1	0	0	0	0
4000	226	40	300	4	25	19	3	0	0	7	7	1	0	0	0	0
4000	227	40	300	4	25	19	3	0	0	11	11	1	0	0	0	0
4000	228	40	300	4	25	12	3	0	0	4	4	1	0	0	0	0
4000	230	40	300	4	25	17	3	0	0	6	6	1	0	0	0	0
4000	232	40	300	4	25	18	3	0	0	5	5	1	0	0	0	0
4000	237	40	300	4	25	23	3	0	0	14	14	1	0	0	0	0
4000	238	40	300	4	25	15	3	0	0	5	5	1	0	0	0	0
4000	239	40	300	4	25	23	3	0	0	9	9	1	0	0	0	0
4000	245	40	300	4	25	21	3	0	0	10	10	1	0	0	0	0
4000	250	40	300	4	25	17	3	0	0	7	7	1	0	0	0	0
4000	251	40	300	4	25	16	3	0	0	7	7	1	0	0	0	0
4000	252	40	300	4	25	15	3	0	0	7	7	1	0	0	0	0
4000	253	40	300	4	25	16	3	0	0	8	8	1	0	0	0	0
4000	257	40	300	4	25	24	3	0	0	8	8	1	0	0	0	0
4000	259	40	300	4	25	15	3	0	0	7	7	1	0	0	0	0
4000	260	40	300	4	25	23	3	0	0	9	9	1	0	0	0	0
4000	262	40	300	4	25	16	3	0	0	8	8	1	0	0	0	0
4000	264	40	300	4	25	11	3	0	0	6	6	1	0	0	0	0
4000	266	40	300	4	25	18	3	0	0	7	7	1	0	0	0	0
4000	267	40	300	4	25	21	3	0	0	8	8	1	0	0	0	0
4000	268	40	300	4	25	12	3	0	0	5	5	1	0	0	0	0
4000	269	40	300	4	25	9	3	0	0	3	3	1	0	0	0	0
4000	270	40	300	4	25	15	3	0	0	8	8	1	0	0	0	0
4000	271	40	300	4	25	23	3	0	0	13	13	1	0	0	0	0
4000	272	40	300	4	25	16	3	0	0	8	8	1	0	0	0	0
4000	273	40	300	4	25	19	3	0	0	9	9	1	0	0	0	0
4000	274	40	300	4	25	14	3	0	0	8	8	1	0	0	0	0
4000	277	40	300	4	25	19	3	0	0	12	12	1	0	0	0	0
4000	279	40	300	4	25	22	3	0	0	14	14	1	0	0	0	0
4000	280	40	300	4	25	18	3	0	0	11	11	1	0	0	0	0
4000	283	40	300	4	25	15	3	0	0	6	6	1	0	0	0	0
4000	285	40	300	4	25	15	3	0	0	7	7	1	0	0	0	0
4000	286	40	300	4	25	16	3	0	0	7	7	1	0	0	0	0
4000	287	40	300	4	25	25	3	0	0	16	16	1	0	0	0	0
4000	290	40	300	4	25	25	3	0	0	10	10	1	0	0	0	0
4000	291	40	300	4	25	19	3	0	0	10	10	1	0	0	0	0
4000	292	40	300	4	25	20	3	0	0	13	13	1	0	0	0	0
4000	294	40	300	4	25	18	3	0	0	8	8	1	0	0	0	0
4000	295	40	300	4	25	32	3	0	0	20	20	1	0	0	0	0
4000	297	40	300	4	25	16	3	0	0	5	5	1	0	0	0	0
4000	299	40	300	4	25	25	3	0	0	15	15	1	0	0	0	0
4000	302	40	300	4	25	14	3	0	0	7	7	1	0	0	0	0
4000	303	40	300	4	25	17	3	0	0	9	9	1	0	0	0	0
4000	304	40	300	4	25	13	3	0	0	4	4	1	0	0	0	0
4000	307	40	300	4	25	23	3	0	0	13	13	1	0	0	0	0
4000	309	40	300	4	25	18	3	0	0	8	8	1	0	0	0	0
4000	310	40	300	4	25	14	3	0	0	6	6	1	0	0	0	0
4000	314	40	300	4	25	16	3	0	0	6	6	1	0	0	0	0
4000	315	40	300	4	25	16	3	0	0	5	5	1	0	0	0	0
4000	316	40	300	4	25	19	3	0	0	7	7	1	0.01	0	0	0
4000	317	40	300	4	25	21	3	0	0	10	10	1	0	0	0	0
4000	318	40	300	4	25	12	3	0	0	5	5	1	0	0	0	0
4000	319	40	300	4	25	13	3	0	0	5	5	1	0	0	0	0
4000	320	40	300	4	25	17	3	0	0	6	6	1	0	0	0	0
4000	321	40	300	4	25	27	3	0	0	13	13	1	0.01	0	0	0
4000	323	40	300	4	25	21	3	0	0	10	10	1	0	0	0	0
4000	324	40	300	4	25	16	3	0	0	10	10	1	0	0	0	0
4000	325	40	300	4	25	14	3	0	0	5	5	1	0	0	0	0
4000	328	40	300	4	25	14	3	0	0	5	5	1	0	0	0	0
4000	329	40	300	4	25	12	3	0	0	5	5	1	0	0	0	0
4000	333	40	300	4	25	19	3	0	0	7	7	1	0	0	0	0
4000	334	40	300	4	25	15	3	0	0	7	7	1	0	0	0	0
4000	335	40	300	4	25	18	3	0	0	9	9	1	0	0	0	0
4000	338	40	300	4	25	21	3	0	0	9	9	1	0	0	0	0
4000	339	40	300	4	25	19	3	0	0	9	9	1	0	0	0	0
4000	340	40	300	4	25	20	3	0	0	13	13	1	0	0	0	0
4000	343	40	300	4	25	20	3	0	0	10	10	1	0	0	0	0
4000	346	40	300	4	25	18	3	0	0	7	7	1	0	0	0	0
4000	348	40	300	4	25	20	3	0	0	9	9	1	0	0	0	0
4000	349	40	300	4	25	19	3	0	0	11	11	1	0	0	0	0
4000	350	40	300	4	25	22	3	0	0	13	13	1	0	0	0	0
4000	352	40	300	4	25	26	3	0	0	15	15	1	0	0	0	0
4000	353	40	300	4	25	16	3	0	0	6	6	1	0	0	0	0
4000	354	40	300	4	25	14	3	0	0	7	7	1	0	0	0	0
4000	355	40	300	4	25	26	3	0	0	16	16	1	0	0	0	0
4000	356	40	300	4	25	16	3	0	0	6	6	1	0	0	0	0
4000	357	40	300	4	25	21	3	0	0	9	9	1	0	0	0	0
4000	358	40	300	4	25	22	3	0	0	11	11	1	0	0	0	0
4000	360	40	300	4	25	24	3	0	0	16	16	1	0	0	0	0
4000	364	40	300	4	25	20	3	0	0	9	9	1	0	0	0	0
4000	365	40	300	4	25	15	3	0	0	5	5	1	0	0	0	0
4000	366	40	300	4	25	16	3	0	0	9	9	1	0	0	0	0
4000	367	40	300	4	25	16	3	0	0	11	11	1	0	0	0	0
4000	374	40	300	4	25	20	3	0	0	11	11	1	0	0	0	0
4000	377	40	300	4	25	17	3	0	0	8	8	1	0	0	0	0
4000	378	40	300	4	25	12	3	0	0	5	5	1	0	0	0	0
4000	380	40	300	4	25	13	3	0	0	4	4	1	0	0	0	0
4000	381	40	300	4	25	22	3	0	0	12	12	1	0	0	0	0
4000	382	40	300	4	25	21	3	0	0	8	8	1	0	0	0	0
4000	385	40	300	4	25	19	3	0	0	9	9	1	0	0	0	0
4000	389	40	300	4	25	26	3	0	0	15	15	1	0	0	0	0
4000	393	40	300	4	25	20	3	0	0	9	9	1	0	0	0	0
4000	395	40	300	4	25	25	3	0	0	13	13	1	0	0	0	0
4000	397	40	300	4	25	16	3	0	0	6	6	1	0	0	0	0
4000	398	40	300	4	25	20	3	0	0	8	8	1	0	0	0	0
4000	399	40	300	4	25	20	3	0	0	13	13	1	0	0	0	0
4000	402	40	300	4	25	17	3	0	0	6	6	1	0	0	0	0
4000	405	40	300	4	25	28	3	0	0	14	14	1	0	0	0	0
4000	407	40	300	4	25	20	3	0	0	9	9	1	0	0	0	0
4000	408	40	300	4	25	19	3	0	0	7	7	1	0	0	0	0
4000	409	40	300	4	25	19	3	0	0	8	8	1	0	0	0	0
4000	410	40	300	4	25	19	3	0	0	8	8	1	0	0	0	0
4000	412	40	300	4	25	20	3	0	0	9	9	1	0	0	0	0
4000	417	40	300	4	25	19	3	0	0	7	7	1	0	0	0	0
4000	422	40	300	4	25	16	3	0	0	7	7	1	0	0	0	0
4000	423	40	300	4	25	20	3	0	0	7	7	1	0	0	0	0
4000	425	40	300	4	25	18	3	0	0	6	6	1	0	0	0	0
4000	426	40	300	4	25	23	3	0	0	13	13	1	0	0	0	0
4000	429	40	300	4	25	14	3	0	0	6	6	1	0	0	0	0
4000	430	40	300	4	25	19	3	0	0	9	9	1	0	0	0	0
4000	433	40	300	4	25	30	3	0	0	23	23	1	0	0	0	0
4000	439	40	300	4	25	21	3	0	0	12	12	1	0	0	0	0
4000	440	40	300	4	25	22	3	0	0	9	9	1	0.01	0	0	0
4000	442	40	300	4	25	21	3	0	0	11	11	1	0	0	0	0
4000	443	40	300	4	25	18	3	0	0	10	10	1	0	0	0	0
4000	447	40	300	4	25	21	3	0	0	7	7	1	0	0	0	0
4000	448	40	300	4	25	16	3	0	0	7	7	1	0	0	0	0
4000	450	40	300	4	25	21	3	0	0	12	12	1	0	0	0	0
4000	451	40	300	4	25	15	3	0	0	6	6	1	0	0	0	0
4000	452	40	300	4	25	20	3	0	0	9	9	1	0	0	0	0
4000	453	40	300	4	25	15	3	0	0	6	6	1	0	0	0	0
4000	455	40	300	4	25	22	3	0	0	10	10	1	0	0	0	0
4000	456	40	300	4	25	21	3	0	0	14	14	1	0	0	0	0
4000	458	40	300	4	25	16	3	0	0	7	7	1	0	0	0	0
4000	459	40	300	4	25	17	3	0	0	8	8	1	0	0	0	0
4000	463	40	300	4	25	16	3	0	0	5	5	1	0	0	0	0
4000	467	40	300	4	25	28	3	0	0	19	19	1	0	0	0	0
4000	468	40	300	4	25	25	3	0	0	10	10	1	0	0	0	0
4000	470	40	300	4	25	16	3	0	0	7	7	1	0	0	0	0
4000	472	40	300	4	25	19	3	0	0	10	10	1	0	0	0	0
4000	474	40	300	4	25	18	3	0	0	8	8	1	0	0	0	0
4000	478	40	300	4	25	27	3	0	0	14	14	1	0.01	0	0	0
4000	481	40	300	4	25	16	3	0	0	8	8	1	0	0	0	0
4000	483	40	300	4	25	12	3	0	0	5	5	1	0	0	0	0
4000	484	40	300	4	25	16	3	0	0	8	8	1	0	0	0	0
4000	489	40	300	4	25	14	3	0	0	4	4	1	0	0	0	0
4000	490	40	300	4	25	23	3	0	0	11	11	1	0	0	0	0
4000	491	40	300	4	25	17	3	0	0	6	6	1	0	0	0	0
4000	492	40	300	4	25	13	3	0	0	4	4	1	0	0	0	0
4000	493	40	300	4	25	23	3	0	0	10	10	1	0	0	0	0
4000	494	40	300	4	25	16	3	0	0	6	6	1	0	0	0	0
4000	495	40	300	4	25	19	3	0	0	11	11	1	0	0	0	0
4000	498	40	300	4	25	15	3	0	0	6	6	1	0	0	0	0
4000	499	40	300	4	25	30	3	0	0	19	19	1	0	0	0	0
4000	501	40	300	4	25	16	3	0	0	6	6	1	0	0	0	0
4000	504	40	300	4	25	17	3	0	0	8	8	1	0	0	0	0
4000	505	40	300	4	25	22	3	0	0	12	12	1	0	0	0	0
4000	508	40	300	4	25	30	3	0	0	13	13	1	0	0	0	0
4000	509	40	300	4	25	16	3	0	0	8	8	1	0	0	0	0
4000	511	40	300	4	25	19	3	0	0	9	9	1	0	0	0	0
4000	513	40	300	4	25	15	3	0	0	9	9	1	0	0	0	0
4000	514	40	300	4	25	30	3	0	0	19	19	1	0	0	0	0
4000	518	40	300	4	25	13	3	0	0	6	6	1	0	0	0	0
4000	519	40	300	4	25	24	3	0	0	12	12	1	0	0	0	0
4000	520	40	300	4	25	23	3	0	0	10	10	1	0	0	0	0
4000	523	40	300	4	25	18	3	0	0	5	5	1	0	0	0	0
4000	527	40	300	4	25	15	3	0	0	8	8	1	0	0	0	0
4000	529	40	300	4	25	17	3	0	0	5	5	1	0	0	0	0
4000	530	40	300	4	25	17	3	0	0	5	5	1	0	0	0	0
4000	531	40	300	4	25	27	3	0	0	13	13	1	0	0	0	0
4000	532	40	300	4	25	18	3	0	0	7	7	1	0	0	0	0
4000	535	40	300	4	25	18	3	0	0	11	11	1	0	0	0	0
4000	537	40	300	4	25	20	3	0	0	9	9	1	0	0	0	0
4000	539	40	300	4	25	18	3	0	0	7	7	1	0	0	0	0
4000	543	40	300	4	25	16	3	0	0	7	7	1	0	0	0	0
4000	544	40	300	4	25	20	3	0	0	14	14	1	0	0	0	0
4000	547	40	300	4	25	19	3	0	0	11	11	1	0	0	0	0
4000	548	40	300	4	25	20	3	0	0	9	9	1	0	0	0	0
4000	549	40	300	4	25	12	3	0	0	6	6	1	0	0	0	0
4000	551	40	300	4	25	18	3	0	0	6	6	1	0	0	0	0
4000	553	40	300	4	25	17	3	0	0	10	10	1	0	0	0	0
4000	555	40	300	4	25	14	3	0	0	4	4	1	0	0	0	0
4000	557	40	300	4	25	25	3	0	0	15	15	1	0	0	0	0
4000	560	40	300	4	25	18	3	0	0	8	8	1	0	0	0	0
4000	562	40	300	4	25	16	3	0	0	7	7	1	0	0	0	0
4000	569	40	300	4	25	13	3	0	0	7	7	1	0	0	0	0
4000	575	40	300	4	25	19	3	0	0	8	8	1	0	0	0	0
4000	576	40	300	4	25	16	3	0	0	6	6	1	0	0	0	0
4000	577	40	300	4	25	17	3	0	0	7	7	1	0	0	0	0
4000	582	40	300	4	25	20	3	0	0	7	7	1	0	0	0	0
4000	584	40	300	4	25	16	3	0	0	6	6	1	0	0	0	0
4000	587	40	300	4	25	20	3	0	0	8	8	1	0.01	0	0	0
4000	588	40	300	4	25	16	3	0	0	7	7	1	0	0	0	0
4000	589	40	300	4	25	23	3	0	0	12	12	1	0	0	0	0
4000	590	40	300	4	25	17	3	0	0	6	6	1	0	0	0	0
4000	592	40	300	4	25	15	3	0	0	6	6	1	0	0	0	0
4000	593	40	300	4	25	19	3	0	0	10	10	1	0	0	0	0
4000	595	40	300	4	25	20	3	0	0	9	9	1	0	0.01	0	0
4000	597	40	300	4	25	19	3	0	0	7	7	1	0	0	0	0
4000	602	40	300	4	25	21	3	0	0	10	10	1	0	0	0	0
4000	604	40	300	4	25	17	3	0	0	10	10	1	0	0	0	0
4000	605	40	300	4	25	26	3	0	0	12	12	1	0	0.01	0	0
4000	607	40	300	4	25	17	3	0	0	8	8	1	0	0	0	0
4000	612	40	300	4	25	13	3	0	0	7	7	1	0	0	0	0
4000	614	40	300	4	25	23	3	0	0	10	10	1	0	0	0	0
4000	616	40	300	4	25	15	3	0	0	5	5	1	0	0	0	0
4000	617	40	300	4	25	16	3	0	0	8	8	1	0	0	0	0
4000	618	40	300	4	25	19	3	0	0	11	11	1	0	0	0	0
4000	619	40	300	4	25	12	3	0	0	4	4	1	0	0	0	0
4000	623	40	300	4	25	15	3	0	0	6	6	1	0	0	0	0
4000	625	40	300	4	25	15	3	0	0	6	6	1	0	0	0	0
4000	629	40	300	4	25	21	3	0	0	10	10	1	0	0	0	0
4000	630	40	300	4	25	26	3	0	0	13	13	1	0	0	0	0
4000	635	40	300	4	25	25	3	0	0	14	14	1	0	0	0	0
4000	637	40	300	4	25	17	3	0	0	7	7	1	0	0	0	0
4000	639	40	300	4	25	14	3	0	0	7	7	1	0	0	0	0
4000	641	40	300	4	25	28	3	0	0	18	18	1	0	0	0	0
4000	642	40	300	4	25	21	3	0	0	7	7	1	0	0	0	0
4000	646	40	300	4	25	14	3	0	0	6	6	1	0	0	0	0
4000	648	40	300	4	25	22	3	0	0	11	11	1	0	0	0	0
4000	651	40	300	4	25	17	3	0	0	10	10	1	0	0	0	0
4000	652	40	300	4	25	20	3	0	0	10	10	1	0	0	0	0
4000	654	40	300	4	25	16	3	0	0	9	9	1	0	0	0	0
4000	656	40	300	4	25	30	3	0	0	16	16	1	0	0	0	0
4000	658	40	300	4	25	16	3	0	0	6	6	1	0	0	0	0
4000	660	40	300	4	25	21	3	0	0	9	9	1	0	0	0	0
4000	662	40	300	4	25	23	3	0	0	13	13	1	0	0	0	0
4000	668	40	300	4	25	13	3	0	0	6	6	1	0	0	0	0
4000	672	40	300	4	25	16	3	0	0	6	6	1	0	0	0	0
4000	673	40	300	4	25	18	3	0	0	6	6	1	0	0	0	0
4000	674	40	300	4	25	19	3	0	0	9	9	1	0	0	0	0
4000	676	40	300	4	25	18	3	0	0	6	6	1	0	0	0	0
4000	678	40	300	4	25	21	3	0	0	8	8	1	0	0	0	0
4000	679	40	300	4	25	18	3	0	0	10	10	1	0	0	0	0
4000	681	40	300	4	25	25	3	0	0	13	13	1	0	0	0	0
4000	683	40	300	4	25	17	3	0	0	7	7	1	0	0	0	0
4000	685	40	300	4	25	25	3	0	0	13	13	1	0	0	0	0
4000	686	40	300	4	25	25	3	0	0	14	14	1	0	0	0	0
4000	688	40	300	4	25	23	3	0	0	11	11	1	0.01	0	0	0
4000	689	40	300	4	25	21	3	0	0	10	10	1	0	0	0	0
4000	690	40	300	4	25	18	3	0	0	9	9	1	0	0	0	0
4000	691	40	300	4	25	15	3	0	0	7	7	1	0	0	0	0
4000	693	40	300	4	25	24	3	0	0	13	13	1	0	0	0	0
4000	695	40	300	4	25	21	3	0	0	9	9	1	0	0	0	0
4000	696	40	300	4	25	17	3	0	0	5	5	1	0	0	0	0
4000	697	40	300	4	25	20	3	0	0	8	8	1	0	0	0	0
4000	698	40	300	4	25	18	3	0	0	7	7	1	0	0	0	0
4000	699	40	300	4	25	28	3	0	0	14	14	1	0.01	0	0	0
4000	701	40	300	4	25	18	3	0	0	7	7	1	0	0	0	0
4000	705	40	300	4	25	23	3	0	0	11	11	1	0	0	0	0
4000	706	40	300	4	25	20	3	0	0	10	10	1	0	0	0	0
4000	707	40	300	4	25	21	3	0	0	11	11	1	0	0	0	0
4000	709	40	300	4	25	15	3	0	0	6	6	1	0	0	0	0
4000	710	40	300	4	25	24	3	0	0	14	14	1	0	0	0	0
4000	711	40	300	4	25	19	3	0	0	11	11	1	0	0	0	0
4000	718	40	300	4	25	14	3	0	0	6	6	1	0	0	0	0
4000	719	40	300	4	25	16	3	0	0	6	6	1	0	0	0	0
4000	721	40	300	4	25	10	3	0	0	3	3	1	0	0	0	0
4000	722	40	300	4	25	17	3	0	0	11	11	1	0	0	0	0
4000	723	40	300	4	25	16	3	0	0	7	7	1	0	0	0	0
4000	726	40	300	4	25	19	3	0	0	9	9	1	0	0	0	0
4000	728	40	300	4	25	24	3	0	0	12	12	1	0	0	0	0
4000	731	40	300	4	25	15	3	0	0	6	6	1	0	0	0	0
4000	732	40	300	4	25	18	3	0	0	8	8	1	0	0	0	0
4000	733	40	300	4	25	21	3	0	0	9	9	1	0	0	0	0
4000	734	40	300	4	25	16	3	0	0	8	8	1	0	0	0	0
4000	739	40	300	4	25	24	3	0	0	12	12	1	0	0.01	0	0
4000	741	40	300	4	25	19	3	0	0	8	8	1	0	0	0	0
4000	743	40	300	4	25	21	3	0	0	13	13	1	0	0	0	0
4000	744	40	300	4	25	14	3	0	0	7	7	1	0	0	0	0
4000	745	40	300	4	25	13	3	0	0	7	7	1	0	0	0	0
4000	747	40	300	4	25	20	3	0	0	12	12	1	0	0	0	0
4000	748	40	300	4	25	16	3	0	0	7	7	1	0	0	0	0
4000	751	40	300	4	25	20	3	0	0	9	9	1	0	0	0	0
4000	752	40	300	4	25	16	3	0	0	9	9	1	0	0	0	0
4000	757	40	300	4	25	13	3	0	0	6	6	1	0	0	0	0
4000	758	40	300	4	25	17	3	0	0	6	6	1	0	0	0	0
4000	759	40	300	4	25	17	3	0	0	9	9	1	0	0	0	0
4000	761	40	300	4	25	12	3	0	0	6	6	1	0	0	0	0
4000	763	40	300	4	25	22	3	0	0	13	13	1	0	0	0	0
4000	765	40	300	4	25	11	3	0	0	6	6	1	0	0	0	0
4000	766	40	300	4	25	18	3	0	0	10	10	1	0	0	0	0
4000	767	40	300	4	25	17	3	0	0	5	5	1	0	0	0	0
4000	769	40	300	4	25	20	3	0	0	10	10	1	0	0	0	0
4000	770	40	300	4	25	18	3	0	0	6	6	1	0	0	0	0
4000	772	40	300	4	25	21	3	0	0	7	7	1	0	0	0	0
4000	776	40	300	4	25	19	3	0	0	8	8	1	0	0	0	0
4000	778	40	300	4	25	13	3	0	0	7	7	1	0	0	0	0
4000	780	40	300	4	25	18	3	0	0	7	7	1	0	0	0	0
4000	781	40	300	4	25	19	3	0	0	10	10	1	0	0	0	0
4000	782	40	300	4	25	18	3	0	0	7	7	1	0	0	0	0
4000	783	40	300	4	25	11	3	0	0	5	5	1	0	0	0	0
4000	785	40	300	4	25	29	3	0	0	20	20	1	0.01	0	0	0
4000	787	40	300	4	25	12	3	0	0	4	4	1	0	0	0	0
4000	794	40	300	4	25	12	3	0	0	5	5	1	0	0	0	0
4000	795	40	300	4	25	12	3	0	0	6	6	1	0	0	0	0
4000	796	40	300	4	25	20	3	0	0	7	7	1	0	0	0	0
4000	798	40	300	4	25	22	3	0	0	10	10	1	0	0	0	0
4000	799	40	300	4	25	21	3	0	0	9	9	1	0.01	0	0	0
4000	804	40	300	4	25	15	3	0	0	6	6	1	0	0	0	0
4000	805	40	300	4	25	18	3	0	0	10	10	1	0	0	0	0
4000	806	40	300	4	25	22	3	0	0	11	11	1	0	0	0	0
4000	808	40	300	4	25	20	3	0	0	11	11	1	0	0	0	0
4000	809	40	300	4	25	16	3	0	0	7	7	1	0	0	0	0
4000	811	40	300	4	25	28	3	0	0	22	22	1	0	0	0	0
4000	816	40	300	4	25	22	3	0	0	9	9	1	0	0	0	0
4000	817	40	300	4	25	11	3	0	0	5	5	1	0	0	0	0
4000	819	40	300	4	25	18	3	0	0	9	9	1	0	0	0	0
4000	820	40	300	4	25	17	3	0	0	7	7	1	0	0	0	0
4000	821	40	300	4	25	17	3	0	0	6	6	1	0	0	0	0
4000	822	40	300	4	25	13	3	0	0	6	6	1	0	0	0	0
4000	824	40	300	4	25	20	3	0	0	12	12	1	0	0	0	0
4000	827	40	300	4	25	16	3	0	0	9	9	1	0	0	0	0
4000	832	40	300	4	25	19	3	0	0	7	7	1	0	0	0	0
4000	835	40	300	4	25	20	3	0	0	8	8	1	0	0	0	0
4000	837	40	300	4	25	25	3	0	0	11	11	1	0	0	0	0
4000	838	40	300	4	25	16	3	0	0	9	9	1	0	0	0	0
4000	840	40	300	4	25	17	3	0	0	6	6	1	0	0	0	0
4000	842	40	300	4	25	22	3	0	0	11	11	1	0	0	0	0
4000	843	40	300	4	25	19	3	0	0	8	8	1	0	0	0	0
4000	845	40	300	4	25	19	3	0	0	7	7	1	0	0	0	0
4000	847	40	300	4	25	15	3	0	0	7	7	1	0	0	0	0
4000	850	40	300	4	25	25	3	0	0	12	12	1	0	0	0	0
4000	851	40	300	4	25	15	3	0	0	5	5	1	0	0	0	0
4000	852	40	300	4	25	18	3	0	0	8	8	1	0	0	0	0
4000	853	40	300	4	25	16	3	0	0	8	8	1	0	0	0	0
4000	854	40	300	4	25	18	3	0	0	9	9	1	0	0	0	0
4000	855	40	300	4	25	15	3	0	0	7	7	1	0	0	0	0
4000	856	40	300	4	25	30	3	0	0	21	21	1	0	0	0	0
4000	857	40	300	4	25	18	3	0	0	8	8	1	0	0	0	0
4000	860	40	300	4	25	14	3	0	0	8	8	1	0	0	0	0
4000	861	40	300	4	25	17	3	0	0	10	10	1	0	0	0	0
4000	870	40	300	4	25	15	3	0	0	6	6	1	0	0	0	0
4000	871	40	300	4	25	19	3	0	0	8	8	1	0	0	0	0
4000	873	40	300	4	25	17	3	0	0	7	7	1	0	0	0	0
4000	874	40	300	4	25	25	3	0	0	12	12	1	0	0	0	0
4000	882	40	300	4	25	27	3	0	0	17	17	1	0.01	0	0	0
4000	884	40	300	4	25	25	3	0	0	14	14	1	0.01	0	0	0
4000	887	40	300	4	25	17	3	0	0	9	9	1	0	0	0	0
4000	888	40	300	4	25	18	3	0	0	9	9	1	0	0	0	0
4000	891	40	300	4	25	15	3	0	0	6	6	1	0	0	0	0
4000	893	40	300	4	25	14	3	0	0	6	6	1	0	0	0	0
4000	896	40	300	4	25	17	3	0	0	7	7	1	0	0	0	0
4000	897	40	300	4	25	23	3	0	0	11	11	1	0	0.01	0	0
4000	900	40	300	4	25	21	3	0	0	11	11	1	0	0	0	0
4000	901	40	300	4	25	19	3	0	0	7	7	1	0	0	0	0
4000	902	40	300	4	25	23	3	0	0	12	12	1	0	0	0	0
4000	904	40	300	4	25	14	3	0	0	7	7	1	0	0	0	0
4000	905	40	300	4	25	20	3	0	0	8	8	1	0	0	0	0
4000	906	40	300	4	25	15	3	0	0	9	9	1	0	0	0	0
4000	907	40	300	4	25	24	3	0	0	16	16	1	0	0	0	0
4000	908	40	300	4	25	15	3	0	0	7	7	1	0	0	0	0
4000	910	40	300	4	25	23	3	0	0	11	11	1	0	0	0	0
4000	911	40	300	4	25	22	3	0	0	10	10	1	0	0	0	0
4000	915	40	300	4	25	17	3	0	0	7	7	1	0	0	0	0
4000	917	40	300	4	25	14	3	0	0	4	4	1	0	0	0	0
4000	918	40	300	4	25	23	3	0	0	11	11	1	0	0	0	0
4000	919	40	300	4	25	16	3	0	0	7	7	1	0	0	0	0
4000	922	40	300	4	25	20	3	0	0	12	12	1	0	0	0	0
4000	923	40	300	4	25	23	3	0	0	12	12	1	0	0	0	0
4000	925	40	300	4	25	19	3	0	0	10	10	1	0	0	0	0
4000	926	40	300	4	25	17	3	0	0	7	7	1	0	0	0	0
4000	927	40	300	4	25	18	3	0	0	8	8	1	0	0	0	0
4000	930	40	300	4	25	25	3	0	0	13	13	1	0	0	0	0
4000	931	40	300	4	25	21	3	0	0	8	8	1	0	0	0	0
4000	934	40	300	4	25	20	3	0	0	7	7	1	0	0	0	0
4000	935	40	300	4	25	18	3	0	0	6	6	1	0	0	0	0
4000	937	40	300	4	25	15	3	0	0	4	4	1	0	0	0	0
4000	938	40	300	4	25	15	3	0	0	7	7	1	0	0	0	0
4000	940	40	300	4	25	23	3	0	0	10	10	1	0	0	0	0
4000	941	40	300	4	25	14	3	0	0	6	6	1	0	0	0	0
4000	945	40	300	4	25	18	3	0	0	7	7	1	0	0	0	0
4000	946	40	300	4	25	16	3	0	0	9	9	1	0	0	0	0
4000	947	40	300	4	25	14	3	0	0	6	6	1	0	0	0	0
4000	948	40	300	4	25	26	3	0	0	13	13	1	0	0	0	0
4000	949	40	300	4	25	14	3	0	0	8	8	1	0	0	0	0
4000	951	40	300	4	25	15	3	0	0	8	8	1	0	0	0	0
4000	959	40	300	4	25	13	3	0	0	4	4	1	0	0	0	0
4000	960	40	300	4	25	18	3	0	0	7	7	1	0	0	0	0
4000	961	40	300	4	25	18	3	0	0	7	7	1	0	0	0	0
4000	962	40	300	4	25	19	3	0	0	8	8	1	0	0	0	0
4000	967	40	300	4	25	18	3	0	0	8	8	1	0	0	0	0
4000	968	40	300	4	25	12	3	0	0	6	6	1	0	0	0	0
4000	969	40	300	4	25	21	3	0	0	12	12	1	0	0	0	0
4000	970	40	300	4	25	23	3	0	0	11	11	1	0	0	0	0
4000	972	40	300	4	25	26	3	0	0	15	15	1	0	0	0	0
4000	973	40	300	4	25	15	3	0	0	5	5	1	0	0	0	0
4000	974	40	300	4	25	20	3	0	0	11	11	1	0	0	0	0
4000	975	40	300	4	25	26	3	0	0	13	13	1	0	0	0	0
4000	976	40	300	4	25	17	3	0	0	8	8	1	0	0	0	0
4000	977	40	300	4	25	24	3	0	0	11	11	1	0	0	0	0
4000	978	40	300	4	25	19	3	0	0	11	11	1	0	0	0	0
4000	980	40	300	4	25	21	3	0	0	12	12	1	0	0	0	0
4000	981	40	300	4	25	17	3	0	0	8	8	1	0	0	0	0
4000	982	40	300	4	25	16	3	0	0	6	6	1	0	0	0	0
4000	983	40	300	4	25	21	3	0	0	12	12	1	0	0	0	0
4000	986	40	300	4	25	20	3	0	0	8	8	1	0	0	0	0
4000	988	40	300	4	25	17	3	0	0	9	9	1	0	0	0	0
4000	989	40	300	4	25	19	3	0	0	10	10	1	0	0	0	0
4000	991	40	300	4	25	19	3	0	0	12	12	1	0	0	0	0
4000	994	40	300	4	25	23	3	0	0	12	12	1	0	0	0	0
4000	999	40	300	4	25	10	3	0	0	3	3	1	0	0	0	0
4000	1000	40	300	4	25	17	3	0	0	9	9	1	0	0	0	0
4000	11	50	300	4	25	19	3	0	0	8	8	1	0	0	0	0
4000	19	50	300	4	25	19	3	0	0	7	7	1	0	0	0	0
4000	20	50	300	4	25	17	3	0	0	7	7	1	0	0	0	0
4000	41	50	300	4	25	22	3	0	0	7	7	1	0.01	0	0	0
4000	53	50	300	4	25	22	3	0	0	13	13	1	0	0	0	0
4000	94	50	300	4	25	26	3	0	0	15	15	1	0.01	0	0	0
4000	104	50	300	4	25	21	3	0	0	9	9	1	0	0	0	0
4000	139	50	300	4	25	24	3	0	0	9	9	1	0.01	0	0	0
4000	148	50	300	4	25	23	3	0	0	10	10	1	0	0	0	0
4000	158	50	300	4	25	24	3	0	0	12	12	1	0	0	0	0
4000	159	50	300	4	25	24	3	0	0	9	9	1	0	0	0	0
4000	166	50	300	4	25	26	3	0	0	13	13	1	0	0	0	0
4000	170	50	300	4	25	20	3	0	0	11	11	1	0	0	0	0
4000	177	50	300	4	25	20	3	0	0	14	14	1	0	0	0	0
4000	181	50	300	4	25	26	3	0	0	15	15	1	0	0	0	0
4000	183	50	300	4	25	36	3	0	0	23	23	1	0.01	0	0	0
4000	190	50	300	4	25	38	3	0	0	27	27	1	0	0	0	0
4000	217	50	300	4	25	25	3	0	0	12	12	1	0	0	0	0
4000	261	50	300	4	25	19	3	0	0	5	5	1	0	0	0	0
4000	264	50	300	4	25	19	3	0	0	8	8	1	0	0	0	0
4000	278	50	300	4	25	22	3	0	0	9	9	1	0	0	0	0
4000	284	50	300	4	25	23	3	0	0	11	11	1	0	0	0	0
4000	285	50	300	4	25	19	3	0	0	8	8	1	0	0	0	0
4000	308	50	300	4	25	26	3	0	0	14	14	1	0	0	0	0
4000	324	50	300	4	25	20	3	0	0	9	9	1	0	0	0	0
4000	367	50	300	4	25	26	3	0	0	13	13	1	0	0	0	0
4000	380	50	300	4	25	21	3	0	0	11	11	1	0	0	0	0
4000	406	50	300	4	25	27	3	0	0	11	11	1	0	0	0	0
4000	429	50	300	4	25	22	3	0	0	10	10	1	0	0	0	0
4000	443	50	300	4	25	21	3	0	0	10	10	1	0	0	0	0
4000	461	50	300	4	25	15	3	0	0	4	4	1	0	0	0	0
4000	470	50	300	4	25	22	3	0	0	8	8	1	0	0	0	0
4000	482	50	300	4	25	22	3	0	0	9	9	1	0	0	0	0
4000	493	50	300	4	25	27	3	0	0	11	11	1	0.01	0	0	0
4000	497	50	300	4	25	23	3	0	0	13	13	1	0.04	0	0	0
4000	503	50	300	4	25	29	3	0	0	13	13	1	0.01	0	0	0
4000	518	50	300	4	25	30	3	0	0	15	15	1	0.03	0	0	0
4000	526	50	300	4	25	17	3	0	0	8	8	1	0	0	0	0
4000	539	50	300	4	25	21	3	0	0	11	11	1	0	0	0	0
4000	543	50	300	4	25	28	3	0	0	11	11	1	0.01	0	0	0
4000	549	50	300	4	25	20	3	0	0	8	8	1	0	0	0	0
4000	550	50	300	4	25	30	3	0	0	15	15	1	0	0	0	0
4000	553	50	300	4	25	27	3	0	0	15	15	1	0	0.01	0	0
4000	562	50	300	4	25	20	3	0	0	7	7	1	0	0	0	0
4000	583	50	300	4	25	20	3	0	0	8	8	1	0	0	0	0
4000	584	50	300	4	25	20	3	0	0	9	9	1	0.01	0	0	0
4000	603	50	300	4	25	18	3	0	0	7	7	1	0.01	0	0	0
4000	612	50	300	4	25	28	3	0	0	12	12	1	0.01	0	0	0
4000	615	50	300	4	25	28	3	0	0	14	14	1	0.01	0	0	0
4000	619	50	300	4	25	21	3	0	0	9	9	1	0	0	0	0
4000	685	50	300	4	25	30	3	0	0	14	14	1	0.01	0	0	0
4000	690	50	300	4	25	23	3	0	0	10	10	1	0	0	0	0
4000	695	50	300	4	25	20	3	0	0	8	8	1	0	0	0	0
4000	701	50	300	4	25	18	3	0	0	8	8	1	0	0	0	0
4000	707	50	300	4	25	32	3	0	0	13	13	1	0.01	0	0	0
4000	744	50	300	4	25	17	3	0	0	7	7	1	0	0	0	0
4000	748	50	300	4	25	20	3	0	0	9	9	1	0	0	0	0
4000	749	50	300	4	25	42	3	0	0	35	35	1	0	0	0	0
4000	752	50	300	4	25	21	3	0	0	10	10	1	0	0	0	0
4000	773	50	300	4	25	25	3	0	0	10	10	1	0	0	0	0
4000	780	50	300	4	25	24	3	0	0	10	10	1	0.02	0	0	0
4000	794	50	300	4	25	18	3	0	0	7	7	1	0	0	0	0
4000	795	50	300	4	25	17	3	0	0	7	7	1	0	0	0	0
4000	808	50	300	4	25	25	3	0	0	14	14	1	0	0	0	0
4000	817	50	300	4	25	20	3	0	0	8	8	1	0.01	0	0	0
4000	822	50	300	4	25	25	3	0	0	12	12	1	0	0	0	0
4000	823	50	300	4	25	19	3	0	0	9	9	1	0	0	0	0
4000	827	50	300	4	25	26	3	0	0	9	9	1	0	0	0	0
4000	855	50	300	4	25	21	3	0	0	8	8	1	0	0	0	0
4000	857	50	300	4	25	36	3	0	0	16	16	1	0	0.01	0	0
4000	863	50	300	4	25	29	3	0	0	17	17	1	0	0	0	0
4000	864	50	300	4	25	20	3	0	0	9	9	1	0	0	0	0
4000	906	50	300	4	25	22	3	0	0	12	12	1	0	0	0	0
4000	927	50	300	4	25	24	3	0	0	11	11	1	0	0	0	0
4000	929	50	300	4	25	21	3	0	0	9	9	1	0	0	0	0
4000	935	50	300	4	25	25	3	0	0	11	11	1	0.01	0	0	0
4000	937	50	300	4	25	14	3	0	0	5	5	1	0	0	0	0
4000	967	50	300	4	25	23	3	0	0	10	10	1	0.01	0	0	0
4000	968	50	300	4	25	18	3	0	0	7	7	1	0	0	0	0
4000	972	50	300	4	25	33	3	0	0	20	20	1	0	0	0	0
4000	978	50	300	4	25	30	3	0	0	14	14	1	0	0	0	0
4000	988	50	300	4	25	26	3	0	0	12	12	1	0	0	0	0
4000	991	50	300	4	25	30	3	0	0	15	15	1	0	0	0	0
4000	1000	50	300	4	25	28	3	0	0	11	11	1	0	0	0	0
4000	749	60	300	4	25	48	3	0	0	36	36	1	0.01	0	0	0
