6000	111	10	300	4	25	4	11	1.04139	2	0	0	2	0.5	2	0.5	1	0	0	0	0	0	0
6000	5	20	300	4	25	9	21	1.32222	2	0	0	7	0.142857	7	0.142857	1	0	0	0	0	0	0
6000	8	20	300	4	25	6	12	1.07918	2	0	0	4	0.25	4	0.25	1	0	0	0	0	0	0
6000	30	20	300	4	25	5	13	1.11394	2	0	0	3	0.333333	3	0.333333	1	0	0	0	0	0	0
6000	50	20	300	4	25	5	13	1.11394	2	0	0	3	0.333333	3	0.333333	1	0	0	0	0	0	0
6000	62	20	300	4	25	5	11	1.04139	2	0	0	3	0.333333	3	0.333333	1	0	0	0	0	0	0
6000	76	20	300	4	25	4	11	1.04139	2	0	0	2	0.5	2	0.5	1	0	0	0	0	0	0
6000	82	20	300	4	25	6	23	1.36173	2	0	0	3	0.333333	3	0.333333	1	0	0	0	0	0	0
6000	105	20	300	4	25	6	23	1.36173	2	0	0	3	0.333333	3	0.333333	1	0	0	0	0	0	0
6000	111	20	300	4	25	5	17	1.23045	2	0	0	2	0.5	2	0.5	1	0	0	0	0	0	0
6000	113	20	300	4	25	5	17	1.23045	2	0	0	2	0.5	2	0.5	1	0	0	0	0	0	0
6000	119	20	300	4	25	4	11	1.04139	2	0	0	2	0.5	2	0.5	1	0	0	0	0	0	0
6000	129	20	300	4	25	5	17	1.23045	2	0	0	2	0.5	2	0.5	1	0	0	0	0	0	0
6000	145	20	300	4	25	6	35	1.54407	2	0	0	2	0.5	2	0.5	1	0	0	0	0	0	0
6000	148	20	300	4	25	5	11	1.04139	2	0	0	3	0.333333	3	0.333333	1	0	0	0	0	0	0
6000	156	20	300	4	25	7	35	1.54407	2	0	0	3	0.333333	3	0.333333	1	0	0	0	0	0	0
6000	162	20	300	4	25	6	20	1.30103	2	0	0	3	0.333333	3	0.333333	1	0	0	0	0	0	0
6000	174	20	300	4	25	5	13	1.11394	2	0	0	3	0.333333	3	0.333333	1	0	0	0	0	0	0
6000	176	20	300	4	25	6	11	1.04139	2	0	0	5	0.2	5	0.2	1	0	0	0	0	0	0
6000	188	20	300	4	25	5	17	1.23045	2	0	0	2	0.5	2	0.5	1	0	0	0	0	0	0
6000	204	20	300	4	25	6	11	1.04139	2	0	0	5	0.2	5	0.2	1	0	0	0	0	0	0
6000	207	20	300	4	25	5	17	1.23045	2	0	0	2	0.5	2	0.5	1	0	0	0	0	0	0
6000	226	20	300	4	25	4	11	1.04139	2	0	0	2	0.5	2	0.5	1	0	0	0	0	0	0
6000	236	20	300	4	25	4	11	1.04139	2	0	0	2	0.5	2	0.5	1	0	0	0	0	0	0
6000	244	20	300	4	25	4	11	1.04139	2	0	0	2	0.5	2	0.5	1	0	0	0	0	0	0
6000	248	20	300	4	25	5	11	1.04139	2	0	0	3	0.333333	3	0.333333	1	0	0	0	0	0	0
6000	274	20	300	4	25	8	20	1.30103	2	0	0	6	0.166667	6	0.166667	1	0	0	0	0	0	0
6000	277	20	300	4	25	5	17	1.23045	2	0	0	2	0.5	2	0.5	1	0	0	0	0	0	0
6000	282	20	300	4	25	7	35	1.54407	2	0	0	3	0.333333	3	0.333333	1	0	0	0	0	0	0
6000	285	20	300	4	25	5	17	1.23045	2	0	0	2	0.5	2	0.5	1	0	0	0	0	0	0
6000	295	20	300	4	25	4	11	1.04139	2	0	0	2	0.5	2	0.5	1	0	0	0	0	0	0
6000	297	20	300	4	25	8	39	1.59106	2	0	0	5	0.2	5	0.2	1	0	0	0	0	0	0
6000	300	20	300	4	25	4	11	1.04139	2	0	0	2	0.5	2	0.5	1	0	0	0	0	0	0
6000	312	20	300	4	25	7	47	1.6721	2	0	0	3	0.333333	3	0.333333	1	0	0	0	0	0	0
6000	316	20	300	4	25	6	26	1.41497	2	0	0	2	0.5	2	0.5	1	0	0	0	0	0	0
6000	322	20	300	4	25	5	17	1.23045	2	0	0	2	0.5	2	0.5	1	0	0	0	0	0	0
6000	370	20	300	4	25	5	14	1.14613	2	0	0	3	0.333333	3	0.333333	1	0	0	0	0	0	0
6000	386	20	300	4	25	8	47	1.6721	2	0	0	5	0.2	5	0.2	1	0	0	0	0	0	0
6000	393	20	300	4	25	4	11	1.04139	2	0	0	2	0.5	2	0.5	1	0	0	0	0	0	0
6000	404	20	300	4	25	6	23	1.36173	2	0	0	3	0.333333	3	0.333333	1	0	0	0	0	0	0
6000	439	20	300	4	25	6	11	1.04139	2	0	0	5	0.2	5	0.2	1	0	0	0	0	0	0
6000	452	20	300	4	25	6	19	1.27875	2	0	0	4	0.25	4	0.25	1	0	0	0	0	0	0
6000	454	20	300	4	25	5	17	1.23045	2	0	0	2	0.5	2	0.5	1	0	0	0	0	0	0
6000	457	20	300	4	25	6	20	1.30103	2	0	0	3	0.333333	3	0.333333	1	0	0	0	0	0	0
6000	468	20	300	4	25	5	17	1.23045	2	0	0	2	0.5	2	0.5	1	0	0	0	0	0	0
6000	473	20	300	4	25	4	11	1.04139	2	0	0	2	0.5	2	0.5	1	0	0	0	0	0	0
6000	480	20	300	4	25	5	15	1.17609	2	0	0	3	0.333333	3	0.333333	1	0	0	0	0	0	0
6000	491	20	300	4	25	4	15	1.17609	2	0	0	1	1	1	1	1	0	0	0	0	0	0
6000	492	20	300	4	25	4	11	1.04139	2	0	0	2	0.5	2	0.5	1	0	0	0	0	0	0
6000	499	20	300	4	25	6	26	1.41497	2	0	0	2	0.5	2	0.5	1	0	0	0	0	0	0
6000	502	20	300	4	25	8	29	1.4624	2	0	0	4	0.25	4	0.25	1	0	0	0	0	0	0
6000	506	20	300	4	25	6	14	1.14613	2	0	0	4	0.25	4	0.25	1	0	0	0	0	0	0
6000	521	20	300	4	25	7	35	1.54407	2	0	0	3	0.333333	3	0.333333	1	0	0	0	0	0	0
6000	531	20	300	4	25	5	17	1.23045	2	0	0	2	0.5	2	0.5	1	0	0	0	0	0	0
6000	536	20	300	4	25	8	59	1.77085	2	0	0	4	0.25	4	0.25	1	0	0	0	0	0	0
6000	549	20	300	4	25	7	23	1.36173	2	0	0	4	0.25	4	0.25	1	0	0	0	0	0	0
6000	555	20	300	4	25	6	17	1.23045	2	0	0	3	0.333333	3	0.333333	1	0	0	0	0	0	0
6000	557	20	300	4	25	4	11	1.04139	2	0	0	2	0.5	2	0.5	1	0	0	0	0	0	0
6000	570	20	300	4	25	4	11	1.04139	2	0	0	2	0.5	2	0.5	1	0	0	0	0	0	0
6000	572	20	300	4	25	6	26	1.41497	2	0	0	2	0.5	2	0.5	1	0	0	0	0	0	0
6000	576	20	300	4	25	4	11	1.04139	2	0	0	2	0.5	2	0.5	1	0	0	0	0	0	0
6000	579	20	300	4	25	8	71	1.85126	2	0	0	3	0.333333	3	0.333333	1	0	0	0	0	0	0
6000	581	20	300	4	25	6	32	1.50515	2	0	0	2	0.5	2	0.5	1	0	0	0	0	0	0
6000	586	20	300	4	25	7	53	1.72428	2	0	0	2	0.5	2	0.5	1	0	0	0	0	0	0
6000	593	20	300	4	25	8	35	1.54407	2	0	0	5	0.2	5	0.2	1	0	0	0	0	0	0
6000	594	20	300	4	25	7	19	1.27875	2	0	0	4	0.25	4	0.25	1	0	0	0	0	0	0
6000	609	20	300	4	25	4	11	1.04139	2	0	0	2	0.5	2	0.5	1	0	0	0	0	0	0
6000	613	20	300	4	25	6	11	1.04139	2	0	0	4	0.25	4	0.25	1	0	0	0	0	0	0
6000	619	20	300	4	25	6	13	1.11394	2	0	0	3	0.333333	3	0.333333	1	0	0	0	0	0	0
6000	623	20	300	4	25	4	11	1.04139	2	0	0	2	0.5	2	0.5	1	0	0	0	0	0	0
6000	638	20	300	4	25	4	11	1.04139	2	0	0	2	0.5	2	0.5	1	0	0	0	0	0	0
6000	647	20	300	4	25	4	11	1.04139	2	0	0	2	0.5	2	0.5	1	0	0	0	0	0	0
6000	662	20	300	4	25	6	11	1.04139	2	0	0	5	0.2	5	0.2	1	0	0	0	0	0	0
6000	680	20	300	4	25	11	89	1.94939	2	0	0	5	0.2	5	0.2	1	0	0	0	0	0	0
6000	693	20	300	4	25	4	11	1.04139	2	0	0	2	0.5	2	0.5	1	0	0	0	0	0	0
6000	712	20	300	4	25	5	11	1.04139	2	0	0	3	0.333333	3	0.333333	1	0	0	0	0	0	0
6000	736	20	300	4	25	6	19	1.27875	2	0	0	4	0.25	4	0.25	1	0	0	0	0	0	0
6000	756	20	300	4	25	6	11	1.04139	2	0	0	5	0.2	5	0.2	1	0	0	0	0	0	0
6000	762	20	300	4	25	4	11	1.04139	2	0	0	2	0.5	2	0.5	1	0	0	0	0	0	0
6000	767	20	300	4	25	6	17	1.23045	2	0	0	3	0.333333	3	0.333333	1	0	0	0	0	0	0
6000	772	20	300	4	25	5	17	1.23045	2	0	0	2	0.5	2	0.5	1	0	0	0	0	0	0
6000	777	20	300	4	25	6	15	1.17609	2	0	0	4	0.25	4	0.25	1	0	0	0	0	0	0
6000	784	20	300	4	25	5	11	1.04139	2	0	0	3	0.333333	3	0.333333	1	0	0	0	0	0	0
6000	797	20	300	4	25	7	16	1.20412	2	0	0	4	0.25	4	0.25	1	0	0	0	0	0	0
6000	807	20	300	4	25	5	17	1.23045	2	0	0	2	0.5	2	0.5	1	0	0	0	0	0	0
6000	811	20	300	4	25	6	11	1.04139	2	0	0	5	0.2	5	0.2	1	0	0	0	0	0	0
6000	814	20	300	4	25	8	50	1.69897	2	0	0	3	0.333333	3	0.333333	1	0	0	0	0	0	0
6000	831	20	300	4	25	6	32	1.50515	2	0	0	2	0.5	2	0.5	1	0	0	0	0	0	0
6000	839	20	300	4	25	5	11	1.04139	2	0	0	3	0.333333	3	0.333333	1	0	0	0	0	0	0
6000	842	20	300	4	25	5	17	1.23045	2	0	0	2	0.5	2	0.5	1	0	0	0	0	0	0
6000	851	20	300	4	25	5	13	1.11394	2	0	0	3	0.333333	3	0.333333	1	0	0	0	0	0	0
6000	852	20	300	4	25	6	26	1.41497	2	0	0	2	0.5	2	0.5	1	0	0	0	0	0	0
6000	859	20	300	4	25	8	44	1.64345	2	0	0	4	0.25	4	0.25	1	0	0	0	0	0	0
6000	865	20	300	4	25	5	17	1.23045	2	0	0	2	0.5	2	0.5	1	0	0	0	0	0	0
6000	869	20	300	4	25	4	11	1.04139	2	0	0	2	0.5	2	0.5	1	0	0	0	0	0	0
6000	894	20	300	4	25	4	11	1.04139	2	0	0	2	0.5	2	0.5	1	0	0	0	0	0	0
6000	898	20	300	4	25	12	80	1.90309	2	0	0	8	0.125	8	0.125	1	0	0	0	0	0	0
6000	908	20	300	4	25	4	11	1.04139	2	0	0	2	0.5	2	0.5	1	0	0	0	0	0	0
6000	916	20	300	4	25	4	15	1.17609	2	0	0	1	1	1	1	1	0	0	0	0	0	0
6000	917	20	300	4	25	4	11	1.04139	2	0	0	2	0.5	2	0.5	1	0	0	0	0	0	0
6000	918	20	300	4	25	8	40	1.60206	2	0	0	4	0.25	4	0.25	1	0	0	0	0	0	0
6000	920	20	300	4	25	6	26	1.41497	2	0	0	2	0.5	2	0.5	1	0	0	0	0	0	0
6000	925	20	300	4	25	6	15	1.17609	2	0	0	4	0.25	4	0.25	1	0	0	0	0	0	0
6000	931	20	300	4	25	8	59	1.77085	2	0	0	4	0.25	4	0.25	1	0	0	0	0	0	0
6000	932	20	300	4	25	4	11	1.04139	2	0	0	2	0.5	2	0.5	1	0	0	0	0	0	0
6000	944	20	300	4	25	6	11	1.04139	2	0	0	5	0.2	5	0.2	1	0	0	0	0	0	0
6000	957	20	300	4	25	4	11	1.04139	2	0	0	2	0.5	2	0.5	1	0	0	0	0	0	0
6000	969	20	300	4	25	7	23	1.36173	2	0	0	4	0.25	4	0.25	1	0	0	0	0	0	0
6000	970	20	300	4	25	4	11	1.04139	2	0	0	2	0.5	2	0.5	1	0	0	0	0	0	0
6000	971	20	300	4	25	6	14	1.14613	2	0	0	4	0.25	4	0.25	1	0	0	0	0	0	0
6000	972	20	300	4	25	5	14	1.14613	2	0	0	2	0.5	2	0.5	1	0	0	0	0	0	0
6000	982	20	300	4	25	6	35	1.54407	2	0	0	2	0.5	2	0.5	1	0	0	0	0	0	0
6000	990	20	300	4	25	6	17	1.23045	2	0	0	3	0.333333	3	0.333333	1	0	0	0	0	0	0
6000	995	20	300	4	25	5	23	1.36173	2	0	0	2	0.5	2	0.5	1	0	0	0	0	0	0
6000	4	30	300	4	25	5	13	1.11394	2	0	0	3	0.333333	3	0.333333	1	0	0	0	0	0	0
6000	5	30	300	4	25	8	22	1.34242	2	0	0	6	0.166667	6	0.166667	1	0	0	0	0	0	0
6000	8	30	300	4	25	7	25	1.39794	2	0	0	4	0.25	4	0.25	1	0	0	0	0	0	0
6000	9	30	300	4	25	4	11	1.04139	2	0	0	2	0.5	2	0.5	1	0	0	0	0	0	0
6000	11	30	300	4	25	4	10	1	2	0	0	2	0.5	2	0.5	1	0	0	0	0	0	0
6000	13	30	300	4	25	5	15	1.17609	2	0	0	3	0.333333	3	0.333333	1	0	0	0	0	0	0
6000	15	30	300	4	25	5	11	1.04139	2	0	0	3	0.333333	3	0.333333	1	0	0	0	0	0	0
6000	16	30	300	4	25	4	11	1.04139	2	0	0	2	0.5	2	0.5	1	0	0	0	0	0	0
6000	17	30	300	4	25	6	29	1.4624	2	0	0	2	0.5	2	0.5	1	0	0	0	0	0	0
6000	18	30	300	4	25	5	17	1.23045	2	0	0	2	0.5	2	0.5	1	0	0	0	0	0	0
6000	21	30	300	4	25	5	13	1.11394	2	0	0	3	0.333333	3	0.333333	1	0	0	0	0	0	0
6000	22	30	300	4	25	6	35	1.54407	2	0	0	2	0.5	2	0.5	1	0	0	0	0	0	0
6000	25	30	300	4	25	6	35	1.54407	2	0	0	2	0.5	2	0.5	1	0	0	0	0	0	0
6000	26	30	300	4	25	4	11	1.04139	2	0	0	2	0.5	2	0.5	1	0	0	0	0	0	0
6000	27	30	300	4	25	8	15	1.17609	2	0	0	7	0.142857	7	0.142857	1	0	0	0	0	0	0
6000	30	30	300	4	25	9	73	1.86332	2	0	0	3	0.333333	3	0.333333	1	0	0	0	0	0	0
6000	32	30	300	4	25	8	71	1.85126	2	0	0	3	0.333333	3	0.333333	1	0	0	0	0	0	0
6000	33	30	300	4	25	7	29	1.4624	2	0	0	4	0.25	4	0.25	1	0	0	0	0	0	0
6000	37	30	300	4	25	4	11	1.04139	2	0	0	2	0.5	2	0.5	1	0	0	0	0	0	0
6000	39	30	300	4	25	8	29	1.4624	2	0	0	5	0.2	5	0.2	1	0	0	0	0	0	0
6000	41	30	300	4	25	6	15	1.17609	2	0	0	4	0.25	4	0.25	1	0	0	0	0	0	0
6000	43	30	300	4	25	7	19	1.27875	2	0	0	4	0.25	4	0.25	1	0	0	0	0	0	0
6000	45	30	300	4	25	8	23	1.36173	2	0	0	5	0.2	5	0.2	1	0	0	0	0	0	0
6000	47	30	300	4	25	4	11	1.04139	2	0	0	2	0.5	2	0.5	1	0	0	0	0	0	0
6000	51	30	300	4	25	6	20	1.30103	2	0	0	3	0.333333	3	0.333333	1	0	0	0	0	0	0
6000	54	30	300	4	25	4	11	1.04139	2	0	0	2	0.5	2	0.5	1	0	0	0	0	0	0
6000	55	30	300	4	25	7	17	1.23045	2	0	0	5	0.2	5	0.2	1	0	0	0	0	0	0
6000	60	30	300	4	25	5	13	1.11394	2	0	0	3	0.333333	3	0.333333	1	0	0	0	0	0	0
6000	61	30	300	4	25	9	53	1.72428	2	0	0	5	0.2	5	0.2	1	0	0	0	0	0	0
6000	62	30	300	4	25	7	29	1.4624	2	0	0	4	0.25	4	0.25	1	0	0	0	0	0	0
6000	66	30	300	4	25	8	48	1.68124	2	0	0	4	0.25	4	0.25	1	0	0	0	0	0	0
6000	67	30	300	4	25	10	25	1.39794	2	0	0	8	0.125	8	0.125	1	0	0	0	0	0	0
6000	68	30	300	4	25	7	71	1.85126	2	0	0	2	0.5	2	0.5	1	0	0	0	0	0	0
6000	69	30	300	4	25	4	11	1.04139	2	0	0	2	0.5	2	0.5	1	0	0	0	0	0	0
6000	70	30	300	4	25	5	17	1.23045	2	0	0	2	0.5	2	0.5	1	0	0	0	0	0	0
6000	73	30	300	4	25	5	17	1.23045	2	0	0	2	0.5	2	0.5	1	0	0	0	0	0	0
6000	74	30	300	4	25	7	30	1.47712	2	0	0	3	0.333333	3	0.333333	1	0	0	0	0	0	0
6000	75	30	300	4	25	7	18	1.25527	2	0	0	5	0.2	5	0.2	1	0	0	0	0	0	0
6000	76	30	300	4	25	7	34	1.53148	2	0	0	3	0.333333	3	0.333333	1	0	0	0	0	0	0
6000	79	30	300	4	25	7	21	1.32222	2	0	0	5	0.2	5	0.2	1	0	0	0	0	0	0
6000	83	30	300	4	25	4	11	1.04139	2	0	0	2	0.5	2	0.5	1	0	0	0	0	0	0
6000	84	30	300	4	25	6	47	1.6721	2	0	0	2	0.5	2	0.5	1	0	0	0	0	0	0
6000	85	30	300	4	25	8	44	1.64345	2	0	0	4	0.25	4	0.25	1	0	0	0	0	0	0
6000	86	30	300	4	25	6	11	1.04139	2	0	0	5	0.2	5	0.2	1	0	0	0	0	0	0
6000	87	30	300	4	25	5	11	1.04139	2	0	0	3	0.333333	3	0.333333	1	0	0	0	0	0	0
6000	88	30	300	4	25	6	26	1.41497	2	0	0	2	0.5	2	0.5	1	0	0	0	0	0	0
6000	89	30	300	4	25	5	17	1.23045	2	0	0	2	0.5	2	0.5	1	0	0	0	0	0	0
6000	92	30	300	4	25	5	31	1.49136	2	0	0	1	1	1	1	1	0	0	0	0	0	0
6000	93	30	300	4	25	5	17	1.23045	2	0	0	2	0.5	2	0.5	1	0	0	0	0	0	0
6000	94	30	300	4	25	6	23	1.36173	2	0	0	3	0.333333	3	0.333333	1	0	0	0	0	0	0
6000	95	30	300	4	25	7	19	1.27875	2	0	0	4	0.25	4	0.25	1	0	0	0	0	0	0
6000	96	30	300	4	25	6	11	1.04139	2	0	0	5	0.2	5	0.2	1	0	0	0	0	0	0
6000	98	30	300	4	25	7	17	1.23045	2	0	0	4	0.25	4	0.25	1	0	0	0	0	0	0
6000	106	30	300	4	25	6	13	1.11394	2	0	0	3	0.333333	3	0.333333	1	0	0	0	0	0	0
6000	107	30	300	4	25	4	11	1.04139	2	0	0	2	0.5	2	0.5	1	0	0	0	0	0	0
6000	108	30	300	4	25	8	65	1.81291	2	0	0	3	0.333333	3	0.333333	1	0	0	0	0	0	0
6000	109	30	300	4	25	6	23	1.36173	2	0	0	3	0.333333	3	0.333333	1	0	0	0	0	0	0
6000	111	30	300	4	25	6	35	1.54407	2	0	0	2	0.5	2	0.5	1	0	0	0	0	0	0
6000	116	30	300	4	25	6	23	1.36173	2	0	0	3	0.333333	3	0.333333	1	0	0	0	0	0	0
6000	117	30	300	4	25	7	21	1.32222	2	0	0	4	0.25	4	0.25	1	0	0	0	0	0	0
6000	119	30	300	4	25	8	63	1.79934	2	0	0	3	0.333333	3	0.333333	1	0	0	0	0	0	0
6000	121	30	300	4	25	5	15	1.17609	2	0	0	3	0.333333	3	0.333333	1	0	0	0	0	0	0
6000	122	30	300	4	25	7	20	1.30103	2	0	0	4	0.25	4	0.25	1	0	0	0	0	0	0
6000	123	30	300	4	25	5	15	1.17609	2	0	0	3	0.333333	3	0.333333	1	0	0	0	0	0	0
6000	124	30	300	4	25	9	21	1.32222	2	0	0	7	0.142857	7	0.142857	1	0	0	0	0	0	0
6000	128	30	300	4	25	6	15	1.17609	2	0	0	3	0.333333	3	0.333333	1	0	0	0	0	0	0
6000	132	30	300	4	25	4	11	1.04139	2	0	0	2	0.5	2	0.5	1	0	0	0	0	0	0
6000	134	30	300	4	25	6	19	1.27875	2	0	0	4	0.25	4	0.25	1	0	0	0	0	0	0
6000	135	30	300	4	25	4	11	1.04139	2	0	0	2	0.5	2	0.5	1	0	0	0	0	0	0
6000	137	30	300	4	25	5	11	1.04139	2	0	0	3	0.333333	3	0.333333	1	0	0	0	0	0	0
6000	139	30	300	4	25	7	12	1.07918	2	0	0	6	0.166667	6	0.166667	1	0	0	0	0	0	0
6000	140	30	300	4	25	7	13	1.11394	2	0	0	6	0.166667	6	0.166667	1	0	0	0	0	0	0
6000	141	30	300	4	25	6	23	1.36173	2	0	0	3	0.333333	3	0.333333	1	0	0	0	0	0	0
6000	142	30	300	4	25	4	11	1.04139	2	0	0	2	0.5	2	0.5	1	0	0	0	0	0	0
6000	143	30	300	4	25	5	23	1.36173	2	0	0	2	0.5	2	0.5	1	0	0	0	0	0	0
6000	145	30	300	4	25	6	35	1.54407	2	0	0	2	0.5	2	0.5	1	0	0	0	0	0	0
6000	146	30	300	4	25	6	23	1.36173	2	0	0	3	0.333333	3	0.333333	1	0	0	0	0	0	0
6000	147	30	300	4	25	6	31	1.49136	2	0	0	2	0.5	2	0.5	1	0	0	0	0	0	0
6000	148	30	300	4	25	6	14	1.14613	2	0	0	4	0.25	4	0.25	1	0	0	0	0	0	0
6000	150	30	300	4	25	7	47	1.6721	2	0	0	3	0.333333	3	0.333333	1	0	0	0	0	0	0
6000	155	30	300	4	25	7	23	1.36173	2	0	0	4	0.25	4	0.25	1	0	0	0	0	0	0
6000	157	30	300	4	25	5	11	1.04139	2	0	0	3	0.333333	3	0.333333	1	0	0	0	0	0	0
6000	160	30	300	4	25	6	23	1.36173	2	0	0	3	0.333333	3	0.333333	1	0	0	0	0	0	0
6000	162	30	300	4	25	7	35	1.54407	2	0	0	3	0.333333	3	0.333333	1	0	0	0	0	0	0
6000	163	30	300	4	25	8	33	1.51851	2	0	0	5	0.2	5	0.2	1	0	0	0	0	0	0
6000	165	30	300	4	25	8	35	1.54407	2	0	0	5	0.2	5	0.2	1	0	0	0	0	0	0
6000	166	30	300	4	25	5	11	1.04139	2	0	0	3	0.333333	3	0.333333	1	0	0	0	0	0	0
6000	168	30	300	4	25	6	26	1.41497	2	0	0	2	0.5	2	0.5	1	0	0	0	0	0	0
6000	169	30	300	4	25	8	35	1.54407	2	0	0	5	0.2	5	0.2	1	0	0	0	0	0	0
6000	174	30	300	4	25	6	35	1.54407	2	0	0	2	0.5	2	0.5	1	0	0	0	0	0	0
6000	176	30	300	4	25	8	29	1.4624	2	0	0	5	0.2	5	0.2	1	0	0	0	0	0	0
6000	178	30	300	4	25	5	14	1.14613	2	0	0	2	0.5	2	0.5	1	0	0	0	0	0	0
6000	180	30	300	4	25	6	19	1.27875	2	0	0	4	0.25	4	0.25	1	0	0	0	0	0	0
6000	181	30	300	4	25	4	11	1.04139	2	0	0	2	0.5	2	0.5	1	0	0	0	0	0	0
6000	183	30	300	4	25	8	44	1.64345	2	0	0	4	0.25	4	0.25	1	0	0	0	0	0	0
6000	185	30	300	4	25	5	15	1.17609	2	0	0	3	0.333333	3	0.333333	1	0	0	0	0	0	0
6000	188	30	300	4	25	6	26	1.41497	2	0	0	2	0.5	2	0.5	1	0	0	0	0	0	0
6000	189	30	300	4	25	7	71	1.85126	2	0	0	2	0.5	2	0.5	1	0	0	0	0	0	0
6000	190	30	300	4	25	9	49	1.6902	2	0	0	4	0.25	4	0.25	1	0	0	0	0	0	0
6000	192	30	300	4	25	11	44	1.64345	2	0	0	6	0.166667	6	0.166667	1	0	0	0	0	0	0
6000	193	30	300	4	25	6	12	1.07918	2	0	0	4	0.25	4	0.25	1	0	0	0	0	0	0
6000	194	30	300	4	25	5	16	1.20412	2	0	0	2	0.5	2	0.5	1	0	0	0	0	0	0
6000	196	30	300	4	25	7	33	1.51851	2	0	0	4	0.25	4	0.25	1	0	0	0	0	0	0
6000	198	30	300	4	25	7	71	1.85126	2	0	0	2	0.5	2	0.5	1	0	0	0	0	0	0
6000	200	30	300	4	25	5	23	1.36173	2	0	0	2	0.5	2	0.5	1	0	0	0	0	0	0
6000	201	30	300	4	25	5	15	1.17609	2	0	0	3	0.333333	3	0.333333	1	0	0	0	0	0	0
6000	203	30	300	4	25	4	11	1.04139	2	0	0	2	0.5	2	0.5	1	0	0	0	0	0	0
6000	207	30	300	4	25	7	29	1.4624	2	0	0	4	0.25	4	0.25	1	0	0	0	0	0	0
6000	208	30	300	4	25	5	23	1.36173	2	0	0	2	0.5	2	0.5	1	0	0	0	0	0	0
6000	213	30	300	4	25	6	23	1.36173	2	0	0	3	0.333333	3	0.333333	1	0	0	0	0	0	0
6000	216	30	300	4	25	6	15	1.17609	2	0	0	4	0.25	4	0.25	1	0	0	0	0	0	0
6000	218	30	300	4	25	6	26	1.41497	2	0	0	2	0.5	2	0.5	1	0	0	0	0	0	0
6000	222	30	300	4	25	6	19	1.27875	2	0	0	4	0.25	4	0.25	1	0	0	0	0	0	0
6000	223	30	300	4	25	7	41	1.61278	2	0	0	3	0.333333	3	0.333333	1	0	0	0	0	0	0
6000	224	30	300	4	25	6	35	1.54407	2	0	0	2	0.5	2	0.5	1	0	0	0	0	0	0
6000	226	30	300	4	25	4	11	1.04139	2	0	0	2	0.5	2	0.5	1	0	0	0	0	0	0
6000	227	30	300	4	25	6	27	1.43136	2	0	0	3	0.333333	3	0.333333	1	0	0	0	0	0	0
6000	229	30	300	4	25	6	18	1.25527	2	0	0	3	0.333333	3	0.333333	1	0	0	0	0	0	0
6000	231	30	300	4	25	5	15	1.17609	2	0	0	3	0.333333	3	0.333333	1	0	0	0	0	0	0
6000	233	30	300	4	25	4	15	1.17609	2	0	0	1	1	1	1	1	0	0	0	0	0	0
6000	234	30	300	4	25	6	27	1.43136	2	0	0	2	0.5	2	0.5	1	0	0	0	0	0	0
6000	236	30	300	4	25	5	23	1.36173	2	0	0	2	0.5	2	0.5	1	0	0	0	0	0	0
6000	237	30	300	4	25	8	20	1.30103	2	0	0	6	0.166667	6	0.166667	1	0	0	0	0	0	0
6000	238	30	300	4	25	4	11	1.04139	2	0	0	2	0.5	2	0.5	1	0	0	0	0	0	0
6000	240	30	300	4	25	5	17	1.23045	2	0	0	2	0.5	2	0.5	1	0	0	0	0	0	0
6000	241	30	300	4	25	4	11	1.04139	2	0	0	2	0.5	2	0.5	1	0	0	0	0	0	0
6000	242	30	300	4	25	7	29	1.4624	2	0	0	4	0.25	4	0.25	1	0	0	0	0	0	0
6000	243	30	300	4	25	4	11	1.04139	2	0	0	2	0.5	2	0.5	1	0	0	0	0	0	0
6000	244	30	300	4	25	6	45	1.65321	2	0	0	2	0.5	2	0.5	1	0	0	0	0	0	0
6000	247	30	300	4	25	5	17	1.23045	2	0	0	2	0.5	2	0.5	1	0	0	0	0	0	0
6000	248	30	300	4	25	7	31	1.49136	2	0	0	3	0.333333	3	0.333333	1	0	0	0	0	0	0
6000	249	30	300	4	25	7	17	1.23045	2	0	0	5	0.2	5	0.2	1	0	0	0	0	0	0
6000	250	30	300	4	25	4	11	1.04139	2	0	0	2	0.5	2	0.5	1	0	0	0	0	0	0
6000	252	30	300	4	25	6	23	1.36173	2	0	0	3	0.333333	3	0.333333	1	0	0	0	0	0	0
6000	253	30	300	4	25	6	26	1.41497	2	0	0	2	0.5	2	0.5	1	0	0	0	0	0	0
6000	254	30	300	4	25	5	13	1.11394	2	0	0	3	0.333333	3	0.333333	1	0	0	0	0	0	0
6000	255	30	300	4	25	7	13	1.11394	2	0	0	6	0.166667	6	0.166667	1	0	0	0	0	0	0
6000	256	30	300	4	25	10	95	1.97772	2	0	0	5	0.2	5	0.2	1	0	0	0	0	0	0
6000	259	30	300	4	25	5	17	1.23045	2	0	0	2	0.5	2	0.5	1	0	0	0	0	0	0
6000	261	30	300	4	25	6	35	1.54407	2	0	0	2	0.5	2	0.5	1	0	0	0	0	0	0
6000	262	30	300	4	25	9	21	1.32222	2	0	0	6	0.166667	6	0.166667	1	0	0	0	0	0	0
6000	263	30	300	4	25	4	11	1.04139	2	0	0	2	0.5	2	0.5	1	0	0	0	0	0	0
6000	265	30	300	4	25	6	23	1.36173	2	0	0	3	0.333333	3	0.333333	1	0	0	0	0	0	0
6000	269	30	300	4	25	4	11	1.04139	2	0	0	2	0.5	2	0.5	1	0	0	0	0	0	0
6000	270	30	300	4	25	4	11	1.04139	2	0	0	2	0.5	2	0.5	1	0	0	0	0	0	0
6000	273	30	300	4	25	6	35	1.54407	2	0	0	2	0.5	2	0.5	1	0	0	0	0	0	0
6000	274	30	300	4	25	6	19	1.27875	2	0	0	4	0.25	4	0.25	1	0	0	0	0	0	0
6000	275	30	300	4	25	6	11	1.04139	2	0	0	5	0.2	5	0.2	1	0	0	0	0	0	0
6000	276	30	300	4	25	9	52	1.716	2	0	0	5	0.2	5	0.2	1	0	0	0	0	0	0
6000	277	30	300	4	25	6	31	1.49136	2	0	0	3	0.333333	3	0.333333	1	0	0	0	0	0	0
6000	284	30	300	4	25	4	11	1.04139	2	0	0	2	0.5	2	0.5	1	0	0	0	0	0	0
6000	285	30	300	4	25	5	31	1.49136	2	0	0	1	1	1	1	1	0	0	0	0	0	0
6000	286	30	300	4	25	7	29	1.4624	2	0	0	3	0.333333	3	0.333333	1	0	0	0	0	0	0
6000	288	30	300	4	25	5	11	1.04139	2	0	0	3	0.333333	3	0.333333	1	0	0	0	0	0	0
6000	289	30	300	4	25	7	29	1.4624	2	0	0	4	0.25	4	0.25	1	0	0	0	0	0	0
6000	290	30	300	4	25	6	21	1.32222	2	0	0	3	0.333333	3	0.333333	1	0	0	0	0	0	0
6000	293	30	300	4	25	7	26	1.41497	2	0	0	4	0.25	4	0.25	1	0	0	0	0	0	0
6000	296	30	300	4	25	8	19	1.27875	2	0	0	6	0.166667	6	0.166667	1	0	0	0	0	0	0
6000	300	30	300	4	25	7	35	1.54407	2	0	0	3	0.333333	3	0.333333	1	0	0	0	0	0	0
6000	301	30	300	4	25	5	23	1.36173	2	0	0	2	0.5	2	0.5	1	0	0	0	0	0	0
6000	304	30	300	4	25	7	15	1.17609	2	0	0	5	0.2	5	0.2	1	0	0	0	0	0	0
6000	305	30	300	4	25	5	17	1.23045	2	0	0	2	0.5	2	0.5	1	0	0	0	0	0	0
6000	307	30	300	4	25	6	26	1.41497	2	0	0	2	0.5	2	0.5	1	0	0	0	0	0	0
6000	309	30	300	4	25	5	17	1.23045	2	0	0	2	0.5	2	0.5	1	0	0	0	0	0	0
6000	311	30	300	4	25	6	35	1.54407	2	0	0	2	0.5	2	0.5	1	0	0	0	0	0	0
6000	314	30	300	4	25	4	11	1.04139	2	0	0	2	0.5	2	0.5	1	0	0	0	0	0	0
6000	315	30	300	4	25	6	47	1.6721	2	0	0	2	0.5	2	0.5	1	0	0	0	0	0	0
6000	316	30	300	4	25	6	35	1.54407	2	0	0	2	0.5	2	0.5	1	0	0	0	0	0	0
6000	318	30	300	4	25	5	17	1.23045	2	0	0	2	0.5	2	0.5	1	0	0	0	0	0	0
6000	321	30	300	4	25	8	35	1.54407	2	0	0	5	0.2	5	0.2	1	0	0	0	0	0	0
6000	323	30	300	4	25	8	35	1.54407	2	0	0	4	0.25	4	0.25	1	0	0	0	0	0	0
6000	325	30	300	4	25	5	11	1.04139	2	0	0	3	0.333333	3	0.333333	1	0	0	0	0	0	0
6000	326	30	300	4	25	6	47	1.6721	2	0	0	2	0.5	2	0.5	1	0	0	0	0	0	0
6000	327	30	300	4	25	4	11	1.04139	2	0	0	2	0.5	2	0.5	1	0	0	0	0	0	0
6000	330	30	300	4	25	6	14	1.14613	2	0	0	4	0.25	4	0.25	1	0	0	0	0	0	0
6000	331	30	300	4	25	6	23	1.36173	2	0	0	3	0.333333	3	0.333333	1	0	0	0	0	0	0
6000	332	30	300	4	25	6	19	1.27875	2	0	0	4	0.25	4	0.25	1	0	0	0	0	0	0
6000	333	30	300	4	25	6	15	1.17609	2	0	0	4	0.25	4	0.25	1	0	0	0	0	0	0
6000	337	30	300	4	25	7	36	1.5563	2	0	0	3	0.333333	3	0.333333	1	0	0	0	0	0	0
6000	340	30	300	4	25	6	19	1.27875	2	0	0	4	0.25	4	0.25	1	0	0	0	0	0	0
6000	342	30	300	4	25	4	11	1.04139	2	0	0	2	0.5	2	0.5	1	0	0	0	0	0	0
6000	345	30	300	4	25	7	47	1.6721	2	0	0	3	0.333333	3	0.333333	1	0	0	0	0	0	0
6000	347	30	300	4	25	6	23	1.36173	2	0	0	3	0.333333	3	0.333333	1	0	0	0	0	0	0
6000	349	30	300	4	25	5	17	1.23045	2	0	0	2	0.5	2	0.5	1	0	0	0	0	0	0
6000	350	30	300	4	25	11	71	1.85126	2	0	0	7	0.142857	7	0.142857	1	0	0	0	0	0	0
6000	354	30	300	4	25	6	14	1.14613	2	0	0	4	0.25	4	0.25	1	0	0	0	0	0	0
6000	357	30	300	4	25	10	34	1.53148	2	0	0	7	0.142857	7	0.142857	1	0	0	0	0	0	0
6000	359	30	300	4	25	8	43	1.63347	2	0	0	4	0.25	4	0.25	1	0	0	0	0	0	0
6000	361	30	300	4	25	7	39	1.59106	2	0	0	3	0.333333	3	0.333333	1	0	0	0	0	0	0
6000	363	30	300	4	25	7	47	1.6721	2	0	0	3	0.333333	3	0.333333	1	0	0	0	0	0	0
6000	366	30	300	4	25	9	41	1.61278	2	0	0	5	0.2	5	0.2	1	0	0	0	0	0	0
6000	369	30	300	4	25	6	19	1.27875	2	0	0	3	0.333333	3	0.333333	1	0	0	0	0	0	0
6000	370	30	300	4	25	9	44	1.64345	2	0	0	4	0.25	4	0.25	1	0	0	0	0	0	0
6000	373	30	300	4	25	8	59	1.77085	2	0	0	4	0.25	4	0.25	1	0	0	0	0	0	0
6000	375	30	300	4	25	5	17	1.23045	2	0	0	2	0.5	2	0.5	1	0	0	0	0	0	0
6000	376	30	300	4	25	8	39	1.59106	2	0	0	4	0.25	4	0.25	1	0	0	0	0	0	0
6000	377	30	300	4	25	7	17	1.23045	2	0	0	5	0.2	5	0.2	1	0	0	0	0	0	0
6000	379	30	300	4	25	8	53	1.72428	2	0	0	3	0.333333	3	0.333333	1	0	0	0	0	0	0
6000	381	30	300	4	25	6	15	1.17609	2	0	0	3	0.333333	3	0.333333	1	0	0	0	0	0	0
6000	382	30	300	4	25	7	17	1.23045	2	0	0	5	0.2	5	0.2	1	0	0	0	0	0	0
6000	384	30	300	4	25	9	26	1.41497	2	0	0	5	0.2	5	0.2	1	0	0	0	0	0	0
6000	385	30	300	4	25	6	14	1.14613	2	0	0	4	0.25	4	0.25	1	0	0	0	0	0	0
6000	389	30	300	4	25	6	10	1	2	0	0	5	0.2	5	0.2	1	0	0	0	0	0	0
6000	390	30	300	4	25	4	11	1.04139	2	0	0	2	0.5	2	0.5	1	0	0	0	0	0	0
6000	391	30	300	4	25	7	53	1.72428	2	0	0	2	0.5	2	0.5	1	0	0	0	0	0	0
6000	392	30	300	4	25	9	67	1.82607	2	0	0	4	0.25	4	0.25	1	0	0	0	0	0	0
6000	393	30	300	4	25	8	71	1.85126	2	0	0	3	0.333333	3	0.333333	1	0	0	0	0	0	0
6000	397	30	300	4	25	6	35	1.54407	2	0	0	2	0.5	2	0.5	1	0	0	0	0	0	0
6000	398	30	300	4	25	6	25	1.39794	2	0	0	3	0.333333	3	0.333333	1	0	0	0	0	0	0
6000	400	30	300	4	25	15	47	1.6721	2	0	0	12	0.0833333	12	0.0833333	1	0	0	0	0	0	0
6000	401	30	300	4	25	7	47	1.6721	2	0	0	3	0.333333	3	0.333333	1	0	0	0	0	0	0
6000	404	30	300	4	25	10	51	1.70757	2	0	0	6	0.166667	6	0.166667	1	0	0	0	0	0	0
6000	408	30	300	4	25	4	11	1.04139	2	0	0	2	0.5	2	0.5	1	0	0	0	0	0	0
6000	410	30	300	4	25	6	18	1.25527	2	0	0	3	0.333333	3	0.333333	1	0	0	0	0	0	0
6000	411	30	300	4	25	6	20	1.30103	2	0	0	3	0.333333	3	0.333333	1	0	0	0	0	0	0
6000	412	30	300	4	25	4	11	1.04139	2	0	0	2	0.5	2	0.5	1	0	0	0	0	0	0
6000	413	30	300	4	25	6	35	1.54407	2	0	0	2	0.5	2	0.5	1	0	0	0	0	0	0
6000	414	30	300	4	25	4	15	1.17609	2	0	0	1	1	1	1	1	0	0	0	0	0	0
6000	415	30	300	4	25	8	24	1.38021	2	0	0	4	0.25	4	0.25	1	0	0	0	0	0	0
6000	418	30	300	4	25	4	11	1.04139	2	0	0	2	0.5	2	0.5	1	0	0	0	0	0	0
6000	420	30	300	4	25	10	59	1.77085	2	0	0	6	0.166667	6	0.166667	1	0	0	0	0	0	0
6000	421	30	300	4	25	6	26	1.41497	2	0	0	2	0.5	2	0.5	1	0	0	0	0	0	0
6000	424	30	300	4	25	5	31	1.49136	2	0	0	1	1	1	1	1	0	0	0	0	0	0
6000	425	30	300	4	25	9	71	1.85126	2	0	0	4	0.25	4	0.25	1	0	0	0	0	0	0
6000	431	30	300	4	25	9	29	1.4624	2	0	0	5	0.2	5	0.2	1	0	0	0	0	0	0
6000	432	30	300	4	25	4	11	1.04139	2	0	0	2	0.5	2	0.5	1	0	0	0	0	0	0
6000	433	30	300	4	25	13	49	1.6902	2	0	0	9	0.111111	9	0.111111	1	0	0	0	0	0	0
6000	434	30	300	4	25	10	54	1.73239	2	0	0	5	0.2	5	0.2	1	0	0	0	0	0	0
6000	439	30	300	4	25	8	20	1.30103	2	0	0	6	0.166667	6	0.166667	1	0	0	0	0	0	0
6000	440	30	300	4	25	7	23	1.36173	2	0	0	5	0.2	5	0.2	1	0	0	0	0	0	0
6000	441	30	300	4	25	7	14	1.14613	2	0	0	4	0.25	4	0.25	1	0	0	0	0	0	0
6000	444	30	300	4	25	6	28	1.44716	2	0	0	3	0.333333	3	0.333333	1	0	0	0	0	0	0
6000	445	30	300	4	25	7	43	1.63347	2	0	0	3	0.333333	3	0.333333	1	0	0	0	0	0	0
6000	447	30	300	4	25	5	23	1.36173	2	0	0	2	0.5	2	0.5	1	0	0	0	0	0	0
6000	449	30	300	4	25	8	34	1.53148	2	0	0	4	0.25	4	0.25	1	0	0	0	0	0	0
6000	452	30	300	4	25	8	35	1.54407	2	0	0	4	0.25	4	0.25	1	0	0	0	0	0	0
6000	453	30	300	4	25	4	11	1.04139	2	0	0	2	0.5	2	0.5	1	0	0	0	0	0	0
6000	454	30	300	4	25	5	17	1.23045	2	0	0	2	0.5	2	0.5	1	0	0	0	0	0	0
6000	457	30	300	4	25	7	27	1.43136	2	0	0	3	0.333333	3	0.333333	1	0	0	0	0	0	0
6000	458	30	300	4	25	6	19	1.27875	2	0	0	4	0.25	4	0.25	1	0	0	0	0	0	0
6000	464	30	300	4	25	6	11	1.04139	2	0	0	5	0.2	5	0.2	1	0	0	0	0	0	0
6000	466	30	300	4	25	10	47	1.6721	2	0	0	7	0.142857	7	0.142857	1	0	0	0	0	0	0
6000	467	30	300	4	25	8	31	1.49136	2	0	0	5	0.2	5	0.2	1	0	0	0	0	0	0
6000	468	30	300	4	25	5	17	1.23045	2	0	0	2	0.5	2	0.5	1	0	0	0	0	0	0
6000	473	30	300	4	25	4	15	1.17609	2	0	0	1	1	1	1	1	0	0	0	0	0	0
6000	475	30	300	4	25	5	23	1.36173	2	0	0	2	0.5	2	0.5	1	0	0	0	0	0	0
6000	476	30	300	4	25	11	63	1.79934	2	0	0	7	0.142857	7	0.142857	1	0	0	0	0	0	0
6000	479	30	300	4	25	5	17	1.23045	2	0	0	2	0.5	2	0.5	1	0	0	0	0	0	0
6000	480	30	300	4	25	5	15	1.17609	2	0	0	3	0.333333	3	0.333333	1	0	0	0	0	0	0
6000	481	30	300	4	25	6	15	1.17609	2	0	0	4	0.25	4	0.25	1	0	0	0	0	0	0
6000	486	30	300	4	25	6	22	1.34242	2	0	0	3	0.333333	3	0.333333	1	0	0	0	0	0	0
6000	488	30	300	4	25	6	11	1.04139	2	0	0	5	0.2	5	0.2	1	0	0	0	0	0	0
6000	489	30	300	4	25	4	11	1.04139	2	0	0	2	0.5	2	0.5	1	0	0	0	0	0	0
6000	490	30	300	4	25	5	11	1.04139	2	0	0	3	0.333333	3	0.333333	1	0	0	0	0	0	0
6000	491	30	300	4	25	6	33	1.51851	2	0	0	2	0.5	2	0.5	1	0	0	0	0	0	0
6000	492	30	300	4	25	6	20	1.30103	2	0	0	3	0.333333	3	0.333333	1	0	0	0	0	0	0
6000	493	30	300	4	25	10	62	1.79239	2	0	0	6	0.166667	6	0.166667	1	0	0	0	0	0	0
6000	496	30	300	4	25	5	17	1.23045	2	0	0	2	0.5	2	0.5	1	0	0	0	0	0	0
6000	499	30	300	4	25	6	23	1.36173	2	0	0	3	0.333333	3	0.333333	1	0	0	0	0	0	0
6000	502	30	300	4	25	9	89	1.94939	2	0	0	4	0.25	4	0.25	1	0	0	0	0	0	0
6000	505	30	300	4	25	10	59	1.77085	2	0	0	6	0.166667	6	0.166667	1	0	0	0	0	0	0
6000	506	30	300	4	25	11	54	1.73239	2	0	0	6	0.166667	6	0.166667	1	0	0	0	0	0	0
6000	507	30	300	4	25	6	19	1.27875	2	0	0	4	0.25	4	0.25	1	0	0	0	0	0	0
6000	508	30	300	4	25	4	11	1.04139	2	0	0	2	0.5	2	0.5	1	0	0	0	0	0	0
6000	509	30	300	4	25	7	35	1.54407	2	0	0	3	0.333333	3	0.333333	1	0	0	0	0	0	0
6000	514	30	300	4	25	9	23	1.36173	2	0	0	7	0.142857	7	0.142857	1	0	0	0	0	0	0
6000	516	30	300	4	25	5	31	1.49136	2	0	0	1	1	1	1	1	0	0	0	0	0	0
6000	517	30	300	4	25	7	37	1.5682	2	0	0	3	0.333333	3	0.333333	1	0	0	0	0	0	0
6000	519	30	300	4	25	6	23	1.36173	2	0	0	3	0.333333	3	0.333333	1	0	0	0	0	0	0
6000	520	30	300	4	25	9	40	1.60206	2	0	0	4	0.25	4	0.25	1	0	0	0	0	0	0
6000	523	30	300	4	25	9	50	1.69897	2	0	0	4	0.25	4	0.25	1	0	0	0	0	0	0
6000	524	30	300	4	25	6	20	1.30103	2	0	0	3	0.333333	3	0.333333	1	0	0	0	0	0	0
6000	526	30	300	4	25	4	11	1.04139	2	0	0	2	0.5	2	0.5	1	0	0	0	0	0	0
6000	528	30	300	4	25	5	23	1.36173	2	0	0	2	0.5	2	0.5	1	0	0	0	0	0	0
6000	530	30	300	4	25	5	17	1.23045	2	0	0	2	0.5	2	0.5	1	0	0	0	0	0	0
6000	531	30	300	4	25	4	11	1.04139	2	0	0	2	0.5	2	0.5	1	0	0	0	0	0	0
6000	534	30	300	4	25	12	83	1.91908	2	0	0	7	0.142857	7	0.142857	1	0	0	0	0	0	0
6000	535	30	300	4	25	6	23	1.36173	2	0	0	3	0.333333	3	0.333333	1	0	0	0	0	0	0
6000	537	30	300	4	25	5	11	1.04139	2	0	0	3	0.333333	3	0.333333	1	0	0	0	0	0	0
6000	539	30	300	4	25	7	17	1.23045	2	0	0	5	0.2	5	0.2	1	0	0	0	0	0	0
6000	542	30	300	4	25	7	71	1.85126	2	0	0	2	0.5	2	0.5	1	0	0	0	0	0	0
6000	545	30	300	4	25	6	19	1.27875	2	0	0	4	0.25	4	0.25	1	0	0	0	0	0	0
6000	546	30	300	4	25	7	24	1.38021	2	0	0	3	0.333333	3	0.333333	1	0	0	0	0	0	0
6000	548	30	300	4	25	7	35	1.54407	2	0	0	3	0.333333	3	0.333333	1	0	0	0	0	0	0
6000	549	30	300	4	25	7	44	1.64345	2	0	0	2	0.5	2	0.5	1	0	0	0	0	0	0
6000	555	30	300	4	25	5	11	1.04139	2	0	0	3	0.333333	3	0.333333	1	0	0	0	0	0	0
6000	556	30	300	4	25	6	35	1.54407	2	0	0	2	0.5	2	0.5	1	0	0	0	0	0	0
6000	557	30	300	4	25	7	31	1.49136	2	0	0	3	0.333333	3	0.333333	1	0	0	0	0	0	0
6000	559	30	300	4	25	4	11	1.04139	2	0	0	2	0.5	2	0.5	1	0	0	0	0	0	0
6000	560	30	300	4	25	5	23	1.36173	2	0	0	2	0.5	2	0.5	1	0	0	0	0	0	0
6000	561	30	300	4	25	8	80	1.90309	2	0	0	2	0.5	2	0.5	1	0	0	0	0	0	0
6000	566	30	300	4	25	5	15	1.17609	2	0	0	3	0.333333	3	0.333333	1	0	0	0	0	0	0
6000	567	30	300	4	25	7	47	1.6721	2	0	0	3	0.333333	3	0.333333	1	0	0	0	0	0	0
6000	569	30	300	4	25	5	15	1.17609	2	0	0	3	0.333333	3	0.333333	1	0	0	0	0	0	0
6000	570	30	300	4	25	8	71	1.85126	2	0	0	3	0.333333	3	0.333333	1	0	0	0	0	0	0
6000	571	30	300	4	25	9	98	1.99123	2	0	0	3	0.333333	3	0.333333	1	0	0	0	0	0	0
6000	572	30	300	4	25	6	47	1.6721	2	0	0	2	0.5	2	0.5	1	0	0	0	0	0	0
6000	575	30	300	4	25	5	15	1.17609	2	0	0	3	0.333333	3	0.333333	1	0	0	0	0	0	0
6000	576	30	300	4	25	4	11	1.04139	2	0	0	2	0.5	2	0.5	1	0	0	0	0	0	0
6000	577	30	300	4	25	8	59	1.77085	2	0	0	3	0.333333	3	0.333333	1	0	0	0	0	0	0
6000	578	30	300	4	25	4	15	1.17609	2	0	0	1	1	1	1	1	0	0	0	0	0	0
6000	580	30	300	4	25	6	14	1.14613	2	0	0	4	0.25	4	0.25	1	0	0	0	0	0	0
6000	581	30	300	4	25	8	87	1.93952	2	0	0	3	0.333333	3	0.333333	1	0	0	0	0	0	0
6000	585	30	300	4	25	4	11	1.04139	2	0	0	2	0.5	2	0.5	1	0	0	0	0	0	0
6000	586	30	300	4	25	7	71	1.85126	2	0	0	2	0.5	2	0.5	1	0	0	0	0	0	0
6000	587	30	300	4	25	6	14	1.14613	2	0	0	4	0.25	4	0.25	1	0	0	0	0	0	0
6000	592	30	300	4	25	6	14	1.14613	2	0	0	4	0.25	4	0.25	1	0	0	0	0	0	0
6000	593	30	300	4	25	6	19	1.27875	2	0	0	4	0.25	4	0.25	1	0	0	0	0	0	0
6000	594	30	300	4	25	8	36	1.5563	2	0	0	4	0.25	4	0.25	1	0	0	0	0	0	0
6000	595	30	300	4	25	8	21	1.32222	2	0	0	6	0.166667	6	0.166667	1	0	0	0	0	0	0
6000	596	30	300	4	25	5	11	1.04139	2	0	0	3	0.333333	3	0.333333	1	0	0	0	0	0	0
6000	597	30	300	4	25	6	23	1.36173	2	0	0	3	0.333333	3	0.333333	1	0	0	0	0	0	0
6000	599	30	300	4	25	5	11	1.04139	2	0	0	3	0.333333	3	0.333333	1	0	0	0	0	0	0
6000	600	30	300	4	25	6	47	1.6721	2	0	0	2	0.5	2	0.5	1	0	0	0	0	0	0
6000	601	30	300	4	25	9	31	1.49136	2	0	0	6	0.166667	6	0.166667	1	0	0	0	0	0	0
6000	604	30	300	4	25	7	31	1.49136	2	0	0	4	0.25	4	0.25	1	0	0	0	0	0	0
6000	605	30	300	4	25	9	35	1.54407	2	0	0	5	0.2	5	0.2	1	0	0	0	0	0	0
6000	606	30	300	4	25	4	15	1.17609	2	0	0	1	1	1	1	1	0	0	0	0	0	0
6000	608	30	300	4	25	6	15	1.17609	2	0	0	4	0.25	4	0.25	1	0	0	0	0	0	0
6000	609	30	300	4	25	4	11	1.04139	2	0	0	2	0.5	2	0.5	1	0	0	0	0	0	0
6000	610	30	300	4	25	4	11	1.04139	2	0	0	2	0.5	2	0.5	1	0	0	0	0	0	0
6000	613	30	300	4	25	7	17	1.23045	2	0	0	4	0.25	4	0.25	1	0	0	0	0	0	0
6000	614	30	300	4	25	5	11	1.04139	2	0	0	3	0.333333	3	0.333333	1	0	0	0	0	0	0
6000	616	30	300	4	25	6	26	1.41497	2	0	0	2	0.5	2	0.5	1	0	0	0	0	0	0
6000	619	30	300	4	25	9	25	1.39794	2	0	0	5	0.2	5	0.2	1	0	0	0	0	0	0
6000	621	30	300	4	25	8	42	1.62325	2	0	0	3	0.333333	3	0.333333	1	0	0	0	0	0	0
6000	622	30	300	4	25	7	47	1.6721	2	0	0	2	0.5	2	0.5	1	0	0	0	0	0	0
6000	623	30	300	4	25	8	32	1.50515	2	0	0	5	0.2	5	0.2	1	0	0	0	0	0	0
6000	625	30	300	4	25	9	65	1.81291	2	0	0	4	0.25	4	0.25	1	0	0	0	0	0	0
6000	629	30	300	4	25	5	17	1.23045	2	0	0	2	0.5	2	0.5	1	0	0	0	0	0	0
6000	630	30	300	4	25	5	17	1.23045	2	0	0	2	0.5	2	0.5	1	0	0	0	0	0	0
6000	631	30	300	4	25	8	21	1.32222	2	0	0	5	0.2	5	0.2	1	0	0	0	0	0	0
6000	632	30	300	4	25	7	29	1.4624	2	0	0	4	0.25	4	0.25	1	0	0	0	0	0	0
6000	633	30	300	4	25	6	35	1.54407	2	0	0	2	0.5	2	0.5	1	0	0	0	0	0	0
6000	636	30	300	4	25	6	12	1.07918	2	0	0	4	0.25	4	0.25	1	0	0	0	0	0	0
6000	638	30	300	4	25	9	49	1.6902	2	0	0	4	0.25	4	0.25	1	0	0	0	0	0	0
6000	641	30	300	4	25	6	10	1	2	0	0	5	0.2	5	0.2	1	0	0	0	0	0	0
6000	642	30	300	4	25	7	47	1.6721	2	0	0	3	0.333333	3	0.333333	1	0	0	0	0	0	0
6000	643	30	300	4	25	8	59	1.77085	2	0	0	4	0.25	4	0.25	1	0	0	0	0	0	0
6000	646	30	300	4	25	4	11	1.04139	2	0	0	2	0.5	2	0.5	1	0	0	0	0	0	0
6000	650	30	300	4	25	10	26	1.41497	2	0	0	8	0.125	8	0.125	1	0	0	0	0	0	0
6000	651	30	300	4	25	7	31	1.49136	2	0	0	3	0.333333	3	0.333333	1	0	0	0	0	0	0
6000	656	30	300	4	25	7	29	1.4624	2	0	0	4	0.25	4	0.25	1	0	0	0	0	0	0
6000	662	30	300	4	25	6	11	1.04139	2	0	0	5	0.2	5	0.2	1	0	0	0	0	0	0
6000	664	30	300	4	25	5	15	1.17609	2	0	0	2	0.5	2	0.5	1	0	0	0	0	0	0
6000	665	30	300	4	25	4	11	1.04139	2	0	0	2	0.5	2	0.5	1	0	0	0	0	0	0
6000	667	30	300	4	25	6	15	1.17609	2	0	0	3	0.333333	3	0.333333	1	0	0	0	0	0	0
6000	671	30	300	4	25	10	76	1.88081	2	0	0	5	0.2	5	0.2	1	0	0	0	0	0	0
6000	672	30	300	4	25	4	11	1.04139	2	0	0	2	0.5	2	0.5	1	0	0	0	0	0	0
6000	676	30	300	4	25	7	24	1.38021	2	0	0	3	0.333333	3	0.333333	1	0	0	0	0	0	0
6000	684	30	300	4	25	7	13	1.11394	2	0	0	6	0.166667	6	0.166667	1	0	0	0	0	0	0
6000	685	30	300	4	25	9	35	1.54407	2	0	0	5	0.2	5	0.2	1	0	0	0	0	0	0
6000	686	30	300	4	25	5	12	1.07918	2	0	0	3	0.333333	3	0.333333	1	0	0	0	0	0	0
6000	687	30	300	4	25	5	23	1.36173	2	0	0	2	0.5	2	0.5	1	0	0	0	0	0	0
6000	689	30	300	4	25	9	15	1.17609	2	0	0	7	0.142857	7	0.142857	1	0	0	0	0	0	0
6000	690	30	300	4	25	7	11	1.04139	2	0	0	5	0.2	5	0.2	1	0	0	0	0	0	0
6000	691	30	300	4	25	5	17	1.23045	2	0	0	2	0.5	2	0.5	1	0	0	0	0	0	0
6000	692	30	300	4	25	5	23	1.36173	2	0	0	2	0.5	2	0.5	1	0	0	0	0	0	0
6000	693	30	300	4	25	7	47	1.6721	2	0	0	3	0.333333	3	0.333333	1	0	0	0	0	0	0
6000	694	30	300	4	25	8	71	1.85126	2	0	0	3	0.333333	3	0.333333	1	0	0	0	0	0	0
6000	695	30	300	4	25	5	17	1.23045	2	0	0	2	0.5	2	0.5	1	0	0	0	0	0	0
6000	696	30	300	4	25	5	17	1.23045	2	0	0	2	0.5	2	0.5	1	0	0	0	0	0	0
6000	698	30	300	4	25	7	47	1.6721	2	0	0	3	0.333333	3	0.333333	1	0	0	0	0	0	0
6000	704	30	300	4	25	7	38	1.57978	2	0	0	3	0.333333	3	0.333333	1	0	0	0	0	0	0
6000	707	30	300	4	25	4	11	1.04139	2	0	0	2	0.5	2	0.5	1	0	0	0	0	0	0
6000	709	30	300	4	25	6	19	1.27875	2	0	0	4	0.25	4	0.25	1	0	0	0	0	0	0
6000	710	30	300	4	25	7	17	1.23045	2	0	0	5	0.2	5	0.2	1	0	0	0	0	0	0
6000	711	30	300	4	25	5	10	1	2	0	0	3	0.333333	3	0.333333	1	0	0	0	0	0	0
6000	712	30	300	4	25	9	53	1.72428	2	0	0	5	0.2	5	0.2	1	0	0	0	0	0	0
6000	713	30	300	4	25	9	29	1.4624	2	0	0	5	0.2	5	0.2	1	0	0	0	0	0	0
6000	714	30	300	4	25	6	23	1.36173	2	0	0	3	0.333333	3	0.333333	1	0	0	0	0	0	0
6000	715	30	300	4	25	6	19	1.27875	2	0	0	4	0.25	4	0.25	1	0	0	0	0	0	0
6000	717	30	300	4	25	6	35	1.54407	2	0	0	2	0.5	2	0.5	1	0	0	0	0	0	0
6000	718	30	300	4	25	5	11	1.04139	2	0	0	3	0.333333	3	0.333333	1	0	0	0	0	0	0
6000	720	30	300	4	25	9	52	1.716	2	0	0	4	0.25	4	0.25	1	0	0	0	0	0	0
6000	721	30	300	4	25	7	71	1.85126	2	0	0	2	0.5	2	0.5	1	0	0	0	0	0	0
6000	722	30	300	4	25	4	11	1.04139	2	0	0	2	0.5	2	0.5	1	0	0	0	0	0	0
6000	723	30	300	4	25	9	29	1.4624	2	0	0	5	0.2	5	0.2	1	0	0	0	0	0	0
6000	725	30	300	4	25	8	23	1.36173	2	0	0	5	0.2	5	0.2	1	0	0	0	0	0	0
6000	726	30	300	4	25	6	19	1.27875	2	0	0	4	0.25	4	0.25	1	0	0	0	0	0	0
6000	729	30	300	4	25	5	31	1.49136	2	0	0	1	1	1	1	1	0	0	0	0	0	0
6000	730	30	300	4	25	5	11	1.04139	2	0	0	3	0.333333	3	0.333333	1	0	0	0	0	0	0
6000	731	30	300	4	25	6	11	1.04139	2	0	0	5	0.2	5	0.2	1	0	0	0	0	0	0
6000	732	30	300	4	25	9	53	1.72428	2	0	0	5	0.2	5	0.2	1	0	0	0	0	0	0
6000	734	30	300	4	25	5	23	1.36173	2	0	0	2	0.5	2	0.5	1	0	0	0	0	0	0
6000	737	30	300	4	25	6	26	1.41497	2	0	0	2	0.5	2	0.5	1	0	0	0	0	0	0
6000	739	30	300	4	25	5	10	1	2	0	0	3	0.333333	3	0.333333	1	0	0	0	0	0	0
6000	742	30	300	4	25	4	11	1.04139	2	0	0	2	0.5	2	0.5	1	0	0	0	0	0	0
6000	746	30	300	4	25	7	19	1.27875	2	0	0	5	0.2	5	0.2	1	0	0	0	0	0	0
6000	748	30	300	4	25	5	17	1.23045	2	0	0	2	0.5	2	0.5	1	0	0	0	0	0	0
6000	750	30	300	4	25	5	23	1.36173	2	0	0	2	0.5	2	0.5	1	0	0	0	0	0	0
6000	753	30	300	4	25	7	29	1.4624	2	0	0	4	0.25	4	0.25	1	0	0	0	0	0	0
6000	754	30	300	4	25	11	53	1.72428	2	0	0	8	0.125	8	0.125	1	0	0	0	0	0	0
6000	755	30	300	4	25	9	80	1.90309	2	0	0	3	0.333333	3	0.333333	1	0	0	0	0	0	0
6000	757	30	300	4	25	4	11	1.04139	2	0	0	2	0.5	2	0.5	1	0	0	0	0	0	0
6000	758	30	300	4	25	6	47	1.6721	2	0	0	2	0.5	2	0.5	1	0	0	0	0	0	0
6000	762	30	300	4	25	7	39	1.59106	2	0	0	4	0.25	4	0.25	1	0	0	0	0	0	0
6000	764	30	300	4	25	5	19	1.27875	2	0	0	2	0.5	2	0.5	1	0	0	0	0	0	0
6000	765	30	300	4	25	5	23	1.36173	2	0	0	2	0.5	2	0.5	1	0	0	0	0	0	0
6000	766	30	300	4	25	7	35	1.54407	2	0	0	3	0.333333	3	0.333333	1	0	0	0	0	0	0
6000	771	30	300	4	25	5	17	1.23045	2	0	0	2	0.5	2	0.5	1	0	0	0	0	0	0
6000	775	30	300	4	25	6	23	1.36173	2	0	0	3	0.333333	3	0.333333	1	0	0	0	0	0	0
6000	776	30	300	4	25	6	14	1.14613	2	0	0	4	0.25	4	0.25	1	0	0	0	0	0	0
6000	778	30	300	4	25	5	23	1.36173	2	0	0	2	0.5	2	0.5	1	0	0	0	0	0	0
6000	785	30	300	4	25	6	26	1.41497	2	0	0	2	0.5	2	0.5	1	0	0	0	0	0	0
6000	788	30	300	4	25	10	57	1.75587	2	0	0	6	0.166667	6	0.166667	1	0	0	0	0	0	0
6000	789	30	300	4	25	5	17	1.23045	2	0	0	2	0.5	2	0.5	1	0	0	0	0	0	0
6000	790	30	300	4	25	6	35	1.54407	2	0	0	2	0.5	2	0.5	1	0	0	0	0	0	0
6000	791	30	300	4	25	5	17	1.23045	2	0	0	2	0.5	2	0.5	1	0	0	0	0	0	0
6000	792	30	300	4	25	6	35	1.54407	2	0	0	2	0.5	2	0.5	1	0	0	0	0	0	0
6000	797	30	300	4	25	10	52	1.716	2	0	0	5	0.2	5	0.2	1	0	0	0	0	0	0
6000	802	30	300	4	25	6	33	1.51851	2	0	0	2	0.5	2	0.5	1	0	0	0	0	0	0
6000	803	30	300	4	25	6	35	1.54407	2	0	0	2	0.5	2	0.5	1	0	0	0	0	0	0
6000	804	30	300	4	25	8	85	1.92942	2	0	0	2	0.5	2	0.5	1	0	0	0	0	0	0
6000	807	30	300	4	25	6	23	1.36173	2	0	0	3	0.333333	3	0.333333	1	0	0	0	0	0	0
6000	810	30	300	4	25	5	17	1.23045	2	0	0	2	0.5	2	0.5	1	0	0	0	0	0	0
6000	811	30	300	4	25	11	31	1.49136	2	0	0	9	0.111111	9	0.111111	1	0	0	0	0	0	0
6000	814	30	300	4	25	10	74	1.86923	2	0	0	4	0.25	4	0.25	1	0	0	0	0	0	0
6000	815	30	300	4	25	8	42	1.62325	2	0	0	4	0.25	4	0.25	1	0	0	0	0	0	0
6000	818	30	300	4	25	5	17	1.23045	2	0	0	2	0.5	2	0.5	1	0	0	0	0	0	0
6000	820	30	300	4	25	8	35	1.54407	2	0	0	5	0.2	5	0.2	1	0	0	0	0	0	0
6000	821	30	300	4	25	4	11	1.04139	2	0	0	2	0.5	2	0.5	1	0	0	0	0	0	0
6000	824	30	300	4	25	6	11	1.04139	2	0	0	5	0.2	5	0.2	1	0	0	0	0	0	0
6000	825	30	300	4	25	6	20	1.30103	2	0	0	3	0.333333	3	0.333333	1	0	0	0	0	0	0
6000	828	30	300	4	25	7	27	1.43136	2	0	0	3	0.333333	3	0.333333	1	0	0	0	0	0	0
6000	829	30	300	4	25	8	22	1.34242	2	0	0	5	0.2	5	0.2	1	0	0	0	0	0	0
6000	831	30	300	4	25	6	25	1.39794	2	0	0	3	0.333333	3	0.333333	1	0	0	0	0	0	0
6000	832	30	300	4	25	6	35	1.54407	2	0	0	2	0.5	2	0.5	1	0	0	0	0	0	0
6000	834	30	300	4	25	6	19	1.27875	2	0	0	4	0.25	4	0.25	1	0	0	0	0	0	0
6000	839	30	300	4	25	11	43	1.63347	2	0	0	6	0.166667	6	0.166667	1	0	0	0	0	0	0
6000	841	30	300	4	25	10	38	1.57978	2	0	0	7	0.142857	7	0.142857	1	0	0	0	0	0	0
6000	844	30	300	4	25	6	14	1.14613	2	0	0	4	0.25	4	0.25	1	0	0	0	0	0	0
6000	845	30	300	4	25	9	89	1.94939	2	0	0	4	0.25	4	0.25	1	0	0	0	0	0	0
6000	846	30	300	4	25	6	23	1.36173	2	0	0	3	0.333333	3	0.333333	1	0	0	0	0	0	0
6000	847	30	300	4	25	5	17	1.23045	2	0	0	2	0.5	2	0.5	1	0	0	0	0	0	0
6000	848	30	300	4	25	7	67	1.82607	2	0	0	2	0.5	2	0.5	1	0	0	0	0	0	0
6000	850	30	300	4	25	5	11	1.04139	2	0	0	3	0.333333	3	0.333333	1	0	0	0	0	0	0
6000	851	30	300	4	25	5	19	1.27875	2	0	0	2	0.5	2	0.5	1	0	0	0	0	0	0
6000	852	30	300	4	25	4	15	1.17609	2	0	0	1	1	1	1	1	0	0	0	0	0	0
6000	853	30	300	4	25	4	11	1.04139	2	0	0	2	0.5	2	0.5	1	0	0	0	0	0	0
6000	854	30	300	4	25	7	27	1.43136	2	0	0	3	0.333333	3	0.333333	1	0	0	0	0	0	0
6000	857	30	300	4	25	6	23	1.36173	2	0	0	3	0.333333	3	0.333333	1	0	0	0	0	0	0
6000	858	30	300	4	25	8	27	1.43136	2	0	0	6	0.166667	6	0.166667	1	0	0	0	0	0	0
6000	861	30	300	4	25	5	11	1.04139	2	0	0	3	0.333333	3	0.333333	1	0	0	0	0	0	0
6000	862	30	300	4	25	9	23	1.36173	2	0	0	7	0.142857	7	0.142857	1	0	0	0	0	0	0
6000	865	30	300	4	25	10	33	1.51851	2	0	0	8	0.125	8	0.125	1	0	0	0	0	0	0
6000	866	30	300	4	25	10	67	1.82607	2	0	0	4	0.25	4	0.25	1	0	0	0	0	0	0
6000	869	30	300	4	25	6	26	1.41497	2	0	0	2	0.5	2	0.5	1	0	0	0	0	0	0
6000	871	30	300	4	25	8	20	1.30103	2	0	0	6	0.166667	6	0.166667	1	0	0	0	0	0	0
6000	872	30	300	4	25	8	33	1.51851	2	0	0	4	0.25	4	0.25	1	0	0	0	0	0	0
6000	875	30	300	4	25	9	27	1.43136	2	0	0	6	0.166667	6	0.166667	1	0	0	0	0	0	0
6000	877	30	300	4	25	8	87	1.93952	2	0	0	3	0.333333	3	0.333333	1	0	0	0	0	0	0
6000	878	30	300	4	25	8	71	1.85126	2	0	0	3	0.333333	3	0.333333	1	0	0	0	0	0	0
6000	880	30	300	4	25	9	83	1.91908	2	0	0	3	0.333333	3	0.333333	1	0	0	0	0	0	0
6000	883	30	300	4	25	6	31	1.49136	2	0	0	3	0.333333	3	0.333333	1	0	0	0	0	0	0
6000	886	30	300	4	25	6	19	1.27875	2	0	0	4	0.25	4	0.25	1	0	0	0	0	0	0
6000	888	30	300	4	25	6	26	1.41497	2	0	0	2	0.5	2	0.5	1	0	0	0	0	0	0
6000	889	30	300	4	25	6	13	1.11394	2	0	0	4	0.25	4	0.25	1	0	0	0	0	0	0
6000	890	30	300	4	25	7	29	1.4624	2	0	0	3	0.333333	3	0.333333	1	0	0	0	0	0	0
6000	892	30	300	4	25	7	13	1.11394	2	0	0	6	0.166667	6	0.166667	1	0	0	0	0	0	0
6000	894	30	300	4	25	4	11	1.04139	2	0	0	2	0.5	2	0.5	1	0	0	0	0	0	0
6000	896	30	300	4	25	7	41	1.61278	2	0	0	3	0.333333	3	0.333333	1	0	0	0	0	0	0
6000	897	30	300	4	25	5	15	1.17609	2	0	0	3	0.333333	3	0.333333	1	0	0	0	0	0	0
6000	898	30	300	4	25	9	55	1.74036	2	0	0	6	0.166667	6	0.166667	1	0	0	0	0	0	0
6000	901	30	300	4	25	7	29	1.4624	2	0	0	4	0.25	4	0.25	1	0	0	0	0	0	0
6000	903	30	300	4	25	6	16	1.20412	2	0	0	4	0.25	4	0.25	1	0	0	0	0	0	0
6000	906	30	300	4	25	5	17	1.23045	2	0	0	2	0.5	2	0.5	1	0	0	0	0	0	0
6000	907	30	300	4	25	11	59	1.77085	2	0	0	7	0.142857	7	0.142857	1	0	0	0	0	0	0
6000	908	30	300	4	25	7	53	1.72428	2	0	0	2	0.5	2	0.5	1	0	0	0	0	0	0
6000	910	30	300	4	25	5	17	1.23045	2	0	0	2	0.5	2	0.5	1	0	0	0	0	0	0
6000	915	30	300	4	25	6	19	1.27875	2	0	0	3	0.333333	3	0.333333	1	0	0	0	0	0	0
6000	920	30	300	4	25	8	47	1.6721	2	0	0	5	0.2	5	0.2	1	0	0	0	0	0	0
6000	921	30	300	4	25	7	53	1.72428	2	0	0	2	0.5	2	0.5	1	0	0	0	0	0	0
6000	922	30	300	4	25	5	13	1.11394	2	0	0	3	0.333333	3	0.333333	1	0	0	0	0	0	0
6000	924	30	300	4	25	5	11	1.04139	2	0	0	3	0.333333	3	0.333333	1	0	0	0	0	0	0
6000	926	30	300	4	25	4	11	1.04139	2	0	0	2	0.5	2	0.5	1	0	0	0	0	0	0
6000	929	30	300	4	25	5	17	1.23045	2	0	0	2	0.5	2	0.5	1	0	0	0	0	0	0
6000	934	30	300	4	25	5	12	1.07918	2	0	0	3	0.333333	3	0.333333	1	0	0	0	0	0	0
6000	936	30	300	4	25	9	97	1.98677	2	0	0	3	0.333333	3	0.333333	1	0	0	0	0	0	0
6000	940	30	300	4	25	7	53	1.72428	2	0	0	2	0.5	2	0.5	1	0	0	0	0	0	0
6000	941	30	300	4	25	7	19	1.27875	2	0	0	4	0.25	4	0.25	1	0	0	0	0	0	0
6000	943	30	300	4	25	6	31	1.49136	2	0	0	2	0.5	2	0.5	1	0	0	0	0	0	0
6000	944	30	300	4	25	7	17	1.23045	2	0	0	5	0.2	5	0.2	1	0	0	0	0	0	0
6000	951	30	300	4	25	6	23	1.36173	2	0	0	3	0.333333	3	0.333333	1	0	0	0	0	0	0
6000	952	30	300	4	25	6	13	1.11394	2	0	0	4	0.25	4	0.25	1	0	0	0	0	0	0
6000	953	30	300	4	25	7	23	1.36173	2	0	0	4	0.25	4	0.25	1	0	0	0	0	0	0
6000	954	30	300	4	25	7	47	1.6721	2	0	0	2	0.5	2	0.5	1	0	0	0	0	0	0
6000	955	30	300	4	25	6	19	1.27875	2	0	0	4	0.25	4	0.25	1	0	0	0	0	0	0
6000	956	30	300	4	25	5	23	1.36173	2	0	0	2	0.5	2	0.5	1	0	0	0	0	0	0
6000	957	30	300	4	25	6	27	1.43136	2	0	0	3	0.333333	3	0.333333	1	0	0	0	0	0	0
6000	959	30	300	4	25	7	35	1.54407	2	0	0	3	0.333333	3	0.333333	1	0	0	0	0	0	0
6000	963	30	300	4	25	8	35	1.54407	2	0	0	5	0.2	5	0.2	1	0	0	0	0	0	0
6000	964	30	300	4	25	7	53	1.72428	2	0	0	2	0.5	2	0.5	1	0	0	0	0	0	0
6000	965	30	300	4	25	8	47	1.6721	2	0	0	3	0.333333	3	0.333333	1	0	0	0	0	0	0
6000	967	30	300	4	25	6	31	1.49136	2	0	0	3	0.333333	3	0.333333	1	0	0	0	0	0	0
6000	968	30	300	4	25	4	11	1.04139	2	0	0	2	0.5	2	0.5	1	0	0	0	0	0	0
6000	969	30	300	4	25	8	27	1.43136	2	0	0	4	0.25	4	0.25	1	0	0	0	0	0	0
6000	970	30	300	4	25	9	71	1.85126	2	0	0	4	0.25	4	0.25	1	0	0	0	0	0	0
6000	972	30	300	4	25	7	35	1.54407	2	0	0	3	0.333333	3	0.333333	1	0	0	0	0	0	0
6000	980	30	300	4	25	13	53	1.72428	2	0	0	8	0.125	8	0.125	1	0	0	0	0	0	0
6000	981	30	300	4	25	7	14	1.14613	2	0	0	4	0.25	4	0.25	1	0	0	0	0	0	0
6000	983	30	300	4	25	7	19	1.27875	2	0	0	4	0.25	4	0.25	1	0	0	0	0	0	0
6000	984	30	300	4	25	5	11	1.04139	2	0	0	3	0.333333	3	0.333333	1	0	0	0	0	0	0
6000	985	30	300	4	25	9	89	1.94939	2	0	0	4	0.25	4	0.25	1	0	0	0	0	0	0
6000	986	30	300	4	25	6	23	1.36173	2	0	0	3	0.333333	3	0.333333	1	0	0	0	0	0	0
6000	987	30	300	4	25	6	27	1.43136	2	0	0	2	0.5	2	0.5	1	0	0	0	0	0	0
6000	990	30	300	4	25	8	59	1.77085	2	0	0	3	0.333333	3	0.333333	1	0	0	0	0	0	0
6000	991	30	300	4	25	7	16	1.20412	2	0	0	4	0.25	4	0.25	1	0	0	0	0	0	0
6000	992	30	300	4	25	7	29	1.4624	2	0	0	4	0.25	4	0.25	1	0	0	0	0	0	0
6000	993	30	300	4	25	5	15	1.17609	2	0	0	3	0.333333	3	0.333333	1	0	0	0	0	0	0
6000	994	30	300	4	25	10	49	1.6902	2	0	0	6	0.166667	6	0.166667	1	0	0	0	0	0	0
6000	995	30	300	4	25	7	79	1.89763	2	0	0	2	0.5	2	0.5	1	0	0	0	0	0	0
6000	996	30	300	4	25	5	23	1.36173	2	0	0	2	0.5	2	0.5	1	0	0	0	0	0	0
6000	997	30	300	4	25	7	29	1.4624	2	0	0	4	0.25	4	0.25	1	0	0	0	0	0	0
6000	998	30	300	4	25	4	11	1.04139	2	0	0	2	0.5	2	0.5	1	0	0	0	0	0	0
6000	999	30	300	4	25	6	29	1.4624	2	0	0	2	0.5	2	0.5	1	0	0	0	0	0	0
6000	1	40	300	4	25	9	24	1.38021	2	0	0	7	0.142857	7	0.142857	1	0	0	0	0	0	0
6000	2	40	300	4	25	9	59	1.77085	2	0	0	4	0.25	4	0.25	1	0	0	0	0	0	0
6000	4	40	300	4	25	9	28	1.44716	2	0	0	6	0.166667	6	0.166667	1	0	0	0	0	0	0
6000	11	40	300	4	25	8	36	1.5563	2	0	0	4	0.25	4	0.25	1	0	0	0	0	0	0
6000	12	40	300	4	25	10	85	1.92942	2	0	0	4	0.25	4	0.25	1	0	0	0	0	0	0
6000	13	40	300	4	25	8	95	1.97772	2	0	0	3	0.333333	3	0.333333	1	0	0	0	0	0	0
6000	15	40	300	4	25	8	43	1.63347	2	0	0	3	0.333333	3	0.333333	1	0	0	0	0	0	0
6000	16	40	300	4	25	6	23	1.36173	2	0	0	3	0.333333	3	0.333333	1	0	0	0	0	0	0
6000	19	40	300	4	25	6	47	1.6721	2	0	0	2	0.5	2	0.5	1	0	0	0	0	0	0
6000	20	40	300	4	25	8	71	1.85126	2	0	0	3	0.333333	3	0.333333	1	0	0	0	0	0	0
6000	22	40	300	4	25	7	47	1.6721	2	0	0	3	0.333333	3	0.333333	1	0	0	0	0	0	0
6000	26	40	300	4	25	6	35	1.54407	2	0	0	2	0.5	2	0.5	1	0	0	0	0	0	0
6000	29	40	300	4	25	7	35	1.54407	2	0	0	3	0.333333	3	0.333333	1	0	0	0	0	0	0
6000	31	40	300	4	25	7	29	1.4624	2	0	0	4	0.25	4	0.25	1	0	0	0	0	0	0
6000	34	40	300	4	25	8	41	1.61278	2	0	0	4	0.25	4	0.25	1	0	0	0	0	0	0
6000	36	40	300	4	25	11	47	1.6721	2	0	0	8	0.125	8	0.125	1	0	0	0	0	0	0
6000	40	40	300	4	25	8	71	1.85126	2	0	0	3	0.333333	3	0.333333	1	0	0	0	0	0	0
6000	41	40	300	4	25	8	26	1.41497	2	0	0	4	0.25	4	0.25	1	0	0	0	0	0	0
6000	42	40	300	4	25	9	83	1.91908	2	0	0	3	0.333333	3	0.333333	1	0	0	0	0	0	0
6000	43	40	300	4	25	8	23	1.36173	2	0	0	5	0.2	5	0.2	1	0	0	0	0	0	0
6000	45	40	300	4	25	9	47	1.6721	2	0	0	5	0.2	5	0.2	1	0	0	0	0	0	0
6000	46	40	300	4	25	8	26	1.41497	2	0	0	4	0.25	4	0.25	1	0	0	0	0	0	0
6000	47	40	300	4	25	5	18	1.25527	2	0	0	2	0.5	2	0.5	1	0	0	0	0	0	0
6000	48	40	300	4	25	5	17	1.23045	2	0	0	2	0.5	2	0.5	1	0	0	0	0	0	0
6000	49	40	300	4	25	6	15	1.17609	2	0	0	3	0.333333	3	0.333333	1	0	0	0	0	0	0
6000	52	40	300	4	25	5	10	1	2	0	0	3	0.333333	3	0.333333	1	0	0	0	0	0	0
6000	54	40	300	4	25	6	47	1.6721	2	0	0	2	0.5	2	0.5	1	0	0	0	0	0	0
6000	55	40	300	4	25	8	21	1.32222	2	0	0	6	0.166667	6	0.166667	1	0	0	0	0	0	0
6000	56	40	300	4	25	7	19	1.27875	2	0	0	4	0.25	4	0.25	1	0	0	0	0	0	0
6000	57	40	300	4	25	6	35	1.54407	2	0	0	2	0.5	2	0.5	1	0	0	0	0	0	0
6000	59	40	300	4	25	8	71	1.85126	2	0	0	3	0.333333	3	0.333333	1	0	0	0.01	-2	0	0
6000	62	40	300	4	25	8	39	1.59106	2	0	0	4	0.25	4	0.25	1	0	0	0	0	0	0
6000	63	40	300	4	25	9	28	1.44716	2	0	0	6	0.166667	6	0.166667	1	0	0	0	0	0	0
6000	65	40	300	4	25	9	94	1.97313	2	0	0	3	0.333333	3	0.333333	1	0	0	0	0	0	0
6000	69	40	300	4	25	7	71	1.85126	2	0	0	2	0.5	2	0.5	1	0	0	0	0	0	0
6000	70	40	300	4	25	6	31	1.49136	2	0	0	3	0.333333	3	0.333333	1	0	0	0	0	0	0
6000	72	40	300	4	25	6	24	1.38021	2	0	0	3	0.333333	3	0.333333	1	0	0	0	0	0	0
6000	73	40	300	4	25	6	47	1.6721	2	0	0	2	0.5	2	0.5	1	0	0	0	0	0	0
6000	74	40	300	4	25	7	29	1.4624	2	0	0	3	0.333333	3	0.333333	1	0	0	0	0	0	0
6000	75	40	300	4	25	11	38	1.57978	2	0	0	7	0.142857	7	0.142857	1	0	0	0	0	0	0
6000	78	40	300	4	25	5	23	1.36173	2	0	0	2	0.5	2	0.5	1	0	0	0	0	0	0
6000	80	40	300	4	25	6	29	1.4624	2	0	0	2	0.5	2	0.5	1	0	0	0	0	0	0
6000	83	40	300	4	25	4	15	1.17609	2	0	0	1	1	1	1	1	0	0	0	0	0	0
6000	86	40	300	4	25	9	31	1.49136	2	0	0	7	0.142857	7	0.142857	1	0	0	0	0	0	0
6000	90	40	300	4	25	8	39	1.59106	2	0	0	4	0.25	4	0.25	1	0	0	0	0	0	0
6000	93	40	300	4	25	8	35	1.54407	2	0	0	5	0.2	5	0.2	1	0	0	0	0	0	0
6000	94	40	300	4	25	9	89	1.94939	2	0	0	4	0.25	4	0.25	1	0	0	0	0	0	0
6000	95	40	300	4	25	11	44	1.64345	2	0	0	8	0.125	8	0.125	1	0	0	0	0	0	0
6000	97	40	300	4	25	7	71	1.85126	2	0	0	2	0.5	2	0.5	1	0	0	0	0	0	0
6000	106	40	300	4	25	8	39	1.59106	2	0	0	4	0.25	4	0.25	1	0	0	0	0	0	0
6000	107	40	300	4	25	8	69	1.83885	2	0	0	3	0.333333	3	0.333333	1	0	0	0	0	0	0
6000	110	40	300	4	25	7	43	1.63347	2	0	0	3	0.333333	3	0.333333	1	0	0	0	0	0	0
6000	112	40	300	4	25	6	27	1.43136	2	0	0	3	0.333333	3	0.333333	1	0	0	0	0	0	0
6000	113	40	300	4	25	7	39	1.59106	2	0	0	4	0.25	4	0.25	1	0	0	0	0	0	0
6000	114	40	300	4	25	10	36	1.5563	2	0	0	6	0.166667	6	0.166667	1	0	0	0	0	0	0
6000	115	40	300	4	25	8	71	1.85126	2	0	0	3	0.333333	3	0.333333	1	0	0	0	0	0	0
6000	116	40	300	4	25	8	34	1.53148	2	0	0	4	0.25	4	0.25	1	0	0	0	0	0	0
6000	120	40	300	4	25	5	23	1.36173	2	0	0	2	0.5	2	0.5	1	0	0	0	0	0	0
6000	122	40	300	4	25	10	73	1.86332	2	0	0	4	0.25	4	0.25	1	0	0	0	0	0	0
6000	125	40	300	4	25	7	37	1.5682	2	0	0	3	0.333333	3	0.333333	1	0	0	0	0	0	0
6000	127	40	300	4	25	6	33	1.51851	2	0	0	2	0.5	2	0.5	1	0	0	0	0	0	0
6000	130	40	300	4	25	7	39	1.59106	2	0	0	3	0.333333	3	0.333333	1	0	0	0	0	0	0
6000	131	40	300	4	25	10	42	1.62325	2	0	0	7	0.142857	7	0.142857	1	0	0	0	0	0	0
6000	133	40	300	4	25	7	41	1.61278	2	0	0	3	0.333333	3	0.333333	1	0	0	0	0	0	0
6000	135	40	300	4	25	5	19	1.27875	2	0	0	2	0.5	2	0.5	1	0	0	0	0	0	0
6000	136	40	300	4	25	4	11	1.04139	2	0	0	2	0.5	2	0.5	1	0	0	0	0	0	0
6000	137	40	300	4	25	8	23	1.36173	2	0	0	4	0.25	4	0.25	1	0	0	0	0	0	0
6000	138	40	300	4	25	7	21	1.32222	2	0	0	4	0.25	4	0.25	1	0	0	0	0	0	0
6000	139	40	300	4	25	9	23	1.36173	2	0	0	7	0.142857	7	0.142857	1	0	0	0	0	0	0
6000	141	40	300	4	25	8	61	1.78533	2	0	0	3	0.333333	3	0.333333	1	0	0	0	0	0	0
6000	146	40	300	4	25	6	37	1.5682	2	0	0	2	0.5	2	0.5	1	0	0	0	0	0	0
6000	148	40	300	4	25	8	47	1.6721	2	0	0	3	0.333333	3	0.333333	1	0	0	0	0	0	0
6000	149	40	300	4	25	8	56	1.74819	2	0	0	3	0.333333	3	0.333333	1	0	0	0	0	0	0
6000	152	40	300	4	25	9	37	1.5682	2	0	0	6	0.166667	6	0.166667	1	0	0	0	0	0	0
6000	153	40	300	4	25	9	57	1.75587	2	0	0	5	0.2	5	0.2	1	0	0	0	0	0	0
6000	154	40	300	4	25	6	18	1.25527	2	0	0	3	0.333333	3	0.333333	1	0	0	0	0	0	0
6000	158	40	300	4	25	7	26	1.41497	2	0	0	4	0.25	4	0.25	1	0	0	0	0	0	0
6000	164	40	300	4	25	6	19	1.27875	2	0	0	4	0.25	4	0.25	1	0	0	0	0	0	0
6000	166	40	300	4	25	8	29	1.4624	2	0	0	4	0.25	4	0.25	1	0	0	0	0	0	0
6000	168	40	300	4	25	6	26	1.41497	2	0	0	2	0.5	2	0.5	1	0	0	0	0	0	0
6000	170	40	300	4	25	7	36	1.5563	2	0	0	3	0.333333	3	0.333333	1	0	0	0	0	0	0
6000	172	40	300	4	25	7	44	1.64345	2	0	0	2	0.5	2	0.5	1	0	0	0	0	0	0
6000	173	40	300	4	25	7	35	1.54407	2	0	0	3	0.333333	3	0.333333	1	0	0	0	0	0	0
6000	174	40	300	4	25	7	79	1.89763	2	0	0	2	0.5	2	0.5	1	0	0	0	0	0	0
6000	175	40	300	4	25	10	21	1.32222	2	0	0	8	0.125	8	0.125	1	0	0	0	0	0	0
6000	176	40	300	4	25	11	97	1.98677	2	0	0	6	0.166667	6	0.166667	1	0	0	0	0	0	0
6000	177	40	300	4	25	11	89	1.94939	2	0	0	5	0.2	5	0.2	1	0	0	0	0	0	0
6000	180	40	300	4	25	7	32	1.50515	2	0	0	4	0.25	4	0.25	1	0	0	0	0	0	0
6000	183	40	300	4	25	11	99	1.99564	2	0	0	5	0.2	5	0.2	1	0	0	0	0	0	0
6000	184	40	300	4	25	9	56	1.74819	2	0	0	4	0.25	4	0.25	1	0	0	0	0	0	0
6000	186	40	300	4	25	9	63	1.79934	2	0	0	4	0.25	4	0.25	1	0	0	0	0	0	0
6000	187	40	300	4	25	6	11	1.04139	2	0	0	5	0.2	5	0.2	1	0	0	0	0	0	0
6000	188	40	300	4	25	7	47	1.6721	2	0	0	3	0.333333	3	0.333333	1	0	0	0	0	0	0
6000	190	40	300	4	25	12	71	1.85126	2	0	0	8	0.125	8	0.125	1	0	0	0	0	0	0
6000	191	40	300	4	25	7	35	1.54407	2	0	0	3	0.333333	3	0.333333	1	0	0	0	0	0	0
6000	192	40	300	4	25	12	67	1.82607	2	0	0	8	0.125	8	0.125	1	0	0	0	0	0	0
6000	193	40	300	4	25	6	12	1.07918	2	0	0	4	0.25	4	0.25	1	0	0	0	0	0	0
6000	197	40	300	4	25	6	16	1.20412	2	0	0	3	0.333333	3	0.333333	1	0	0	0	0	0	0
6000	201	40	300	4	25	9	95	1.97772	2	0	0	3	0.333333	3	0.333333	1	0	0	0	0	0	0
6000	202	40	300	4	25	9	69	1.83885	2	0	0	3	0.333333	3	0.333333	1	0	0	0	0	0	0
6000	205	40	300	4	25	8	47	1.6721	2	0	0	4	0.25	4	0.25	1	0	0	0	0	0	0
6000	206	40	300	4	25	9	93	1.96848	2	0	0	3	0.333333	3	0.333333	1	0	0	0	0	0	0
6000	207	40	300	4	25	8	39	1.59106	2	0	0	4	0.25	4	0.25	1	0	0	0	0	0	0
6000	210	40	300	4	25	9	65	1.81291	2	0	0	5	0.2	5	0.2	1	0	0	0	0	0	0
6000	211	40	300	4	25	8	63	1.79934	2	0	0	3	0.333333	3	0.333333	1	0	0	0	0	0	0
6000	212	40	300	4	25	6	14	1.14613	2	0	0	3	0.333333	3	0.333333	1	0	0	0	0	0	0
6000	213	40	300	4	25	7	54	1.73239	2	0	0	3	0.333333	3	0.333333	1	0	0	0	0	0	0
6000	214	40	300	4	25	7	44	1.64345	2	0	0	2	0.5	2	0.5	1	0	0	0	0	0	0
6000	215	40	300	4	25	8	47	1.6721	2	0	0	5	0.2	5	0.2	1	0	0	0	0	0	0
6000	217	40	300	4	25	10	52	1.716	2	0	0	6	0.166667	6	0.166667	1	0	0	0	0	0	0
6000	226	40	300	4	25	7	38	1.57978	2	0	0	3	0.333333	3	0.333333	1	0	0	0	0	0	0
6000	227	40	300	4	25	7	51	1.70757	2	0	0	3	0.333333	3	0.333333	1	0	0	0	0	0	0
6000	228	40	300	4	25	7	39	1.59106	2	0	0	4	0.25	4	0.25	1	0	0	0	0	0	0
6000	230	40	300	4	25	6	33	1.51851	2	0	0	2	0.5	2	0.5	1	0	0	0	0	0	0
6000	232	40	300	4	25	7	71	1.85126	2	0	0	2	0.5	2	0.5	1	0	0	0	0	0	0
6000	235	40	300	4	25	4	11	1.04139	2	0	0	2	0.5	2	0.5	1	0	0	0	0	0	0
6000	239	40	300	4	25	7	35	1.54407	2	0	0	3	0.333333	3	0.333333	1	0	0	0	0	0	0
6000	245	40	300	4	25	7	19	1.27875	2	0	0	5	0.2	5	0.2	1	0	0	0	0	0	0
6000	246	40	300	4	25	7	31	1.49136	2	0	0	3	0.333333	3	0.333333	1	0	0	0	0	0	0
6000	248	40	300	4	25	8	55	1.74036	2	0	0	3	0.333333	3	0.333333	1	0	0	0	0	0	0
6000	250	40	300	4	25	9	74	1.86923	2	0	0	4	0.25	4	0.25	1	0	0	0	0	0	0
6000	251	40	300	4	25	5	31	1.49136	2	0	0	1	1	1	1	1	0	0	0	0	0	0
6000	252	40	300	4	25	7	55	1.74036	2	0	0	3	0.333333	3	0.333333	1	0	0	0	0	0	0
6000	253	40	300	4	25	9	79	1.89763	2	0	0	4	0.25	4	0.25	1	0	0	0	0	0	0
6000	254	40	300	4	25	9	43	1.63347	2	0	0	4	0.25	4	0.25	1	0	0	0	0	0	0
6000	258	40	300	4	25	4	11	1.04139	2	0	0	2	0.5	2	0.5	1	0	0	0	0	0	0
6000	259	40	300	4	25	8	95	1.97772	2	0	0	3	0.333333	3	0.333333	1	0	0	0	0	0	0
6000	260	40	300	4	25	5	17	1.23045	2	0	0	2	0.5	2	0.5	1	0	0	0	0	0	0
6000	262	40	300	4	25	11	46	1.66276	2	0	0	6	0.166667	6	0.166667	1	0	0	0	0	0	0
6000	265	40	300	4	25	10	78	1.89209	2	0	0	6	0.166667	6	0.166667	1	0	0	0	0	0	0
6000	266	40	300	4	25	7	23	1.36173	2	0	0	4	0.25	4	0.25	1	0	0	0	0	0	0
6000	267	40	300	4	25	5	17	1.23045	2	0	0	2	0.5	2	0.5	1	0	0	0	0	0	0
6000	268	40	300	4	25	9	79	1.89763	2	0	0	4	0.25	4	0.25	1	0	0	0	0	0	0
6000	269	40	300	4	25	6	35	1.54407	2	0	0	2	0.5	2	0.5	1	0	0	0	0	0	0
6000	270	40	300	4	25	8	59	1.77085	2	0	0	3	0.333333	3	0.333333	1	0	0	0	0	0	0
6000	271	40	300	4	25	6	19	1.27875	2	0	0	4	0.25	4	0.25	1	0	0	0	0	0	0
6000	272	40	300	4	25	10	62	1.79239	2	0	0	6	0.166667	6	0.166667	1	0	0	0	0	0	0
6000	273	40	300	4	25	8	37	1.5682	2	0	0	5	0.2	5	0.2	1	0	0	0	0	0	0
6000	277	40	300	4	25	10	95	1.97772	2	0	0	5	0.2	5	0.2	1	0	0	0	0	0	0
6000	279	40	300	4	25	7	25	1.39794	2	0	0	4	0.25	4	0.25	1	0	0	0	0	0	0
6000	280	40	300	4	25	7	31	1.49136	2	0	0	3	0.333333	3	0.333333	1	0	0	0	0	0	0
6000	283	40	300	4	25	4	11	1.04139	2	0	0	2	0.5	2	0.5	1	0	0	0	0	0	0
6000	284	40	300	4	25	7	29	1.4624	2	0	0	4	0.25	4	0.25	1	0	0	0	0	0	0
6000	285	40	300	4	25	8	95	1.97772	2	0	0	3	0.333333	3	0.333333	1	0	0	0	0	0	0
6000	287	40	300	4	25	10	41	1.61278	2	0	0	7	0.142857	7	0.142857	1	0.01	-2	0	0	0	0
6000	288	40	300	4	25	6	23	1.36173	2	0	0	3	0.333333	3	0.333333	1	0	0	0	0	0	0
6000	292	40	300	4	25	10	71	1.85126	2	0	0	5	0.2	5	0.2	1	0	0	0	0	0	0
6000	299	40	300	4	25	9	61	1.78533	2	0	0	5	0.2	5	0.2	1	0	0	0	0	0	0
6000	301	40	300	4	25	8	95	1.97772	2	0	0	3	0.333333	3	0.333333	1	0	0	0	0	0	0
6000	303	40	300	4	25	5	23	1.36173	2	0	0	2	0.5	2	0.5	1	0	0	0	0	0	0
6000	304	40	300	4	25	7	31	1.49136	2	0	0	4	0.25	4	0.25	1	0	0	0	0	0	0
6000	305	40	300	4	25	7	71	1.85126	2	0	0	2	0.5	2	0.5	1	0	0	0	0	0	0
6000	306	40	300	4	25	8	37	1.5682	2	0	0	4	0.25	4	0.25	1	0	0	0	0	0	0
6000	308	40	300	4	25	6	18	1.25527	2	0	0	3	0.333333	3	0.333333	1	0	0	0	0	0	0
6000	310	40	300	4	25	7	29	1.4624	2	0	0	4	0.25	4	0.25	1	0	0	0	0	0	0
6000	313	40	300	4	25	7	47	1.6721	2	0	0	3	0.333333	3	0.333333	1	0	0	0	0	0	0
6000	314	40	300	4	25	9	95	1.97772	2	0	0	3	0.333333	3	0.333333	1	0	0	0	0	0	0
6000	316	40	300	4	25	8	71	1.85126	2	0	0	3	0.333333	3	0.333333	1	0	0	0	0	0	0
6000	318	40	300	4	25	4	11	1.04139	2	0	0	2	0.5	2	0.5	1	0	0	0	0	0	0
6000	319	40	300	4	25	6	19	1.27875	2	0	0	4	0.25	4	0.25	1	0	0	0	0	0	0
6000	320	40	300	4	25	7	40	1.60206	2	0	0	3	0.333333	3	0.333333	1	0	0	0	0	0	0
6000	323	40	300	4	25	10	48	1.68124	2	0	0	4	0.25	4	0.25	1	0	0	0	0	0	0
6000	324	40	300	4	25	9	70	1.8451	2	0	0	3	0.333333	3	0.333333	1	0	0	0	0	0	0
6000	325	40	300	4	25	5	11	1.04139	2	0	0	3	0.333333	3	0.333333	1	0	0	0	0	0	0
6000	328	40	300	4	25	5	19	1.27875	2	0	0	2	0.5	2	0.5	1	0	0	0	0	0	0
6000	330	40	300	4	25	10	85	1.92942	2	0	0	5	0.2	5	0.2	1	0	0	0	0	0	0
6000	333	40	300	4	25	9	89	1.94939	2	0	0	4	0.25	4	0.25	1	0	0	0	0	0	0
6000	334	40	300	4	25	6	17	1.23045	2	0	0	3	0.333333	3	0.333333	1	0	0	0	0	0	0
6000	335	40	300	4	25	5	23	1.36173	2	0	0	2	0.5	2	0.5	1	0	0	0	0	0	0
6000	336	40	300	4	25	7	41	1.61278	2	0	0	3	0.333333	3	0.333333	1	0	0	0	0	0	0
6000	337	40	300	4	25	10	97	1.98677	2	0	0	5	0.2	5	0.2	1	0	0	0	0	0	0
6000	338	40	300	4	25	10	69	1.83885	2	0	0	6	0.166667	6	0.166667	1	0	0	0	0	0	0
6000	339	40	300	4	25	6	23	1.36173	2	0	0	3	0.333333	3	0.333333	1	0	0	0	0	0	0
6000	343	40	300	4	25	7	38	1.57978	2	0	0	3	0.333333	3	0.333333	1	0	0	0	0	0	0
6000	346	40	300	4	25	5	23	1.36173	2	0	0	2	0.5	2	0.5	1	0	0	0	0	0	0
6000	348	40	300	4	25	10	32	1.50515	2	0	0	6	0.166667	6	0.166667	1	0	0	0	0	0	0
6000	352	40	300	4	25	6	15	1.17609	2	0	0	3	0.333333	3	0.333333	1	0	0	0	0	0	0
6000	353	40	300	4	25	5	23	1.36173	2	0	0	2	0.5	2	0.5	1	0	0	0	0	0	0
6000	354	40	300	4	25	10	89	1.94939	2	0	0	4	0.25	4	0.25	1	0	0	0	0	0	0
6000	355	40	300	4	25	8	15	1.17609	2	0	0	7	0.142857	7	0.142857	1	0	0	0	0	0	0
6000	357	40	300	4	25	10	73	1.86332	2	0	0	5	0.2	5	0.2	1	0	0	0	0	0	0
6000	360	40	300	4	25	8	71	1.85126	2	0	0	3	0.333333	3	0.333333	1	0	0	0	0	0	0
6000	362	40	300	4	25	6	11	1.04139	2	0	0	5	0.2	5	0.2	1	0	0	0	0	0	0
6000	364	40	300	4	25	7	29	1.4624	2	0	0	4	0.25	4	0.25	1	0	0	0	0	0	0
6000	366	40	300	4	25	8	29	1.4624	2	0	0	5	0.2	5	0.2	1	0	0	0	0	0	0
6000	367	40	300	4	25	8	24	1.38021	2	0	0	5	0.2	5	0.2	1	0	0	0	0	0	0
6000	368	40	300	4	25	5	11	1.04139	2	0	0	3	0.333333	3	0.333333	1	0	0	0	0	0	0
6000	370	40	300	4	25	9	40	1.60206	2	0	0	4	0.25	4	0.25	1	0	0	0	0	0	0
6000	372	40	300	4	25	8	79	1.89763	2	0	0	3	0.333333	3	0.333333	1	0	0	0	0	0	0
6000	374	40	300	4	25	6	47	1.6721	2	0	0	2	0.5	2	0.5	1	0	0	0	0	0	0
6000	377	40	300	4	25	9	43	1.63347	2	0	0	4	0.25	4	0.25	1	0	0	0	0	0	0
6000	378	40	300	4	25	5	14	1.14613	2	0	0	2	0.5	2	0.5	1	0	0	0	0	0	0
6000	380	40	300	4	25	8	71	1.85126	2	0	0	3	0.333333	3	0.333333	1	0	0	0	0	0	0
6000	383	40	300	4	25	7	35	1.54407	2	0	0	3	0.333333	3	0.333333	1	0	0	0	0	0	0
6000	385	40	300	4	25	10	90	1.95424	2	0	0	5	0.2	5	0.2	1	0	0	0	0	0	0
6000	394	40	300	4	25	9	66	1.81954	2	0	0	4	0.25	4	0.25	1	0	0	0	0	0	0
6000	395	40	300	4	25	7	53	1.72428	2	0	0	2	0.5	2	0.5	1	0	0	0	0	0	0
6000	396	40	300	4	25	8	65	1.81291	2	0	0	3	0.333333	3	0.333333	1	0	0	0	0	0	0
6000	397	40	300	4	25	7	71	1.85126	2	0	0	2	0.5	2	0.5	1	0	0	0	0	0	0
6000	398	40	300	4	25	7	27	1.43136	2	0	0	4	0.25	4	0.25	1	0	0	0	0	0	0
6000	399	40	300	4	25	10	78	1.89209	2	0	0	4	0.25	4	0.25	1	0	0	0	0	0	0
6000	401	40	300	4	25	10	92	1.96379	2	0	0	4	0.25	4	0.25	1	0	0	0	0	0	0
6000	402	40	300	4	25	7	35	1.54407	2	0	0	3	0.333333	3	0.333333	1	0	0	0	0	0	0
6000	405	40	300	4	25	10	36	1.5563	2	0	0	6	0.166667	6	0.166667	1	0	0	0	0	0	0
6000	407	40	300	4	25	7	35	1.54407	2	0	0	4	0.25	4	0.25	1	0	0	0	0	0	0
6000	408	40	300	4	25	7	71	1.85126	2	0	0	2	0.5	2	0.5	1	0	0	0	0	0	0
6000	412	40	300	4	25	7	53	1.72428	2	0	0	2	0.5	2	0.5	1	0	0	0	0	0	0
6000	416	40	300	4	25	7	71	1.85126	2	0	0	2	0.5	2	0.5	1	0	0	0	0	0	0
6000	417	40	300	4	25	9	29	1.4624	2	0	0	6	0.166667	6	0.166667	1	0	0	0	0	0	0
6000	422	40	300	4	25	6	35	1.54407	2	0	0	2	0.5	2	0.5	1	0	0	0	0	0	0
6000	423	40	300	4	25	6	19	1.27875	2	0	0	4	0.25	4	0.25	1	0	0	0	0	0	0
6000	426	40	300	4	25	6	47	1.6721	2	0	0	2	0.5	2	0.5	1	0	0	0	0	0	0
6000	427	40	300	4	25	7	19	1.27875	2	0	0	4	0.25	4	0.25	1	0	0	0	0	0	0
6000	430	40	300	4	25	9	41	1.61278	2	0	0	5	0.2	5	0.2	1	0	0	0	0	0	0
6000	431	40	300	4	25	10	47	1.6721	2	0	0	6	0.166667	6	0.166667	1	0	0	0	0	0	0
6000	433	40	300	4	25	17	94	1.97313	2	0	0	13	0.0769231	13	0.0769231	1	0	0	0	0	0	0
6000	436	40	300	4	25	8	71	1.85126	2	0	0	3	0.333333	3	0.333333	1	0	0	0	0	0	0
6000	439	40	300	4	25	7	19	1.27875	2	0	0	5	0.2	5	0.2	1	0	0	0	0	0	0
6000	441	40	300	4	25	10	38	1.57978	2	0	0	5	0.2	5	0.2	1	0	0	0	0	0	0
6000	442	40	300	4	25	7	69	1.83885	2	0	0	2	0.5	2	0.5	1	0	0	0	0	0	0
6000	443	40	300	4	25	6	23	1.36173	2	0	0	3	0.333333	3	0.333333	1	0	0	0	0	0	0
6000	451	40	300	4	25	7	21	1.32222	2	0	0	4	0.25	4	0.25	1	0	0	0	0	0	0
6000	454	40	300	4	25	9	41	1.61278	2	0	0	4	0.25	4	0.25	1	0	0	0	0	0	0
6000	455	40	300	4	25	9	48	1.68124	2	0	0	4	0.25	4	0.25	1	0	0	0	0	0	0
6000	456	40	300	4	25	11	57	1.75587	2	0	0	6	0.166667	6	0.166667	1	0	0	0	0	0	0
6000	458	40	300	4	25	8	95	1.97772	2	0	0	3	0.333333	3	0.333333	1	0	0	0	0	0	0
6000	459	40	300	4	25	6	35	1.54407	2	0	0	2	0.5	2	0.5	1	0	0	0	0	0	0
6000	462	40	300	4	25	7	47	1.6721	2	0	0	3	0.333333	3	0.333333	1	0	0	0	0	0	0
6000	463	40	300	4	25	6	16	1.20412	2	0	0	4	0.25	4	0.25	1	0	0	0	0	0	0
6000	467	40	300	4	25	13	83	1.91908	2	0	0	8	0.125	8	0.125	1	0	0	0	0	0	0
6000	471	40	300	4	25	6	17	1.23045	2	0	0	3	0.333333	3	0.333333	1	0	0	0	0	0	0
6000	472	40	300	4	25	6	17	1.23045	2	0	0	4	0.25	4	0.25	1	0	0	0	0	0	0
6000	474	40	300	4	25	8	79	1.89763	2	0	0	3	0.333333	3	0.333333	1	0	0	0	0	0	0
6000	476	40	300	4	25	12	93	1.96848	2	0	0	7	0.142857	7	0.142857	1	0	0	0	0	0	0
6000	481	40	300	4	25	7	19	1.27875	2	0	0	5	0.2	5	0.2	1	0	0	0	0	0	0
6000	482	40	300	4	25	9	53	1.72428	2	0	0	5	0.2	5	0.2	1	0	0	0	0	0	0
6000	484	40	300	4	25	7	29	1.4624	2	0	0	4	0.25	4	0.25	1	0	0	0	0	0	0
6000	485	40	300	4	25	10	55	1.74036	2	0	0	4	0.25	4	0.25	1	0	0	0	0	0	0
6000	487	40	300	4	25	5	23	1.36173	2	0	0	2	0.5	2	0.5	1	0	0	0	0	0	0
6000	488	40	300	4	25	8	59	1.77085	2	0	0	4	0.25	4	0.25	1	0	0	0	0	0	0
6000	489	40	300	4	25	6	28	1.44716	2	0	0	2	0.5	2	0.5	1	0	0	0	0	0	0
6000	490	40	300	4	25	9	60	1.77815	2	0	0	4	0.25	4	0.25	1	0	0	0	0	0	0
6000	491	40	300	4	25	7	62	1.79239	2	0	0	2	0.5	2	0.5	1	0	0	0	0	0	0
6000	492	40	300	4	25	6	31	1.49136	2	0	0	2	0.5	2	0.5	1	0	0	0	0	0	0
6000	493	40	300	4	25	8	39	1.59106	2	0	0	4	0.25	4	0.25	1	0	0	0	0	0	0
6000	495	40	300	4	25	9	99	1.99564	2	0	0	3	0.333333	3	0.333333	1	0	0	0	0	0	0
6000	497	40	300	4	25	9	41	1.61278	2	0	0	6	0.166667	6	0.166667	1	0	0	0	0	0	0
6000	498	40	300	4	25	5	15	1.17609	2	0	0	3	0.333333	3	0.333333	1	0	0	0	0	0	0
6000	500	40	300	4	25	6	35	1.54407	2	0	0	2	0.5	2	0.5	1	0	0	0	0	0	0
6000	501	40	300	4	25	5	13	1.11394	2	0	0	3	0.333333	3	0.333333	1	0	0	0	0	0	0
6000	504	40	300	4	25	10	40	1.60206	2	0	0	5	0.2	5	0.2	1	0	0	0	0	0	0
6000	507	40	300	4	25	9	63	1.79934	2	0	0	5	0.2	5	0.2	1	0	0	0	0	0	0
6000	509	40	300	4	25	9	74	1.86923	2	0	0	4	0.25	4	0.25	1	0	0	0	0	0	0
6000	511	40	300	4	25	8	37	1.5682	2	0	0	5	0.2	5	0.2	1	0	0	0	0	0	0
6000	513	40	300	4	25	8	20	1.30103	2	0	0	6	0.166667	6	0.166667	1	0	0	0	0	0	0
6000	514	40	300	4	25	9	41	1.61278	2	0	0	6	0.166667	6	0.166667	1	0	0	0	0	0	0
6000	515	40	300	4	25	10	69	1.83885	2	0	0	6	0.166667	6	0.166667	1	0	0	0	0	0	0
6000	519	40	300	4	25	10	80	1.90309	2	0	0	5	0.2	5	0.2	1	0	0	0	0	0	0
6000	520	40	300	4	25	10	80	1.90309	2	0	0	4	0.25	4	0.25	1	0	0	0	0	0	0
6000	526	40	300	4	25	4	11	1.04139	2	0	0	2	0.5	2	0.5	1	0	0	0	0	0	0
6000	527	40	300	4	25	7	17	1.23045	2	0	0	5	0.2	5	0.2	1	0	0	0	0	0	0
6000	529	40	300	4	25	9	71	1.85126	2	0	0	5	0.2	5	0.2	1	0	0	0	0	0	0
6000	533	40	300	4	25	9	67	1.82607	2	0	0	5	0.2	5	0.2	1	0	0	0	0	0	0
6000	535	40	300	4	25	7	47	1.6721	2	0	0	3	0.333333	3	0.333333	1	0	0	0	0	0	0
6000	537	40	300	4	25	7	29	1.4624	2	0	0	4	0.25	4	0.25	1	0	0	0	0	0	0
6000	539	40	300	4	25	8	37	1.5682	2	0	0	4	0.25	4	0.25	1	0	0	0	0	0	0
6000	540	40	300	4	25	6	13	1.11394	2	0	0	4	0.25	4	0.25	1	0	0	0	0	0	0
6000	543	40	300	4	25	7	41	1.61278	2	0	0	3	0.333333	3	0.333333	1	0	0	0	0	0	0
6000	549	40	300	4	25	7	39	1.59106	2	0	0	3	0.333333	3	0.333333	1	0	0	0	0	0	0
6000	550	40	300	4	25	5	11	1.04139	2	0	0	3	0.333333	3	0.333333	1	0	0	0	0	0	0
6000	551	40	300	4	25	6	32	1.50515	2	0	0	2	0.5	2	0.5	1	0	0	0	0	0	0
6000	552	40	300	4	25	12	48	1.68124	2	0	0	8	0.125	8	0.125	1	0	0	0	0	0	0
6000	553	40	300	4	25	6	14	1.14613	2	0	0	4	0.25	4	0.25	1	0	0	0	0	0	0
6000	554	40	300	4	25	6	31	1.49136	2	0	0	3	0.333333	3	0.333333	1	0	0	0	0	0	0
6000	555	40	300	4	25	9	69	1.83885	2	0	0	3	0.333333	3	0.333333	1	0	0	0	0	0	0
6000	559	40	300	4	25	7	56	1.74819	2	0	0	2	0.5	2	0.5	1	0	0	0	0	0	0
6000	561	40	300	4	25	9	83	1.91908	2	0	0	3	0.333333	3	0.333333	1	0	0	0	0	0	0
6000	562	40	300	4	25	8	95	1.97772	2	0	0	3	0.333333	3	0.333333	1	0	0	0	0	0	0
6000	564	40	300	4	25	8	47	1.6721	2	0	0	5	0.2	5	0.2	1	0	0	0	0	0	0
6000	565	40	300	4	25	9	51	1.70757	2	0	0	6	0.166667	6	0.166667	1	0	0	0	0	0	0
6000	569	40	300	4	25	5	15	1.17609	2	0	0	2	0.5	2	0.5	1	0	0	0	0	0	0
6000	574	40	300	4	25	5	17	1.23045	2	0	0	2	0.5	2	0.5	1	0	0	0	0	0	0
6000	576	40	300	4	25	7	47	1.6721	2	0	0	3	0.333333	3	0.333333	1	0	0	0	0	0	0
6000	580	40	300	4	25	8	47	1.6721	2	0	0	4	0.25	4	0.25	1	0	0	0	0	0	0
6000	582	40	300	4	25	9	53	1.72428	2	0	0	5	0.2	5	0.2	1	0	0	0	0	0	0
6000	585	40	300	4	25	6	19	1.27875	2	0	0	4	0.25	4	0.25	1	0	0	0	0	0	0
6000	587	40	300	4	25	8	83	1.91908	2	0	0	3	0.333333	3	0.333333	1	0	0	0	0	0	0
6000	588	40	300	4	25	6	23	1.36173	2	0	0	3	0.333333	3	0.333333	1	0	0	0	0	0	0
6000	589	40	300	4	25	9	31	1.49136	2	0	0	7	0.142857	7	0.142857	1	0	0	0	0	0	0
6000	590	40	300	4	25	7	47	1.6721	2	0	0	3	0.333333	3	0.333333	1	0	0	0	0	0	0
6000	591	40	300	4	25	9	29	1.4624	2	0	0	5	0.2	5	0.2	1	0	0	0	0	0	0
6000	592	40	300	4	25	8	31	1.49136	2	0	0	5	0.2	5	0.2	1	0	0	0	0	0	0
6000	594	40	300	4	25	12	82	1.91381	2	0	0	5	0.2	5	0.2	1	0	0	0	0	0	0
6000	596	40	300	4	25	9	41	1.61278	2	0	0	5	0.2	5	0.2	1	0	0	0	0	0	0
6000	602	40	300	4	25	9	49	1.6902	2	0	0	4	0.25	4	0.25	1	0	0	0	0	0	0
6000	603	40	300	4	25	5	11	1.04139	2	0	0	3	0.333333	3	0.333333	1	0	0	0	0	0	0
6000	604	40	300	4	25	8	66	1.81954	2	0	0	3	0.333333	3	0.333333	1	0	0	0	0	0	0
6000	605	40	300	4	25	8	29	1.4624	2	0	0	4	0.25	4	0.25	1	0	0	0	0	0	0
6000	608	40	300	4	25	9	31	1.49136	2	0	0	6	0.166667	6	0.166667	1	0	0	0	0	0	0
6000	613	40	300	4	25	10	31	1.49136	2	0	0	6	0.166667	6	0.166667	1	0	0	0	0	0	0
6000	614	40	300	4	25	10	34	1.53148	2	0	0	6	0.166667	6	0.166667	1	0	0	0	0	0	0
6000	616	40	300	4	25	8	44	1.64345	2	0	0	4	0.25	4	0.25	1	0	0	0	0	0	0
6000	617	40	300	4	25	7	29	1.4624	2	0	0	3	0.333333	3	0.333333	1	0	0	0	0	0	0
6000	620	40	300	4	25	4	11	1.04139	2	0	0	2	0.5	2	0.5	1	0	0	0	0	0	0
6000	626	40	300	4	25	9	65	1.81291	2	0	0	3	0.333333	3	0.333333	1	0	0	0	0	0	0
6000	628	40	300	4	25	5	13	1.11394	2	0	0	3	0.333333	3	0.333333	1	0	0	0	0	0	0
6000	629	40	300	4	25	10	93	1.96848	2	0	0	5	0.2	5	0.2	1	0	0	0	0	0	0
6000	631	40	300	4	25	8	36	1.5563	2	0	0	4	0.25	4	0.25	1	0	0	0	0	0	0
6000	635	40	300	4	25	6	19	1.27875	2	0	0	4	0.25	4	0.25	1	0	0	0	0	0	0
6000	637	40	300	4	25	10	66	1.81954	2	0	0	5	0.2	5	0.2	1	0	0	0	0	0	0
6000	641	40	300	4	25	9	29	1.4624	2	0	0	7	0.142857	7	0.142857	1	0	0	0	0	0	0
6000	644	40	300	4	25	9	89	1.94939	2	0	0	4	0.25	4	0.25	1	0	0	0	0	0	0
6000	645	40	300	4	25	4	11	1.04139	2	0	0	2	0.5	2	0.5	1	0	0	0	0	0	0
6000	646	40	300	4	25	9	89	1.94939	2	0	0	3	0.333333	3	0.333333	1	0	0	0	0	0	0
6000	648	40	300	4	25	9	70	1.8451	2	0	0	4	0.25	4	0.25	1	0	0	0	0	0	0
6000	649	40	300	4	25	5	15	1.17609	2	0	0	3	0.333333	3	0.333333	1	0	0	0	0	0	0
6000	651	40	300	4	25	9	49	1.6902	2	0	0	4	0.25	4	0.25	1	0	0	0	0	0	0
6000	653	40	300	4	25	8	95	1.97772	2	0	0	3	0.333333	3	0.333333	1	0	0	0	0	0	0
6000	654	40	300	4	25	7	37	1.5682	2	0	0	3	0.333333	3	0.333333	1	0	0	0	0	0	0
6000	657	40	300	4	25	6	47	1.6721	2	0	0	2	0.5	2	0.5	1	0	0	0	0	0	0
6000	658	40	300	4	25	6	35	1.54407	2	0	0	2	0.5	2	0.5	1	0	0	0	0	0	0
6000	659	40	300	4	25	6	35	1.54407	2	0	0	2	0.5	2	0.5	1	0	0	0	0	0	0
6000	660	40	300	4	25	10	59	1.77085	2	0	0	4	0.25	4	0.25	1	0	0	0	0	0	0
6000	662	40	300	4	25	11	35	1.54407	2	0	0	7	0.142857	7	0.142857	1	0	0	0	0	0	0
6000	664	40	300	4	25	10	95	1.97772	2	0	0	3	0.333333	3	0.333333	1	0	0	0	0	0	0
6000	666	40	300	4	25	7	59	1.77085	2	0	0	2	0.5	2	0.5	1	0	0	0	0	0	0
6000	667	40	300	4	25	6	23	1.36173	2	0	0	3	0.333333	3	0.333333	1	0	0	0	0	0	0
6000	668	40	300	4	25	7	47	1.6721	2	0	0	3	0.333333	3	0.333333	1	0	0	0	0	0	0
6000	669	40	300	4	25	5	11	1.04139	2	0	0	3	0.333333	3	0.333333	1	0	0	0	0	0	0
6000	673	40	300	4	25	8	52	1.716	2	0	0	3	0.333333	3	0.333333	1	0	0	0	0	0	0
6000	674	40	300	4	25	4	11	1.04139	2	0	0	2	0.5	2	0.5	1	0	0	0	0	0	0
6000	676	40	300	4	25	9	56	1.74819	2	0	0	5	0.2	5	0.2	1	0	0	0	0	0	0
6000	679	40	300	4	25	8	41	1.61278	2	0	0	3	0.333333	3	0.333333	1	0	0	0	0	0	0
6000	681	40	300	4	25	10	84	1.92428	2	0	0	6	0.166667	6	0.166667	1	0	0	0	0	0	0
6000	683	40	300	4	25	5	19	1.27875	2	0	0	2	0.5	2	0.5	1	0	0	0	0	0	0
6000	685	40	300	4	25	9	40	1.60206	2	0	0	5	0.2	5	0.2	1	0	0	0	0	0	0
6000	688	40	300	4	25	12	96	1.98227	2	0	0	5	0.2	5	0.2	1	0	0	0	0	0	0
6000	689	40	300	4	25	8	24	1.38021	2	0	0	5	0.2	5	0.2	1	0	0	0	0	0	0
6000	690	40	300	4	25	7	14	1.14613	2	0	0	5	0.2	5	0.2	1	0	0	0	0	0	0
6000	691	40	300	4	25	8	47	1.6721	2	0	0	3	0.333333	3	0.333333	1	0	0	0	0	0	0
6000	697	40	300	4	25	10	81	1.90849	2	0	0	4	0.25	4	0.25	1	0	0	0	0	0	0
6000	699	40	300	4	25	11	53	1.72428	2	0	0	5	0.2	5	0.2	1	0	0	0	0	0	0
6000	701	40	300	4	25	10	91	1.95904	2	0	0	5	0.2	5	0.2	1	0	0	0	0	0	0
6000	702	40	300	4	25	7	17	1.23045	2	0	0	5	0.2	5	0.2	1	0	0	0	0	0	0
6000	704	40	300	4	25	7	34	1.53148	2	0	0	3	0.333333	3	0.333333	1	0	0	0	0	0	0
6000	706	40	300	4	25	9	70	1.8451	2	0	0	5	0.2	5	0.2	1	0	0	0	0	0	0
6000	707	40	300	4	25	4	15	1.17609	2	0	0	1	1	1	1	1	0	0	0	0	0	0
6000	709	40	300	4	25	8	47	1.6721	2	0	0	4	0.25	4	0.25	1	0	0	0	0	0	0
6000	710	40	300	4	25	13	95	1.97772	2	0	0	9	0.111111	9	0.111111	1	0	0	0	0	0	0
6000	711	40	300	4	25	11	47	1.6721	2	0	0	6	0.166667	6	0.166667	1	0	0	0	0	0	0
6000	714	40	300	4	25	8	80	1.90309	2	0	0	2	0.5	2	0.5	1	0	0	0	0	0	0
6000	715	40	300	4	25	11	98	1.99123	2	0	0	5	0.2	5	0.2	1	0	0	0	0	0	0
6000	718	40	300	4	25	7	23	1.36173	2	0	0	4	0.25	4	0.25	1	0	0	0	0	0	0
6000	722	40	300	4	25	6	23	1.36173	2	0	0	3	0.333333	3	0.333333	1	0	0	0	0	0	0
6000	726	40	300	4	25	8	44	1.64345	2	0	0	4	0.25	4	0.25	1	0	0	0	0	0	0
6000	728	40	300	4	25	6	14	1.14613	2	0	0	4	0.25	4	0.25	1	0	0	0	0	0	0
6000	731	40	300	4	25	8	50	1.69897	2	0	0	3	0.333333	3	0.333333	1	0	0	0	0	0	0
6000	732	40	300	4	25	9	49	1.6902	2	0	0	5	0.2	5	0.2	1	0	0	0	0	0	0
6000	733	40	300	4	25	6	13	1.11394	2	0	0	4	0.25	4	0.25	1	0	0	0	0	0	0
6000	735	40	300	4	25	13	15	1.17609	2	0	0	12	0.0833333	12	0.0833333	1	0	0	0	0	0	0
6000	740	40	300	4	25	9	63	1.79934	2	0	0	4	0.25	4	0.25	1	0	0	0	0	0	0
6000	742	40	300	4	25	7	53	1.72428	2	0	0	2	0.5	2	0.5	1	0	0	0	0	0	0
6000	744	40	300	4	25	7	47	1.6721	2	0	0	3	0.333333	3	0.333333	1	0	0	0	0	0	0
6000	745	40	300	4	25	7	34	1.53148	2	0	0	3	0.333333	3	0.333333	1	0	0	0	0	0	0
6000	747	40	300	4	25	10	19	1.27875	2	0	0	8	0.125	8	0.125	1	0	0	0	0	0	0
6000	748	40	300	4	25	7	47	1.6721	2	0	0	3	0.333333	3	0.333333	1	0	0	0	0	0	0
6000	751	40	300	4	25	9	89	1.94939	2	0	0	4	0.25	4	0.25	1	0	0	0	0	0	0
6000	752	40	300	4	25	8	37	1.5682	2	0	0	3	0.333333	3	0.333333	1	0	0	0	0	0	0
6000	757	40	300	4	25	9	36	1.5563	2	0	0	6	0.166667	6	0.166667	1	0	0	0	0	0	0
6000	759	40	300	4	25	7	31	1.49136	2	0	0	3	0.333333	3	0.333333	1	0	0	0	0	0	0
6000	760	40	300	4	25	11	51	1.70757	2	0	0	7	0.142857	7	0.142857	1	0	0	0	0	0	0
6000	762	40	300	4	25	8	95	1.97772	2	0	0	3	0.333333	3	0.333333	1	0	0	0	0	0	0
6000	763	40	300	4	25	8	95	1.97772	2	0	0	3	0.333333	3	0.333333	1	0	0	0	0	0	0
6000	766	40	300	4	25	6	31	1.49136	2	0	0	3	0.333333	3	0.333333	1	0	0	0	0	0	0
6000	768	40	300	4	25	6	29	1.4624	2	0	0	2	0.5	2	0.5	1	0	0	0	0	0	0
6000	769	40	300	4	25	7	26	1.41497	2	0	0	4	0.25	4	0.25	1	0	0	0	0	0	0
6000	770	40	300	4	25	6	17	1.23045	2	0	0	4	0.25	4	0.25	1	0	0	0	0	0	0
6000	776	40	300	4	25	6	14	1.14613	2	0	0	4	0.25	4	0.25	1	0	0	0	0	0	0
6000	778	40	300	4	25	8	59	1.77085	2	0	0	4	0.25	4	0.25	1	0	0	0	0	0	0
6000	779	40	300	4	25	4	11	1.04139	2	0	0	2	0.5	2	0.5	1	0	0	0	0	0	0
6000	780	40	300	4	25	9	71	1.85126	2	0	0	4	0.25	4	0.25	1	0	0	0	0	0	0
6000	781	40	300	4	25	5	14	1.14613	2	0	0	2	0.5	2	0.5	1	0	0	0	0	0	0
6000	782	40	300	4	25	5	11	1.04139	2	0	0	3	0.333333	3	0.333333	1	0	0	0	0	0	0
6000	783	40	300	4	25	9	83	1.91908	2	0	0	3	0.333333	3	0.333333	1	0	0	0	0	0	0
6000	787	40	300	4	25	5	17	1.23045	2	0	0	2	0.5	2	0.5	1	0	0	0	0	0	0
6000	788	40	300	4	25	10	95	1.97772	2	0	0	4	0.25	4	0.25	1	0	0	0	0	0	0
6000	789	40	300	4	25	5	15	1.17609	2	0	0	3	0.333333	3	0.333333	1	0	0	0	0	0	0
6000	794	40	300	4	25	7	47	1.6721	2	0	0	3	0.333333	3	0.333333	1	0	0	0	0	0	0
6000	796	40	300	4	25	5	11	1.04139	2	0	0	3	0.333333	3	0.333333	1	0	0	0	0	0	0
6000	805	40	300	4	25	8	35	1.54407	2	0	0	3	0.333333	3	0.333333	1	0	0	0	0	0	0
6000	806	40	300	4	25	9	91	1.95904	2	0	0	3	0.333333	3	0.333333	1	0	0	0	0	0	0
6000	808	40	300	4	25	6	14	1.14613	2	0	0	4	0.25	4	0.25	1	0	0	0	0	0	0
6000	811	40	300	4	25	14	95	1.97772	2	0	0	10	0.1	10	0.1	1	0	0	0	0	0	0
6000	812	40	300	4	25	5	17	1.23045	2	0	0	2	0.5	2	0.5	1	0	0	0	0	0	0
6000	816	40	300	4	25	10	89	1.94939	2	0	0	5	0.2	5	0.2	1	0	0	0	0	0	0
6000	817	40	300	4	25	9	91	1.95904	2	0	0	4	0.25	4	0.25	1	0	0	0	0	0	0
6000	819	40	300	4	25	7	31	1.49136	2	0	0	3	0.333333	3	0.333333	1	0	0	0	0	0	0
6000	820	40	300	4	25	7	43	1.63347	2	0	0	3	0.333333	3	0.333333	1	0	0	0	0	0	0
6000	821	40	300	4	25	5	23	1.36173	2	0	0	2	0.5	2	0.5	1	0	0	0	0	0	0
6000	822	40	300	4	25	5	23	1.36173	2	0	0	2	0.5	2	0.5	1	0	0	0	0	0	0
6000	824	40	300	4	25	10	55	1.74036	2	0	0	6	0.166667	6	0.166667	1	0	0	0	0	0	0
6000	830	40	300	4	25	14	78	1.89209	2	0	0	9	0.111111	9	0.111111	1	0	0	0	0	0	0
6000	831	40	300	4	25	11	89	1.94939	2	0	0	6	0.166667	6	0.166667	1	0	0	0	0	0	0
6000	834	40	300	4	25	9	89	1.94939	2	0	0	4	0.25	4	0.25	1	0	0	0	0	0	0
6000	835	40	300	4	25	6	23	1.36173	2	0	0	3	0.333333	3	0.333333	1	0	0	0	0	0	0
6000	837	40	300	4	25	8	59	1.77085	2	0	0	4	0.25	4	0.25	1	0	0	0	0	0	0
6000	838	40	300	4	25	8	79	1.89763	2	0	0	3	0.333333	3	0.333333	1	0	0	0	0	0	0
6000	841	40	300	4	25	11	95	1.97772	2	0	0	5	0.2	5	0.2	1	0	0	0	0	0	0
6000	845	40	300	4	25	6	39	1.59106	2	0	0	2	0.5	2	0.5	1	0	0	0	0	0	0
6000	846	40	300	4	25	10	71	1.85126	2	0	0	5	0.2	5	0.2	1	0	0	0	0	0	0
6000	847	40	300	4	25	5	23	1.36173	2	0	0	2	0.5	2	0.5	1	0	0	0	0	0	0
6000	850	40	300	4	25	7	18	1.25527	2	0	0	4	0.25	4	0.25	1	0	0	0	0	0	0
6000	852	40	300	4	25	5	23	1.36173	2	0	0	2	0.5	2	0.5	1	0	0	0	0	0	0
6000	854	40	300	4	25	6	24	1.38021	2	0	0	3	0.333333	3	0.333333	1	0	0	0	0	0	0
6000	856	40	300	4	25	8	16	1.20412	2	0	0	6	0.166667	6	0.166667	1	0	0	0	0	0	0
6000	857	40	300	4	25	9	89	1.94939	2	0	0	4	0.25	4	0.25	1	0	0	0	0	0	0
6000	863	40	300	4	25	7	18	1.25527	2	0	0	4	0.25	4	0.25	1	0	0	0	0	0	0
6000	864	40	300	4	25	5	11	1.04139	2	0	0	3	0.333333	3	0.333333	1	0	0	0	0	0	0
6000	868	40	300	4	25	7	53	1.72428	2	0	0	2	0.5	2	0.5	1	0	0	0	0	0	0
6000	869	40	300	4	25	6	31	1.49136	2	0	0	3	0.333333	3	0.333333	1	0	0	0	0	0	0
6000	870	40	300	4	25	8	59	1.77085	2	0	0	4	0.25	4	0.25	1	0	0	0	0	0	0
6000	871	40	300	4	25	13	98	1.99123	2	0	0	5	0.2	5	0.2	1	0	0	0	0	0	0
6000	874	40	300	4	25	9	35	1.54407	2	0	0	6	0.166667	6	0.166667	1	0	0	0	0	0	0
6000	875	40	300	4	25	9	59	1.77085	2	0	0	4	0.25	4	0.25	1	0	0	0	0	0	0
6000	879	40	300	4	25	11	99	1.99564	2	0	0	4	0.25	4	0.25	1	0	0	0	0	0	0
6000	885	40	300	4	25	7	17	1.23045	2	0	0	5	0.2	5	0.2	1	0	0	0	0	0	0
6000	886	40	300	4	25	10	71	1.85126	2	0	0	5	0.2	5	0.2	1	0	0	0	0	0	0
6000	887	40	300	4	25	8	33	1.51851	2	0	0	4	0.25	4	0.25	1	0	0	0	0	0	0
6000	888	40	300	4	25	9	53	1.72428	2	0	0	6	0.166667	6	0.166667	1	0	0	0	0	0	0
6000	891	40	300	4	25	11	69	1.83885	2	0	0	6	0.166667	6	0.166667	1	0	0	0	0	0	0
6000	894	40	300	4	25	5	17	1.23045	2	0	0	2	0.5	2	0.5	1	0	0	0	0	0	0
6000	895	40	300	4	25	7	53	1.72428	2	0	0	2	0.5	2	0.5	1	0	0	0	0	0	0
6000	900	40	300	4	25	8	44	1.64345	2	0	0	3	0.333333	3	0.333333	1	0	0	0	0	0	0
6000	902	40	300	4	25	6	14	1.14613	2	0	0	3	0.333333	3	0.333333	1	0	0	0	0	0	0
6000	904	40	300	4	25	9	20	1.30103	2	0	0	6	0.166667	6	0.166667	1	0	0	0	0	0	0
6000	905	40	300	4	25	5	11	1.04139	2	0	0	3	0.333333	3	0.333333	1	0	0	0	0	0	0
6000	906	40	300	4	25	6	26	1.41497	2	0	0	2	0.5	2	0.5	1	0	0	0	0	0	0
6000	908	40	300	4	25	8	71	1.85126	2	0	0	3	0.333333	3	0.333333	1	0	0	0	0	0	0
6000	911	40	300	4	25	9	79	1.89763	2	0	0	3	0.333333	3	0.333333	1	0	0	0	0	0	0
6000	912	40	300	4	25	4	15	1.17609	2	0	0	1	1	1	1	1	0	0	0	0	0	0
6000	913	40	300	4	25	5	19	1.27875	2	0	0	2	0.5	2	0.5	1	0	0	0	0	0	0
6000	914	40	300	4	25	6	22	1.34242	2	0	0	2	0.5	2	0.5	1	0	0	0	0	0	0
6000	915	40	300	4	25	8	77	1.88649	2	0	0	3	0.333333	3	0.333333	1	0	0	0	0	0	0
6000	919	40	300	4	25	5	17	1.23045	2	0	0	2	0.5	2	0.5	1	0	0	0	0	0	0
6000	922	40	300	4	25	8	43	1.63347	2	0	0	4	0.25	4	0.25	1	0	0	0	0	0	0
6000	923	40	300	4	25	7	19	1.27875	2	0	0	5	0.2	5	0.2	1	0	0	0	0	0	0
6000	924	40	300	4	25	7	47	1.6721	2	0	0	3	0.333333	3	0.333333	1	0	0	0	0	0	0
6000	926	40	300	4	25	12	93	1.96848	2	0	0	8	0.125	8	0.125	1	0	0	0	0	0	0
6000	927	40	300	4	25	6	23	1.36173	2	0	0	3	0.333333	3	0.333333	1	0	0	0	0	0	0
6000	929	40	300	4	25	8	39	1.59106	2	0	0	4	0.25	4	0.25	1	0	0	0	0	0	0
6000	930	40	300	4	25	6	12	1.07918	2	0	0	4	0.25	4	0.25	1	0	0	0	0	0	0
6000	933	40	300	4	25	6	16	1.20412	2	0	0	4	0.25	4	0.25	1	0	0	0	0	0	0
6000	934	40	300	4	25	9	43	1.63347	2	0	0	4	0.25	4	0.25	1	0	0	0	0	0	0
6000	935	40	300	4	25	6	31	1.49136	2	0	0	3	0.333333	3	0.333333	1	0	0	0	0	0	0
6000	937	40	300	4	25	8	71	1.85126	2	0	0	3	0.333333	3	0.333333	1	0	0	0	0	0	0
6000	938	40	300	4	25	6	18	1.25527	2	0	0	3	0.333333	3	0.333333	1	0	0	0	0	0	0
6000	939	40	300	4	25	7	41	1.61278	2	0	0	3	0.333333	3	0.333333	1	0	0	0	0	0	0
6000	940	40	300	4	25	6	35	1.54407	2	0	0	2	0.5	2	0.5	1	0	0	0	0	0	0
6000	941	40	300	4	25	8	30	1.47712	2	0	0	4	0.25	4	0.25	1	0	0	0	0	0	0
6000	942	40	300	4	25	10	51	1.70757	2	0	0	5	0.2	5	0.2	1	0	0	0	0	0	0
6000	943	40	300	4	25	8	63	1.79934	2	0	0	3	0.333333	3	0.333333	1	0	0	0	0	0	0
6000	945	40	300	4	25	9	56	1.74819	2	0	0	4	0.25	4	0.25	1	0	0	0	0	0	0
6000	947	40	300	4	25	7	33	1.51851	2	0	0	4	0.25	4	0.25	1	0	0	0	0	0	0
6000	948	40	300	4	25	6	14	1.14613	2	0	0	4	0.25	4	0.25	1	0	0	0	0	0	0
6000	949	40	300	4	25	7	29	1.4624	2	0	0	4	0.25	4	0.25	1	0	0	0	0	0	0
6000	951	40	300	4	25	8	57	1.75587	2	0	0	4	0.25	4	0.25	1	0	0	0	0	0	0
6000	952	40	300	4	25	7	36	1.5563	2	0	0	3	0.333333	3	0.333333	1	0	0	0	0	0	0
6000	953	40	300	4	25	9	49	1.6902	2	0	0	5	0.2	5	0.2	1	0	0	0	0	0	0
6000	958	40	300	4	25	7	29	1.4624	2	0	0	4	0.25	4	0.25	1	0	0	0	0	0	0
6000	959	40	300	4	25	6	23	1.36173	2	0	0	3	0.333333	3	0.333333	1	0	0	0	0	0	0
6000	961	40	300	4	25	7	47	1.6721	2	0	0	3	0.333333	3	0.333333	1	0	0	0	0	0	0
6000	962	40	300	4	25	7	47	1.6721	2	0	0	3	0.333333	3	0.333333	1	0	0	0	0	0	0
6000	968	40	300	4	25	6	47	1.6721	2	0	0	2	0.5	2	0.5	1	0	0	0	0	0	0
6000	969	40	300	4	25	11	49	1.6902	2	0	0	6	0.166667	6	0.166667	1	0	0	0	0	0	0
6000	970	40	300	4	25	11	87	1.93952	2	0	0	6	0.166667	6	0.166667	1	0	0	0	0	0	0
6000	972	40	300	4	25	10	89	1.94939	2	0	0	5	0.2	5	0.2	1	0	0	0	0	0	0
6000	973	40	300	4	25	6	47	1.6721	2	0	0	2	0.5	2	0.5	1	0	0	0	0	0	0
6000	974	40	300	4	25	5	13	1.11394	2	0	0	3	0.333333	3	0.333333	1	0	0	0	0	0	0
6000	975	40	300	4	25	6	29	1.4624	2	0	0	2	0.5	2	0.5	1	0	0	0	0	0	0
6000	976	40	300	4	25	8	31	1.49136	2	0	0	5	0.2	5	0.2	1	0	0	0	0	0	0
6000	977	40	300	4	25	6	32	1.50515	2	0	0	2	0.5	2	0.5	1	0	0	0	0	0	0
6000	978	40	300	4	25	6	26	1.41497	2	0	0	2	0.5	2	0.5	1	0	0	0	0	0	0
6000	981	40	300	4	25	10	55	1.74036	2	0	0	5	0.2	5	0.2	1	0	0	0	0	0	0
6000	983	40	300	4	25	9	62	1.79239	2	0	0	4	0.25	4	0.25	1	0	0	0	0	0	0
6000	987	40	300	4	25	9	49	1.6902	2	0	0	4	0.25	4	0.25	1	0	0	0	0	0	0
6000	989	40	300	4	25	8	59	1.77085	2	0	0	4	0.25	4	0.25	1	0	0	0	0	0	0
6000	991	40	300	4	25	8	18	1.25527	2	0	0	6	0.166667	6	0.166667	1	0	0	0	0	0	0
6000	993	40	300	4	25	8	59	1.77085	2	0	0	4	0.25	4	0.25	1	0	0	0	0	0	0
6000	994	40	300	4	25	8	30	1.47712	2	0	0	4	0.25	4	0.25	1	0	0	0	0	0	0
6000	999	40	300	4	25	7	55	1.74036	2	0	0	3	0.333333	3	0.333333	1	0	0	0	0	0	0
6000	1000	40	300	4	25	8	48	1.68124	2	0	0	4	0.25	4	0.25	1	0	0	0	0	0	0
6000	4	50	300	4	25	12	59	1.77085	2	0	0	7	0.142857	7	0.142857	1	0	0	0	0	0	0
6000	10	50	300	4	25	8	95	1.97772	2	0	0	3	0.333333	3	0.333333	1	0.01	-2	0	0	0	0
6000	16	50	300	4	25	11	71	1.85126	2	0	0	7	0.142857	7	0.142857	1	0	0	0	0	0	0
6000	38	50	300	4	25	10	87	1.93952	2	0	0	4	0.25	4	0.25	1	0	0	0	0	0	0
6000	47	50	300	4	25	8	71	1.85126	2	0	0	3	0.333333	3	0.333333	1	0	0	0	0	0	0
6000	58	50	300	4	25	7	53	1.72428	2	0	0	2	0.5	2	0.5	1	0	0	0	0	0	0
6000	71	50	300	4	25	5	17	1.23045	2	0	0	2	0.5	2	0.5	1	0	0	0	0	0	0
6000	74	50	300	4	25	10	87	1.93952	2	0	0	5	0.2	5	0.2	1	0	0	0	0	0	0
6000	101	50	300	4	25	5	11	1.04139	2	0	0	3	0.333333	3	0.333333	1	0	0	0	0	0	0
6000	127	50	300	4	25	8	75	1.87506	2	0	0	3	0.333333	3	0.333333	1	0	0	0	0	0	0
6000	135	50	300	4	25	9	98	1.99123	2	0	0	3	0.333333	3	0.333333	1	0	0	0	0	0	0
6000	136	50	300	4	25	10	62	1.79239	2	0	0	5	0.2	5	0.2	1	0	0	0	0	0	0
6000	137	50	300	4	25	11	95	1.97772	2	0	0	5	0.2	5	0.2	1	0	0	0	0	0	0
6000	144	50	300	4	25	9	59	1.77085	2	0	0	5	0.2	5	0.2	1	0	0	0	0	0	0
6000	148	50	300	4	25	10	59	1.77085	2	0	0	6	0.166667	6	0.166667	1	0	0	0	0	0	0
6000	151	50	300	4	25	5	23	1.36173	2	0	0	2	0.5	2	0.5	1	0	0	0	0	0	0
6000	168	50	300	4	25	7	47	1.6721	2	0	0	3	0.333333	3	0.333333	1	0	0	0	0	0	0
6000	170	50	300	4	25	9	48	1.68124	2	0	0	6	0.166667	6	0.166667	1	0	0	0	0	0	0
6000	182	50	300	4	25	6	23	1.36173	2	0	0	3	0.333333	3	0.333333	1	0	0	0	0	0	0
6000	190	50	300	4	25	12	71	1.85126	2	0	0	8	0.125	8	0.125	1	0	0	0	0	0	0
6000	191	50	300	4	25	8	47	1.6721	2	0	0	5	0.2	5	0.2	1	0	0	0	0	0	0
6000	214	50	300	4	25	10	77	1.88649	2	0	0	6	0.166667	6	0.166667	1	0	0	0	0	0	0
6000	217	50	300	4	25	10	60	1.77815	2	0	0	5	0.2	5	0.2	1	0	0	0	0	0	0
6000	235	50	300	4	25	11	83	1.91908	2	0	0	5	0.2	5	0.2	1	0	0	0	0	0	0
6000	260	50	300	4	25	12	75	1.87506	2	0	0	9	0.111111	9	0.111111	1	0	0	0	0	0	0
6000	264	50	300	4	25	9	74	1.86923	2	0	0	4	0.25	4	0.25	1	0	0	0	0	0	0
6000	266	50	300	4	25	8	76	1.88081	2	0	0	3	0.333333	3	0.333333	1	0	0	0	0	0	0
6000	267	50	300	4	25	7	47	1.6721	2	0	0	3	0.333333	3	0.333333	1	0	0	0	0	0	0
6000	275	50	300	4	25	10	35	1.54407	2	0	0	7	0.142857	7	0.142857	1	0	0	0	0	0	0
6000	316	50	300	4	25	10	99	1.99564	2	0	0	4	0.25	4	0.25	1	0	0	0	0	0	0
6000	333	50	300	4	25	9	77	1.88649	2	0	0	4	0.25	4	0.25	1	0	0	0	0	0	0
6000	334	50	300	4	25	8	49	1.6902	2	0	0	4	0.25	4	0.25	1	0	0	0	0	0	0
6000	336	50	300	4	25	8	51	1.70757	2	0	0	4	0.25	4	0.25	1	0	0	0	0	0	0
6000	339	50	300	4	25	10	79	1.89763	2	0	0	4	0.25	4	0.25	1	0	0	0	0	0	0
6000	348	50	300	4	25	8	35	1.54407	2	0	0	4	0.25	4	0.25	1	0	0	0	0	0	0
6000	352	50	300	4	25	13	51	1.70757	2	0	0	7	0.142857	7	0.142857	1	0	0	0	0	0	0
6000	353	50	300	4	25	9	95	1.97772	2	0	0	5	0.2	5	0.2	1	0	0	0	0	0	0
6000	362	50	300	4	25	8	63	1.79934	2	0	0	3	0.333333	3	0.333333	1	0	0	0	0	0	0
6000	371	50	300	4	25	7	35	1.54407	2	0	0	3	0.333333	3	0.333333	1	0	0	0	0	0	0
6000	378	50	300	4	25	8	95	1.97772	2	0	0	2	0.5	2	0.5	1	0	0	0	0	0	0
6000	380	50	300	4	25	8	62	1.79239	2	0	0	3	0.333333	3	0.333333	1	0	0	0	0	0	0
6000	402	50	300	4	25	10	86	1.9345	2	0	0	4	0.25	4	0.25	1	0	0	0	0	0	0
6000	427	50	300	4	25	10	46	1.66276	2	0	0	6	0.166667	6	0.166667	1	0	0	0	0	0	0
6000	443	50	300	4	25	8	59	1.77085	2	0	0	3	0.333333	3	0.333333	1	0	0	0	0	0	0
6000	455	50	300	4	25	9	46	1.66276	2	0	0	4	0.25	4	0.25	1	0	0	0	0	0	0
6000	461	50	300	4	25	5	11	1.04139	2	0	0	3	0.333333	3	0.333333	1	0	0	0	0	0	0
6000	465	50	300	4	25	7	23	1.36173	2	0	0	5	0.2	5	0.2	1	0	0	0	0	0	0
6000	470	50	300	4	25	5	15	1.17609	2	0	0	3	0.333333	3	0.333333	1	0	0	0	0	0	0
6000	474	50	300	4	25	7	71	1.85126	2	0	0	2	0.5	2	0.5	1	0	0	0	0	0	0
6000	481	50	300	4	25	14	88	1.94448	2	0	0	9	0.111111	9	0.111111	1	0	0	0	0	0	0
6000	482	50	300	4	25	9	43	1.63347	2	0	0	6	0.166667	6	0.166667	1	0	0	0	0	0	0
6000	483	50	300	4	25	8	83	1.91908	2	0	0	3	0.333333	3	0.333333	1	0	0	0	0	0	0
6000	485	50	300	4	25	13	98	1.99123	2	0	0	7	0.142857	7	0.142857	1	0	0	0	0	0	0
6000	493	50	300	4	25	7	35	1.54407	2	0	0	3	0.333333	3	0.333333	1	0	0	0	0	0	0
6000	494	50	300	4	25	8	89	1.94939	2	0	0	2	0.5	2	0.5	1	0	0	0	0	0	0
6000	501	50	300	4	25	11	52	1.716	2	0	0	7	0.142857	7	0.142857	1	0	0	0	0	0	0
6000	503	50	300	4	25	9	50	1.69897	2	0	0	4	0.25	4	0.25	1	0	0	0	0	0	0
6000	518	50	300	4	25	8	12	1.07918	2	0	0	7	0.142857	7	0.142857	1	0	0	0	0	0	0
6000	526	50	300	4	25	6	35	1.54407	2	0	0	2	0.5	2	0.5	1	0	0	0	0	0	0
6000	533	50	300	4	25	8	65	1.81291	2	0	0	3	0.333333	3	0.333333	1	0	0	0	0	0	0
6000	539	50	300	4	25	9	39	1.59106	2	0	0	6	0.166667	6	0.166667	1	0	0	0	0	0	0
6000	541	50	300	4	25	5	15	1.17609	2	0	0	3	0.333333	3	0.333333	1	0	0	0	0	0	0
6000	544	50	300	4	25	13	60	1.77815	2	0	0	7	0.142857	7	0.142857	1	0	0	0	0	0	0
6000	550	50	300	4	25	6	20	1.30103	2	0	0	3	0.333333	3	0.333333	1	0	0	0	0	0	0
6000	553	50	300	4	25	11	71	1.85126	2	0	0	7	0.142857	7	0.142857	1	0	0	0	0	0	0
6000	573	50	300	4	25	5	15	1.17609	2	0	0	3	0.333333	3	0.333333	1	0	0	0	0	0	0
6000	584	50	300	4	25	5	14	1.14613	2	0	0	2	0.5	2	0.5	1	0	0	0	0	0	0
6000	602	50	300	4	25	9	78	1.89209	2	0	0	3	0.333333	3	0.333333	1	0	0	0	0	0	0
6000	603	50	300	4	25	10	92	1.96379	2	0	0	5	0.2	5	0.2	1	0	0	0	0	0	0
6000	607	50	300	4	25	13	94	1.97313	2	0	0	7	0.142857	7	0.142857	1	0	0	0	0	0	0
6000	612	50	300	4	25	11	73	1.86332	2	0	0	5	0.2	5	0.2	1	0	0	0	0	0	0
6000	615	50	300	4	25	8	15	1.17609	2	0	0	7	0.142857	7	0.142857	1	0	0	0	0	0	0
6000	619	50	300	4	25	10	87	1.93952	2	0	0	4	0.25	4	0.25	1	0	0	0	0	0	0
6000	626	50	300	4	25	12	99	1.99564	2	0	0	5	0.2	5	0.2	1	0	0	0	0	0	0
6000	635	50	300	4	25	9	53	1.72428	2	0	0	5	0.2	5	0.2	1	0	0	0	0	0	0
6000	639	50	300	4	25	5	21	1.32222	2	0	0	2	0.5	2	0.5	1	0	0	0	0	0	0
6000	652	50	300	4	25	9	72	1.85733	2	0	0	4	0.25	4	0.25	1	0	0	0	0	0	0
6000	658	50	300	4	25	6	47	1.6721	2	0	0	2	0.5	2	0.5	1	0	0	0	0	0	0
6000	667	50	300	4	25	7	47	1.6721	2	0	0	3	0.333333	3	0.333333	1	0	0	0	0	0	0
6000	669	50	300	4	25	9	55	1.74036	2	0	0	5	0.2	5	0.2	1	0	0	0	0	0	0
6000	673	50	300	4	25	10	83	1.91908	2	0	0	5	0.2	5	0.2	1	0	0	0	0	0	0
6000	674	50	300	4	25	6	31	1.49136	2	0	0	3	0.333333	3	0.333333	1	0	0	0	0	0	0
6000	678	50	300	4	25	11	83	1.91908	2	0	0	5	0.2	5	0.2	1	0	0	0	0	0	0
6000	690	50	300	4	25	9	40	1.60206	2	0	0	5	0.2	5	0.2	1	0	0	0	0	0	0
6000	695	50	300	4	25	9	72	1.85733	2	0	0	5	0.2	5	0.2	1	0	0	0	0	0	0
6000	697	50	300	4	25	9	74	1.86923	2	0	0	4	0.25	4	0.25	1	0	0	0	0	0	0
6000	700	50	300	4	25	8	23	1.36173	2	0	0	5	0.2	5	0.2	1	0	0	0	0	0	0
6000	701	50	300	4	25	9	69	1.83885	2	0	0	4	0.25	4	0.25	1	0	0	0	0	0	0
6000	704	50	300	4	25	8	49	1.6902	2	0	0	4	0.25	4	0.25	1	0	0	0	0	0	0
6000	707	50	300	4	25	5	23	1.36173	2	0	0	2	0.5	2	0.5	1	0	0	0	0	0	0
6000	715	50	300	4	25	10	65	1.81291	2	0	0	5	0.2	5	0.2	1	0	0	0	0	0	0
6000	732	50	300	4	25	7	38	1.57978	2	0	0	3	0.333333	3	0.333333	1	0	0	0	0	0	0
6000	733	50	300	4	25	8	58	1.76343	2	0	0	3	0.333333	3	0.333333	1	0	0	0	0	0	0
6000	738	50	300	4	25	7	29	1.4624	2	0	0	4	0.25	4	0.25	1	0	0	0	0	0	0
6000	749	50	300	4	25	14	14	1.14613	2	0	0	14	0.0714286	14	0.0714286	1	0	0	0	0	0	0
6000	752	50	300	4	25	9	52	1.716	2	0	0	4	0.25	4	0.25	1	0	0	0	0	0	0
6000	774	50	300	4	25	7	23	1.36173	2	0	0	4	0.25	4	0.25	1	0	0	0	0	0	0
6000	795	50	300	4	25	6	29	1.4624	2	0	0	2	0.5	2	0.5	1	0	0	0	0	0	0
6000	796	50	300	4	25	8	53	1.72428	2	0	0	4	0.25	4	0.25	1	0	0	0	0	0	0
6000	808	50	300	4	25	6	14	1.14613	2	0	0	4	0.25	4	0.25	1	0	0	0	0	0	0
6000	819	50	300	4	25	9	99	1.99564	2	0	0	4	0.25	4	0.25	1	0	0	0	0	0	0
6000	822	50	300	4	25	9	46	1.66276	2	0	0	5	0.2	5	0.2	1	0	0	0	0	0	0
6000	826	50	300	4	25	6	26	1.41497	2	0	0	2	0.5	2	0.5	1	0	0	0	0	0	0
6000	827	50	300	4	25	5	15	1.17609	2	0	0	3	0.333333	3	0.333333	1	0	0	0	0	0	0
6000	840	50	300	4	25	6	26	1.41497	2	0	0	2	0.5	2	0.5	1	0	0	0	0	0	0
6000	855	50	300	4	25	4	11	1.04139	2	0	0	2	0.5	2	0.5	1	0	0	0	0	0	0
6000	860	50	300	4	25	12	55	1.74036	2	0	0	6	0.166667	6	0.166667	1	0	0	0	0	0	0
6000	863	50	300	4	25	8	46	1.66276	2	0	0	3	0.333333	3	0.333333	1	0	0	0	0	0	0
6000	864	50	300	4	25	9	53	1.72428	2	0	0	5	0.2	5	0.2	1	0	0	0	0	0	0
6000	885	50	300	4	25	7	39	1.59106	2	0	0	3	0.333333	3	0.333333	1	0	0	0	0	0	0
6000	893	50	300	4	25	11	76	1.88081	2	0	0	5	0.2	5	0.2	1	0	0	0	0	0	0
6000	902	50	300	4	25	8	71	1.85126	2	0	0	3	0.333333	3	0.333333	1	0	0	0	0	0	0
6000	904	50	300	4	25	11	95	1.97772	2	0	0	6	0.166667	6	0.166667	1	0	0	0	0	0	0
6000	905	50	300	4	25	5	15	1.17609	2	0	0	3	0.333333	3	0.333333	1	0	0	0	0	0	0
6000	906	50	300	4	25	10	86	1.9345	2	0	0	5	0.2	5	0.2	1	0	0	0	0	0	0
6000	911	50	300	4	25	9	80	1.90309	2	0	0	3	0.333333	3	0.333333	1	0	0	0	0	0	0
6000	927	50	300	4	25	8	25	1.39794	2	0	0	5	0.2	5	0.2	1	0	0	0	0	0	0
6000	929	50	300	4	25	8	83	1.91908	2	0	0	3	0.333333	3	0.333333	1	0	0	0	0	0	0
6000	935	50	300	4	25	9	89	1.94939	2	0	0	4	0.25	4	0.25	1	0	0	0	0	0	0
6000	947	50	300	4	25	8	73	1.86332	2	0	0	3	0.333333	3	0.333333	1	0	0	0	0	0	0
6000	958	50	300	4	25	9	53	1.72428	2	0	0	5	0.2	5	0.2	1	0	0	0	0	0	0
6000	981	50	300	4	25	11	90	1.95424	2	0	0	5	0.2	5	0.2	1	0	0	0	0	0	0
6000	991	50	300	4	25	14	74	1.86923	2	0	0	9	0.111111	9	0.111111	1	0	0	0	0	0	0
6000	461	60	300	4	25	13	83	1.91908	2	0	0	7	0.142857	7	0.142857	1	0	0	0	0	0	0
6000	518	60	300	4	25	9	19	1.27875	2	0	0	6	0.166667	6	0.166667	1	0	0	0	0	0	0
6000	584	60	300	4	25	7	31	1.49136	2	0	0	4	0.25	4	0.25	1	0	0	0	0	0	0
6000	612	60	300	4	25	12	84	1.92428	2	0	0	6	0.166667	6	0.166667	1	0	0	0	0	0	0
6000	749	60	300	4	25	16	37	1.5682	2	0	0	14	0.0714286	14	0.0714286	1	0	0	0	0	0	0
6000	808	60	300	4	25	9	71	1.85126	2	0	0	5	0.2	5	0.2	1	0	0	0	0	0	0
6000	826	60	300	4	25	8	55	1.74036	2	0	0	4	0.25	4	0.25	1	0	0	0	0	0	0
6000	827	60	300	4	25	6	17	1.23045	2	0	0	4	0.25	4	0.25	1	0	0	0	0	0	0
6000	863	60	300	4	25	11	44	1.64345	2	0	0	7	0.142857	7	0.142857	1	0	0	0	0	0	0
6000	977	60	300	4	25	11	90	1.95424	2	0	0	6	0.166667	6	0.166667	1	0	0	0	0	0	0
