8000	167	60	300	4	25	22	31939	4.50432	5	0	0	5	0.2	5	0.2	1	0.2	-0.69897	0.05	-1.30103	0	0
8000	390	60	300	4	25	20	25055	4.39889	5	0	0	5	0.2	5	0.2	1	0.13	-0.886057	0.05	-1.30103	0	0
8000	502	60	300	4	25	22	11351	4.05503	5	0	0	5	0.2	5	0.2	1	0.07	-1.1549	0.01	-2	0	0
8000	531	60	300	4	25	27	11921	4.07631	5	0	0	10	0.1	10	0.1	1	0.07	-1.1549	0.01	-2	0	0
8000	712	60	300	4	25	21	10234	4.01005	5	0	0	6	0.166667	6	0.166667	1	0.08	-1.09691	0.01	-2	0	0
8000	717	60	300	4	25	28	23224	4.36594	5	0	0	9	0.111111	9	0.111111	1	0.24	-0.619789	0.03	-1.52288	0	0
8000	793	60	300	4	25	23	30891	4.48983	5	0	0	5	0.2	5	0.2	1	0.33	-0.481486	0.04	-1.39794	0	0
8000	3	70	300	4	25	22	30134	4.47906	5	0	0	4	0.25	4	0.25	1	0.22	-0.657577	0.02	-1.69897	0	0
8000	23	70	300	4	25	26	56281	4.75036	5	0	0	5	0.2	5	0.2	1	0.53	-0.275724	0.07	-1.1549	0	0
8000	44	70	300	4	25	21	24999	4.39792	5	0	0	4	0.25	4	0.25	1	0.15	-0.823909	0.03	-1.52288	0	0
8000	50	70	300	4	25	23	15776	4.198	5	0	0	6	0.166667	6	0.166667	1	0.1	-1	0.02	-1.69897	0	0
8000	55	70	300	4	25	28	73506	4.86632	5	0	0	6	0.166667	6	0.166667	1	0.93	-0.0315171	0.11	-0.958607	0	0
8000	64	70	300	4	25	23	12899	4.11056	5	0	0	6	0.166667	6	0.166667	1	0.12	-0.920819	0.01	-2	0	0
8000	71	70	300	4	25	20	12256	4.08835	5	0	0	4	0.25	4	0.25	1	0.07	-1.1549	0	0	0	0
8000	91	70	300	4	25	20	17302	4.2381	5	0	0	4	0.25	4	0.25	1	0.09	-1.04576	0.03	-1.52288	0	0
8000	96	70	300	4	25	22	13436	4.12827	5	0	0	8	0.125	8	0.125	1	0.14	-0.853872	0	0	0	0
8000	137	70	300	4	25	19	13823	4.1406	5	0	0	5	0.2	5	0.2	1	0.06	-1.22185	0.01	-2	0	0
8000	140	70	300	4	25	26	34302	4.53532	5	0	0	6	0.166667	6	0.166667	1	0.46	-0.337242	0.05	-1.30103	0	0
8000	147	70	300	4	25	25	18721	4.27233	5	0	0	7	0.142857	7	0.142857	1	0.17	-0.769551	0.03	-1.52288	0	0
8000	150	70	300	4	25	23	34991	4.54396	5	0	0	8	0.125	8	0.125	1	0.24	-0.619789	0.04	-1.39794	0	0
8000	165	70	300	4	25	27	14114	4.14965	5	0	0	9	0.111111	9	0.111111	1	0.07	-1.1549	0	0	0	0
8000	181	70	300	4	25	24	17203	4.2356	5	0	0	6	0.166667	6	0.166667	1	0.13	-0.886057	0.02	-1.69897	0	0
8000	210	70	300	4	25	22	14425	4.15912	5	0	0	6	0.166667	6	0.166667	1	0.11	-0.958607	0.03	-1.52288	0	0
8000	211	70	300	4	25	25	12630	4.1014	5	0	0	8	0.125	8	0.125	1	0.14	-0.853872	0.01	-2	0	0
8000	221	70	300	4	25	21	12186	4.08586	5	0	0	5	0.2	5	0.2	1	0.07	-1.1549	0.01	-2	0	0
8000	223	70	300	4	25	24	29386	4.46814	5	0	0	9	0.111111	9	0.111111	1	0.36	-0.443697	0.03	-1.52288	0	0
8000	224	70	300	4	25	20	41332	4.61629	5	0	0	4	0.25	4	0.25	1	0.25	-0.60206	0.06	-1.22185	0	0
8000	236	70	300	4	25	21	13652	4.1352	5	0	0	5	0.2	5	0.2	1	0.09	-1.04576	0.02	-1.69897	0	0
8000	246	70	300	4	25	24	18835	4.27497	5	0	0	7	0.142857	7	0.142857	1	0.12	-0.920819	0.01	-2	0	0
8000	247	70	300	4	25	24	11132	4.04657	5	0	0	5	0.2	5	0.2	1	0.12	-0.920819	0.02	-1.69897	0	0
8000	250	70	300	4	25	26	27261	4.43554	5	0	0	6	0.166667	6	0.166667	1	0.21	-0.677781	0.05	-1.30103	0	0
8000	287	70	300	4	25	28	11028	4.0425	5	0	0	14	0.0714286	14	0.0714286	1	0.09	-1.04576	0	0	0	0
8000	292	70	300	4	25	27	39591	4.5976	5	0	0	7	0.142857	7	0.142857	1	0.29	-0.537602	0.05	-1.30103	0	0
8000	299	70	300	4	25	30	53395	4.7275	5	0	0	13	0.0769231	13	0.0769231	1	0.68	-0.167491	0.06	-1.22185	0	0
8000	301	70	300	4	25	29	15837	4.19967	5	0	0	14	0.0714286	14	0.0714286	1	0.09	-1.04576	0.01	-2	0	0
8000	312	70	300	4	25	25	65751	4.8179	5	0	0	7	0.142857	7	0.142857	1	0.74	-0.130768	0.05	-1.30103	0	0
8000	315	70	300	4	25	20	10079	4.00342	5	0	0	6	0.166667	6	0.166667	1	0.05	-1.30103	0	0	0	0
8000	317	70	300	4	25	22	12793	4.10697	5	0	0	8	0.125	8	0.125	1	0.17	-0.769551	0.01	-2	0	0
8000	324	70	300	4	25	24	34287	4.53513	5	0	0	6	0.166667	6	0.166667	1	0.22	-0.657577	0.04	-1.39794	0	0
8000	328	70	300	4	25	21	30791	4.48842	5	0	0	4	0.25	4	0.25	1	0.18	-0.744727	0.04	-1.39794	0	0
8000	331	70	300	4	25	22	13810	4.14019	5	0	0	6	0.166667	6	0.166667	1	0.12	-0.920819	0.02	-1.69897	0	0
8000	340	70	300	4	25	23	13325	4.12467	5	0	0	7	0.142857	7	0.142857	1	0.14	-0.853872	0.01	-2	0	0
8000	342	70	300	4	25	19	21140	4.3251	5	0	0	4	0.25	4	0.25	1	0.14	-0.853872	0.01	-2	0	0
8000	357	70	300	4	25	27	50413	4.70254	5	0	0	7	0.142857	7	0.142857	1	0.32	-0.49485	0.06	-1.22185	0	0
8000	358	70	300	4	25	22	13941	4.14429	5	0	0	6	0.166667	6	0.166667	1	0.13	-0.886057	0.01	-2	0	0
8000	375	70	300	4	25	21	12095	4.08261	5	0	0	6	0.166667	6	0.166667	1	0.09	-1.04576	0.01	-2	0	0
8000	377	70	300	4	25	30	72000	4.85733	5	0	0	9	0.111111	9	0.111111	1	0.9	-0.0457575	0.12	-0.920819	0	0
8000	386	70	300	4	25	24	17351	4.23932	5	0	0	9	0.111111	9	0.111111	1	0.17	-0.769551	0.01	-2	0	0
8000	390	70	300	4	25	21	56646	4.75317	5	0	0	4	0.25	4	0.25	1	0.39	-0.408935	0.07	-1.1549	0	0
8000	419	70	300	4	25	24	43253	4.63602	5	0	0	6	0.166667	6	0.166667	1	0.34	-0.468521	0.05	-1.30103	0	0
8000	420	70	300	4	25	25	31993	4.50505	5	0	0	6	0.166667	6	0.166667	1	0.27	-0.568636	0.04	-1.39794	0	0
8000	424	70	300	4	25	23	40255	4.60482	5	0	0	6	0.166667	6	0.166667	1	0.45	-0.346787	0.05	-1.30103	0	0
8000	428	70	300	4	25	24	10675	4.02837	5	0	0	8	0.125	8	0.125	1	0.06	-1.22185	0.01	-2	0	0
8000	433	70	300	4	25	30	14359	4.15712	5	0	0	14	0.0714286	14	0.0714286	1	0.2	-0.69897	0.02	-1.69897	0	0
8000	440	70	300	4	25	22	20159	4.30447	5	0	0	6	0.166667	6	0.166667	1	0.15	-0.823909	0.02	-1.69897	0	0
8000	470	70	300	4	25	24	40626	4.6088	5	0	0	5	0.2	5	0.2	1	0.33	-0.481486	0.03	-1.52288	0	0
8000	480	70	300	4	25	28	10834	4.03479	5	0	0	15	0.0666667	15	0.0666667	1	0.09	-1.04576	0.01	-2	0	0
8000	488	70	300	4	25	19	11657	4.06659	5	0	0	5	0.2	5	0.2	1	0.05	-1.30103	0	0	0	0
8000	489	70	300	4	25	22	10784	4.03278	5	0	0	5	0.2	5	0.2	1	0.07	-1.1549	0.01	-2	0	0
8000	499	70	300	4	25	21	16463	4.21651	5	0	0	6	0.166667	6	0.166667	1	0.1	-1	0.01	-2	0	0
8000	507	70	300	4	25	21	12508	4.09719	5	0	0	5	0.2	5	0.2	1	0.1	-1	0.01	-2	0	0
8000	512	70	300	4	25	29	33263	4.52196	5	0	0	9	0.111111	9	0.111111	1	0.46	-0.337242	0.03	-1.52288	0	0
8000	531	70	300	4	25	30	12526	4.09781	5	0	0	11	0.0909091	11	0.0909091	1	0.07	-1.1549	0.01	-2	0	0
8000	534	70	300	4	25	21	13853	4.14154	5	0	0	8	0.125	8	0.125	1	0.09	-1.04576	0.02	-1.69897	0	0
8000	559	70	300	4	25	24	16644	4.22126	5	0	0	6	0.166667	6	0.166667	1	0.15	-0.823909	0.01	-2	0	0
8000	581	70	300	4	25	18	17495	4.24291	5	0	0	3	0.333333	3	0.333333	1	0.09	-1.04576	0.02	-1.69897	0	0
8000	601	70	300	4	25	20	15551	4.19176	5	0	0	5	0.2	5	0.2	1	0.11	-0.958607	0.01	-2	0	0
8000	627	70	300	4	25	21	14874	4.17243	5	0	0	6	0.166667	6	0.166667	1	0.08	-1.09691	0.01	-2	0	0
8000	643	70	300	4	25	19	12135	4.08404	5	0	0	4	0.25	4	0.25	1	0.07	-1.1549	0.01	-2	0	0
8000	653	70	300	4	25	24	17658	4.24694	5	0	0	7	0.142857	7	0.142857	1	0.1	-1	0.02	-1.69897	0	0
8000	660	70	300	4	25	23	23916	4.37869	5	0	0	5	0.2	5	0.2	1	0.19	-0.721246	0.02	-1.69897	0	0
8000	661	70	300	4	25	23	31103	4.4928	5	0	0	7	0.142857	7	0.142857	1	0.14	-0.853872	0.01	-2	0	0
8000	676	70	300	4	25	23	17999	4.25525	5	0	0	6	0.166667	6	0.166667	1	0.09	-1.04576	0.03	-1.52288	0	0
8000	691	70	300	4	25	18	13828	4.14076	5	0	0	4	0.25	4	0.25	1	0.06	-1.22185	0.02	-1.69897	0	0
8000	723	70	300	4	25	20	12093	4.08253	5	0	0	6	0.166667	6	0.166667	1	0.11	-0.958607	0.01	-2	0	0
8000	729	70	300	4	25	21	11598	4.06438	5	0	0	6	0.166667	6	0.166667	1	0.12	-0.920819	0.01	-2	0	0
8000	736	70	300	4	25	34	22086	4.34412	5	0	0	13	0.0769231	13	0.0769231	1	0.34	-0.468521	0.02	-1.69897	0	0
8000	741	70	300	4	25	21	24129	4.38254	5	0	0	4	0.25	4	0.25	1	0.15	-0.823909	0.04	-1.39794	0	0
8000	755	70	300	4	25	23	10127	4.00548	5	0	0	7	0.142857	7	0.142857	1	0.06	-1.22185	0.01	-2	0	0
8000	760	70	300	4	25	22	50787	4.70575	5	0	0	5	0.2	5	0.2	1	0.27	-0.568636	0.06	-1.22185	0	0
8000	777	70	300	4	25	21	46079	4.6635	5	0	0	4	0.25	4	0.25	1	0.4	-0.39794	0.04	-1.39794	0	0
8000	783	70	300	4	25	24	21933	4.3411	5	0	0	7	0.142857	7	0.142857	1	0.22	-0.657577	0.02	-1.69897	0	0
8000	785	70	300	4	25	26	14870	4.17231	5	0	0	8	0.125	8	0.125	1	0.13	-0.886057	0.02	-1.69897	0	0
8000	792	70	300	4	25	20	12689	4.10343	5	0	0	6	0.166667	6	0.166667	1	0.07	-1.1549	0.01	-2	0	0
8000	793	70	300	4	25	22	10845	4.03523	5	0	0	6	0.166667	6	0.166667	1	0.11	-0.958607	0.01	-2	0	0
8000	798	70	300	4	25	23	14450	4.15987	5	0	0	5	0.2	5	0.2	1	0.11	-0.958607	0.01	-2	0	0
8000	801	70	300	4	25	23	10291	4.01246	5	0	0	7	0.142857	7	0.142857	1	0.1	-1	0	0	0	0
8000	803	70	300	4	25	19	10467	4.01982	5	0	0	4	0.25	4	0.25	1	0.07	-1.1549	0.02	-1.69897	0	0
8000	805	70	300	4	25	23	20500	4.31175	5	0	0	7	0.142857	7	0.142857	1	0.21	-0.677781	0.01	-2	0	0
8000	809	70	300	4	25	18	11268	4.05185	5	0	0	3	0.333333	3	0.333333	1	0.07	-1.1549	0.01	-2	0	0
8000	823	70	300	4	25	20	31967	4.5047	5	0	0	4	0.25	4	0.25	1	0.36	-0.443697	0.03	-1.52288	0	0
8000	858	70	300	4	25	22	15816	4.1991	5	0	0	8	0.125	8	0.125	1	0.08	-1.09691	0.01	-2	0	0
8000	869	70	300	4	25	24	16241	4.21061	5	0	0	6	0.166667	6	0.166667	1	0.12	-0.920819	0.02	-1.69897	0	0
8000	883	70	300	4	25	26	17604	4.24561	5	0	0	7	0.142857	7	0.142857	1	0.2	-0.69897	0.03	-1.52288	0	0
8000	919	70	300	4	25	21	46509	4.66754	5	0	0	4	0.25	4	0.25	1	0.35	-0.455932	0.06	-1.22185	0	0
8000	954	70	300	4	25	21	17383	4.24012	5	0	0	6	0.166667	6	0.166667	1	0.12	-0.920819	0.01	-2	0	0
8000	956	70	300	4	25	38	42522	4.62861	5	0	0	17	0.0588235	17	0.0588235	1	0.47	-0.327902	0.03	-1.52288	0	0
8000	965	70	300	4	25	27	28047	4.44789	5	0	0	8	0.125	8	0.125	1	0.2	-0.69897	0.03	-1.52288	0	0
8000	983	70	300	4	25	21	13905	4.14317	5	0	0	7	0.142857	7	0.142857	1	0.07	-1.1549	0.01	-2	0	0
8000	996	70	300	4	25	30	16225	4.21018	5	0	0	8	0.125	8	0.125	1	0.1	-1	0.02	-1.69897	0	0
8000	1	80	300	4	25	27	44308	4.64648	5	0	0	5	0.2	5	0.2	1	0.52	-0.283997	0.08	-1.09691	0	0
8000	8	80	300	4	25	33	12266	4.0887	5	0	0	18	0.0555556	18	0.0555556	1	0.11	-0.958607	0	0	0	0
8000	9	80	300	4	25	27	25157	4.40066	5	0	0	9	0.111111	9	0.111111	1	0.21	-0.677781	0.02	-1.69897	0	0
8000	14	80	300	4	25	23	15052	4.17759	5	0	0	5	0.2	5	0.2	1	0.11	-0.958607	0.01	-2	0	0
8000	16	80	300	4	25	21	15024	4.17679	5	0	0	5	0.2	5	0.2	1	0.11	-0.958607	0.02	-1.69897	0	0
8000	17	80	300	4	25	26	33248	4.52177	5	0	0	7	0.142857	7	0.142857	1	0.31	-0.508638	0.05	-1.30103	0	0
8000	19	80	300	4	25	21	12449	4.09513	5	0	0	5	0.2	5	0.2	1	0.06	-1.22185	0.01	-2	0	0
8000	22	80	300	4	25	25	40883	4.61154	5	0	0	5	0.2	5	0.2	1	0.28	-0.552842	0.07	-1.1549	0	0
8000	23	80	300	4	25	27	81374	4.91049	5	0	0	6	0.166667	6	0.166667	1	0.67	-0.173925	0.1	-1	0	0
8000	26	80	300	4	25	21	10312	4.01334	5	0	0	5	0.2	5	0.2	1	0.07	-1.1549	0.01	-2	0	0
8000	36	80	300	4	25	27	54138	4.7335	5	0	0	7	0.142857	7	0.142857	1	0.52	-0.283997	0.06	-1.22185	0	0
8000	43	80	300	4	25	22	49079	4.6909	5	0	0	4	0.25	4	0.25	1	0.42	-0.376751	0.09	-1.04576	0	0
8000	45	80	300	4	25	23	11989	4.07878	5	0	0	6	0.166667	6	0.166667	1	0.07	-1.1549	0.01	-2	0	0
8000	50	80	300	4	25	26	58310	4.76574	5	0	0	5	0.2	5	0.2	1	0.74	-0.130768	0.08	-1.09691	0	0
8000	51	80	300	4	25	23	19439	4.28867	5	0	0	8	0.125	8	0.125	1	0.22	-0.657577	0.01	-2	0	0
8000	56	80	300	4	25	27	49335	4.69316	5	0	0	7	0.142857	7	0.142857	1	0.38	-0.420216	0.06	-1.22185	0	0
8000	64	80	300	4	25	21	12253	4.08824	5	0	0	5	0.2	5	0.2	1	0.09	-1.04576	0.01	-2	0	0
8000	66	80	300	4	25	23	30732	4.48759	5	0	0	4	0.25	4	0.25	1	0.19	-0.721246	0.02	-1.69897	0	0
8000	67	80	300	4	25	22	11744	4.06982	5	0	0	5	0.2	5	0.2	1	0.09	-1.04576	0.01	-2	0	0
8000	80	80	300	4	25	22	10999	4.04135	5	0	0	8	0.125	8	0.125	1	0.04	-1.39794	0.02	-1.69897	0	0
8000	94	80	300	4	25	23	12236	4.08764	5	0	0	6	0.166667	6	0.166667	1	0.09	-1.04576	0.02	-1.69897	0	0
8000	98	80	300	4	25	22	22809	4.35811	5	0	0	6	0.166667	6	0.166667	1	0.13	-0.886057	0.03	-1.52288	0	0
8000	100	80	300	4	25	22	12095	4.08261	5	0	0	7	0.142857	7	0.142857	1	0.05	-1.30103	0.01	-2	0	0
8000	102	80	300	4	25	23	11032	4.04265	5	0	0	10	0.1	10	0.1	1	0.08	-1.09691	0.01	-2	0	0
8000	103	80	300	4	25	25	31872	4.50341	5	0	0	6	0.166667	6	0.166667	1	0.34	-0.468521	0.04	-1.39794	0	0
8000	109	80	300	4	25	30	88094	4.94495	5	0	0	10	0.1	10	0.1	1	1.11	0.045323	0.11	-0.958607	0	0
8000	118	80	300	4	25	24	17066	4.23213	5	0	0	7	0.142857	7	0.142857	1	0.11	-0.958607	0.01	-2	0	0
8000	121	80	300	4	25	21	29783	4.47397	5	0	0	4	0.25	4	0.25	1	0.2	-0.69897	0.03	-1.52288	0	0
8000	137	80	300	4	25	23	63948	4.80583	5	0	0	5	0.2	5	0.2	1	0.49	-0.309804	0.09	-1.04576	0	0
8000	141	80	300	4	25	32	22952	4.36082	5	0	0	11	0.0909091	11	0.0909091	1	0.15	-0.823909	0.03	-1.52288	0	0
8000	142	80	300	4	25	25	10438	4.01862	5	0	0	10	0.1	10	0.1	1	0.17	-0.769551	0.01	-2	0	0
8000	146	80	300	4	25	25	16673	4.22201	5	0	0	6	0.166667	6	0.166667	1	0.18	-0.744727	0.01	-2	0	0
8000	150	80	300	4	25	22	43847	4.64194	5	0	0	6	0.166667	6	0.166667	1	0.31	-0.508638	0.05	-1.30103	0	0
8000	153	80	300	4	25	28	17308	4.23825	5	0	0	9	0.111111	9	0.111111	1	0.14	-0.853872	0.02	-1.69897	0	0
8000	155	80	300	4	25	27	13255	4.12238	5	0	0	8	0.125	8	0.125	1	0.13	-0.886057	0.02	-1.69897	0	0
8000	156	80	300	4	25	23	11357	4.05526	5	0	0	7	0.142857	7	0.142857	1	0.06	-1.22185	0.02	-1.69897	0	0
8000	160	80	300	4	25	25	22199	4.34633	5	0	0	6	0.166667	6	0.166667	1	0.16	-0.79588	0.04	-1.39794	0	0
8000	163	80	300	4	25	27	43042	4.63389	5	0	0	8	0.125	8	0.125	1	0.43	-0.366532	0.06	-1.22185	0	0
8000	171	80	300	4	25	21	40297	4.60527	5	0	0	5	0.2	5	0.2	1	0.32	-0.49485	0.03	-1.52288	0	0
8000	190	80	300	4	25	23	18422	4.26534	5	0	0	9	0.111111	9	0.111111	1	0.13	-0.886057	0.01	-2	0	0
8000	192	80	300	4	25	30	52473	4.71994	5	0	0	7	0.142857	7	0.142857	1	0.47	-0.327902	0.09	-1.04576	0	0
8000	199	80	300	4	25	21	39988	4.60193	5	0	0	5	0.2	5	0.2	1	0.21	-0.677781	0.05	-1.30103	0	0
8000	200	80	300	4	25	22	33518	4.52528	5	0	0	4	0.25	4	0.25	1	0.34	-0.468521	0.05	-1.30103	0	0
8000	203	80	300	4	25	24	16359	4.21376	5	0	0	7	0.142857	7	0.142857	1	0.13	-0.886057	0.02	-1.69897	0	0
8000	213	80	300	4	25	19	10684	4.02873	5	0	0	5	0.2	5	0.2	1	0.06	-1.22185	0.01	-2	0	0
8000	219	80	300	4	25	21	17230	4.23629	5	0	0	5	0.2	5	0.2	1	0.09	-1.04576	0.03	-1.52288	0	0
8000	221	80	300	4	25	19	13983	4.1456	5	0	0	3	0.333333	3	0.333333	1	0.08	-1.09691	0.01	-2	0	0
8000	236	80	300	4	25	24	20603	4.31393	5	0	0	6	0.166667	6	0.166667	1	0.14	-0.853872	0.02	-1.69897	0	0
8000	256	80	300	4	25	28	16459	4.2164	5	0	0	7	0.142857	7	0.142857	1	0.21	-0.677781	0.02	-1.69897	0	0
8000	257	80	300	4	25	27	29711	4.47292	5	0	0	6	0.166667	6	0.166667	1	0.26	-0.585027	0.02	-1.69897	0	0
8000	259	80	300	4	25	21	11306	4.05331	5	0	0	5	0.2	5	0.2	1	0.07	-1.1549	0.01	-2	0	0
8000	271	80	300	4	25	21	12664	4.10257	5	0	0	5	0.2	5	0.2	1	0.06	-1.22185	0.02	-1.69897	0	0
8000	272	80	300	4	25	28	25782	4.41132	5	0	0	7	0.142857	7	0.142857	1	0.16	-0.79588	0.04	-1.39794	0	0
8000	278	80	300	4	25	23	22322	4.34873	5	0	0	6	0.166667	6	0.166667	1	0.13	-0.886057	0.04	-1.39794	0	0
8000	285	80	300	4	25	24	16106	4.20699	5	0	0	9	0.111111	9	0.111111	1	0.13	-0.886057	0.02	-1.69897	0	0
8000	288	80	300	4	25	24	12814	4.10768	5	0	0	7	0.142857	7	0.142857	1	0.08	-1.09691	0.01	-2	0	0
8000	290	80	300	4	25	25	13035	4.11511	5	0	0	7	0.142857	7	0.142857	1	0.13	-0.886057	0.01	-2	0	0
8000	293	80	300	4	25	22	14197	4.1522	5	0	0	6	0.166667	6	0.166667	1	0.07	-1.1549	0.02	-1.69897	0	0
8000	295	80	300	4	25	23	35639	4.55193	5	0	0	6	0.166667	6	0.166667	1	0.3	-0.522879	0.03	-1.52288	0	0
8000	297	80	300	4	25	24	29399	4.46833	5	0	0	6	0.166667	6	0.166667	1	0.27	-0.568636	0.05	-1.30103	0	0
8000	301	80	300	4	25	34	90823	4.9582	5	0	0	12	0.0833333	12	0.0833333	1	0.68	-0.167491	0.1	-1	0	0
8000	303	80	300	4	25	19	14587	4.16397	5	0	0	4	0.25	4	0.25	1	0.13	-0.886057	0.01	-2	0	0
8000	307	80	300	4	25	23	47442	4.67616	5	0	0	4	0.25	4	0.25	1	0.32	-0.49485	0.04	-1.39794	0	0
8000	309	80	300	4	25	29	63144	4.80033	5	0	0	7	0.142857	7	0.142857	1	0.62	-0.207608	0.08	-1.09691	0	0
8000	311	80	300	4	25	20	13014	4.11441	5	0	0	6	0.166667	6	0.166667	1	0.08	-1.09691	0.01	-2	0	0
8000	316	80	300	4	25	20	18480	4.2667	5	0	0	6	0.166667	6	0.166667	1	0.26	-0.585027	0.01	-2	0	0
8000	321	80	300	4	25	29	33776	4.52861	5	0	0	10	0.1	10	0.1	1	0.25	-0.60206	0.03	-1.52288	0	0
8000	322	80	300	4	25	20	10079	4.00342	5	0	0	6	0.166667	6	0.166667	1	0.08	-1.09691	0.01	-2	0	0
8000	326	80	300	4	25	20	12680	4.10312	5	0	0	4	0.25	4	0.25	1	0.09	-1.04576	0.01	-2	0	0
8000	328	80	300	4	25	29	94560	4.97571	5	0	0	7	0.142857	7	0.142857	1	0.66	-0.180456	0.12	-0.920819	0	0
8000	329	80	300	4	25	29	28368	4.45283	5	0	0	9	0.111111	9	0.111111	1	0.18	-0.744727	0.04	-1.39794	0	0
8000	332	80	300	4	25	20	10511	4.02164	5	0	0	6	0.166667	6	0.166667	1	0.07	-1.1549	0	0	0	0
8000	338	80	300	4	25	25	21528	4.333	5	0	0	8	0.125	8	0.125	1	0.12	-0.920819	0.02	-1.69897	0	0
8000	340	80	300	4	25	25	48448	4.68528	5	0	0	6	0.166667	6	0.166667	1	0.49	-0.309804	0.04	-1.39794	0	0
8000	342	80	300	4	25	20	15793	4.19846	5	0	0	5	0.2	5	0.2	1	0.1	-1	0.02	-1.69897	0	0
8000	346	80	300	4	25	22	10654	4.02751	5	0	0	9	0.111111	9	0.111111	1	0.09	-1.04576	0	0	0	0
8000	351	80	300	4	25	19	11415	4.05748	5	0	0	4	0.25	4	0.25	1	0.08	-1.09691	0.02	-1.69897	0	0
8000	354	80	300	4	25	25	10502	4.02127	5	0	0	6	0.166667	6	0.166667	1	0.08	-1.09691	0.01	-2	0	0
8000	356	80	300	4	25	27	46937	4.67152	5	0	0	8	0.125	8	0.125	1	0.35	-0.455932	0.03	-1.52288	0	0
8000	357	80	300	4	25	31	39083	4.59199	5	0	0	8	0.125	8	0.125	1	0.24	-0.619789	0.06	-1.22185	0	0
8000	363	80	300	4	25	25	62499	4.79587	5	0	0	5	0.2	5	0.2	1	0.52	-0.283997	0.11	-0.958607	0	0
8000	364	80	300	4	25	28	13515	4.13082	5	0	0	11	0.0909091	11	0.0909091	1	0.17	-0.769551	0.01	-2	0	0
8000	365	80	300	4	25	23	36506	4.56236	5	0	0	7	0.142857	7	0.142857	1	0.56	-0.251812	0.05	-1.30103	0	0
8000	372	80	300	4	25	22	46826	4.67049	5	0	0	5	0.2	5	0.2	1	0.38	-0.420216	0.04	-1.39794	0	0
8000	373	80	300	4	25	29	56666	4.75332	5	0	0	9	0.111111	9	0.111111	1	0.43	-0.366532	0.06	-1.22185	0	0
8000	376	80	300	4	25	26	19810	4.29688	5	0	0	6	0.166667	6	0.166667	1	0.24	-0.619789	0.04	-1.39794	0	0
8000	384	80	300	4	25	21	18043	4.25631	5	0	0	5	0.2	5	0.2	1	0.12	-0.920819	0	0	0	0
8000	385	80	300	4	25	25	12597	4.10027	5	0	0	10	0.1	10	0.1	1	0.19	-0.721246	0.01	-2	0	0
8000	386	80	300	4	25	26	33007	4.51861	5	0	0	7	0.142857	7	0.142857	1	0.29	-0.537602	0.03	-1.52288	0	0
8000	6	90	300	4	25	25	19319	4.28598	5	0	0	7	0.142857	7	0.142857	1	0.15	-0.823909	0.02	-1.69897	0	0
8000	9	90	300	4	25	28	80166	4.90399	5	0	0	9	0.111111	9	0.111111	1	0.76	-0.119186	0.1	-1	0	0
8000	10	90	300	4	25	20	11814	4.0724	5	0	0	4	0.25	4	0.25	1	0.06	-1.22185	0.01	-2	0	0
8000	11	90	300	4	25	29	46419	4.6667	5	0	0	9	0.111111	9	0.111111	1	0.36	-0.443697	0.03	-1.52288	0	0
8000	17	90	300	4	25	34	74321	4.87111	5	0	0	10	0.1	10	0.1	1	0.96	-0.0177288	0.09	-1.04576	0	0
8000	19	90	300	4	25	20	10635	4.02674	5	0	0	6	0.166667	6	0.166667	1	0.05	-1.30103	0.01	-2	0	0
8000	21	90	300	4	25	26	72100	4.85794	5	0	0	5	0.2	5	0.2	1	0.6	-0.221849	0.08	-1.09691	0	0
8000	26	90	300	4	25	24	31402	4.49696	5	0	0	6	0.166667	6	0.166667	1	0.21	-0.677781	0.04	-1.39794	0	0
8000	37	90	300	4	25	29	57448	4.75927	5	0	0	9	0.111111	9	0.111111	1	0.29	-0.537602	0.07	-1.1549	0	0
8000	38	90	300	4	25	25	19055	4.28001	5	0	0	8	0.125	8	0.125	1	0.2	-0.69897	0.03	-1.52288	0	0
8000	40	90	300	4	25	25	25113	4.3999	5	0	0	9	0.111111	9	0.111111	1	0.25	-0.60206	0.04	-1.39794	0	0
8000	48	90	300	4	25	23	30227	4.4804	5	0	0	5	0.2	5	0.2	1	0.17	-0.769551	0.04	-1.39794	0	0
8000	52	90	300	4	25	23	17804	4.25052	5	0	0	6	0.166667	6	0.166667	1	0.11	-0.958607	0.03	-1.52288	0	0
8000	53	90	300	4	25	34	68006	4.83255	5	0	0	16	0.0625	16	0.0625	1	0.41	-0.387216	0.07	-1.1549	0	0
8000	54	90	300	4	25	27	57353	4.75856	5	0	0	8	0.125	8	0.125	1	0.71	-0.148742	0.04	-1.39794	0	0
8000	58	90	300	4	25	27	53294	4.72668	5	0	0	7	0.142857	7	0.142857	1	0.39	-0.408935	0.06	-1.22185	0	0
8000	62	90	300	4	25	21	24268	4.38503	5	0	0	4	0.25	4	0.25	1	0.14	-0.853872	0.05	-1.30103	0	0
8000	64	90	300	4	25	24	17286	4.23769	5	0	0	7	0.142857	7	0.142857	1	0.15	-0.823909	0.01	-2	0	0
8000	66	90	300	4	25	23	31156	4.49354	5	0	0	7	0.142857	7	0.142857	1	0.24	-0.619789	0.04	-1.39794	0	0
8000	68	90	300	4	25	20	20804	4.31815	5	0	0	3	0.333333	3	0.333333	1	0.12	-0.920819	0.02	-1.69897	0	0
8000	73	90	300	4	25	22	24586	4.39069	5	0	0	4	0.25	4	0.25	1	0.15	-0.823909	0.03	-1.52288	0	0
8000	86	90	300	4	25	28	47570	4.67733	5	0	0	9	0.111111	9	0.111111	1	0.55	-0.259637	0.06	-1.22185	0	0
8000	100	90	300	4	25	28	30767	4.48809	5	0	0	8	0.125	8	0.125	1	0.17	-0.769551	0.04	-1.39794	0	0
8000	107	90	300	4	25	21	10258	4.01106	5	0	0	5	0.2	5	0.2	1	0.08	-1.09691	0.01	-2	0	0
8000	111	90	300	4	25	21	16881	4.2274	5	0	0	7	0.142857	7	0.142857	1	0.08	-1.09691	0.01	-2	0	0
8000	113	90	300	4	25	23	14494	4.16119	5	0	0	6	0.166667	6	0.166667	1	0.17	-0.769551	0.02	-1.69897	0	0
8000	123	90	300	4	25	26	82945	4.91879	5	0	0	5	0.2	5	0.2	1	1.04	0.0170333	0.13	-0.886057	0	0
8000	125	90	300	4	25	22	20027	4.30162	5	0	0	4	0.25	4	0.25	1	0.1	-1	0.03	-1.52288	0	0
8000	128	90	300	4	25	30	55205	4.74198	5	0	0	11	0.0909091	11	0.0909091	1	0.55	-0.259637	0.04	-1.39794	0	0
8000	131	90	300	4	25	26	39737	4.5992	5	0	0	7	0.142857	7	0.142857	1	0.21	-0.677781	0.02	-1.69897	0	0
8000	133	90	300	4	25	23	62534	4.79612	5	0	0	5	0.2	5	0.2	1	0.42	-0.376751	0.08	-1.09691	0	0
8000	139	90	300	4	25	29	34858	4.5423	5	0	0	7	0.142857	7	0.142857	1	0.53	-0.275724	0.06	-1.22185	0	0
8000	143	90	300	4	25	24	31261	4.495	5	0	0	6	0.166667	6	0.166667	1	0.16	-0.79588	0.04	-1.39794	0	0
8000	145	90	300	4	25	28	17055	4.23185	5	0	0	10	0.1	10	0.1	1	0.13	-0.886057	0.01	-2	0	0
8000	148	90	300	4	25	22	17788	4.25013	5	0	0	6	0.166667	6	0.166667	1	0.15	-0.823909	0.01	-2	0	0
8000	149	90	300	4	25	25	28892	4.46078	5	0	0	6	0.166667	6	0.166667	1	0.27	-0.568636	0.03	-1.52288	0	0
8000	151	90	300	4	25	24	23401	4.36923	5	0	0	9	0.111111	9	0.111111	1	0.13	-0.886057	0.02	-1.69897	0	0
8000	155	90	300	4	25	30	30709	4.48727	5	0	0	11	0.0909091	11	0.0909091	1	0.29	-0.537602	0.03	-1.52288	0	0
8000	162	90	300	4	25	35	41362	4.6166	5	0	0	13	0.0769231	13	0.0769231	1	0.32	-0.49485	0.03	-1.52288	0	0
8000	164	90	300	4	25	24	51242	4.70963	5	0	0	5	0.2	5	0.2	1	0.32	-0.49485	0.07	-1.1549	0	0
8000	166	90	300	4	25	27	54496	4.73636	5	0	0	7	0.142857	7	0.142857	1	0.41	-0.387216	0.05	-1.30103	0	0
8000	173	90	300	4	25	29	50050	4.6994	5	0	0	8	0.125	8	0.125	1	0.51	-0.29243	0.05	-1.30103	0	0
8000	174	90	300	4	25	23	31021	4.49166	5	0	0	7	0.142857	7	0.142857	1	0.24	-0.619789	0.03	-1.52288	0	0
8000	175	90	300	4	25	23	39980	4.60184	5	0	0	6	0.166667	6	0.166667	1	0.23	-0.638272	0.04	-1.39794	0	0
8000	176	90	300	4	25	25	11691	4.06785	5	0	0	9	0.111111	9	0.111111	1	0.11	-0.958607	0	0	0	0
8000	177	90	300	4	25	24	50043	4.69934	5	0	0	6	0.166667	6	0.166667	1	0.44	-0.356547	0.07	-1.1549	0	0
8000	179	90	300	4	25	25	32720	4.51481	5	0	0	6	0.166667	6	0.166667	1	0.26	-0.585027	0.03	-1.52288	0	0
8000	180	90	300	4	25	17	12105	4.08296	5	0	0	4	0.25	4	0.25	1	0.06	-1.22185	0.02	-1.69897	0	0
8000	185	90	300	4	25	26	38508	4.58555	5	0	0	6	0.166667	6	0.166667	1	0.23	-0.638272	0.05	-1.30103	0	0
8000	198	90	300	4	25	32	60475	4.78158	5	0	0	12	0.0833333	12	0.0833333	1	0.78	-0.107905	0.08	-1.09691	0	0
8000	202	90	300	4	25	24	44902	4.65227	5	0	0	6	0.166667	6	0.166667	1	0.28	-0.552842	0.05	-1.30103	0	0
8000	203	90	300	4	25	25	14385	4.15791	5	0	0	10	0.1	10	0.1	1	0.16	-0.79588	0.01	-2	0	0
8000	204	90	300	4	25	22	22841	4.35872	5	0	0	5	0.2	5	0.2	1	0.19	-0.721246	0.02	-1.69897	0	0
8000	207	90	300	4	25	23	22534	4.35284	5	0	0	6	0.166667	6	0.166667	1	0.19	-0.721246	0.02	-1.69897	0	0
8000	212	90	300	4	25	25	39331	4.59473	5	0	0	4	0.25	4	0.25	1	0.35	-0.455932	0.03	-1.52288	0	0
8000	215	90	300	4	25	33	42399	4.62736	5	0	0	11	0.0909091	11	0.0909091	1	0.66	-0.180456	0.05	-1.30103	0	0
8000	216	90	300	4	25	24	49536	4.69492	5	0	0	7	0.142857	7	0.142857	1	0.37	-0.431798	0.06	-1.22185	0	0
8000	217	90	300	4	25	20	24029	4.38074	5	0	0	3	0.333333	3	0.333333	1	0.21	-0.677781	0.03	-1.52288	0	0
8000	218	90	300	4	25	31	40919	4.61193	5	0	0	13	0.0769231	13	0.0769231	1	0.4	-0.39794	0.03	-1.52288	0	0
8000	221	90	300	4	25	23	40998	4.61276	5	0	0	4	0.25	4	0.25	1	0.3	-0.522879	0.05	-1.30103	0	0
8000	230	90	300	4	25	22	28279	4.45146	5	0	0	6	0.166667	6	0.166667	1	0.21	-0.677781	0.03	-1.52288	0	0
8000	233	90	300	4	25	21	22399	4.35023	5	0	0	7	0.142857	7	0.142857	1	0.15	-0.823909	0.01	-2	0	0
8000	235	90	300	4	25	26	25142	4.4004	5	0	0	7	0.142857	7	0.142857	1	0.24	-0.619789	0.02	-1.69897	0	0
8000	241	90	300	4	25	25	46240	4.66502	5	0	0	5	0.2	5	0.2	1	0.41	-0.387216	0.06	-1.22185	0	0
8000	253	90	300	4	25	25	34139	4.53325	5	0	0	8	0.125	8	0.125	1	0.2	-0.69897	0.03	-1.52288	0	0
8000	259	90	300	4	25	26	34942	4.54335	5	0	0	6	0.166667	6	0.166667	1	0.29	-0.537602	0.04	-1.39794	0	0
8000	263	90	300	4	25	29	27393	4.43764	5	0	0	13	0.0769231	13	0.0769231	1	0.23	-0.638272	0.03	-1.52288	0	0
8000	265	90	300	4	25	23	10520	4.02202	5	0	0	7	0.142857	7	0.142857	1	0.08	-1.09691	0.01	-2	0	0
8000	269	90	300	4	25	21	13522	4.13104	5	0	0	6	0.166667	6	0.166667	1	0.12	-0.920819	0	0	0	0
8000	272	90	300	4	25	27	31496	4.49826	5	0	0	7	0.142857	7	0.142857	1	0.18	-0.744727	0.03	-1.52288	0	0
8000	276	90	300	4	25	28	44643	4.64975	5	0	0	7	0.142857	7	0.142857	1	0.56	-0.251812	0.05	-1.30103	0	0
8000	278	90	300	4	25	22	12743	4.10527	5	0	0	8	0.125	8	0.125	1	0.16	-0.79588	0.01	-2	0	0
8000	280	90	300	4	25	38	21178	4.32588	5	0	0	19	0.0526316	19	0.0526316	1	0.29	-0.537602	0.01	-2	0	0
8000	281	90	300	4	25	23	13340	4.12516	5	0	0	7	0.142857	7	0.142857	1	0.12	-0.920819	0	0	0	0
8000	303	90	300	4	25	21	65965	4.81931	5	0	0	4	0.25	4	0.25	1	0.71	-0.148742	0.1	-1	0	0
8000	311	90	300	4	25	21	33259	4.52191	5	0	0	4	0.25	4	0.25	1	0.24	-0.619789	0.05	-1.30103	0	0
8000	314	90	300	4	25	27	10792	4.0331	5	0	0	7	0.142857	7	0.142857	1	0.09	-1.04576	0.01	-2	0	0
8000	316	90	300	4	25	19	15190	4.18156	5	0	0	4	0.25	4	0.25	1	0.12	-0.920819	0.02	-1.69897	0	0
8000	319	90	300	4	25	24	40403	4.60641	5	0	0	6	0.166667	6	0.166667	1	0.44	-0.356547	0.05	-1.30103	0	0
8000	322	90	300	4	25	20	34899	4.54281	5	0	0	4	0.25	4	0.25	1	0.2	-0.69897	0.04	-1.39794	0	0
8000	329	90	300	4	25	30	27665	4.44193	5	0	0	11	0.0909091	11	0.0909091	1	0.19	-0.721246	0.04	-1.39794	0	0
8000	353	90	300	4	25	23	10313	4.01339	5	0	0	8	0.125	8	0.125	1	0.1	-1	0.01	-2	0	0
8000	360	90	300	4	25	26	37708	4.57643	5	0	0	7	0.142857	7	0.142857	1	0.53	-0.275724	0.06	-1.22185	0	0
8000	361	90	300	4	25	25	12360	4.09202	5	0	0	6	0.166667	6	0.166667	1	0.13	-0.886057	0.02	-1.69897	0	0
8000	370	90	300	4	25	23	12119	4.08347	5	0	0	9	0.111111	9	0.111111	1	0.08	-1.09691	0.01	-2	0	0
8000	371	90	300	4	25	23	20534	4.31247	5	0	0	7	0.142857	7	0.142857	1	0.2	-0.69897	0.02	-1.69897	0	0
8000	374	90	300	4	25	30	32934	4.51764	5	0	0	8	0.125	8	0.125	1	0.23	-0.638272	0.02	-1.69897	0	0
8000	379	90	300	4	25	24	12504	4.09705	5	0	0	9	0.111111	9	0.111111	1	0.07	-1.1549	0.01	-2	0	0
8000	381	90	300	4	25	25	43266	4.63615	5	0	0	9	0.111111	9	0.111111	1	0.56	-0.251812	0.03	-1.52288	0	0
8000	15	100	300	4	25	22	18463	4.2663	5	0	0	5	0.2	5	0.2	1	0.11	-0.958607	0.01	-2	0	0
8000	20	100	300	4	25	30	40010	4.60217	5	0	0	8	0.125	8	0.125	1	0.36	-0.443697	0.04	-1.39794	0	0
8000	26	100	300	4	25	26	84888	4.92885	5	0	0	5	0.2	5	0.2	1	0.75	-0.124939	0.1	-1	0	0
8000	29	100	300	4	25	26	49413	4.69384	5	0	0	5	0.2	5	0.2	1	0.45	-0.346787	0.07	-1.1549	0	0
8000	32	100	300	4	25	36	75309	4.87685	5	0	0	12	0.0833333	12	0.0833333	1	0.85	-0.0705811	0.1	-1	0	0
8000	68	100	300	4	25	22	33090	4.5197	5	0	0	4	0.25	4	0.25	1	0.22	-0.657577	0.04	-1.39794	0	0
8000	74	100	300	4	25	20	44063	4.64407	5	0	0	4	0.25	4	0.25	1	0.3	-0.522879	0.04	-1.39794	0	0
8000	75	100	300	4	25	25	31423	4.49725	5	0	0	6	0.166667	6	0.166667	1	0.3	-0.522879	0.04	-1.39794	0	0
8000	97	100	300	4	25	27	77717	4.89052	5	0	0	6	0.166667	6	0.166667	1	0.62	-0.207608	0.11	-0.958607	0	0
8000	98	100	300	4	25	28	99377	4.99729	5	0	0	7	0.142857	7	0.142857	1	0.74	-0.130768	0.12	-0.920819	0	0
8000	110	100	300	4	25	21	29987	4.47693	5	0	0	4	0.25	4	0.25	1	0.18	-0.744727	0.04	-1.39794	0	0
8000	120	100	300	4	25	20	42896	4.63242	5	0	0	3	0.333333	3	0.333333	1	0.23	-0.638272	0.04	-1.39794	0	0
8000	122	100	300	4	25	25	21244	4.32724	5	0	0	7	0.142857	7	0.142857	1	0.19	-0.721246	0.02	-1.69897	0	0
8000	128	100	300	4	25	31	75137	4.87585	5	0	0	11	0.0909091	11	0.0909091	1	0.71	-0.148742	0.07	-1.1549	0	0
8000	130	100	300	4	25	26	48955	4.6898	5	0	0	6	0.166667	6	0.166667	1	0.44	-0.356547	0.06	-1.22185	0	0
8000	135	100	300	4	25	32	26847	4.4289	5	0	0	9	0.111111	9	0.111111	1	0.18	-0.744727	0.05	-1.30103	0	0
8000	148	100	300	4	25	26	24615	4.3912	5	0	0	8	0.125	8	0.125	1	0.25	-0.60206	0.01	-2	0	0
8000	151	100	300	4	25	26	62787	4.79787	5	0	0	9	0.111111	9	0.111111	1	0.38	-0.420216	0.07	-1.1549	0	0
8000	154	100	300	4	25	28	12490	4.09656	5	0	0	10	0.1	10	0.1	1	0.1	-1	0.02	-1.69897	0	0
8000	157	100	300	4	25	31	58347	4.76602	5	0	0	11	0.0909091	11	0.0909091	1	0.65	-0.187087	0.07	-1.1549	0	0
8000	168	100	300	4	25	22	34382	4.53633	5	0	0	5	0.2	5	0.2	1	0.24	-0.619789	0.02	-1.69897	0	0
8000	185	100	300	4	25	32	67181	4.82725	5	0	0	8	0.125	8	0.125	1	0.39	-0.408935	0.08	-1.09691	0	0
8000	189	100	300	4	25	27	22123	4.34484	5	0	0	8	0.125	8	0.125	1	0.16	-0.79588	0.03	-1.52288	0	0
8000	204	100	300	4	25	22	37626	4.57549	5	0	0	4	0.25	4	0.25	1	0.36	-0.443697	0.04	-1.39794	0	0
8000	259	100	300	4	25	30	28514	4.45506	5	0	0	8	0.125	8	0.125	1	0.21	-0.677781	0.05	-1.30103	0	0
8000	260	100	300	4	25	25	14969	4.17519	5	0	0	11	0.0909091	11	0.0909091	1	0.06	-1.22185	0.02	-1.69897	0	0
8000	265	100	300	4	25	27	31601	4.4997	5	0	0	9	0.111111	9	0.111111	1	0.36	-0.443697	0.02	-1.69897	0	0
8000	279	100	300	4	25	40	57802	4.76194	5	0	0	13	0.0769231	13	0.0769231	1	1.18	0.071882	0.08	-1.09691	0	0
8000	310	100	300	4	25	28	36629	4.56383	5	0	0	8	0.125	8	0.125	1	0.35	-0.455932	0.05	-1.30103	0	0
8000	313	100	300	4	25	22	10585	4.02469	5	0	0	5	0.2	5	0.2	1	0.1	-1	0.01	-2	0	0
8000	316	100	300	4	25	21	12766	4.10605	5	0	0	6	0.166667	6	0.166667	1	0.1	-1	0.01	-2	0	0
8000	322	100	300	4	25	24	78943	4.89731	5	0	0	6	0.166667	6	0.166667	1	0.57	-0.244125	0.11	-0.958607	0	0
8000	325	100	300	4	25	27	54382	4.73546	5	0	0	6	0.166667	6	0.166667	1	0.51	-0.29243	0.07	-1.1549	0	0
8000	327	100	300	4	25	28	26610	4.42504	5	0	0	10	0.1	10	0.1	1	0.2	-0.69897	0.03	-1.52288	0	0
8000	334	100	300	4	25	23	83512	4.92175	5	0	0	5	0.2	5	0.2	1	0.75	-0.124939	0.12	-0.920819	0	0
8000	367	100	300	4	25	30	17961	4.25433	5	0	0	13	0.0769231	13	0.0769231	1	0.31	-0.508638	0.01	-2	0	0
8000	374	100	300	4	25	31	56687	4.75348	5	0	0	7	0.142857	7	0.142857	1	0.47	-0.327902	0.07	-1.1549	0	0
8000	385	100	300	4	25	29	37741	4.57681	5	0	0	9	0.111111	9	0.111111	1	0.57	-0.244125	0.02	-1.69897	0	0
8000	388	100	300	4	25	25	11750	4.07004	5	0	0	6	0.166667	6	0.166667	1	0.09	-1.04576	0.01	-2	0	0
8000	412	100	300	4	25	24	22854	4.35896	5	0	0	5	0.2	5	0.2	1	0.35	-0.455932	0.03	-1.52288	0	0
8000	415	100	300	4	25	28	69418	4.84147	5	0	0	6	0.166667	6	0.166667	1	0.53	-0.275724	0.07	-1.1549	0	0
8000	427	100	300	4	25	27	47896	4.6803	5	0	0	6	0.166667	6	0.166667	1	0.4	-0.39794	0.05	-1.30103	0	0
8000	438	100	300	4	25	30	75140	4.87587	5	0	0	12	0.0833333	12	0.0833333	1	1.58	0.198657	0.03	-1.52288	0	0
8000	439	100	300	4	25	27	40564	4.60814	5	0	0	5	0.2	5	0.2	1	0.44	-0.356547	0.05	-1.30103	0	0
8000	443	100	300	4	25	30	76231	4.88213	5	0	0	11	0.0909091	11	0.0909091	1	1.03	0.0128372	0.07	-1.1549	0	0
8000	472	100	300	4	25	21	11319	4.05381	5	0	0	5	0.2	5	0.2	1	0.09	-1.04576	0	0	0	0
8000	492	100	300	4	25	23	16703	4.22279	5	0	0	7	0.142857	7	0.142857	1	0.21	-0.677781	0.02	-1.69897	0	0
8000	508	100	300	4	25	27	31188	4.49399	5	0	0	8	0.125	8	0.125	1	0.21	-0.677781	0.04	-1.39794	0	0
8000	511	100	300	4	25	26	28374	4.45292	5	0	0	7	0.142857	7	0.142857	1	0.24	-0.619789	0.03	-1.52288	0	0
8000	518	100	300	4	25	24	22513	4.35243	5	0	0	6	0.166667	6	0.166667	1	0.18	-0.744727	0.02	-1.69897	0	0
8000	519	100	300	4	25	32	31552	4.49903	5	0	0	8	0.125	8	0.125	1	0.26	-0.585027	0.03	-1.52288	0	0
8000	533	100	300	4	25	27	93215	4.96949	5	0	0	5	0.2	5	0.2	1	0.88	-0.0555173	0.09	-1.04576	0	0
8000	536	100	300	4	25	28	63372	4.8019	5	0	0	9	0.111111	9	0.111111	1	0.45	-0.346787	0.09	-1.04576	0	0
8000	546	100	300	4	25	25	29351	4.46762	5	0	0	5	0.2	5	0.2	1	0.21	-0.677781	0.04	-1.39794	0	0
8000	551	100	300	4	25	26	51254	4.70973	5	0	0	7	0.142857	7	0.142857	1	0.46	-0.337242	0.04	-1.39794	0	0
8000	571	100	300	4	25	29	91864	4.96315	5	0	0	8	0.125	8	0.125	1	1.21	0.0827854	0.14	-0.853872	0	0
8000	572	100	300	4	25	34	71105	4.8519	5	0	0	11	0.0909091	11	0.0909091	1	0.94	-0.0268721	0.07	-1.1549	0	0
8000	573	100	300	4	25	27	93053	4.96873	5	0	0	7	0.142857	7	0.142857	1	0.61	-0.21467	0.1	-1	0	0
8000	584	100	300	4	25	24	21443	4.33129	5	0	0	5	0.2	5	0.2	1	0.17	-0.769551	0.02	-1.69897	0	0
8000	586	100	300	4	25	26	54591	4.73712	5	0	0	6	0.166667	6	0.166667	1	0.48	-0.318759	0.06	-1.22185	0	0
8000	599	100	300	4	25	25	51554	4.71226	5	0	0	5	0.2	5	0.2	1	0.5	-0.30103	0.06	-1.22185	0	0
8000	612	100	300	4	25	27	58654	4.7683	5	0	0	6	0.166667	6	0.166667	1	0.71	-0.148742	0.07	-1.1549	0	0
8000	635	100	300	4	25	25	79670	4.90129	5	0	0	8	0.125	8	0.125	1	0.44	-0.356547	0.04	-1.39794	0	0
8000	674	100	300	4	25	19	24309	4.38577	5	0	0	4	0.25	4	0.25	1	0.14	-0.853872	0.03	-1.52288	0	0
8000	699	100	300	4	25	27	34885	4.54264	5	0	0	6	0.166667	6	0.166667	1	0.38	-0.420216	0.06	-1.22185	0	0
8000	702	100	300	4	25	26	49995	4.69893	5	0	0	7	0.142857	7	0.142857	1	0.22	-0.657577	0.05	-1.30103	0	0
8000	710	100	300	4	25	27	47623	4.67782	5	0	0	8	0.125	8	0.125	1	0.43	-0.366532	0.03	-1.52288	0	0
8000	727	100	300	4	25	25	88328	4.9461	5	0	0	6	0.166667	6	0.166667	1	0.48	-0.318759	0.11	-0.958607	0	0
8000	733	100	300	4	25	19	16061	4.20577	5	0	0	4	0.25	4	0.25	1	0.1	-1	0.01	-2	0	0
8000	738	100	300	4	25	28	30735	4.48763	5	0	0	8	0.125	8	0.125	1	0.42	-0.376751	0.03	-1.52288	0	0
8000	754	100	300	4	25	37	50391	4.70235	5	0	0	13	0.0769231	13	0.0769231	1	0.72	-0.142668	0.03	-1.52288	0	0
8000	771	100	300	4	25	19	16472	4.21675	5	0	0	3	0.333333	3	0.333333	1	0.1	-1	0.01	-2	0	0
8000	782	100	300	4	25	25	13086	4.11681	5	0	0	10	0.1	10	0.1	1	0.1	-1	0.01	-2	0	0
8000	796	100	300	4	25	17	10161	4.00694	5	0	0	4	0.25	4	0.25	1	0.05	-1.30103	0	0	0	0
8000	797	100	300	4	25	27	74111	4.86988	5	0	0	7	0.142857	7	0.142857	1	0.79	-0.102373	0.08	-1.09691	0	0
8000	821	100	300	4	25	30	49190	4.69188	5	0	0	9	0.111111	9	0.111111	1	0.41	-0.387216	0.08	-1.09691	0	0
8000	827	100	300	4	25	20	10365	4.01557	5	0	0	4	0.25	4	0.25	1	0.07	-1.1549	0.01	-2	0	0
8000	830	100	300	4	25	25	29973	4.47673	5	0	0	6	0.166667	6	0.166667	1	0.22	-0.657577	0.03	-1.52288	0	0
8000	835	100	300	4	25	24	22135	4.34508	5	0	0	7	0.142857	7	0.142857	1	0.26	-0.585027	0.01	-2	0	0
8000	837	100	300	4	25	31	32722	4.51484	5	0	0	15	0.0666667	15	0.0666667	1	0.25	-0.60206	0.01	-2	0	0
8000	845	100	300	4	25	27	56375	4.75109	5	0	0	6	0.166667	6	0.166667	1	0.38	-0.420216	0.08	-1.09691	0	0
8000	859	100	300	4	25	32	24065	4.38139	5	0	0	13	0.0769231	13	0.0769231	1	0.26	-0.585027	0	0	0	0
8000	867	100	300	4	25	26	47208	4.67402	5	0	0	7	0.142857	7	0.142857	1	0.47	-0.327902	0.05	-1.30103	0	0
8000	878	100	300	4	25	20	13261	4.12258	5	0	0	3	0.333333	3	0.333333	1	0.09	-1.04576	0.02	-1.69897	0	0
8000	885	100	300	4	25	27	28081	4.44841	5	0	0	9	0.111111	9	0.111111	1	2.17	0.33646	0.03	-1.52288	0	0
8000	886	100	300	4	25	23	12841	4.1086	5	0	0	5	0.2	5	0.2	1	0.08	-1.09691	0.01	-2	0	0
8000	888	100	300	4	25	27	20529	4.31237	5	0	0	6	0.166667	6	0.166667	1	0.22	-0.657577	0.03	-1.52288	0	0
8000	889	100	300	4	25	26	68061	4.8329	5	0	0	5	0.2	5	0.2	1	0.7	-0.154902	0.06	-1.22185	0	0
8000	922	100	300	4	25	22	17148	4.23421	5	0	0	6	0.166667	6	0.166667	1	0.14	-0.853872	0.02	-1.69897	0	0
8000	938	100	300	4	25	25	55285	4.74261	5	0	0	5	0.2	5	0.2	1	0.39	-0.408935	0.08	-1.09691	0	0
8000	958	100	300	4	25	28	66521	4.82296	5	0	0	11	0.0909091	11	0.0909091	1	1.22	0.0863598	0.05	-1.30103	0	0
