9000	129	30	300	4	25	11	3	0	0	5	5	1	0	0	0	0
9000	680	30	300	4	25	10	3	0	0	4	4	1	0	0	0	0
9000	703	30	300	4	25	9	3	0	0	2	2	1	0	0	0	0
9000	772	30	300	4	25	8	3	0	0	2	2	1	0	0	0	0
9000	3	40	300	4	25	10	3	0	0	3	3	1	0	0	0	0
9000	17	40	300	4	25	10	3	0	0	5	5	1	0	0	0	0
9000	21	40	300	4	25	9	3	0	0	3	3	1	0	0	0	0
9000	81	40	300	4	25	10	3	0	0	4	4	1	0	0	0	0
9000	91	40	300	4	25	9	3	0	0	2	2	1	0	0	0	0
9000	129	40	300	4	25	10	3	0	0	4	4	1	0	0	0	0
9000	155	40	300	4	25	9	3	0	0	2	2	1	0	0	0	0
9000	156	40	300	4	25	10	3	0	0	5	5	1	0	0	0	0
9000	163	40	300	4	25	12	3	0	0	4	4	1	0	0	0	0
9000	196	40	300	4	25	11	3	0	0	3	3	1	0	0	0	0
9000	219	40	300	4	25	10	3	0	0	2	2	1	0	0	0	0
9000	236	40	300	4	25	8	3	0	0	2	2	1	0	0	0	0
9000	307	40	300	4	25	8	3	0	0	2	2	1	0	0	0	0
9000	311	40	300	4	25	8	3	0	0	2	2	1	0	0	0	0
9000	312	40	300	4	25	13	3	0	0	7	7	1	0	0	0	0
9000	315	40	300	4	25	9	3	0	0	4	4	1	0	0	0	0
9000	331	40	300	4	25	12	3	0	0	4	4	1	0	0	0	0
9000	345	40	300	4	25	8	3	0	0	2	2	1	0	0	0	0
9000	404	40	300	4	25	11	3	0	0	5	5	1	0	0	0	0
9000	419	40	300	4	25	9	3	0	0	3	3	1	0	0	0	0
9000	420	40	300	4	25	11	3	0	0	3	3	1	0	0	0	0
9000	421	40	300	4	25	10	3	0	0	3	3	1	0	0	0	0
9000	424	40	300	4	25	13	3	0	0	4	4	1	0	0	0	0
9000	502	40	300	4	25	11	3	0	0	5	5	1	0	0	0	0
9000	534	40	300	4	25	12	3	0	0	4	4	1	0	0	0	0
9000	542	40	300	4	25	9	3	0	0	4	4	1	0	0	0	0
9000	545	40	300	4	25	8	3	0	0	2	2	1	0	0	0	0
9000	558	40	300	4	25	11	3	0	0	5	5	1	0	0	0	0
9000	670	40	300	4	25	10	3	0	0	3	3	1	0	0	0	0
9000	695	40	300	4	25	8	3	0	0	2	2	1	0	0	0	0
9000	717	40	300	4	25	10	3	0	0	3	3	1	0	0	0	0
9000	746	40	300	4	25	9	3	0	0	2	2	1	0	0	0	0
9000	772	40	300	4	25	9	3	0	0	2	2	1	0	0	0	0
9000	777	40	300	4	25	12	3	0	0	4	4	1	0	0	0	0
9000	839	40	300	4	25	9	3	0	0	3	3	1	0	0	0	0
9000	859	40	300	4	25	11	3	0	0	4	4	1	0	0	0	0
9000	917	40	300	4	25	11	3	0	0	3	3	1	0	0	0	0
9000	921	40	300	4	25	10	3	0	0	4	4	1	0	0	0	0
9000	963	40	300	4	25	11	3	0	0	4	4	1	0	0	0	0
9000	997	40	300	4	25	10	3	0	0	4	4	1	0	0	0	0
9000	13	50	300	4	25	8	3	0	0	2	2	1	0	0	0	0
9000	17	50	300	4	25	10	3	0	0	4	4	1	0	0	0	0
9000	22	50	300	4	25	9	3	0	0	2	2	1	0	0	0	0
9000	23	50	300	4	25	12	3	0	0	5	5	1	0	0	0	0
9000	25	50	300	4	25	11	3	0	0	4	4	1	0	0	0	0
9000	30	50	300	4	25	11	3	0	0	4	4	1	0	0	0	0
9000	44	50	300	4	25	9	3	0	0	3	3	1	0	0	0	0
9000	45	50	300	4	25	10	3	0	0	3	3	1	0	0	0	0
9000	55	50	300	4	25	12	3	0	0	6	6	1	0	0	0	0
9000	62	50	300	4	25	10	3	0	0	3	3	1	0	0	0	0
9000	79	50	300	4	25	9	3	0	0	2	2	1	0	0	0	0
9000	81	50	300	4	25	15	3	0	0	5	5	1	0	0	0	0
9000	85	50	300	4	25	12	3	0	0	3	3	1	0	0	0	0
9000	91	50	300	4	25	11	3	0	0	3	3	1	0	0	0	0
9000	96	50	300	4	25	13	3	0	0	7	7	1	0	0	0	0
9000	107	50	300	4	25	9	3	0	0	2	2	1	0	0	0	0
9000	121	50	300	4	25	8	3	0	0	2	2	1	0	0	0	0
9000	129	50	300	4	25	12	3	0	0	6	6	1	0	0	0	0
9000	140	50	300	4	25	9	3	0	0	3	3	1	0	0	0	0
9000	150	50	300	4	25	10	3	0	0	3	3	1	0	0	0	0
9000	155	50	300	4	25	9	3	0	0	2	2	1	0	0	0	0
9000	160	50	300	4	25	9	3	0	0	3	3	1	0	0	0	0
9000	161	50	300	4	25	10	3	0	0	4	4	1	0	0	0	0
9000	162	50	300	4	25	8	3	0	0	2	2	1	0	0	0	0
9000	163	50	300	4	25	12	3	0	0	5	5	1	0	0	0	0
9000	165	50	300	4	25	11	3	0	0	5	5	1	0	0	0	0
9000	171	50	300	4	25	9	3	0	0	2	2	1	0	0	0	0
9000	183	50	300	4	25	10	3	0	0	5	5	1	0	0	0	0
9000	196	50	300	4	25	10	3	0	0	3	3	1	0	0	0	0
9000	200	50	300	4	25	9	3	0	0	2	2	1	0	0	0	0
9000	202	50	300	4	25	9	3	0	0	2	2	1	0	0	0	0
9000	203	50	300	4	25	8	3	0	0	2	2	1	0	0	0	0
9000	208	50	300	4	25	10	3	0	0	2	2	1	0	0	0	0
9000	232	50	300	4	25	11	3	0	0	3	3	1	0	0	0	0
9000	233	50	300	4	25	9	3	0	0	2	2	1	0	0	0	0
9000	234	50	300	4	25	11	3	0	0	4	4	1	0	0	0	0
9000	238	50	300	4	25	11	3	0	0	4	4	1	0	0	0	0
9000	242	50	300	4	25	9	3	0	0	2	2	1	0	0	0	0
9000	243	50	300	4	25	12	3	0	0	5	5	1	0	0	0	0
9000	244	50	300	4	25	9	3	0	0	3	3	1	0	0	0	0
9000	246	50	300	4	25	14	3	0	0	5	5	1	0	0	0	0
9000	251	50	300	4	25	8	3	0	0	2	2	1	0	0	0	0
9000	255	50	300	4	25	8	3	0	0	2	2	1	0	0	0	0
9000	268	50	300	4	25	11	3	0	0	5	5	1	0	0	0	0
9000	271	50	300	4	25	9	3	0	0	3	3	1	0	0	0	0
9000	274	50	300	4	25	9	3	0	0	4	4	1	0	0	0	0
9000	286	50	300	4	25	11	3	0	0	3	3	1	0	0	0	0
9000	287	50	300	4	25	15	3	0	0	12	12	1	0	0	0	0
9000	289	50	300	4	25	9	3	0	0	4	4	1	0	0	0	0
9000	299	50	300	4	25	11	3	0	0	4	4	1	0	0	0	0
9000	300	50	300	4	25	10	3	0	0	2	2	1	0	0	0	0
9000	301	50	300	4	25	9	3	0	0	2	2	1	0	0	0	0
9000	307	50	300	4	25	11	3	0	0	3	3	1	0	0	0	0
9000	309	50	300	4	25	9	3	0	0	2	2	1	0	0	0	0
9000	312	50	300	4	25	14	3	0	0	7	7	1	0	0	0	0
9000	315	50	300	4	25	15	3	0	0	5	5	1	0	0	0	0
9000	326	50	300	4	25	10	3	0	0	2	2	1	0	0	0	0
9000	335	50	300	4	25	8	3	0	0	2	2	1	0	0	0	0
9000	343	50	300	4	25	10	3	0	0	3	3	1	0	0	0	0
9000	345	50	300	4	25	13	3	0	0	5	5	1	0	0	0	0
9000	349	50	300	4	25	10	3	0	0	4	4	1	0	0	0	0
9000	357	50	300	4	25	11	3	0	0	5	5	1	0	0	0	0
9000	358	50	300	4	25	8	3	0	0	2	2	1	0	0	0	0
9000	369	50	300	4	25	8	3	0	0	2	2	1	0	0	0	0
9000	375	50	300	4	25	9	3	0	0	3	3	1	0	0	0	0
9000	377	50	300	4	25	10	3	0	0	3	3	1	0	0	0	0
9000	381	50	300	4	25	10	3	0	0	2	2	1	0	0	0	0
9000	382	50	300	4	25	9	3	0	0	4	4	1	0	0	0	0
9000	389	50	300	4	25	10	3	0	0	4	4	1	0	0	0	0
9000	398	50	300	4	25	9	3	0	0	2	2	1	0	0	0	0
9000	405	50	300	4	25	12	3	0	0	4	4	1	0	0	0	0
9000	410	50	300	4	25	9	3	0	0	3	3	1	0	0	0	0
9000	419	50	300	4	25	13	3	0	0	4	4	1	0	0	0	0
9000	420	50	300	4	25	11	3	0	0	3	3	1	0	0	0	0
9000	421	50	300	4	25	9	3	0	0	2	2	1	0	0	0	0
9000	433	50	300	4	25	12	3	0	0	7	7	1	0.02	0	0	0
9000	434	50	300	4	25	9	3	0	0	3	3	1	0	0	0	0
9000	435	50	300	4	25	9	3	0	0	3	3	1	0	0	0	0
9000	444	50	300	4	25	12	3	0	0	5	5	1	0	0	0	0
9000	447	50	300	4	25	11	3	0	0	3	3	1	0	0	0	0
9000	450	50	300	4	25	10	3	0	0	3	3	1	0	0	0	0
9000	464	50	300	4	25	8	3	0	0	2	2	1	0	0	0	0
9000	468	50	300	4	25	10	3	0	0	4	4	1	0	0	0	0
9000	471	50	300	4	25	14	3	0	0	6	6	1	0	0	0	0
9000	477	50	300	4	25	12	3	0	0	6	6	1	0	0	0	0
9000	480	50	300	4	25	12	3	0	0	5	5	1	0	0	0	0
9000	488	50	300	4	25	12	3	0	0	3	3	1	0	0	0	0
9000	489	50	300	4	25	8	3	0	0	2	2	1	0	0	0	0
9000	495	50	300	4	25	8	3	0	0	2	2	1	0	0	0	0
9000	502	50	300	4	25	14	3	0	0	5	5	1	0	0	0	0
9000	507	50	300	4	25	11	3	0	0	4	4	1	0	0	0	0
9000	509	50	300	4	25	12	3	0	0	5	5	1	0	0	0	0
9000	510	50	300	4	25	9	3	0	0	2	2	1	0	0	0	0
9000	512	50	300	4	25	12	3	0	0	5	5	1	0	0	0	0
9000	521	50	300	4	25	10	3	0	0	4	4	1	0	0	0	0
9000	524	50	300	4	25	8	3	0	0	2	2	1	0	0	0	0
9000	525	50	300	4	25	12	3	0	0	6	6	1	0	0	0	0
9000	530	50	300	4	25	11	3	0	0	6	6	1	0	0	0	0
9000	531	50	300	4	25	13	3	0	0	8	8	1	0	0	0	0
9000	534	50	300	4	25	9	3	0	0	3	3	1	0	0	0	0
9000	542	50	300	4	25	13	3	0	0	4	4	1	0	0	0	0
9000	557	50	300	4	25	8	3	0	0	3	3	1	0	0	0	0
9000	559	50	300	4	25	10	3	0	0	3	3	1	0	0	0	0
9000	579	50	300	4	25	13	3	0	0	4	4	1	0	0	0	0
9000	587	50	300	4	25	12	3	0	0	4	4	1	0	0	0	0
9000	610	50	300	4	25	14	3	0	0	7	7	1	0	0	0	0
9000	625	50	300	4	25	11	3	0	0	4	4	1	0	0	0	0
9000	627	50	300	4	25	10	3	0	0	3	3	1	0	0	0	0
9000	632	50	300	4	25	9	3	0	0	2	2	1	0	0	0	0
9000	638	50	300	4	25	11	3	0	0	3	3	1	0	0	0	0
9000	642	50	300	4	25	13	3	0	0	7	7	1	0	0	0	0
9000	643	50	300	4	25	10	3	0	0	3	3	1	0	0	0	0
9000	648	50	300	4	25	9	3	0	0	3	3	1	0	0	0	0
9000	650	50	300	4	25	11	3	0	0	5	5	1	0	0	0	0
9000	653	50	300	4	25	9	3	0	0	2	2	1	0	0	0	0
9000	666	50	300	4	25	10	3	0	0	2	2	1	0	0	0	0
9000	670	50	300	4	25	15	3	0	0	6	6	1	0	0	0	0
9000	672	50	300	4	25	12	3	0	0	5	5	1	0	0	0	0
9000	675	50	300	4	25	10	3	0	0	3	3	1	0	0	0	0
9000	676	50	300	4	25	12	3	0	0	4	4	1	0	0	0	0
9000	680	50	300	4	25	15	3	0	0	5	5	1	0	0	0	0
9000	682	50	300	4	25	9	3	0	0	3	3	1	0	0	0	0
9000	706	50	300	4	25	10	3	0	0	3	3	1	0	0	0	0
9000	708	50	300	4	25	10	3	0	0	2	2	1	0	0	0	0
9000	736	50	300	4	25	15	3	0	0	5	5	1	0	0	0	0
9000	739	50	300	4	25	11	3	0	0	5	5	1	0	0	0	0
9000	746	50	300	4	25	9	3	0	0	3	3	1	0	0	0	0
9000	760	50	300	4	25	10	3	0	0	2	2	1	0	0	0	0
9000	766	50	300	4	25	11	3	0	0	4	4	1	0	0	0	0
9000	772	50	300	4	25	9	3	0	0	3	3	1	0	0	0	0
9000	778	50	300	4	25	11	3	0	0	5	5	1	0	0	0	0
9000	792	50	300	4	25	12	3	0	0	4	4	1	0	0	0	0
9000	802	50	300	4	25	8	3	0	0	2	2	1	0	0	0	0
9000	803	50	300	4	25	8	3	0	0	2	2	1	0	0	0	0
9000	807	50	300	4	25	13	3	0	0	5	5	1	0	0	0	0
9000	810	50	300	4	25	12	3	0	0	5	5	1	0	0	0	0
9000	811	50	300	4	25	14	3	0	0	7	7	1	0	0	0	0
9000	815	50	300	4	25	10	3	0	0	3	3	1	0	0	0	0
9000	816	50	300	4	25	11	3	0	0	4	4	1	0	0	0	0
9000	818	50	300	4	25	8	3	0	0	3	3	1	0	0	0	0
9000	831	50	300	4	25	10	3	0	0	5	5	1	0	0	0	0
9000	832	50	300	4	25	12	3	0	0	5	5	1	0	0	0	0
9000	833	50	300	4	25	10	3	0	0	3	3	1	0	0	0	0
9000	836	50	300	4	25	15	3	0	0	6	6	1	0	0	0	0
9000	837	50	300	4	25	10	3	0	0	4	4	1	0	0	0	0
9000	839	50	300	4	25	10	3	0	0	3	3	1	0	0	0	0
9000	843	50	300	4	25	10	3	0	0	5	5	1	0	0	0	0
9000	849	50	300	4	25	12	3	0	0	4	4	1	0	0	0	0
9000	851	50	300	4	25	12	3	0	0	6	6	1	0	0	0	0
9000	859	50	300	4	25	17	3	0	0	7	7	1	0	0	0	0
9000	876	50	300	4	25	10	3	0	0	3	3	1	0	0	0	0
9000	883	50	300	4	25	11	3	0	0	5	5	1	0	0	0	0
9000	890	50	300	4	25	12	3	0	0	3	3	1	0	0	0	0
9000	891	50	300	4	25	12	3	0	0	4	4	1	0	0	0	0
9000	892	50	300	4	25	11	3	0	0	4	4	1	0	0	0	0
9000	898	50	300	4	25	14	3	0	0	8	8	1	0	0	0	0
9000	899	50	300	4	25	17	3	0	0	6	6	1	0	0	0	0
9000	914	50	300	4	25	8	3	0	0	2	2	1	0	0	0	0
9000	917	50	300	4	25	15	3	0	0	5	5	1	0	0	0	0
9000	921	50	300	4	25	11	3	0	0	5	5	1	0	0	0	0
9000	934	50	300	4	25	9	3	0	0	3	3	1	0	0	0	0
9000	936	50	300	4	25	11	3	0	0	4	4	1	0	0	0	0
9000	940	50	300	4	25	9	3	0	0	4	4	1	0	0	0	0
9000	943	50	300	4	25	10	3	0	0	3	3	1	0	0	0	0
9000	952	50	300	4	25	8	3	0	0	2	2	1	0	0	0	0
9000	954	50	300	4	25	12	3	0	0	4	4	1	0	0	0	0
9000	957	50	300	4	25	11	3	0	0	3	3	1	0	0	0	0
9000	963	50	300	4	25	14	3	0	0	8	8	1	0	0	0	0
9000	964	50	300	4	25	12	3	0	0	6	6	1	0	0	0	0
9000	966	50	300	4	25	10	3	0	0	3	3	1	0	0	0	0
9000	967	50	300	4	25	9	3	0	0	4	4	1	0	0	0	0
9000	980	50	300	4	25	11	3	0	0	3	3	1	0	0	0	0
9000	982	50	300	4	25	8	3	0	0	2	2	1	0	0	0	0
9000	995	50	300	4	25	10	3	0	0	3	3	1	0	0	0	0
9000	997	50	300	4	25	9	3	0	0	2	2	1	0	0	0	0
9000	999	50	300	4	25	9	3	0	0	2	2	1	0	0	0	0
9000	2	60	300	4	25	12	3	0	0	5	5	1	0	0	0	0
9000	3	60	300	4	25	9	3	0	0	3	3	1	0	0	0	0
9000	5	60	300	4	25	12	3	0	0	7	7	1	0	0	0	0
9000	8	60	300	4	25	13	3	0	0	8	8	1	0	0	0	0
9000	21	60	300	4	25	11	3	0	0	4	4	1	0	0	0	0
9000	22	60	300	4	25	9	3	0	0	3	3	1	0	0	0	0
9000	24	60	300	4	25	9	3	0	0	3	3	1	0	0	0	0
9000	25	60	300	4	25	13	3	0	0	3	3	1	0	0	0	0
9000	30	60	300	4	25	12	3	0	0	4	4	1	0	0	0	0
9000	34	60	300	4	25	12	3	0	0	4	4	1	0	0	0	0
9000	35	60	300	4	25	11	3	0	0	4	4	1	0	0	0	0
9000	36	60	300	4	25	13	3	0	0	3	3	1	0	0	0	0
9000	38	60	300	4	25	12	3	0	0	4	4	1	0	0	0	0
9000	40	60	300	4	25	9	3	0	0	3	3	1	0	0	0	0
9000	45	60	300	4	25	10	3	0	0	4	4	1	0	0	0	0
9000	47	60	300	4	25	9	3	0	0	2	2	1	0	0	0	0
9000	51	60	300	4	25	11	3	0	0	3	3	1	0	0	0	0
9000	56	60	300	4	25	13	3	0	0	5	5	1	0	0	0	0
9000	60	60	300	4	25	12	3	0	0	4	4	1	0	0	0	0
9000	61	60	300	4	25	10	3	0	0	3	3	1	0	0	0	0
9000	64	60	300	4	25	14	3	0	0	4	4	1	0	0	0	0
9000	66	60	300	4	25	10	3	0	0	2	2	1	0	0	0	0
9000	69	60	300	4	25	11	3	0	0	5	5	1	0	0	0	0
9000	70	60	300	4	25	11	3	0	0	5	5	1	0	0	0	0
9000	75	60	300	4	25	9	3	0	0	2	2	1	0	0	0	0
9000	80	60	300	4	25	12	3	0	0	3	3	1	0	0	0	0
9000	81	60	300	4	25	15	3	0	0	4	4	1	0	0	0	0
9000	82	60	300	4	25	10	3	0	0	3	3	1	0	0	0	0
9000	85	60	300	4	25	13	3	0	0	3	3	1	0	0	0	0
9000	86	60	300	4	25	10	3	0	0	3	3	1	0	0	0	0
9000	88	60	300	4	25	12	3	0	0	4	4	1	0	0	0	0
9000	89	60	300	4	25	9	3	0	0	2	2	1	0	0	0	0
9000	92	60	300	4	25	12	3	0	0	4	4	1	0	0	0	0
9000	94	60	300	4	25	13	3	0	0	4	4	1	0	0	0	0
9000	95	60	300	4	25	13	3	0	0	6	6	1	0	0	0	0
9000	98	60	300	4	25	9	3	0	0	3	3	1	0	0	0	0
9000	100	60	300	4	25	9	3	0	0	3	3	1	0	0	0	0
9000	103	60	300	4	25	18	3	0	0	6	6	1	0	0	0	0
9000	107	60	300	4	25	9	3	0	0	4	4	1	0	0	0	0
9000	111	60	300	4	25	9	3	0	0	3	3	1	0	0	0	0
9000	114	60	300	4	25	10	3	0	0	4	4	1	0	0	0	0
9000	115	60	300	4	25	11	3	0	0	3	3	1	0	0	0	0
9000	117	60	300	4	25	12	3	0	0	5	5	1	0	0	0	0
9000	118	60	300	4	25	11	3	0	0	5	5	1	0	0	0	0
9000	120	60	300	4	25	9	3	0	0	2	2	1	0	0	0	0
9000	125	60	300	4	25	11	3	0	0	4	4	1	0	0	0	0
9000	126	60	300	4	25	8	3	0	0	2	2	1	0	0	0	0
9000	127	60	300	4	25	8	3	0	0	2	2	1	0	0	0	0
9000	128	60	300	4	25	12	3	0	0	4	4	1	0	0	0	0
9000	129	60	300	4	25	12	3	0	0	5	5	1	0	0	0	0
9000	131	60	300	4	25	11	3	0	0	4	4	1	0	0	0	0
9000	134	60	300	4	25	8	3	0	0	2	2	1	0	0	0	0
9000	137	60	300	4	25	12	3	0	0	5	5	1	0	0	0	0
9000	140	60	300	4	25	14	3	0	0	5	5	1	0	0	0	0
9000	145	60	300	4	25	8	3	0	0	2	2	1	0	0	0	0
9000	146	60	300	4	25	11	3	0	0	4	4	1	0	0	0	0
9000	149	60	300	4	25	12	3	0	0	7	7	1	0	0	0	0
9000	152	60	300	4	25	13	3	0	0	6	6	1	0	0	0	0
9000	153	60	300	4	25	11	3	0	0	3	3	1	0	0	0	0
9000	155	60	300	4	25	12	3	0	0	3	3	1	0	0	0	0
9000	158	60	300	4	25	11	3	0	0	2	2	1	0	0	0	0
9000	162	60	300	4	25	12	3	0	0	4	4	1	0	0	0	0
9000	165	60	300	4	25	14	3	0	0	5	5	1	0	0	0	0
9000	169	60	300	4	25	13	3	0	0	4	4	1	0	0	0	0
9000	170	60	300	4	25	13	3	0	0	4	4	1	0	0	0	0
9000	174	60	300	4	25	13	3	0	0	9	9	1	0	0	0	0
9000	177	60	300	4	25	10	3	0	0	2	2	1	0	0	0	0
9000	178	60	300	4	25	11	3	0	0	4	4	1	0	0	0	0
9000	181	60	300	4	25	8	3	0	0	2	2	1	0	0	0	0
9000	183	60	300	4	25	13	3	0	0	5	5	1	0	0	0	0
9000	185	60	300	4	25	11	3	0	0	4	4	1	0	0	0	0
9000	187	60	300	4	25	9	3	0	0	3	3	1	0	0	0	0
9000	190	60	300	4	25	12	3	0	0	5	5	1	0	0	0	0
9000	192	60	300	4	25	12	3	0	0	5	5	1	0	0	0	0
9000	194	60	300	4	25	14	3	0	0	7	7	1	0	0	0	0
9000	195	60	300	4	25	9	3	0	0	3	3	1	0	0	0	0
9000	197	60	300	4	25	9	3	0	0	3	3	1	0	0	0	0
9000	198	60	300	4	25	12	3	0	0	5	5	1	0	0	0	0
9000	199	60	300	4	25	12	3	0	0	3	3	1	0	0	0	0
9000	203	60	300	4	25	11	3	0	0	4	4	1	0	0	0	0
9000	209	60	300	4	25	9	3	0	0	2	2	1	0	0	0	0
9000	210	60	300	4	25	10	3	0	0	5	5	1	0	0	0	0
9000	216	60	300	4	25	9	3	0	0	3	3	1	0	0	0	0
9000	218	60	300	4	25	17	3	0	0	7	7	1	0	0	0	0
9000	220	60	300	4	25	14	3	0	0	6	6	1	0	0	0	0
9000	221	60	300	4	25	11	3	0	0	4	4	1	0	0	0	0
9000	223	60	300	4	25	12	3	0	0	6	6	1	0	0	0	0
9000	224	60	300	4	25	14	3	0	0	6	6	1	0	0	0	0
9000	227	60	300	4	25	13	3	0	0	5	5	1	0	0	0	0
9000	232	60	300	4	25	10	3	0	0	3	3	1	0	0	0	0
9000	238	60	300	4	25	12	3	0	0	3	3	1	0	0	0	0
9000	239	60	300	4	25	9	3	0	0	3	3	1	0	0	0	0
9000	246	60	300	4	25	17	3	0	0	7	7	1	0	0	0	0
9000	247	60	300	4	25	11	3	0	0	4	4	1	0	0	0	0
9000	249	60	300	4	25	10	3	0	0	3	3	1	0	0	0	0
9000	251	60	300	4	25	11	3	0	0	3	3	1	0	0	0	0
9000	252	60	300	4	25	10	3	0	0	3	3	1	0	0	0	0
9000	254	60	300	4	25	10	3	0	0	4	4	1	0	0	0	0
9000	256	60	300	4	25	15	3	0	0	5	5	1	0	0	0	0
9000	257	60	300	4	25	10	3	0	0	2	2	1	0	0	0	0
9000	259	60	300	4	25	10	3	0	0	4	4	1	0	0	0	0
9000	265	60	300	4	25	10	3	0	0	4	4	1	0	0	0	0
9000	268	60	300	4	25	13	3	0	0	4	4	1	0	0	0	0
9000	270	60	300	4	25	13	3	0	0	4	4	1	0	0	0	0
9000	272	60	300	4	25	9	3	0	0	2	2	1	0	0	0	0
9000	274	60	300	4	25	10	3	0	0	3	3	1	0	0	0	0
9000	280	60	300	4	25	13	3	0	0	4	4	1	0	0	0	0
9000	281	60	300	4	25	11	3	0	0	5	5	1	0	0	0	0
9000	287	60	300	4	25	18	3	0	0	11	11	1	0	0	0	0
9000	288	60	300	4	25	10	3	0	0	3	3	1	0	0	0	0
9000	289	60	300	4	25	10	3	0	0	4	4	1	0	0	0	0
9000	290	60	300	4	25	12	3	0	0	5	5	1	0	0	0	0
9000	292	60	300	4	25	15	3	0	0	5	5	1	0	0	0	0
9000	300	60	300	4	25	11	3	0	0	2	2	1	0	0	0	0
9000	301	60	300	4	25	13	3	0	0	4	4	1	0	0	0	0
9000	308	60	300	4	25	8	3	0	0	2	2	1	0	0	0	0
9000	309	60	300	4	25	12	3	0	0	3	3	1	0	0	0	0
9000	311	60	300	4	25	10	3	0	0	4	4	1	0	0	0	0
9000	315	60	300	4	25	13	3	0	0	5	5	1	0	0	0	0
9000	317	60	300	4	25	12	3	0	0	4	4	1	0	0	0	0
9000	321	60	300	4	25	9	3	0	0	4	4	1	0	0	0	0
9000	322	60	300	4	25	11	3	0	0	3	3	1	0	0	0	0
9000	323	60	300	4	25	11	3	0	0	4	4	1	0	0	0	0
9000	326	60	300	4	25	11	3	0	0	3	3	1	0	0	0	0
9000	327	60	300	4	25	9	3	0	0	3	3	1	0	0	0	0
9000	328	60	300	4	25	9	3	0	0	2	2	1	0	0	0	0
9000	333	60	300	4	25	8	3	0	0	2	2	1	0	0	0	0
9000	335	60	300	4	25	13	3	0	0	4	4	1	0	0	0	0
9000	336	60	300	4	25	10	3	0	0	2	2	1	0	0	0	0
9000	338	60	300	4	25	9	3	0	0	3	3	1	0	0	0	0
9000	340	60	300	4	25	12	3	0	0	4	4	1	0	0	0	0
9000	341	60	300	4	25	9	3	0	0	2	2	1	0	0	0	0
9000	342	60	300	4	25	10	3	0	0	3	3	1	0	0	0	0
9000	343	60	300	4	25	13	3	0	0	4	4	1	0	0	0	0
9000	344	60	300	4	25	11	3	0	0	3	3	1	0	0	0	0
9000	348	60	300	4	25	15	3	0	0	7	7	1	0	0	0	0
9000	350	60	300	4	25	10	3	0	0	5	5	1	0	0	0	0
9000	357	60	300	4	25	16	3	0	0	5	5	1	0	0	0	0
9000	360	60	300	4	25	14	3	0	0	6	6	1	0	0	0	0
9000	364	60	300	4	25	15	3	0	0	8	8	1	0	0	0	0
9000	369	60	300	4	25	12	3	0	0	2	2	1	0	0	0	0
9000	372	60	300	4	25	9	3	0	0	2	2	1	0	0	0	0
9000	373	60	300	4	25	10	3	0	0	5	5	1	0	0	0	0
9000	374	60	300	4	25	15	3	0	0	5	5	1	0	0	0	0
9000	375	60	300	4	25	12	3	0	0	3	3	1	0	0	0	0
9000	376	60	300	4	25	8	3	0	0	2	2	1	0	0	0	0
9000	379	60	300	4	25	13	3	0	0	3	3	1	0	0	0	0
9000	380	60	300	4	25	9	3	0	0	3	3	1	0	0	0	0
9000	383	60	300	4	25	9	3	0	0	3	3	1	0	0	0	0
9000	385	60	300	4	25	16	3	0	0	6	6	1	0	0	0	0
9000	387	60	300	4	25	11	3	0	0	3	3	1	0	0	0	0
9000	389	60	300	4	25	13	3	0	0	5	5	1	0	0	0	0
9000	392	60	300	4	25	8	3	0	0	2	2	1	0	0	0	0
9000	393	60	300	4	25	10	3	0	0	3	3	1	0	0	0	0
9000	398	60	300	4	25	11	3	0	0	2	2	1	0	0	0	0
9000	399	60	300	4	25	12	3	0	0	2	2	1	0	0	0	0
9000	401	60	300	4	25	13	3	0	0	6	6	1	0	0	0	0
9000	405	60	300	4	25	14	3	0	0	4	4	1	0	0	0	0
9000	410	60	300	4	25	13	3	0	0	4	4	1	0	0	0	0
9000	411	60	300	4	25	12	3	0	0	4	4	1	0	0	0	0
9000	417	60	300	4	25	10	3	0	0	4	4	1	0	0	0	0
9000	421	60	300	4	25	11	3	0	0	3	3	1	0	0	0	0
9000	423	60	300	4	25	11	3	0	0	2	2	1	0	0	0	0
9000	429	60	300	4	25	11	3	0	0	4	4	1	0	0	0	0
9000	431	60	300	4	25	14	3	0	0	6	6	1	0	0	0	0
9000	432	60	300	4	25	8	3	0	0	2	2	1	0	0	0	0
9000	433	60	300	4	25	21	3	0	0	13	13	1	0.06	0	0	0
9000	434	60	300	4	25	11	3	0	0	4	4	1	0	0	0	0
9000	435	60	300	4	25	10	3	0	0	3	3	1	0	0	0	0
9000	437	60	300	4	25	13	3	0	0	4	4	1	0	0	0	0
9000	444	60	300	4	25	13	3	0	0	4	4	1	0	0	0	0
9000	445	60	300	4	25	9	3	0	0	2	2	1	0	0	0	0
9000	446	60	300	4	25	10	3	0	0	3	3	1	0	0	0	0
9000	449	60	300	4	25	10	3	0	0	4	4	1	0	0	0	0
9000	450	60	300	4	25	10	3	0	0	3	3	1	0	0	0	0
9000	452	60	300	4	25	9	3	0	0	2	2	1	0	0	0	0
9000	456	60	300	4	25	13	3	0	0	6	6	1	0	0	0	0
9000	458	60	300	4	25	10	3	0	0	4	4	1	0	0	0	0
9000	460	60	300	4	25	10	3	0	0	5	5	1	0	0	0	0
9000	463	60	300	4	25	10	3	0	0	4	4	1	0	0	0	0
9000	468	60	300	4	25	11	3	0	0	4	4	1	0	0	0	0
9000	469	60	300	4	25	11	3	0	0	3	3	1	0	0	0	0
9000	470	60	300	4	25	11	3	0	0	3	3	1	0	0	0	0
9000	473	60	300	4	25	10	3	0	0	2	2	1	0	0	0	0
9000	476	60	300	4	25	12	3	0	0	4	4	1	0	0	0	0
9000	477	60	300	4	25	15	3	0	0	5	5	1	0	0	0	0
9000	478	60	300	4	25	11	3	0	0	4	4	1	0	0	0	0
9000	480	60	300	4	25	9	3	0	0	3	3	1	0	0	0	0
9000	485	60	300	4	25	10	3	0	0	3	3	1	0	0	0	0
9000	488	60	300	4	25	11	3	0	0	2	2	1	0	0	0	0
9000	491	60	300	4	25	11	3	0	0	4	4	1	0	0	0	0
9000	498	60	300	4	25	14	3	0	0	6	6	1	0	0	0	0
9000	499	60	300	4	25	11	3	0	0	3	3	1	0	0	0	0
9000	500	60	300	4	25	11	3	0	0	3	3	1	0	0	0	0
9000	503	60	300	4	25	12	3	0	0	3	3	1	0	0	0	0
9000	505	60	300	4	25	10	3	0	0	3	3	1	0	0	0	0
9000	506	60	300	4	25	12	3	0	0	3	3	1	0.01	0	0	0
9000	507	60	300	4	25	13	3	0	0	6	6	1	0	0	0	0
9000	508	60	300	4	25	14	3	0	0	5	5	1	0	0	0	0
9000	510	60	300	4	25	9	3	0	0	3	3	1	0	0	0	0
9000	511	60	300	4	25	9	3	0	0	3	3	1	0	0	0	0
9000	513	60	300	4	25	10	3	0	0	4	4	1	0	0	0	0
9000	514	60	300	4	25	13	3	0	0	4	4	1	0	0	0	0
9000	515	60	300	4	25	10	3	0	0	4	4	1	0	0	0	0
9000	520	60	300	4	25	11	3	0	0	3	3	1	0	0	0	0
9000	522	60	300	4	25	11	3	0	0	3	3	1	0	0	0	0
9000	523	60	300	4	25	11	3	0	0	2	2	1	0	0	0	0
9000	524	60	300	4	25	15	3	0	0	5	5	1	0	0	0	0
9000	525	60	300	4	25	13	3	0	0	7	7	1	0	0	0	0
9000	527	60	300	4	25	9	3	0	0	3	3	1	0	0	0	0
9000	528	60	300	4	25	8	3	0	0	2	2	1	0	0	0	0
9000	530	60	300	4	25	13	3	0	0	8	8	1	0	0	0	0
9000	532	60	300	4	25	8	3	0	0	2	2	1	0	0	0	0
9000	536	60	300	4	25	12	3	0	0	5	5	1	0	0	0	0
9000	537	60	300	4	25	10	3	0	0	3	3	1	0	0	0	0
9000	545	60	300	4	25	12	3	0	0	5	5	1	0	0	0	0
9000	548	60	300	4	25	8	3	0	0	2	2	1	0	0	0	0
9000	549	60	300	4	25	10	3	0	0	2	2	1	0	0	0	0
9000	550	60	300	4	25	9	3	0	0	2	2	1	0	0	0	0
9000	554	60	300	4	25	9	3	0	0	3	3	1	0	0	0	0
9000	557	60	300	4	25	10	3	0	0	3	3	1	0	0	0	0
9000	559	60	300	4	25	12	3	0	0	3	3	1	0	0	0	0
9000	561	60	300	4	25	8	3	0	0	2	2	1	0	0	0	0
9000	564	60	300	4	25	14	3	0	0	4	4	1	0	0	0	0
9000	567	60	300	4	25	13	3	0	0	4	4	1	0	0	0	0
9000	568	60	300	4	25	10	3	0	0	4	4	1	0	0	0	0
9000	569	60	300	4	25	12	3	0	0	4	4	1	0	0	0	0
9000	572	60	300	4	25	12	3	0	0	5	5	1	0	0	0	0
9000	574	60	300	4	25	12	3	0	0	6	6	1	0	0	0	0
9000	576	60	300	4	25	12	3	0	0	4	4	1	0	0	0	0
9000	577	60	300	4	25	11	3	0	0	3	3	1	0	0	0	0
9000	578	60	300	4	25	10	3	0	0	5	5	1	0	0	0	0
9000	580	60	300	4	25	9	3	0	0	3	3	1	0	0	0	0
9000	581	60	300	4	25	12	3	0	0	3	3	1	0	0	0	0
9000	586	60	300	4	25	9	3	0	0	3	3	1	0	0	0	0
9000	587	60	300	4	25	13	3	0	0	4	4	1	0	0	0	0
9000	590	60	300	4	25	8	3	0	0	2	2	1	0	0	0	0
9000	592	60	300	4	25	13	3	0	0	4	4	1	0	0	0	0
9000	593	60	300	4	25	12	3	0	0	2	2	1	0	0	0	0
9000	594	60	300	4	25	10	3	0	0	2	2	1	0	0	0	0
9000	595	60	300	4	25	12	3	0	0	4	4	1	0	0	0	0
9000	596	60	300	4	25	9	3	0	0	3	3	1	0	0	0	0
9000	600	60	300	4	25	13	3	0	0	7	7	1	0	0	0	0
9000	601	60	300	4	25	12	3	0	0	4	4	1	0	0	0	0
9000	605	60	300	4	25	12	3	0	0	5	5	1	0	0	0	0
9000	607	60	300	4	25	12	3	0	0	4	4	1	0	0	0	0
9000	609	60	300	4	25	8	3	0	0	2	2	1	0	0	0	0
9000	610	60	300	4	25	13	3	0	0	4	4	1	0	0	0	0
9000	613	60	300	4	25	16	3	0	0	7	7	1	0	0	0	0
9000	614	60	300	4	25	11	3	0	0	3	3	1	0	0	0	0
9000	625	60	300	4	25	13	3	0	0	6	6	1	0	0	0	0
9000	632	60	300	4	25	9	3	0	0	2	2	1	0	0	0	0
9000	634	60	300	4	25	10	3	0	0	4	4	1	0	0	0	0
9000	636	60	300	4	25	9	3	0	0	2	2	1	0	0	0	0
9000	640	60	300	4	25	11	3	0	0	5	5	1	0	0	0	0
9000	646	60	300	4	25	10	3	0	0	4	4	1	0	0	0	0
9000	648	60	300	4	25	12	3	0	0	3	3	1	0	0	0	0
9000	649	60	300	4	25	11	3	0	0	5	5	1	0	0	0	0
9000	653	60	300	4	25	12	3	0	0	6	6	1	0	0	0	0
9000	656	60	300	4	25	11	3	0	0	5	5	1	0	0	0	0
9000	657	60	300	4	25	13	3	0	0	4	4	1	0	0	0	0
9000	663	60	300	4	25	10	3	0	0	4	4	1	0	0	0	0
9000	665	60	300	4	25	10	3	0	0	4	4	1	0	0	0	0
9000	666	60	300	4	25	12	3	0	0	2	2	1	0	0	0	0
9000	670	60	300	4	25	12	3	0	0	5	5	1	0	0	0	0
9000	671	60	300	4	25	15	3	0	0	7	7	1	0	0	0	0
9000	675	60	300	4	25	13	3	0	0	5	5	1	0	0	0	0
9000	677	60	300	4	25	11	3	0	0	4	4	1	0	0	0	0
9000	678	60	300	4	25	9	3	0	0	3	3	1	0	0	0	0
9000	680	60	300	4	25	16	3	0	0	5	5	1	0.01	0	0	0
9000	681	60	300	4	25	10	3	0	0	2	2	1	0	0	0	0
9000	682	60	300	4	25	10	3	0	0	3	3	1	0	0	0	0
9000	686	60	300	4	25	12	3	0	0	4	4	1	0	0	0	0
9000	689	60	300	4	25	10	3	0	0	2	2	1	0	0	0	0
9000	696	60	300	4	25	12	3	0	0	3	3	1	0	0	0	0
9000	700	60	300	4	25	11	3	0	0	4	4	1	0	0	0	0
9000	706	60	300	4	25	11	3	0	0	2	2	1	0	0	0	0
9000	708	60	300	4	25	10	3	0	0	3	3	1	0	0	0	0
9000	714	60	300	4	25	15	3	0	0	6	6	1	0	0	0	0
9000	721	60	300	4	25	14	3	0	0	5	5	1	0	0	0	0
9000	723	60	300	4	25	14	3	0	0	6	6	1	0	0	0	0
9000	724	60	300	4	25	11	3	0	0	3	3	1	0	0	0	0
9000	727	60	300	4	25	9	3	0	0	3	3	1	0	0	0	0
9000	730	60	300	4	25	10	3	0	0	4	4	1	0	0	0	0
9000	731	60	300	4	25	8	3	0	0	2	2	1	0	0	0	0
9000	733	60	300	4	25	8	3	0	0	2	2	1	0	0	0	0
9000	735	60	300	4	25	12	3	0	0	5	5	1	0	0	0	0
9000	736	60	300	4	25	13	3	0	0	5	5	1	0	0	0	0
9000	739	60	300	4	25	11	3	0	0	3	3	1	0	0	0	0
9000	741	60	300	4	25	10	3	0	0	3	3	1	0	0	0	0
9000	743	60	300	4	25	9	3	0	0	3	3	1	0	0	0	0
9000	746	60	300	4	25	11	3	0	0	3	3	1	0	0	0	0
9000	747	60	300	4	25	13	3	0	0	8	8	1	0	0	0	0
9000	750	60	300	4	25	12	3	0	0	4	4	1	0	0	0	0
9000	752	60	300	4	25	10	3	0	0	4	4	1	0	0	0	0
9000	753	60	300	4	25	9	3	0	0	3	3	1	0	0	0	0
9000	756	60	300	4	25	10	3	0	0	3	3	1	0	0	0	0
9000	761	60	300	4	25	9	3	0	0	3	3	1	0	0	0	0
9000	762	60	300	4	25	8	3	0	0	2	2	1	0	0	0	0
9000	765	60	300	4	25	9	3	0	0	2	2	1	0	0	0	0
9000	767	60	300	4	25	12	3	0	0	4	4	1	0	0	0	0
9000	769	60	300	4	25	10	3	0	0	4	4	1	0	0	0	0
9000	770	60	300	4	25	14	3	0	0	4	4	1	0	0	0	0
9000	772	60	300	4	25	11	3	0	0	4	4	1	0	0	0	0
9000	773	60	300	4	25	9	3	0	0	2	2	1	0	0	0	0
9000	780	60	300	4	25	9	3	0	0	3	3	1	0	0	0	0
9000	782	60	300	4	25	11	3	0	0	5	5	1	0	0	0	0
9000	783	60	300	4	25	10	3	0	0	4	4	1	0	0	0	0
9000	784	60	300	4	25	12	3	0	0	4	4	1	0	0	0	0
9000	785	60	300	4	25	17	3	0	0	7	7	1	0	0	0	0
9000	789	60	300	4	25	8	3	0	0	2	2	1	0	0	0	0
9000	790	60	300	4	25	9	3	0	0	3	3	1	0	0	0	0
9000	794	60	300	4	25	8	3	0	0	2	2	1	0	0	0	0
9000	798	60	300	4	25	13	3	0	0	5	5	1	0	0	0	0
9000	810	60	300	4	25	12	3	0	0	5	5	1	0	0	0	0
9000	811	60	300	4	25	14	3	0	0	7	7	1	0	0	0	0
9000	814	60	300	4	25	15	3	0	0	5	5	1	0	0	0	0
9000	818	60	300	4	25	13	3	0	0	6	6	1	0	0	0	0
9000	821	60	300	4	25	10	3	0	0	3	3	1	0	0	0	0
9000	824	60	300	4	25	12	3	0	0	4	4	1	0	0	0	0
9000	828	60	300	4	25	8	3	0	0	2	2	1	0	0	0	0
9000	832	60	300	4	25	14	3	0	0	5	5	1	0	0	0	0
9000	833	60	300	4	25	9	3	0	0	2	2	1	0	0	0	0
9000	834	60	300	4	25	11	3	0	0	3	3	1	0	0	0	0
9000	835	60	300	4	25	8	3	0	0	2	2	1	0	0	0	0
9000	837	60	300	4	25	15	3	0	0	8	8	1	0	0	0	0
9000	839	60	300	4	25	12	3	0	0	3	3	1	0	0	0	0
9000	843	60	300	4	25	10	3	0	0	3	3	1	0	0	0	0
9000	844	60	300	4	25	11	3	0	0	4	4	1	0	0	0	0
9000	848	60	300	4	25	11	3	0	0	4	4	1	0	0	0	0
9000	850	60	300	4	25	9	3	0	0	3	3	1	0	0	0	0
9000	851	60	300	4	25	13	3	0	0	5	5	1	0	0	0	0
9000	853	60	300	4	25	9	3	0	0	3	3	1	0	0	0	0
9000	854	60	300	4	25	10	3	0	0	6	6	1	0	0	0	0
9000	856	60	300	4	25	11	3	0	0	3	3	1	0	0	0	0
9000	857	60	300	4	25	9	3	0	0	2	2	1	0	0	0	0
9000	865	60	300	4	25	15	3	0	0	10	10	1	0	0	0	0
9000	867	60	300	4	25	8	3	0	0	2	2	1	0	0	0	0
9000	872	60	300	4	25	18	3	0	0	6	6	1	0	0	0	0
9000	874	60	300	4	25	11	3	0	0	4	4	1	0	0	0	0
9000	876	60	300	4	25	8	3	0	0	3	3	1	0	0	0	0
9000	877	60	300	4	25	10	3	0	0	3	3	1	0	0	0	0
9000	888	60	300	4	25	14	3	0	0	6	6	1	0	0	0	0
9000	889	60	300	4	25	12	3	0	0	4	4	1	0	0	0	0
9000	890	60	300	4	25	13	3	0	0	4	4	1	0	0	0	0
9000	892	60	300	4	25	13	3	0	0	5	5	1	0	0	0	0
9000	894	60	300	4	25	9	3	0	0	3	3	1	0	0	0	0
9000	895	60	300	4	25	9	3	0	0	3	3	1	0	0	0	0
9000	898	60	300	4	25	14	3	0	0	7	7	1	0	0	0	0
9000	899	60	300	4	25	14	3	0	0	4	4	1	0	0	0	0
9000	908	60	300	4	25	11	3	0	0	4	4	1	0	0	0	0
9000	910	60	300	4	25	10	3	0	0	3	3	1	0	0	0	0
9000	912	60	300	4	25	10	3	0	0	3	3	1	0	0	0	0
9000	914	60	300	4	25	12	3	0	0	3	3	1	0	0	0	0
9000	919	60	300	4	25	10	3	0	0	2	2	1	0	0	0	0
9000	921	60	300	4	25	12	3	0	0	4	4	1	0	0	0	0
9000	923	60	300	4	25	13	3	0	0	5	5	1	0	0	0	0
9000	925	60	300	4	25	10	3	0	0	4	4	1	0	0	0	0
9000	929	60	300	4	25	9	3	0	0	3	3	1	0	0	0	0
9000	931	60	300	4	25	11	3	0	0	4	4	1	0	0	0	0
9000	933	60	300	4	25	8	3	0	0	2	2	1	0	0	0	0
9000	934	60	300	4	25	10	3	0	0	3	3	1	0	0	0	0
9000	940	60	300	4	25	11	3	0	0	3	3	1	0	0	0	0
9000	942	60	300	4	25	11	3	0	0	4	4	1	0	0	0	0
9000	943	60	300	4	25	9	3	0	0	3	3	1	0	0	0	0
9000	945	60	300	4	25	11	3	0	0	3	3	1	0	0	0	0
9000	946	60	300	4	25	15	3	0	0	8	8	1	0	0	0	0
9000	948	60	300	4	25	10	3	0	0	5	5	1	0	0	0	0
9000	952	60	300	4	25	13	3	0	0	6	6	1	0	0	0	0
9000	955	60	300	4	25	9	3	0	0	3	3	1	0	0	0	0
9000	957	60	300	4	25	13	3	0	0	4	4	1	0	0	0	0
9000	960	60	300	4	25	8	3	0	0	2	2	1	0	0	0	0
9000	961	60	300	4	25	12	3	0	0	4	4	1	0	0	0	0
9000	964	60	300	4	25	12	3	0	0	5	5	1	0	0	0	0
9000	966	60	300	4	25	14	3	0	0	5	5	1	0	0	0	0
9000	967	60	300	4	25	10	3	0	0	4	4	1	0	0	0	0
9000	972	60	300	4	25	14	3	0	0	7	7	1	0	0	0	0
9000	974	60	300	4	25	9	3	0	0	4	4	1	0	0	0	0
9000	975	60	300	4	25	9	3	0	0	2	2	1	0	0	0	0
9000	982	60	300	4	25	11	3	0	0	4	4	1	0	0	0	0
9000	989	60	300	4	25	10	3	0	0	4	4	1	0	0	0	0
9000	994	60	300	4	25	16	3	0	0	6	6	1	0	0	0	0
9000	996	60	300	4	25	10	3	0	0	3	3	1	0	0	0	0
9000	998	60	300	4	25	10	3	0	0	3	3	1	0	0	0	0
9000	999	60	300	4	25	11	3	0	0	3	3	1	0	0	0	0
9000	1000	60	300	4	25	14	3	0	0	4	4	1	0	0	0	0
9000	1	70	300	4	25	14	3	0	0	7	7	1	0	0	0	0
9000	2	70	300	4	25	12	3	0	0	3	3	1	0	0	0	0
9000	5	70	300	4	25	14	3	0	0	7	7	1	0	0	0	0
9000	6	70	300	4	25	11	3	0	0	4	4	1	0	0	0	0
9000	7	70	300	4	25	12	3	0	0	5	5	1	0	0	0	0
9000	10	70	300	4	25	8	3	0	0	3	3	1	0	0	0	0
9000	11	70	300	4	25	11	3	0	0	4	4	1	0	0	0	0
9000	12	70	300	4	25	12	3	0	0	3	3	1	0	0	0	0
9000	14	70	300	4	25	12	3	0	0	4	4	1	0	0	0	0
9000	17	70	300	4	25	15	3	0	0	6	6	1	0	0	0	0
9000	18	70	300	4	25	11	3	0	0	3	3	1	0	0	0	0
9000	20	70	300	4	25	9	3	0	0	3	3	1	0	0	0	0
9000	21	70	300	4	25	13	3	0	0	4	4	1	0	0	0	0
9000	22	70	300	4	25	14	3	0	0	5	5	1	0	0	0	0
9000	24	70	300	4	25	12	3	0	0	3	3	1	0	0	0	0
9000	31	70	300	4	25	9	3	0	0	2	2	1	0	0	0	0
9000	32	70	300	4	25	13	3	0	0	5	5	1	0	0	0	0
9000	37	70	300	4	25	14	3	0	0	5	5	1	0	0	0	0
9000	38	70	300	4	25	10	3	0	0	3	3	1	0	0	0	0
9000	40	70	300	4	25	9	3	0	0	2	2	1	0	0	0	0
9000	42	70	300	4	25	11	3	0	0	4	4	1	0	0	0	0
9000	43	70	300	4	25	12	3	0	0	4	4	1	0	0	0	0
9000	45	70	300	4	25	11	3	0	0	3	3	1	0	0	0	0
9000	48	70	300	4	25	11	3	0	0	3	3	1	0	0	0	0
9000	49	70	300	4	25	8	3	0	0	2	2	1	0	0	0	0
9000	53	70	300	4	25	11	3	0	0	5	5	1	0	0	0	0
9000	54	70	300	4	25	11	3	0	0	5	5	1	0	0	0	0
9000	58	70	300	4	25	12	3	0	0	6	6	1	0	0	0	0
9000	61	70	300	4	25	10	3	0	0	3	3	1	0	0	0	0
9000	62	70	300	4	25	13	3	0	0	4	4	1	0	0	0	0
9000	63	70	300	4	25	12	3	0	0	3	3	1	0	0	0	0
9000	69	70	300	4	25	10	3	0	0	4	4	1	0	0	0	0
9000	73	70	300	4	25	11	3	0	0	3	3	1	0	0	0	0
9000	74	70	300	4	25	8	3	0	0	2	2	1	0	0	0	0
9000	75	70	300	4	25	11	3	0	0	3	3	1	0	0	0	0
9000	76	70	300	4	25	11	3	0	0	3	3	1	0	0	0	0
9000	79	70	300	4	25	11	3	0	0	4	4	1	0	0	0	0
9000	80	70	300	4	25	14	3	0	0	5	5	1	0	0	0	0
9000	84	70	300	4	25	11	3	0	0	3	3	1	0	0	0	0
9000	88	70	300	4	25	13	3	0	0	5	5	1	0	0	0	0
9000	90	70	300	4	25	12	3	0	0	5	5	1	0	0	0	0
9000	93	70	300	4	25	8	3	0	0	2	2	1	0	0	0	0
9000	95	70	300	4	25	15	3	0	0	7	7	1	0	0	0	0
9000	97	70	300	4	25	10	3	0	0	2	2	1	0	0	0	0
9000	98	70	300	4	25	11	3	0	0	3	3	1	0	0	0	0
9000	99	70	300	4	25	9	3	0	0	2	2	1	0	0	0	0
9000	101	70	300	4	25	12	3	0	0	3	3	1	0	0	0	0
9000	102	70	300	4	25	14	3	0	0	7	7	1	0	0	0	0
9000	103	70	300	4	25	17	3	0	0	7	7	1	0	0	0	0
9000	106	70	300	4	25	12	3	0	0	5	5	1	0	0	0	0
9000	107	70	300	4	25	10	3	0	0	4	4	1	0	0	0	0
9000	108	70	300	4	25	11	3	0	0	4	4	1	0	0	0	0
9000	109	70	300	4	25	12	3	0	0	4	4	1	0	0	0	0
9000	111	70	300	4	25	13	3	0	0	5	5	1	0	0	0	0
9000	112	70	300	4	25	13	3	0	0	4	4	1	0	0	0	0
9000	113	70	300	4	25	10	3	0	0	4	4	1	0	0	0	0
9000	114	70	300	4	25	12	3	0	0	4	4	1	0	0	0	0
9000	120	70	300	4	25	10	3	0	0	2	2	1	0	0	0	0
9000	124	70	300	4	25	17	3	0	0	10	10	1	0	0	0	0
9000	125	70	300	4	25	12	3	0	0	3	3	1	0	0	0	0
9000	126	70	300	4	25	10	3	0	0	4	4	1	0	0	0	0
9000	128	70	300	4	25	13	3	0	0	3	3	1	0	0	0	0
9000	131	70	300	4	25	13	3	0	0	5	5	1	0	0	0	0
9000	133	70	300	4	25	10	3	0	0	3	3	1	0	0	0	0
9000	138	70	300	4	25	12	3	0	0	4	4	1	0	0	0	0
9000	139	70	300	4	25	13	3	0	0	4	4	1	0	0	0	0
9000	141	70	300	4	25	13	3	0	0	3	3	1	0	0	0	0
9000	145	70	300	4	25	11	3	0	0	3	3	1	0	0	0	0
9000	149	70	300	4	25	13	3	0	0	5	5	1	0	0	0	0
9000	151	70	300	4	25	8	3	0	0	2	2	1	0	0	0	0
9000	152	70	300	4	25	13	3	0	0	5	5	1	0	0	0	0
9000	156	70	300	4	25	13	3	0	0	6	6	1	0	0	0	0
9000	159	70	300	4	25	8	3	0	0	3	3	1	0	0	0	0
9000	160	70	300	4	25	10	3	0	0	2	2	1	0	0	0	0
9000	161	70	300	4	25	12	3	0	0	4	4	1	0	0	0	0
9000	166	70	300	4	25	11	3	0	0	3	3	1	0	0	0	0
9000	172	70	300	4	25	12	3	0	0	3	3	1	0	0	0	0
9000	173	70	300	4	25	12	3	0	0	4	4	1	0	0	0	0
9000	174	70	300	4	25	12	3	0	0	6	6	1	0	0	0	0
9000	175	70	300	4	25	12	3	0	0	4	4	1	0	0	0	0
9000	176	70	300	4	25	17	3	0	0	7	7	1	0	0.01	0	0
9000	177	70	300	4	25	11	3	0	0	2	2	1	0	0	0	0
9000	179	70	300	4	25	12	3	0	0	4	4	1	0	0	0	0
9000	184	70	300	4	25	11	3	0	0	4	4	1	0	0	0	0
9000	186	70	300	4	25	9	3	0	0	4	4	1	0	0	0	0
9000	190	70	300	4	25	11	3	0	0	6	6	1	0	0	0	0
9000	191	70	300	4	25	12	3	0	0	5	5	1	0	0	0	0
9000	197	70	300	4	25	14	3	0	0	6	6	1	0	0	0	0
9000	201	70	300	4	25	10	3	0	0	4	4	1	0	0	0	0
9000	203	70	300	4	25	15	3	0	0	6	6	1	0	0	0	0
9000	209	70	300	4	25	8	3	0	0	2	2	1	0	0	0	0
9000	213	70	300	4	25	8	3	0	0	3	3	1	0	0	0	0
9000	214	70	300	4	25	14	3	0	0	7	7	1	0	0	0	0
9000	216	70	300	4	25	9	3	0	0	3	3	1	0	0	0	0
9000	217	70	300	4	25	11	3	0	0	4	4	1	0	0	0	0
9000	225	70	300	4	25	15	3	0	0	7	7	1	0	0	0	0
9000	229	70	300	4	25	10	3	0	0	4	4	1	0	0	0	0
9000	233	70	300	4	25	12	3	0	0	4	4	1	0	0	0	0
9000	235	70	300	4	25	10	3	0	0	4	4	1	0	0	0	0
9000	239	70	300	4	25	13	3	0	0	4	4	1	0	0	0	0
9000	240	70	300	4	25	13	3	0	0	4	4	1	0	0	0	0
9000	241	70	300	4	25	12	3	0	0	3	3	1	0	0	0	0
9000	249	70	300	4	25	14	3	0	0	5	5	1	0	0	0	0
9000	252	70	300	4	25	9	3	0	0	3	3	1	0	0	0	0
9000	253	70	300	4	25	11	3	0	0	5	5	1	0	0	0	0
9000	254	70	300	4	25	11	3	0	0	5	5	1	0	0	0	0
9000	259	70	300	4	25	10	3	0	0	2	2	1	0	0	0	0
9000	260	70	300	4	25	11	3	0	0	6	6	1	0	0	0	0
9000	262	70	300	4	25	15	3	0	0	6	6	1	0	0	0	0
9000	265	70	300	4	25	14	3	0	0	6	6	1	0	0	0	0
9000	267	70	300	4	25	12	3	0	0	4	4	1	0	0	0	0
9000	270	70	300	4	25	12	3	0	0	4	4	1	0	0	0	0
9000	277	70	300	4	25	11	3	0	0	5	5	1	0	0	0	0
9000	279	70	300	4	25	11	3	0	0	6	6	1	0	0	0	0
9000	281	70	300	4	25	13	3	0	0	5	5	1	0	0	0	0
9000	283	70	300	4	25	9	3	0	0	2	2	1	0	0	0	0
9000	284	70	300	4	25	17	3	0	0	8	8	1	0	0	0	0
9000	285	70	300	4	25	12	3	0	0	7	7	1	0	0	0	0
9000	288	70	300	4	25	13	3	0	0	4	4	1	0	0	0	0
9000	289	70	300	4	25	15	3	0	0	5	5	1	0	0	0	0
9000	291	70	300	4	25	11	3	0	0	5	5	1	0	0	0	0
9000	294	70	300	4	25	13	3	0	0	6	6	1	0	0	0	0
9000	295	70	300	4	25	11	3	0	0	4	4	1	0	0	0	0
9000	296	70	300	4	25	10	3	0	0	4	4	1	0	0	0	0
9000	297	70	300	4	25	15	3	0	0	6	6	1	0	0	0	0
9000	298	70	300	4	25	11	3	0	0	4	4	1	0	0	0	0
9000	302	70	300	4	25	8	3	0	0	3	3	1	0	0	0	0
9000	304	70	300	4	25	10	3	0	0	2	2	1	0	0	0	0
9000	306	70	300	4	25	9	3	0	0	2	2	1	0	0	0	0
9000	314	70	300	4	25	11	3	0	0	4	4	1	0	0	0	0
9000	318	70	300	4	25	13	3	0	0	5	5	1	0	0	0	0
9000	320	70	300	4	25	12	3	0	0	6	6	1	0	0	0	0
9000	322	70	300	4	25	11	3	0	0	3	3	1	0	0	0	0
9000	325	70	300	4	25	10	3	0	0	3	3	1	0	0	0	0
9000	327	70	300	4	25	13	3	0	0	6	6	1	0	0	0	0
9000	330	70	300	4	25	10	3	0	0	3	3	1	0	0	0	0
9000	335	70	300	4	25	13	3	0	0	4	4	1	0	0	0	0
9000	337	70	300	4	25	9	3	0	0	3	3	1	0	0	0	0
9000	338	70	300	4	25	11	3	0	0	2	2	1	0	0	0	0
9000	339	70	300	4	25	10	3	0	0	3	3	1	0	0	0	0
9000	344	70	300	4	25	9	3	0	0	2	2	1	0	0	0	0
9000	345	70	300	4	25	14	3	0	0	5	5	1	0	0	0	0
9000	346	70	300	4	25	11	3	0	0	3	3	1	0	0	0	0
9000	348	70	300	4	25	14	3	0	0	5	5	1	0	0	0	0
9000	350	70	300	4	25	12	3	0	0	4	4	1	0	0	0	0
9000	352	70	300	4	25	12	3	0	0	3	3	1	0	0	0	0
9000	353	70	300	4	25	12	3	0	0	6	6	1	0	0	0	0
9000	354	70	300	4	25	9	3	0	0	3	3	1	0	0	0	0
9000	355	70	300	4	25	13	3	0	0	4	4	1	0	0	0	0
9000	356	70	300	4	25	12	3	0	0	4	4	1	0	0	0	0
9000	361	70	300	4	25	17	3	0	0	6	6	1	0	0	0	0
9000	362	70	300	4	25	9	3	0	0	2	2	1	0	0	0	0
9000	365	70	300	4	25	12	3	0	0	4	4	1	0	0	0	0
9000	370	70	300	4	25	10	3	0	0	3	3	1	0	0	0	0
9000	371	70	300	4	25	8	3	0	0	2	2	1	0	0	0	0
9000	372	70	300	4	25	12	3	0	0	3	3	1	0	0	0	0
9000	379	70	300	4	25	13	3	0	0	3	3	1	0	0	0	0
9000	383	70	300	4	25	10	3	0	0	4	4	1	0	0	0	0
9000	385	70	300	4	25	16	3	0	0	6	6	1	0	0	0	0
9000	388	70	300	4	25	8	3	0	0	2	2	1	0	0	0	0
9000	391	70	300	4	25	11	3	0	0	3	3	1	0	0	0	0
9000	393	70	300	4	25	11	3	0	0	3	3	1	0	0	0	0
9000	394	70	300	4	25	10	3	0	0	3	3	1	0	0	0	0
9000	395	70	300	4	25	12	3	0	0	5	5	1	0	0	0	0
9000	396	70	300	4	25	13	3	0	0	4	4	1	0.01	0	0	0
9000	400	70	300	4	25	17	3	0	0	9	9	1	0	0	0	0
9000	402	70	300	4	25	8	3	0	0	3	3	1	0	0	0	0
9000	405	70	300	4	25	15	3	0	0	4	4	1	0	0	0	0
9000	408	70	300	4	25	11	3	0	0	4	4	1	0	0	0	0
9000	409	70	300	4	25	10	3	0	0	2	2	1	0	0	0	0
9000	411	70	300	4	25	12	3	0	0	4	4	1	0	0	0	0
9000	415	70	300	4	25	12	3	0	0	4	4	1	0	0	0	0
9000	416	70	300	4	25	8	3	0	0	3	3	1	0	0	0	0
9000	418	70	300	4	25	10	3	0	0	4	4	1	0	0	0	0
9000	422	70	300	4	25	11	3	0	0	4	4	1	0	0	0	0
9000	423	70	300	4	25	10	3	0	0	2	2	1	0	0	0	0
9000	425	70	300	4	25	14	3	0	0	5	5	1	0	0	0	0
9000	429	70	300	4	25	10	3	0	0	3	3	1	0	0	0	0
9000	430	70	300	4	25	11	3	0	0	3	3	1	0	0	0	0
9000	434	70	300	4	25	15	3	0	0	7	7	1	0	0	0	0
9000	437	70	300	4	25	13	3	0	0	4	4	1	0	0	0	0
9000	438	70	300	4	25	17	3	0	0	11	11	1	0	0	0	0
9000	442	70	300	4	25	9	3	0	0	2	2	1	0	0	0	0
9000	445	70	300	4	25	8	3	0	0	2	2	1	0	0	0	0
9000	446	70	300	4	25	12	3	0	0	3	3	1	0	0	0	0
9000	449	70	300	4	25	11	3	0	0	3	3	1	0	0	0	0
9000	450	70	300	4	25	12	3	0	0	3	3	1	0	0	0	0
9000	451	70	300	4	25	9	3	0	0	3	3	1	0	0	0	0
9000	452	70	300	4	25	8	3	0	0	2	2	1	0	0	0	0
9000	454	70	300	4	25	12	3	0	0	4	4	1	0	0	0	0
9000	460	70	300	4	25	14	3	0	0	6	6	1	0	0	0	0
9000	461	70	300	4	25	10	3	0	0	3	3	1	0	0	0	0
9000	462	70	300	4	25	13	3	0	0	4	4	1	0	0	0	0
9000	463	70	300	4	25	12	3	0	0	4	4	1	0	0	0	0
9000	465	70	300	4	25	8	3	0	0	2	2	1	0	0	0	0
9000	468	70	300	4	25	12	3	0	0	3	3	1	0	0	0	0
9000	473	70	300	4	25	15	3	0	0	6	6	1	0	0	0	0
9000	478	70	300	4	25	12	3	0	0	4	4	1	0	0	0	0
9000	481	70	300	4	25	15	3	0	0	7	7	1	0	0	0	0
9000	482	70	300	4	25	14	3	0	0	8	8	1	0	0	0	0
9000	483	70	300	4	25	8	3	0	0	2	2	1	0	0	0	0
9000	484	70	300	4	25	8	3	0	0	2	2	1	0	0	0	0
9000	485	70	300	4	25	15	3	0	0	5	5	1	0	0	0	0
9000	490	70	300	4	25	13	3	0	0	5	5	1	0	0	0	0
9000	493	70	300	4	25	8	3	0	0	2	2	1	0	0	0	0
9000	494	70	300	4	25	10	3	0	0	4	4	1	0	0	0	0
9000	497	70	300	4	25	14	3	0	0	4	4	1	0	0	0	0
9000	498	70	300	4	25	12	3	0	0	4	4	1	0	0	0	0
9000	500	70	300	4	25	11	3	0	0	4	4	1	0	0	0	0
9000	503	70	300	4	25	14	3	0	0	4	4	1	0	0	0	0
9000	504	70	300	4	25	9	3	0	0	4	4	1	0	0	0	0
9000	511	70	300	4	25	14	3	0	0	4	4	1	0	0	0	0
9000	513	70	300	4	25	12	3	0	0	4	4	1	0	0	0	0
9000	514	70	300	4	25	10	3	0	0	4	4	1	0	0	0	0
9000	515	70	300	4	25	12	3	0	0	4	4	1	0	0	0	0
9000	516	70	300	4	25	10	3	0	0	2	2	1	0	0	0	0
9000	517	70	300	4	25	10	3	0	0	3	3	1	0	0	0	0
9000	521	70	300	4	25	17	3	0	0	6	6	1	0.01	0	0	0
9000	523	70	300	4	25	9	3	0	0	3	3	1	0	0	0	0
9000	525	70	300	4	25	13	3	0	0	5	5	1	0	0	0	0
9000	526	70	300	4	25	11	3	0	0	3	3	1	0	0	0	0
9000	527	70	300	4	25	8	3	0	0	3	3	1	0	0	0	0
9000	528	70	300	4	25	11	3	0	0	3	3	1	0	0	0	0
9000	533	70	300	4	25	12	3	0	0	4	4	1	0	0	0	0
9000	535	70	300	4	25	10	3	0	0	3	3	1	0	0	0	0
9000	536	70	300	4	25	13	3	0	0	5	5	1	0	0	0	0
9000	537	70	300	4	25	12	3	0	0	5	5	1	0	0	0	0
9000	539	70	300	4	25	10	3	0	0	3	3	1	0	0	0	0
9000	540	70	300	4	25	10	3	0	0	3	3	1	0	0	0	0
9000	541	70	300	4	25	13	3	0	0	5	5	1	0	0	0	0
9000	544	70	300	4	25	13	3	0	0	5	5	1	0	0	0	0
9000	548	70	300	4	25	10	3	0	0	2	2	1	0	0	0	0
9000	549	70	300	4	25	10	3	0	0	2	2	1	0	0	0	0
9000	550	70	300	4	25	8	3	0	0	3	3	1	0	0	0	0
9000	552	70	300	4	25	12	3	0	0	5	5	1	0	0	0	0
9000	553	70	300	4	25	13	3	0	0	4	4	1	0	0	0	0
9000	554	70	300	4	25	12	3	0	0	3	3	1	0	0	0	0
9000	555	70	300	4	25	9	3	0	0	3	3	1	0	0	0	0
9000	556	70	300	4	25	10	3	0	0	2	2	1	0	0	0	0
9000	561	70	300	4	25	11	3	0	0	2	2	1	0	0	0	0
9000	567	70	300	4	25	15	3	0	0	5	5	1	0	0	0	0
9000	568	70	300	4	25	14	3	0	0	5	5	1	0	0	0	0
9000	570	70	300	4	25	9	3	0	0	3	3	1	0	0	0	0
9000	571	70	300	4	25	9	3	0	0	3	3	1	0	0	0	0
9000	572	70	300	4	25	11	3	0	0	4	4	1	0	0	0	0
9000	573	70	300	4	25	10	3	0	0	2	2	1	0	0	0	0
9000	574	70	300	4	25	14	3	0	0	6	6	1	0	0	0	0
9000	575	70	300	4	25	11	3	0	0	4	4	1	0	0	0	0
9000	582	70	300	4	25	8	3	0	0	2	2	1	0	0	0	0
9000	585	70	300	4	25	9	3	0	0	3	3	1	0	0	0	0
9000	589	70	300	4	25	8	3	0	0	3	3	1	0	0	0	0
9000	591	70	300	4	25	10	3	0	0	4	4	1	0	0	0	0
9000	593	70	300	4	25	12	3	0	0	3	3	1	0	0	0	0
9000	596	70	300	4	25	14	3	0	0	5	5	1	0	0	0	0
9000	603	70	300	4	25	9	3	0	0	3	3	1	0	0	0	0
9000	604	70	300	4	25	10	3	0	0	2	2	1	0	0	0	0
9000	608	70	300	4	25	10	3	0	0	3	3	1	0	0	0	0
9000	609	70	300	4	25	9	3	0	0	2	2	1	0	0	0	0
9000	610	70	300	4	25	13	3	0	0	5	5	1	0	0	0	0
9000	612	70	300	4	25	9	3	0	0	3	3	1	0	0	0	0
9000	614	70	300	4	25	15	3	0	0	4	4	1	0	0	0	0
9000	615	70	300	4	25	10	3	0	0	4	4	1	0	0	0	0
9000	616	70	300	4	25	9	3	0	0	2	2	1	0	0	0	0
9000	617	70	300	4	25	13	3	0	0	5	5	1	0	0	0	0
9000	618	70	300	4	25	9	3	0	0	4	4	1	0	0	0	0
9000	622	70	300	4	25	13	3	0	0	5	5	1	0	0	0	0
9000	628	70	300	4	25	8	3	0	0	2	2	1	0	0	0	0
9000	629	70	300	4	25	12	3	0	0	3	3	1	0	0	0	0
9000	636	70	300	4	25	12	3	0	0	2	2	1	0	0	0	0
9000	638	70	300	4	25	14	3	0	0	5	5	1	0	0	0	0
9000	639	70	300	4	25	9	3	0	0	3	3	1	0	0	0	0
9000	644	70	300	4	25	14	3	0	0	5	5	1	0	0	0	0
9000	646	70	300	4	25	11	3	0	0	4	4	1	0	0	0	0
9000	649	70	300	4	25	14	3	0	0	5	5	1	0	0	0	0
9000	652	70	300	4	25	12	3	0	0	4	4	1	0	0	0	0
9000	655	70	300	4	25	11	3	0	0	4	4	1	0	0	0	0
9000	658	70	300	4	25	8	3	0	0	2	2	1	0	0	0	0
9000	663	70	300	4	25	10	3	0	0	4	4	1	0	0	0	0
9000	667	70	300	4	25	13	3	0	0	5	5	1	0	0	0	0
9000	668	70	300	4	25	13	3	0	0	4	4	1	0	0	0	0
9000	670	70	300	4	25	12	3	0	0	5	5	1	0	0	0	0
9000	673	70	300	4	25	11	3	0	0	4	4	1	0	0	0	0
9000	674	70	300	4	25	10	3	0	0	3	3	1	0	0	0	0
9000	678	70	300	4	25	9	3	0	0	2	2	1	0	0	0	0
9000	682	70	300	4	25	10	3	0	0	5	5	1	0	0	0	0
9000	685	70	300	4	25	11	3	0	0	3	3	1	0	0	0	0
9000	686	70	300	4	25	11	3	0	0	4	4	1	0	0	0	0
9000	687	70	300	4	25	12	3	0	0	2	2	1	0	0	0	0
9000	694	70	300	4	25	11	3	0	0	5	5	1	0	0	0	0
9000	698	70	300	4	25	10	3	0	0	3	3	1	0	0	0	0
9000	700	70	300	4	25	13	3	0	0	5	5	1	0	0	0	0
9000	701	70	300	4	25	8	3	0	0	2	2	1	0	0	0	0
9000	705	70	300	4	25	13	3	0	0	4	4	1	0	0	0	0
9000	707	70	300	4	25	12	3	0	0	6	6	1	0	0	0	0
9000	713	70	300	4	25	9	3	0	0	2	2	1	0	0	0	0
9000	718	70	300	4	25	11	3	0	0	5	5	1	0	0	0	0
9000	719	70	300	4	25	9	3	0	0	3	3	1	0	0	0	0
9000	720	70	300	4	25	10	3	0	0	4	4	1	0	0	0	0
9000	722	70	300	4	25	9	3	0	0	2	2	1	0	0	0	0
9000	727	70	300	4	25	14	3	0	0	5	5	1	0	0	0	0
9000	734	70	300	4	25	10	3	0	0	2	2	1	0	0	0	0
9000	739	70	300	4	25	11	3	0	0	4	4	1	0	0	0	0
9000	740	70	300	4	25	11	3	0	0	3	3	1	0	0	0	0
9000	743	70	300	4	25	11	3	0	0	3	3	1	0	0	0	0
9000	744	70	300	4	25	9	3	0	0	2	2	1	0	0	0	0
9000	745	70	300	4	25	10	3	0	0	2	2	1	0	0	0	0
9000	747	70	300	4	25	15	3	0	0	9	9	1	0	0	0	0
9000	749	70	300	4	25	14	3	0	0	9	9	1	0	0	0	0
9000	750	70	300	4	25	15	3	0	0	5	5	1	0	0	0	0
9000	757	70	300	4	25	11	3	0	0	5	5	1	0	0	0	0
9000	758	70	300	4	25	15	3	0	0	4	4	1	0	0.01	0	0
9000	759	70	300	4	25	11	3	0	0	3	3	1	0	0	0	0
9000	763	70	300	4	25	9	3	0	0	2	2	1	0	0	0	0
9000	764	70	300	4	25	10	3	0	0	5	5	1	0	0	0	0
9000	765	70	300	4	25	12	3	0	0	4	4	1	0	0	0	0
9000	773	70	300	4	25	9	3	0	0	2	2	1	0	0	0	0
9000	781	70	300	4	25	15	3	0	0	7	7	1	0	0	0	0
9000	782	70	300	4	25	10	3	0	0	4	4	1	0	0	0	0
9000	784	70	300	4	25	11	3	0	0	3	3	1	0	0	0	0
9000	785	70	300	4	25	17	3	0	0	6	6	1	0	0	0	0
9000	787	70	300	4	25	12	3	0	0	5	5	1	0	0	0	0
9000	789	70	300	4	25	11	3	0	0	3	3	1	0	0	0	0
9000	791	70	300	4	25	14	3	0	0	5	5	1	0	0	0	0
9000	794	70	300	4	25	14	3	0	0	4	4	1	0	0	0	0
9000	797	70	300	4	25	14	3	0	0	5	5	1	0	0	0	0
9000	800	70	300	4	25	14	3	0	0	4	4	1	0	0	0	0
9000	804	70	300	4	25	9	3	0	0	2	2	1	0	0	0	0
9000	806	70	300	4	25	10	3	0	0	3	3	1	0	0	0	0
9000	810	70	300	4	25	15	3	0	0	5	5	1	0	0	0	0
9000	813	70	300	4	25	14	3	0	0	5	5	1	0	0	0	0
9000	817	70	300	4	25	11	3	0	0	3	3	1	0	0	0	0
9000	821	70	300	4	25	10	3	0	0	3	3	1	0	0	0	0
9000	822	70	300	4	25	8	3	0	0	2	2	1	0	0	0	0
9000	837	70	300	4	25	22	3	0	0	14	14	1	0	0	0	0
9000	840	70	300	4	25	9	3	0	0	2	2	1	0	0	0	0
9000	842	70	300	4	25	12	3	0	0	5	5	1	0	0	0	0
9000	844	70	300	4	25	12	3	0	0	5	5	1	0	0	0	0
9000	846	70	300	4	25	12	3	0	0	5	5	1	0	0	0	0
9000	848	70	300	4	25	12	3	0	0	3	3	1	0	0	0	0
9000	853	70	300	4	25	9	3	0	0	3	3	1	0	0	0	0
9000	854	70	300	4	25	13	3	0	0	5	5	1	0	0	0	0
9000	855	70	300	4	25	10	3	0	0	3	3	1	0	0	0	0
9000	856	70	300	4	25	12	3	0	0	5	5	1	0	0	0	0
9000	857	70	300	4	25	12	3	0	0	3	3	1	0	0	0	0
9000	858	70	300	4	25	17	3	0	0	9	9	1	0	0	0	0
9000	862	70	300	4	25	11	3	0	0	4	4	1	0	0	0	0
9000	863	70	300	4	25	11	3	0	0	3	3	1	0	0	0	0
9000	864	70	300	4	25	11	3	0	0	3	3	1	0	0	0	0
9000	865	70	300	4	25	20	3	0	0	10	10	1	0	0	0	0
9000	867	70	300	4	25	8	3	0	0	2	2	1	0	0	0	0
9000	868	70	300	4	25	12	3	0	0	4	4	1	0	0	0	0
9000	873	70	300	4	25	8	3	0	0	2	2	1	0	0	0	0
9000	875	70	300	4	25	14	3	0	0	4	4	1	0	0	0	0
9000	880	70	300	4	25	12	3	0	0	4	4	1	0	0	0	0
9000	881	70	300	4	25	8	3	0	0	2	2	1	0	0	0	0
9000	882	70	300	4	25	13	3	0	0	4	4	1	0	0	0	0
9000	885	70	300	4	25	8	3	0	0	2	2	1	0	0	0	0
9000	890	70	300	4	25	13	3	0	0	3	3	1	0	0	0	0
9000	892	70	300	4	25	12	3	0	0	5	5	1	0	0	0	0
9000	894	70	300	4	25	12	3	0	0	3	3	1	0	0	0	0
9000	895	70	300	4	25	8	3	0	0	2	2	1	0	0	0	0
9000	896	70	300	4	25	11	3	0	0	4	4	1	0	0	0	0
9000	897	70	300	4	25	10	3	0	0	4	4	1	0	0	0	0
9000	898	70	300	4	25	17	3	0	0	9	9	1	0	0	0	0
9000	899	70	300	4	25	15	3	0	0	5	5	1	0	0	0	0
9000	900	70	300	4	25	12	3	0	0	3	3	1	0	0	0	0
9000	902	70	300	4	25	11	3	0	0	4	4	1	0	0	0	0
9000	903	70	300	4	25	14	3	0	0	4	4	1	0	0	0	0
9000	905	70	300	4	25	13	3	0	0	5	5	1	0	0	0	0
9000	906	70	300	4	25	12	3	0	0	6	6	1	0	0	0	0
9000	908	70	300	4	25	10	3	0	0	2	2	1	0	0	0	0
9000	913	70	300	4	25	11	3	0	0	5	5	1	0	0	0	0
9000	915	70	300	4	25	9	3	0	0	3	3	1	0	0	0	0
9000	922	70	300	4	25	9	3	0	0	4	4	1	0	0	0	0
9000	924	70	300	4	25	12	3	0	0	3	3	1	0	0	0	0
9000	925	70	300	4	25	12	3	0	0	3	3	1	0	0	0	0
9000	926	70	300	4	25	9	3	0	0	2	2	1	0	0	0	0
9000	930	70	300	4	25	14	3	0	0	5	5	1	0	0	0	0
9000	932	70	300	4	25	12	3	0	0	4	4	1	0	0	0	0
9000	933	70	300	4	25	13	3	0	0	4	4	1	0	0	0	0
9000	934	70	300	4	25	10	3	0	0	3	3	1	0	0	0	0
9000	937	70	300	4	25	8	3	0	0	2	2	1	0	0	0	0
9000	941	70	300	4	25	9	3	0	0	4	4	1	0	0	0	0
9000	945	70	300	4	25	13	3	0	0	3	3	1	0	0	0	0
9000	948	70	300	4	25	13	3	0	0	7	7	1	0	0	0	0
9000	951	70	300	4	25	13	3	0	0	6	6	1	0	0	0	0
9000	952	70	300	4	25	14	3	0	0	6	6	1	0	0	0	0
9000	953	70	300	4	25	13	3	0	0	3	3	1	0	0	0	0
9000	958	70	300	4	25	9	3	0	0	3	3	1	0	0	0	0
9000	964	70	300	4	25	13	3	0	0	5	5	1	0	0	0	0
9000	967	70	300	4	25	10	3	0	0	4	4	1	0	0	0	0
9000	970	70	300	4	25	13	3	0	0	5	5	1	0	0	0	0
9000	971	70	300	4	25	12	3	0	0	4	4	1	0	0	0	0
9000	974	70	300	4	25	16	3	0	0	9	9	1	0	0	0	0
9000	976	70	300	4	25	15	3	0	0	6	6	1	0	0	0	0
9000	978	70	300	4	25	11	3	0	0	3	3	1	0	0	0	0
9000	979	70	300	4	25	10	3	0	0	4	4	1	0	0	0	0
9000	984	70	300	4	25	9	3	0	0	3	3	1	0	0	0	0
9000	986	70	300	4	25	15	3	0	0	6	6	1	0	0	0	0
9000	987	70	300	4	25	11	3	0	0	4	4	1	0	0	0	0
9000	988	70	300	4	25	13	3	0	0	4	4	1	0	0	0	0
9000	989	70	300	4	25	14	3	0	0	4	4	1	0	0	0	0
9000	990	70	300	4	25	11	3	0	0	4	4	1	0	0	0	0
9000	993	70	300	4	25	13	3	0	0	3	3	1	0	0	0	0
9000	4	80	300	4	25	12	3	0	0	4	4	1	0	0	0	0
9000	5	80	300	4	25	21	3	0	0	12	12	1	0	0	0	0
9000	10	80	300	4	25	14	3	0	0	6	6	1	0	0	0	0
9000	15	80	300	4	25	11	3	0	0	4	4	1	0	0	0	0
9000	32	80	300	4	25	14	3	0	0	6	6	1	0	0	0	0
9000	38	80	300	4	25	12	3	0	0	3	3	1	0	0	0	0
9000	40	80	300	4	25	11	3	0	0	2	2	1	0	0	0	0
9000	41	80	300	4	25	13	3	0	0	4	4	1	0	0	0	0
9000	42	80	300	4	25	14	3	0	0	5	5	1	0	0	0	0
9000	49	80	300	4	25	8	3	0	0	2	2	1	0	0	0	0
9000	52	80	300	4	25	12	3	0	0	4	4	1	0	0	0	0
9000	53	80	300	4	25	17	3	0	0	10	10	1	0	0	0	0
9000	65	80	300	4	25	12	3	0	0	4	4	1	0	0	0	0
9000	67	80	300	4	25	14	3	0	0	4	4	1	0	0	0	0
9000	70	80	300	4	25	16	3	0	0	6	6	1	0	0	0	0
9000	75	80	300	4	25	13	3	0	0	5	5	1	0	0	0	0
9000	101	80	300	4	25	11	3	0	0	3	3	1	0	0	0	0
9000	107	80	300	4	25	15	3	0	0	4	4	1	0	0	0	0
9000	113	80	300	4	25	11	3	0	0	4	4	1	0.02	0	0	0
9000	116	80	300	4	25	7	3	0	0	1	1	1	0	0	0	0
9000	117	80	300	4	25	11	3	0	0	4	4	1	0	0	0	0
9000	119	80	300	4	25	12	3	0	0	4	4	1	0	0	0	0
9000	120	80	300	4	25	12	3	0	0	2	2	1	0	0	0	0
9000	122	80	300	4	25	11	3	0	0	3	3	1	0	0	0	0
9000	125	80	300	4	25	12	3	0	0	5	5	1	0	0	0	0
9000	126	80	300	4	25	15	3	0	0	4	4	1	0	0	0	0
9000	132	80	300	4	25	14	3	0	0	5	5	1	0	0	0	0
9000	136	80	300	4	25	11	3	0	0	2	2	1	0	0	0	0
9000	143	80	300	4	25	9	3	0	0	3	3	1	0	0	0	0
9000	144	80	300	4	25	11	3	0	0	5	5	1	0	0	0	0
9000	145	80	300	4	25	14	3	0	0	5	5	1	0	0	0	0
9000	148	80	300	4	25	8	3	0	0	2	2	1	0.01	0	0	0
9000	154	80	300	4	25	8	3	0	0	2	2	1	0	0	0	0
9000	157	80	300	4	25	14	3	0	0	7	7	1	0	0	0	0
9000	168	80	300	4	25	10	3	0	0	2	2	1	0	0	0	0
9000	175	80	300	4	25	14	3	0	0	5	5	1	0	0	0	0
9000	176	80	300	4	25	17	3	0	0	8	8	1	0	0	0	0
9000	182	80	300	4	25	14	3	0	0	5	5	1	0	0	0	0
9000	186	80	300	4	25	11	3	0	0	4	4	1	0	0	0	0
9000	201	80	300	4	25	15	3	0	0	5	5	1	0	0	0	0
9000	204	80	300	4	25	9	3	0	0	3	3	1	0	0	0	0
9000	207	80	300	4	25	14	3	0	0	4	4	1	0	0	0	0
9000	212	80	300	4	25	15	3	0	0	8	8	1	0	0	0	0
9000	214	80	300	4	25	13	3	0	0	5	5	1	0	0	0	0
9000	228	80	300	4	25	15	3	0	0	6	6	1	0	0	0	0
9000	235	80	300	4	25	16	3	0	0	5	5	1	0	0	0	0
9000	245	80	300	4	25	9	3	0	0	2	2	1	0	0	0	0
9000	248	80	300	4	25	13	3	0	0	5	5	1	0	0	0	0
9000	253	80	300	4	25	13	3	0	0	5	5	1	0	0	0	0
9000	254	80	300	4	25	18	3	0	0	7	7	1	0.02	0	0	0
9000	260	80	300	4	25	15	3	0	0	10	10	1	0	0	0	0
9000	264	80	300	4	25	10	3	0	0	3	3	1	0	0	0	0
9000	267	80	300	4	25	13	3	0	0	6	6	1	0	0	0	0
9000	269	80	300	4	25	13	3	0	0	7	7	1	0	0	0	0
9000	275	80	300	4	25	10	3	0	0	3	3	1	0	0	0	0
9000	277	80	300	4	25	13	3	0	0	6	6	1	0	0	0	0
9000	279	80	300	4	25	16	3	0	0	8	8	1	0	0	0	0
9000	285	80	300	4	25	17	3	0	0	9	9	1	0	0	0	0
9000	296	80	300	4	25	10	3	0	0	3	3	1	0	0	0	0
9000	302	80	300	4	25	10	3	0	0	4	4	1	0	0	0	0
9000	304	80	300	4	25	9	3	0	0	2	2	1	0	0	0	0
9000	306	80	300	4	25	8	3	0	0	2	2	1	0	0	0	0
9000	310	80	300	4	25	14	3	0	0	6	6	1	0	0	0	0
9000	314	80	300	4	25	14	3	0	0	6	6	1	0	0	0	0
9000	319	80	300	4	25	13	3	0	0	6	6	1	0	0	0	0
9000	325	80	300	4	25	12	3	0	0	3	3	1	0	0	0	0
9000	335	80	300	4	25	12	3	0	0	3	3	1	0	0	0	0
9000	339	80	300	4	25	11	3	0	0	2	2	1	0	0	0	0
9000	344	80	300	4	25	12	3	0	0	4	4	1	0	0	0	0
9000	367	80	300	4	25	13	3	0	0	5	5	1	0	0	0	0
9000	368	80	300	4	25	14	3	0	0	5	5	1	0	0	0	0
9000	370	80	300	4	25	17	3	0	0	9	9	1	0.02	0	0	0
9000	371	80	300	4	25	13	3	0	0	4	4	1	0	0	0	0
9000	374	80	300	4	25	16	3	0	0	4	4	1	0	0	0	0
9000	378	80	300	4	25	13	3	0	0	3	3	1	0	0	0	0
9000	379	80	300	4	25	12	3	0	0	4	4	1	0	0	0	0
9000	388	80	300	4	25	12	3	0	0	5	5	1	0	0	0	0
9000	396	80	300	4	25	14	3	0	0	4	4	1	0	0	0	0
9000	397	80	300	4	25	12	3	0	0	3	3	1	0	0	0	0
9000	400	80	300	4	25	14	3	0	0	7	7	1	0	0	0	0
9000	402	80	300	4	25	13	3	0	0	4	4	1	0	0	0	0
9000	406	80	300	4	25	11	3	0	0	3	3	1	0	0	0	0
9000	408	80	300	4	25	11	3	0	0	2	2	1	0	0	0	0
9000	409	80	300	4	25	12	3	0	0	3	3	1	0	0	0	0
9000	415	80	300	4	25	12	3	0	0	3	3	1	0	0	0	0
9000	416	80	300	4	25	13	3	0	0	4	4	1	0	0	0	0
9000	418	80	300	4	25	9	3	0	0	3	3	1	0	0	0	0
9000	426	80	300	4	25	15	3	0	0	6	6	1	0	0	0	0
9000	427	80	300	4	25	11	3	0	0	4	4	1	0	0	0	0
9000	434	80	300	4	25	15	3	0	0	6	6	1	0	0	0	0
9000	435	80	300	4	25	12	3	0	0	3	3	1	0	0	0	0
9000	438	80	300	4	25	21	3	0	0	13	13	1	0	0	0	0
9000	439	80	300	4	25	12	3	0	0	4	4	1	0	0	0	0
9000	443	80	300	4	25	8	3	0	0	2	2	1	0	0	0	0
9000	453	80	300	4	25	10	3	0	0	3	3	1	0	0	0	0
9000	461	80	300	4	25	9	3	0	0	3	3	1	0	0	0	0
9000	465	80	300	4	25	11	3	0	0	3	3	1	0	0	0	0
9000	472	80	300	4	25	9	3	0	0	3	3	1	0	0	0	0
9000	478	80	300	4	25	14	3	0	0	5	5	1	0	0	0	0
9000	479	80	300	4	25	11	3	0	0	2	2	1	0	0	0	0
9000	483	80	300	4	25	11	3	0	0	2	2	1	0	0	0	0
9000	486	80	300	4	25	16	3	0	0	6	6	1	0	0	0	0
9000	487	80	300	4	25	10	3	0	0	4	4	1	0	0	0	0
9000	515	80	300	4	25	14	3	0	0	6	6	1	0	0	0	0
9000	516	80	300	4	25	14	3	0	0	4	4	1	0	0	0	0
9000	519	80	300	4	25	17	3	0	0	7	7	1	0	0	0	0
9000	525	80	300	4	25	14	3	0	0	7	7	1	0	0	0	0
9000	529	80	300	4	25	12	3	0	0	3	3	1	0	0	0	0
9000	540	80	300	4	25	9	3	0	0	3	3	1	0	0	0	0
9000	546	80	300	4	25	16	3	0	0	8	8	1	0	0	0	0
9000	547	80	300	4	25	11	3	0	0	5	5	1	0	0	0	0
9000	550	80	300	4	25	12	3	0	0	3	3	1	0	0	0	0
9000	552	80	300	4	25	12	3	0	0	6	6	1	0	0	0	0
9000	553	80	300	4	25	12	3	0	0	4	4	1	0	0	0	0
9000	558	80	300	4	25	13	3	0	0	5	5	1	0	0	0	0
9000	560	80	300	4	25	12	3	0	0	3	3	1	0	0	0	0
9000	567	80	300	4	25	14	3	0	0	5	5	1	0	0	0	0
9000	570	80	300	4	25	12	3	0	0	4	4	1	0	0	0	0
9000	571	80	300	4	25	8	3	0	0	2	2	1	0	0	0	0
9000	582	80	300	4	25	15	3	0	0	6	6	1	0	0	0	0
9000	584	80	300	4	25	11	3	0	0	3	3	1	0	0	0	0
9000	597	80	300	4	25	12	3	0	0	5	5	1	0	0	0	0
9000	598	80	300	4	25	17	3	0	0	6	6	1	0	0	0	0
9000	608	80	300	4	25	11	3	0	0	2	2	1	0	0	0	0
9000	610	80	300	4	25	16	3	0	0	6	6	1	0	0	0	0
9000	612	80	300	4	25	11	3	0	0	4	4	1	0	0	0	0
9000	618	80	300	4	25	14	3	0	0	5	5	1	0	0	0	0
9000	621	80	300	4	25	15	3	0	0	7	7	1	0	0	0	0
9000	631	80	300	4	25	11	3	0	0	3	3	1	0	0	0	0
9000	635	80	300	4	25	12	3	0	0	3	3	1	0	0	0	0
9000	641	80	300	4	25	14	3	0	0	4	4	1	0	0	0	0
9000	645	80	300	4	25	11	3	0	0	4	4	1	0	0	0	0
9000	646	80	300	4	25	13	3	0	0	6	6	1	0	0	0	0
9000	664	80	300	4	25	13	3	0	0	6	6	1	0	0	0	0
9000	669	80	300	4	25	9	3	0	0	3	3	1	0	0	0	0
9000	682	80	300	4	25	12	3	0	0	4	4	1	0	0	0	0
9000	687	80	300	4	25	11	3	0	0	2	2	1	0	0	0	0
9000	688	80	300	4	25	14	3	0	0	6	6	1	0	0	0	0
9000	690	80	300	4	25	9	3	0	0	2	2	1	0	0	0	0
9000	693	80	300	4	25	11	3	0	0	4	4	1	0	0	0	0
9000	699	80	300	4	25	11	3	0	0	4	4	1	0	0	0	0
9000	701	80	300	4	25	11	3	0	0	4	4	1	0	0	0	0
9000	704	80	300	4	25	12	3	0	0	4	4	1	0	0	0	0
9000	709	80	300	4	25	10	3	0	0	4	4	1	0	0	0	0
9000	710	80	300	4	25	14	3	0	0	6	6	1	0	0	0	0
9000	720	80	300	4	25	12	3	0	0	4	4	1	0	0	0	0
9000	722	80	300	4	25	10	3	0	0	2	2	1	0	0	0	0
9000	725	80	300	4	25	22	3	0	0	13	13	1	0	0	0	0
9000	728	80	300	4	25	14	3	0	0	5	5	1	0	0	0	0
9000	737	80	300	4	25	13	3	0	0	6	6	1	0	0	0	0
9000	738	80	300	4	25	12	3	0	0	4	4	1	0	0	0	0
9000	740	80	300	4	25	12	3	0	0	4	4	1	0	0	0	0
9000	747	80	300	4	25	12	3	0	0	7	7	1	0.01	0	0	0
9000	748	80	300	4	25	14	3	0	0	5	5	1	0	0	0	0
9000	749	80	300	4	25	18	3	0	0	10	10	1	0.01	0	0	0
9000	751	80	300	4	25	14	3	0	0	6	6	1	0	0	0	0
9000	753	80	300	4	25	11	3	0	0	3	3	1	0	0	0	0
9000	754	80	300	4	25	16	3	0	0	8	8	1	0	0	0	0
9000	764	80	300	4	25	13	3	0	0	6	6	1	0	0	0	0
9000	768	80	300	4	25	12	3	0	0	5	5	1	0	0	0	0
9000	771	80	300	4	25	10	3	0	0	3	3	1	0	0	0	0
9000	782	80	300	4	25	12	3	0	0	4	4	1	0	0	0	0
9000	787	80	300	4	25	16	3	0	0	5	5	1	0	0	0	0
9000	789	80	300	4	25	11	3	0	0	3	3	1	0	0	0	0
9000	796	80	300	4	25	8	3	0	0	2	2	1	0	0	0	0
9000	799	80	300	4	25	12	3	0	0	3	3	1	0	0	0	0
9000	806	80	300	4	25	10	3	0	0	3	3	1	0	0	0	0
9000	808	80	300	4	25	12	3	0	0	5	5	1	0	0	0	0
9000	819	80	300	4	25	13	3	0	0	3	3	1	0	0	0	0
9000	822	80	300	4	25	10	3	0	0	2	2	1	0	0	0	0
9000	826	80	300	4	25	9	3	0	0	3	3	1	0	0	0	0
9000	838	80	300	4	25	12	3	0	0	3	3	1	0	0	0	0
9000	840	80	300	4	25	11	3	0	0	3	3	1	0	0	0	0
9000	841	80	300	4	25	11	3	0	0	4	4	1	0	0	0	0
9000	842	80	300	4	25	14	3	0	0	4	4	1	0	0	0	0
9000	846	80	300	4	25	15	3	0	0	6	6	1	0	0	0	0
9000	853	80	300	4	25	11	3	0	0	4	4	1	0	0	0	0
9000	860	80	300	4	25	13	3	0	0	4	4	1	0	0	0	0
9000	864	80	300	4	25	10	3	0	0	3	3	1	0	0	0	0
9000	866	80	300	4	25	13	3	0	0	6	6	1	0	0	0	0
9000	867	80	300	4	25	12	3	0	0	4	4	1	0	0	0	0
9000	870	80	300	4	25	9	3	0	0	3	3	1	0	0	0	0
9000	875	80	300	4	25	13	3	0	0	3	3	1	0	0	0	0
9000	878	80	300	4	25	10	3	0	0	3	3	1	0	0	0	0
9000	881	80	300	4	25	12	3	0	0	3	3	1	0	0	0	0
9000	885	80	300	4	25	12	3	0	0	3	3	1	0	0	0	0
9000	886	80	300	4	25	14	3	0	0	7	7	1	0	0	0	0
9000	892	80	300	4	25	17	3	0	0	8	8	1	0	0	0	0
9000	897	80	300	4	25	13	3	0	0	4	4	1	0	0	0	0
9000	898	80	300	4	25	17	3	0	0	9	9	1	0	0	0	0
9000	901	80	300	4	25	10	3	0	0	2	2	1	0	0	0	0
9000	904	80	300	4	25	13	3	0	0	4	4	1	0	0	0	0
9000	906	80	300	4	25	14	3	0	0	5	5	1	0	0	0	0
9000	907	80	300	4	25	10	3	0	0	2	2	1	0	0	0	0
9000	911	80	300	4	25	13	3	0	0	5	5	1	0	0	0	0
9000	922	80	300	4	25	11	3	0	0	3	3	1	0	0	0	0
9000	926	80	300	4	25	9	3	0	0	2	2	1	0	0	0	0
9000	927	80	300	4	25	14	3	0	0	5	5	1	0	0	0	0
9000	935	80	300	4	25	9	3	0	0	2	2	1	0	0	0	0
9000	937	80	300	4	25	13	3	0	0	5	5	1	0	0	0	0
9000	942	80	300	4	25	12	3	0	0	3	3	1	0	0	0	0
9000	943	80	300	4	25	16	3	0	0	9	9	1	0	0	0	0
9000	950	80	300	4	25	8	3	0	0	2	2	1	0	0	0	0
9000	969	80	300	4	25	13	3	0	0	4	4	1	0	0	0	0
9000	970	80	300	4	25	15	3	0	0	5	5	1	0	0	0	0
9000	977	80	300	4	25	14	3	0	0	5	5	1	0	0	0	0
9000	978	80	300	4	25	12	3	0	0	4	4	1	0	0	0	0
9000	981	80	300	4	25	11	3	0	0	3	3	1	0	0	0	0
9000	984	80	300	4	25	11	3	0	0	2	2	1	0	0	0	0
9000	987	80	300	4	25	14	3	0	0	4	4	1	0	0	0	0
9000	991	80	300	4	25	9	3	0	0	3	3	1	0	0	0	0
9000	10	90	300	4	25	15	3	0	0	5	5	1	0	0	0	0
9000	27	90	300	4	25	12	3	0	0	5	5	1	0	0	0	0
9000	72	90	300	4	25	15	3	0	0	5	5	1	0	0	0	0
9000	104	90	300	4	25	11	3	0	0	3	3	1	0	0	0	0
9000	106	90	300	4	25	15	3	0	0	5	5	1	0	0	0	0
9000	110	90	300	4	25	11	3	0	0	3	3	1	0	0	0	0
9000	135	90	300	4	25	14	3	0	0	5	5	1	0	0	0	0
9000	144	90	300	4	25	15	3	0	0	6	6	1	0	0	0	0
9000	154	90	300	4	25	11	3	0	0	3	3	1	0	0	0	0
9000	205	90	300	4	25	11	3	0	0	6	6	1	0	0	0	0
9000	229	90	300	4	25	14	3	0	0	4	4	1	0	0	0	0
9000	245	90	300	4	25	14	3	0	0	4	4	1	0	0	0	0
9000	258	90	300	4	25	10	3	0	0	3	3	1	0	0	0	0
9000	260	90	300	4	25	16	3	0	0	9	9	1	0	0	0	0
9000	271	90	300	4	25	13	3	0	0	4	4	1	0	0	0	0
9000	275	90	300	4	25	15	3	0	0	5	5	1	0	0	0	0
9000	304	90	300	4	25	12	3	0	0	4	4	1	0	0	0	0
9000	310	90	300	4	25	15	3	0	0	5	5	1	0	0	0	0
9000	313	90	300	4	25	12	3	0	0	4	4	1	0	0	0	0
9000	388	90	300	4	25	12	3	0	0	5	5	1	0	0	0	0
9000	403	90	300	4	25	10	3	0	0	3	3	1	0	0	0	0
9000	406	90	300	4	25	11	3	0	0	4	4	1	0	0	0	0
9000	413	90	300	4	25	13	3	0	0	3	3	1	0	0	0	0
9000	415	90	300	4	25	12	3	0	0	4	4	1	0	0	0	0
9000	439	90	300	4	25	14	3	0	0	5	5	1	0	0	0	0
9000	461	90	300	4	25	11	3	0	0	3	3	1	0	0	0	0
9000	472	90	300	4	25	13	3	0	0	5	5	1	0	0	0	0
9000	482	90	300	4	25	16	3	0	0	7	7	1	0	0	0	0
9000	492	90	300	4	25	12	3	0	0	4	4	1	0	0	0	0
9000	518	90	300	4	25	9	3	0	0	3	3	1	0	0	0	0
9000	540	90	300	4	25	11	3	0	0	3	3	1	0	0	0	0
9000	546	90	300	4	25	14	3	0	0	6	6	1	0	0	0	0
9000	547	90	300	4	25	15	3	0	0	6	6	1	0	0	0	0
9000	552	90	300	4	25	19	3	0	0	9	9	1	0	0	0	0
9000	566	90	300	4	25	15	3	0	0	5	5	1	0	0	0	0
9000	591	90	300	4	25	14	3	0	0	5	5	1	0	0	0	0
9000	599	90	300	4	25	12	3	0	0	4	4	1	0	0	0	0
9000	612	90	300	4	25	15	3	0	0	4	4	1	0	0	0	0
9000	621	90	300	4	25	19	3	0	0	8	8	1	0	0	0	0
9000	635	90	300	4	25	12	3	0	0	3	3	1	0	0	0	0
9000	658	90	300	4	25	14	3	0	0	4	4	1	0	0	0	0
9000	702	90	300	4	25	11	3	0	0	3	3	1	0	0	0	0
9000	710	90	300	4	25	15	3	0	0	5	5	1	0	0	0	0
9000	747	90	300	4	25	15	3	0	0	8	8	1	0.01	0	0	0
9000	751	90	300	4	25	16	3	0	0	5	5	1	0	0	0	0
9000	764	90	300	4	25	11	3	0	0	5	5	1	0	0	0	0
9000	796	90	300	4	25	9	3	0	0	2	2	1	0	0	0	0
9000	806	90	300	4	25	13	3	0	0	5	5	1	0	0	0	0
9000	820	90	300	4	25	15	3	0	0	5	5	1	0	0	0	0
9000	827	90	300	4	25	13	3	0	0	3	3	1	0	0	0	0
9000	841	90	300	4	25	16	3	0	0	5	5	1	0	0	0	0
9000	845	90	300	4	25	12	3	0	0	3	3	1	0	0	0	0
9000	866	90	300	4	25	13	3	0	0	5	5	1	0	0	0	0
9000	878	90	300	4	25	13	3	0	0	4	4	1	0	0	0	0
9000	885	90	300	4	25	11	3	0	0	3	3	1	0	0	0	0
9000	911	90	300	4	25	12	3	0	0	4	4	1	0	0	0	0
9000	927	90	300	4	25	16	3	0	0	6	6	1	0	0	0	0
9000	950	90	300	4	25	12	3	0	0	3	3	1	0	0	0	0
9000	59	100	300	4	25	12	3	0	0	4	4	1	0	0	0	0
9000	130	100	300	4	25	14	3	0	0	6	6	1	0	0	0	0
9000	406	100	300	4	25	13	3	0	0	4	4	1	0	0	0	0
9000	637	100	300	4	25	12	3	0	0	3	3	1	0	0	0	0
9000	827	100	300	4	25	14	3	0	0	3	3	1	0	0	0	0
9000	893	100	300	4	25	11	3	0	0	3	3	1	0	0	0	0
