9000	1	90	300	4	25	24	82735	1	0	6	6	1	0.6	0.14	2.92	0	
9000	2	90	300	4	25	28	264709	1	0	5	5	1	4	0.28	10.77	0	
9000	3	90	300	4	25	23	28641	0	0	7	7	1	0.15	0.04	0	0	
9000	4	90	300	4	25	17	1894	0	0	5	5	1	0	0.01	0	0	
9000	5	90	300	4	25	31	5505	0	0	19	19	1	0.05	0	0	0	
9000	6	90	300	4	25	20	3814	0	0	5	5	1	0.03	0.01	0	0	
9000	7	90	300	4	25	19	2337	0	0	6	6	1	0.01	0	0	0	
9000	8	90	300	4	25	31	26375	0	0	15	15	1	0.19	0.02	0	0	
9000	9	90	300	4	25	23	27695	0	0	6	6	1	0.26	0.04	0	0	
9000	10	90	300	4	25	15	962	0	0	5	5	1	0	0	0	0	
9000	11	90	300	4	25	22	7107	0	0	7	7	1	0.05	0.01	0	0	
9000	12	90	300	4	25	22	16761	1	1	4.5	5	0.9	0.11	0.02	0.15	0	
9000	13	90	300	4	25	28	63503	0	0	8	8	1	0.48	0.09	0	0	
9000	14	90	300	4	25	21	10863	1	0	5	5	1	0.07	0.01	0.11	0	
9000	15	90	300	4	25	16	1699	0	0	6	6	1	0	0.01	0	0	
9000	16	90	300	4	25	18	9962	0	0	3	3	1	0.05	0.01	0	0	
9000	17	90	300	4	25	27	42041	0	0	7	7	1	0.54	0.06	0	0	
9000	18	90	300	4	25	23	11884	0	0	7	7	1	0.12	0.01	0	0	
9000	19	90	300	4	25	16	5642	0	0	3	3	1	0.02	0.01	0	0	
9000	20	90	300	4	25	23	10334	0	0	6	6	1	0.08	0.01	0	0	
9000	21	90	300	4	25	20	14285	0	0	4	4	1	0.08	0	0	0	
9000	22	90	300	4	25	20	21605	0	0	5	5	1	0.18	0.01	0	0	
9000	23	90	300	4	25	25	163115	0	0	5	5	1	1.09	0.21	0	0	
9000	24	90	300	4	25	18	12447	0	0	4	4	1	0.07	0.01	0	0	
9000	25	90	300	4	25	21	6328	0	0	7	7	1	0.04	0.01	0	0	
9000	26	90	300	4	25	20	5500	0	0	6	6	1	0.02	0.01	0	0	
9000	27	90	300	4	25	12	261	0	0	5	5	1	0	0	0	0	
9000	28	90	300	4	25	28	665130	0	0	4	4	1	4.65	0.75	0	0	
9000	29	90	300	4	25	18	7674	0	0	4	4	1	0.06	0	0	0	
9000	30	90	300	4	25	17	2807	0	0	5	5	1	0.01	0	0	0	
9000	31	90	300	4	25	26	155966	1	0	5	5	1	1.34	0.26	0.47	0	
9000	32	90	300	4	25	17	1975	0	0	7	7	1	0.01	0	0	0	
9000	33	90	300	4	25	29	137273	0	0	7	7	1	1.84	0.24	0	0	
9000	34	90	300	4	25	21	6155	0	0	5	5	1	0.04	0.01	0	0	
9000	35	90	300	4	25	22	11323	1	0	6	6	1	0.14	0.01	0.12	0	
9000	36	90	300	4	25	25	43846	1	0	5	5	1	0.27	0.05	0.39	0	
9000	37	90	300	4	25	24	2701	0	0	8	8	1	0.01	0.01	0	0	
9000	38	90	300	4	25	18	4775	0	0	6	6	1	0.04	0	0	0	
9000	39	90	300	4	25	25	190629	1	0	4	4	1	1.57	0.28	13.48	0	
9000	40	90	300	4	25	18	9903	1	1	3.5	4	0.875	0.07	0.01	0.1	0	
9000	41	90	300	4	25	23	11483	0	0	6	6	1	0.08	0.01	0	0	
9000	42	90	300	4	25	20	3710	0	0	6	6	1	0.02	0	0	0	
9000	43	90	300	4	25	20	10612	0	0	4	4	1	0.05	0.02	0	0	
9000	44	90	300	4	25	35	786704	1	0	5	5	1	9.01	1.02	45.99	0	
9000	45	90	300	4	25	27	38716	1	0	5	5	1	0.27	0.06	1.45	0	
9000	46	90	300	4	25	21	5040	0	0	7	7	1	0.03	0.01	0	0	
9000	47	90	300	4	25	19	24258	0	0	4	4	1	0.16	0.02	0	0	
9000	48	90	300	4	25	20	10602	0	0	5	5	1	0.05	0.01	0	0	
9000	49	90	300	4	25	17	8639	0	0	4	4	1	0.04	0	0	0	
9000	50	90	300	4	25	29	399026	1	0	6	6	1	3.87	0.35	16.34	0	
9000	51	90	300	4	25	22	41471	0	0	6	6	1	0.29	0.03	0	0	
9000	52	90	300	4	25	21	13690	1	0	5	5	1	0.09	0.01	0.13	0	
9000	53	90	300	4	25	26	16957	0	0	12	12	1	0.09	0.01	0	0	
9000	54	90	300	4	25	20	6279	0	0	7	7	1	0.05	0	0	0	
9000	55	90	300	4	25	32	145101	1	0	8	8	1	2.62	0.25	1.37	0	
9000	56	90	300	4	25	30	204165	0	0	7	7	1	2.06	0.46	0	0	
9000	57	90	300	4	25	21	51839	0	0	5	5	1	0.31	0.03	0	0	
9000	58	90	300	4	25	19	4425	0	0	6	6	1	0.02	0	0	0	
9000	59	90	300	4	25	9	287	1	0	2	2	1	0	0	0.01	0	
9000	60	90	300	4	25	23	68316	1	0	5	5	1	0.59	0.06	1.1	0	
9000	61	90	300	4	25	24	29855	0	0	6	6	1	0.19	0.04	0	0	
9000	62	90	300	4	25	16	3983	0	0	4	4	1	0.02	0	0	0	
9000	63	90	300	4	25	28	39618	1	0	6	6	1	0.52	0.06	0.43	0	
9000	64	90	300	4	25	21	7653	0	0	6	6	1	0.06	0	0	0	
9000	65	90	300	4	25	27	122983	0	0	5	5	1	0.75	0.18	0	0	
9000	66	90	300	4	25	19	16352	0	0	4	4	1	0.12	0.02	0	0	
9000	67	90	300	4	25	17	7015	0	0	3	3	1	0.03	0	0	0	
9000	68	90	300	4	25	19	14159	0	0	3	3	1	0.07	0.02	0	0	
9000	69	90	300	4	25	19	6911	0	0	5	5	1	0.03	0.01	0	0	
9000	70	90	300	4	25	25	47688	0	0	7	7	1	0.36	0.03	0	0	
9000	71	90	300	4	25	26	50399	0	0	10	10	1	0.6	0.06	0	0	
9000	72	90	300	4	25	15	775	0	0	5	5	1	0	0	0	0	
9000	73	90	300	4	25	18	8511	1	0	4	4	1	0.04	0.01	0.28	0	
9000	74	90	300	4	25	14	1727	0	0	3	3	1	0.01	0	0	0	
9000	75	90	300	4	25	17	2750	0	0	4	4	1	0.01	0	0	0	
9000	76	90	300	4	25	25	75942	1	0	5	5	1	0.55	0.08	9.92	0	
9000	77	90	300	4	25	17	6911	0	0	5	5	1	0.04	0	0	0	
9000	78	90	300	4	25	26	58826	0	0	5	5	1	0.72	0.06	0	0	
9000	79	90	300	4	25	25	32431	0	0	7	7	1	0.16	0.04	0	0	
9000	80	90	300	4	25	26	96272	1	0	5	5	1	0.57	0.12	0.79	0	
9000	81	90	300	4	25	24	23385	1	0	5	5	1	0.28	0.02	0.15	0	
9000	82	90	300	4	25	21	44403	0	0	4	4	1	0.28	0.04	0	0	
9000	83	90	300	4	25	28	58664	0	0	9	9	1	0.42	0.04	0	0	
9000	84	90	300	4	25	23	71231	1	0	4	4	1	0.57	0.09	0.53	0	
9000	85	90	300	4	25	35	3025122	1	0	6	6	1	28.01	4.82	1246.29	0	
9000	86	90	300	4	25	21	18567	0	0	6	6	1	0.2	0.01	0	0	
9000	87	90	300	4	25	24	204945	1	0	4	4	1	1.44	0.25	0.77	0	
9000	88	90	300	4	25	28	48383	0	0	9	9	1	0.45	0.04	0	0	
9000	89	90	300	4	25	23	29218	1	0	5	5	1	0.18	0.03	0.27	0	
9000	90	90	300	4	25	17	2714	0	0	5	5	1	0.01	0	0	0	
9000	91	90	300	4	25	23	29845	0	0	5	5	1	0.22	0.03	0	0	
9000	92	90	300	4	25	21	44927	0	0	4	4	1	0.25	0.05	0	0	
9000	93	90	300	4	25	21	37608	1	0	4	4	1	0.19	0.04	0.6	0	
9000	94	90	300	4	25	32	196541	0	0	6	6	1	2.3	0.25	0	0	
9000	95	90	300	4	25	22	22175	0	0	7	7	1	0.12	0.01	0	0	
9000	96	90	300	4	25	32	170553	1	0	9	9	1	2.82	0.24	0.46	0	
9000	97	90	300	4	25	17	3527	0	0	5	5	1	0.01	0.01	0	0	
9000	98	90	300	4	25	21	7160	0	0	7	7	1	0.04	0	0	0	
9000	99	90	300	4	25	24	8210	0	0	7	7	1	0.04	0.01	0	0	
9000	100	90	300	4	25	22	10180	0	0	6	6	1	0.03	0.01	0	0	
9000	101	90	300	4	25	13	1003	0	0	3	3	1	0	0	0	0	
9000	102	90	300	4	25	24	18869	1	0	8	8	1	0.12	0.02	0.16	0	
9000	103	90	300	4	25	28	68229	1	0	5	5	1	0.69	0.09	1.02	0	
9000	104	90	300	4	25	11	359	0	0	3	3	1	0	0	0	0	
9000	105	90	300	4	25	24	44887	1	0	5	5	1	0.27	0.05	0.41	0	
9000	106	90	300	4	25	15	902	0	0	5	5	1	0	0	0	0	
9000	107	90	300	4	25	18	2519	0	0	6	6	1	0.01	0	0	0	
9000	108	90	300	4	25	22	55249	0	0	4	4	1	0.43	0.03	0	0	
9000	109	90	300	4	25	28	20105	0	0	7	7	1	0.18	0.03	0	0	
9000	110	90	300	4	25	11	239	0	0	3	3	1	0	0	0	0	
9000	111	90	300	4	25	19	3275	0	0	8	8	1	0.01	0	0	0	
9000	112	90	300	4	25	30	2009158	1	0	5	5	1	20.37	1.82	9.86	0	
9000	113	90	300	4	25	15	2047	0	0	5	5	1	0.02	0	0	0	
9000	114	90	300	4	25	24	74276	0	0	4	4	1	0.87	0.12	0	0	
9000	115	90	300	4	25	31	79700	1	0	7	7	1	0.78	0.12	3.92	0	
9000	116	90	300	4	25	13	3375	0	0	2	2	1	0.02	0	0	0	
9000	117	90	300	4	25	18	7176	0	0	5	5	1	0.11	0	0	0	
9000	118	90	300	4	25	27	106999	1	0	5	5	1	1.05	0.1	6.54	0	
9000	119	90	300	4	25	17	3170	0	0	4	4	1	0.01	0	0	0	
9000	120	90	300	4	25	14	3098	0	0	3	3	1	0.01	0	0	0	
9000	121	90	300	4	25	24	102142	1	1	3.25	4	0.8125	0.74	0.19	0.95	0	
9000	122	90	300	4	25	17	2945	1	0	5	5	1	0.01	0	0.02	0	
9000	123	90	300	4	25	21	23294	1	0	4	4	1	0.14	0.04	0.18	0	
9000	124	90	300	4	25	30	26757	0	0	14	14	1	0.26	0.03	0	0	
9000	125	90	300	4	25	17	8447	0	0	4	4	1	0.04	0.01	0	0	
9000	126	90	300	4	25	18	3444	1	0	4	4	1	0.02	0.01	0.02	0	
9000	127	90	300	4	25	23	36289	0	0	6	6	1	0.24	0.05	0	0	
9000	128	90	300	4	25	20	6624	0	0	5	5	1	0.06	0	0	0	
9000	129	90	300	4	25	17	5403	0	0	5	5	1	0.03	0	0	0	
9000	130	90	300	4	25	8	50	0	0	4	4	1	0	0	0	0	
9000	131	90	300	4	25	23	25487	0	0	7	7	1	0.16	0.03	0	0	
9000	132	90	300	4	25	27	41217	0	0	6	6	1	0.39	0.07	0	0	
9000	133	90	300	4	25	20	29699	1	0	4	4	1	0.18	0.01	0.25	0	
9000	134	90	300	4	25	32	918398	1	0	5	5	1	9.69	0.99	56.15	0	
9000	135	90	300	4	25	14	647	0	0	5	5	1	0	0	0	0	
9000	136	90	300	4	25	15	2519	0	0	4	4	1	0.01	0	0	0	
9000	137	90	300	4	25	33	662273	1	0	8	8	1	6.85	0.47	74.24	0	
9000	138	90	300	4	25	16	2056	0	0	4	4	1	0.01	0	0	0	
9000	139	90	300	4	25	23	7934	0	0	6	6	1	0.07	0.01	0	0	
9000	140	90	300	4	25	24	35090	0	0	6	6	1	0.26	0.04	0	0	
9000	141	90	300	4	25	22	14894	1	0	6	6	1	0.09	0.02	0.13	0	
9000	142	90	300	4	25	23	42261	0	0	4	4	1	0.33	0.04	0	0	
9000	143	90	300	4	25	17	4393	1	0	5	5	1	0.02	0	0.04	0	
9000	144	90	300	4	25	15	791	0	0	6	6	1	0	0	0	0	
9000	145	90	300	4	25	21	4179	0	0	9	9	1	0.02	0	0	0	
9000	146	90	300	4	25	22	20450	0	0	6	6	1	0.29	0.03	0	0	
9000	147	90	300	4	25	37	505864	1	0	14	14	1	6.38	0.72	43.96	0	
9000	148	90	300	4	25	17	4559	0	0	4	4	1	0.06	0.02	0	0	
9000	149	90	300	4	25	22	19995	0	0	6	6	1	0.27	0.01	0	0	
9000	150	90	300	4	25	21	17519	0	0	7	7	1	0.12	0.01	0	0	
9000	151	90	300	4	25	21	16981	0	0	7	7	1	0.09	0.01	0	0	
9000	152	90	300	4	25	29	242318	0	0	6	6	1	1.72	0.41	0	0	
9000	153	90	300	4	25	24	123312	1	0	5	5	1	1.04	0.13	1.02	0	
9000	154	90	300	4	25	11	439	0	0	3	3	1	0	0	0	0	
9000	155	90	300	4	25	17	4320	0	0	4	4	1	0.02	0	0	0	
9000	156	90	300	4	25	25	23878	1	0	6	6	1	0.13	0.03	0.73	0	
9000	157	90	300	4	25	18	1863	0	0	7	7	1	0.01	0	0	0	
9000	158	90	300	4	25	27	360845	0	0	7	7	1	2.9	0.33	0	0	
9000	159	90	300	4	25	25	32171	0	0	6	6	1	0.23	0.03	0	0	
9000	160	90	300	4	25	20	5743	0	0	6	6	1	0.04	0	0	0	
9000	161	90	300	4	25	18	7874	0	0	5	5	1	0.07	0	0	0	
9000	162	90	300	4	25	24	20229	1	0	6	6	1	0.17	0.03	0.45	0	
9000	163	90	300	4	25	27	530663	1	0	5	5	1	6.34	0.5	2.55	0	
9000	164	90	300	4	25	21	13968	0	0	5	5	1	0.07	0.01	0	0	
9000	165	90	300	4	25	36	378801	1	0	12	12	1	2.85	0.54	30.09	0	
9000	166	90	300	4	25	24	23880	0	0	5	5	1	0.15	0.02	0	0	
9000	167	90	300	4	25	34	917194	1	0	7	7	1	7.25	1.59	56.11	0	
9000	168	90	300	4	25	18	11219	0	0	4	4	1	0.09	0.03	0	0	
9000	169	90	300	4	25	23	62451	1	0	4	4	1	0.58	0.09	2.28	0	
9000	170	90	300	4	25	25	176300	1	0	6	6	1	1.47	0.24	0.5	0	
9000	171	90	300	4	25	28	152766	0	0	6	6	1	1.37	0.19	0	0	
9000	172	90	300	4	25	25	124165	1	0	5	5	1	0.96	0.12	1.56	0	
9000	173	90	300	4	25	24	9232	0	0	8	8	1	0.09	0	0	0	
9000	174	90	300	4	25	19	11292	1	0	7	7	1	0.06	0.01	0.1	0	
9000	175	90	300	4	25	20	7629	0	0	5	5	1	0.04	0	0	0	
9000	176	90	300	4	25	21	4799	0	0	8	8	1	0.05	0.01	0	0	
9000	177	90	300	4	25	18	15361	0	0	4	4	1	0.09	0.02	0	0	
9000	178	90	300	4	25	26	155453	1	0	5	5	1	1.31	0.32	1.5	0	
9000	179	90	300	4	25	23	19868	0	0	5	5	1	0.2	0.01	0	0	
9000	180	90	300	4	25	15	5759	0	0	3	3	1	0.03	0	0	0	
9000	181	90	300	4	25	34	547935	1	0	7	7	1	6.62	0.37	1.69	0	
9000	182	90	300	4	25	19	2845	1	0	6	6	1	0.01	0	0.03	0	
9000	183	90	300	4	25	28	188212	0	0	6	6	1	1.98	0.29	0	0	
9000	184	90	300	4	25	19	11640	0	0	6	6	1	0.05	0.01	0	0	
9000	185	90	300	4	25	25	28760	0	0	8	8	1	0.2	0.05	0	0	
9000	186	90	300	4	25	28	96897	0	0	6	6	1	0.94	0.14	0	0	
9000	187	90	300	4	25	16	4550	0	0	4	4	1	0.02	0	0	0	
9000	188	90	300	4	25	22	35007	0	0	6	6	1	0.21	0.04	0	0	
9000	189	90	300	4	25	17	1051	1	0	7	7	1	0	0	0.02	0	
9000	190	90	300	4	25	29	148145	0	0	8	8	1	1.59	0.25	0	0	
9000	191	90	300	4	25	17	4069	0	0	4	4	1	0.01	0.01	0	0	
9000	192	90	300	4	25	29	70337	0	0	7	7	1	0.69	0.11	0	0	
9000	193	90	300	4	25	16	2239	0	0	5	5	1	0	0.01	0	0	
9000	194	90	300	4	25	23	3564	1	0	6	6	1	0.1	0	0.05	0	
9000	195	90	300	4	25	23	93566	0	0	5	5	1	0.7	0.1	0	0	
9000	196	90	300	4	25	25	40091	1	0	5	5	1	0.28	0.06	0.38	0	
9000	197	90	300	4	25	26	44879	1	0	7	7	1	0.29	0.06	0.4	0	
9000	198	90	300	4	25	27	49706	1	0	8	8	1	0.4	0.05	0.35	0	
9000	199	90	300	4	25	27	195315	0	0	5	5	1	1.26	0.27	0	0	
9000	200	90	300	4	25	21	58319	1	0	4	4	1	0.36	0.04	0.42	0	
9000	201	90	300	4	25	21	5823	0	0	6	6	1	0.03	0	0	0	
9000	202	90	300	4	25	20	28071	1	0	3	3	1	0.17	0.04	0.27	0	
9000	203	90	300	4	25	21	5415	0	0	7	7	1	0.05	0.01	0	0	
9000	204	90	300	4	25	14	1943	1	0	3	3	1	0.01	0	0.02	0	
9000	205	90	300	4	25	11	137	0	0	6	6	1	0	0	0	0	
9000	206	90	300	4	25	23	5394	0	0	6	6	1	0.04	0	0	0	
9000	207	90	300	4	25	18	5694	1	0	5	5	1	0.03	0.01	0.22	0	
9000	208	90	300	4	25	18	25397	1	0	3	3	1	0.16	0.03	0.35	0	
9000	209	90	300	4	25	14	5775	0	0	2	2	1	0.02	0.01	0	0	
9000	210	90	300	4	25	31	118508	1	0	12	12	1	1.44	0.13	0.99	0	
9000	211	90	300	4	25	28	156624	1	0	8	8	1	1.55	0.22	6.25	0	
9000	212	90	300	4	25	18	2470	0	0	6	6	1	0.09	0	0	0	
9000	213	90	300	4	25	26	199412	0	0	6	6	1	2.3	0.18	0	0	
9000	214	90	300	4	25	18	2111	1	0	6	6	1	0.02	0	0.02	0	
9000	215	90	300	4	25	26	9663	0	0	12	12	1	0.12	0.01	0	0	
9000	216	90	300	4	25	21	14975	0	0	5	5	1	0.09	0.02	0	0	
9000	217	90	300	4	25	16	7679	0	0	4	4	1	0.04	0.01	0	0	
9000	218	90	300	4	25	27	36546	0	0	9	9	1	0.36	0.03	0	0	
9000	219	90	300	4	25	28	242196	1	0	7	7	1	1.66	0.35	40.62	0	
9000	220	90	300	4	25	28	110706	1	0	7	7	1	0.89	0.13	1.04	0	
9000	221	90	300	4	25	19	10435	1	1	3.5	4	0.875	0.05	0.02	0.12	0	
9000	222	90	300	4	25	29	47361	0	0	7	7	1	0.97	0.05	0	0	
9000	223	90	300	4	25	33	296792	1	0	10	10	1	3	0.62	1.63	0	
9000	224	90	300	4	25	22	38405	1	0	7	7	1	0.2	0.02	0.33	0	
9000	225	90	300	4	25	18	3093	1	0	5	5	1	0.02	0	0.04	0	
9000	226	90	300	4	25	13	578	1	1	3.33333	4	0.833333	0	0	0.01	0	
9000	227	90	300	4	25	32	189797	1	0	7	7	1	2.82	0.36	32.9	0	
9000	228	90	300	4	25	18	1755	0	0	7	7	1	0.01	0	0	0	
9000	229	90	300	4	25	14	749	0	0	4	4	1	0	0	0	0	
9000	230	90	300	4	25	17	8191	0	0	4	4	1	0.05	0.01	0	0	
9000	231	90	300	4	25	14	2265	0	0	3	3	1	0.01	0	0	0	
9000	232	90	300	4	25	23	32950	1	0	5	5	1	0.23	0.04	1.51	0	
9000	233	90	300	4	25	20	9894	0	0	7	7	1	0.06	0.01	0	0	
9000	234	90	300	4	25	33	69360	0	0	11	11	1	0.55	0.07	0	0	
9000	235	90	300	4	25	24	10144	0	0	7	7	1	0.08	0.01	0	0	
9000	236	90	300	4	25	31	81594	1	1	6.5	7	0.928571	0.52	0.1	0.61	0	
9000	237	90	300	4	25	24	31109	1	0	6	6	1	0.25	0.03	0.29	0	
9000	238	90	300	4	25	28	764616	1	0	4	4	1	8.73	0.64	42.95	0	
9000	239	90	300	4	25	23	10980	0	0	6	6	1	0.07	0.01	0	0	
9000	240	90	300	4	25	26	56306	1	0	6	6	1	0.36	0.07	0.5	0	
9000	241	90	300	4	25	20	17934	1	0	5	5	1	0.17	0.02	0.16	0	
9000	242	90	300	4	25	34	691199	1	0	9	9	1	5.19	0.68	3.59	0	
9000	243	90	300	4	25	22	24611	1	0	4	4	1	0.21	0.03	0.26	0	
9000	244	90	300	4	25	17	3158	0	0	3	3	1	0.02	0	0	0	
9000	245	90	300	4	25	14	995	0	0	4	4	1	0	0	0	0	
9000	246	90	300	4	25	30	25172	0	0	10	10	1	0.33	0.02	0	0	
9000	247	90	300	4	25	26	92258	1	0	5	5	1	0.88	0.1	0.86	0	
9000	248	90	300	4	25	26	61041	0	0	7	7	1	0.43	0.11	0	0	
9000	249	90	300	4	25	17	4333	0	0	5	5	1	0.02	0	0	0	
9000	250	90	300	4	25	31	102044	0	0	9	9	1	1.19	0.09	0	0	
9000	251	90	300	4	25	22	27801	0	0	8	8	1	0.13	0.02	0	0	
9000	252	90	300	4	25	24	25511	0	0	7	7	1	0.23	0.03	0	0	
9000	253	90	300	4	25	19	10442	1	0	4	4	1	0.06	0.02	0.1	0	
9000	254	90	300	4	25	24	19439	0	0	5	5	1	0.15	0.04	0	0	
9000	255	90	300	4	25	27	200687	0	0	5	5	1	2.74	0.34	0	0	
9000	256	90	300	4	25	30	46227	0	0	6	6	1	0.57	0.06	0	0	
9000	257	90	300	4	25	21	10563	1	0	5	5	1	0.06	0.01	0.38	0	
9000	258	90	300	4	25	10	311	0	0	3	3	1	0	0	0	0	
9000	259	90	300	4	25	17	4455	0	0	4	4	1	0.02	0	0	0	
9000	260	90	300	4	25	16	586	0	0	9	9	1	0	0	0	0	
9000	261	90	300	4	25	20	6736	0	0	6	6	1	0.05	0.01	0	0	
9000	262	90	300	4	25	22	10485	0	0	6	6	1	0.09	0.02	0	0	
9000	263	90	300	4	25	25	17835	0	0	11	11	1	0.13	0.01	0	0	
9000	264	90	300	4	25	12	607	1	0	3	3	1	0	0	0.01	0	
9000	265	90	300	4	25	19	6597	0	0	6	6	1	0.06	0	0	0	
9000	266	90	300	4	25	23	91996	1	0	4	4	1	0.61	0.12	3.66	0	
9000	267	90	300	4	25	20	6987	0	0	5	5	1	0.04	0	0	0	
9000	268	90	300	4	25	25	19570	0	0	7	7	1	0.16	0.03	0	0	
9000	269	90	300	4	25	18	2052	0	0	9	9	1	0.08	0	0	0	
9000	270	90	300	4	25	20	3703	0	0	6	6	1	0.03	0	0	0	
9000	271	90	300	4	25	13	955	0	0	4	4	1	0	0	0	0	
9000	272	90	300	4	25	20	7672	1	0	6	6	1	0.04	0	0.08	0	
9000	273	90	300	4	25	15	2175	0	0	3	3	1	0.01	0	0	0	
9000	274	90	300	4	25	23	26986	0	0	5	5	1	0.23	0.01	0	0	
9000	275	90	300	4	25	15	935	0	0	5	5	1	0	0	0	0	
9000	276	90	300	4	25	20	15258	0	0	4	4	1	0.12	0.02	0	0	
9000	277	90	300	4	25	21	10367	0	0	5	5	1	0.07	0	0	0	
9000	278	90	300	4	25	17	8460	0	0	3	3	1	0.05	0.01	0	0	
9000	279	90	300	4	25	17	2519	0	0	6	6	1	0.01	0.01	0	0	
9000	280	90	300	4	25	32	17937	1	0	15	15	1	0.24	0	0.13	0	
9000	281	90	300	4	25	20	2539	1	1	5.5	6	0.916667	0.02	0.01	0.02	0	
9000	282	90	300	4	25	24	65881	1	0	5	5	1	0.49	0.11	0.55	0	
9000	283	90	300	4	25	21	9054	0	0	8	8	1	0.04	0	0	0	
9000	284	90	300	4	25	26	72575	0	0	10	10	1	0.57	0.06	0	0	
9000	285	90	300	4	25	22	34248	1	0	7	7	1	0.35	0.03	0.3	0	
9000	286	90	300	4	25	26	32953	0	0	7	7	1	0.33	0.04	0	0	
9000	287	90	300	4	25	46	2338611	1	0	14	14	1	31.65	5.81	96.46	0	
9000	288	90	300	4	25	21	12370	0	0	6	6	1	0.1	0	0	0	
9000	289	90	300	4	25	31	166779	0	0	6	6	1	2.1	0.32	0	0	
9000	290	90	300	4	25	21	8638	1	0	4	4	1	0.06	0.01	0.09	0	
9000	291	90	300	4	25	29	57072	0	0	11	11	1	0.6	0.05	0	0	
9000	292	90	300	4	25	25	23703	1	0	6	6	1	0.19	0.03	0.84	0	
9000	293	90	300	4	25	26	69625	1	0	5	5	1	0.73	0.09	0.62	0	
9000	294	90	300	4	25	29	449063	1	0	8	8	1	6.89	0.42	23.05	0	
9000	295	90	300	4	25	26	211637	0	0	6	6	1	1.29	0.31	0	0	
9000	296	90	300	4	25	13	1158	0	0	3	3	1	0	0	0	0	
9000	297	90	300	4	25	26	97224	1	0	6	6	1	0.84	0.11	0.81	0	
9000	298	90	300	4	25	25	138997	1	0	4	4	1	1.96	0.21	4.2	0	
9000	299	90	300	4	25	33	217409	1	0	8	8	1	2.81	0.24	1.24	0	
9000	300	90	300	4	25	17	14975	0	0	3	3	1	0.07	0.01	0	0	
9000	301	90	300	4	25	33	109291	1	0	10	10	1	0.94	0.11	0.73	0	
9000	302	90	300	4	25	16	4747	0	0	4	4	1	0.02	0	0	0	
9000	303	90	300	4	25	20	61706	0	0	3	3	1	0.36	0.06	0	0	
9000	304	90	300	4	25	12	623	0	0	4	4	1	0	0	0	0	
9000	305	90	300	4	25	24	65680	1	0	5	5	1	0.69	0.06	0.97	0	
9000	306	90	300	4	25	17	2340	0	0	5	5	1	0.01	0	0	0	
9000	307	90	300	4	25	23	53496	1	0	4	4	1	0.41	0.05	0.93	0	
9000	308	90	300	4	25	15	2270	0	0	4	4	1	0.02	0	0	0	
9000	309	90	300	4	25	25	42471	1	0	5	5	1	0.49	0.08	0.41	0	
9000	310	90	300	4	25	15	384	0	0	5	5	1	0	0	0	0	
9000	311	90	300	4	25	16	8684	0	0	4	4	1	0.04	0.01	0	0	
9000	312	90	300	4	25	31	459165	1	0	6	6	1	5.72	0.95	23.15	0	
9000	313	90	300	4	25	12	435	0	0	4	4	1	0	0	0	0	
9000	314	90	300	4	25	18	2039	0	0	7	7	1	0.01	0	0	0	
9000	315	90	300	4	25	25	25424	0	0	6	6	1	0.19	0.03	0	0	
9000	316	90	300	4	25	14	2298	1	0	3	3	1	0.01	0	0.02	0	
9000	317	90	300	4	25	32	850680	1	0	6	6	1	7.81	0.89	44.39	0	
9000	318	90	300	4	25	22	25633	0	0	5	5	1	0.17	0.02	0	0	
9000	319	90	300	4	25	18	7969	0	0	5	5	1	0.07	0.01	0	0	
9000	320	90	300	4	25	21	8594	1	0	7	7	1	0.04	0	0.31	0	
9000	321	90	300	4	25	22	26631	1	0	5	5	1	0.16	0.04	0.26	0	
9000	322	90	300	4	25	17	8412	1	0	4	4	1	0.03	0.01	1.14	0	
9000	323	90	300	4	25	19	5083	1	0	4	4	1	0.03	0	0.05	0	
9000	324	90	300	4	25	21	32111	0	0	4	4	1	0.2	0.04	0	0	
9000	325	90	300	4	25	13	1324	1	0	3	3	1	0	0	0.03	0	
9000	326	90	300	4	25	20	15702	0	0	4	4	1	0.1	0	0	0	
9000	327	90	300	4	25	18	4839	0	0	5	5	1	0.02	0	0	0	
9000	328	90	300	4	25	22	29242	0	0	7	7	1	0.13	0.03	0	0	
9000	329	90	300	4	25	23	9365	0	0	9	9	1	0.09	0	0	0	
9000	330	90	300	4	25	18	13823	0	0	5	5	1	0.06	0.01	0	0	
9000	331	90	300	4	25	25	86603	1	0	6	6	1	0.57	0.1	2.67	0	
9000	332	90	300	4	25	23	33184	1	0	6	6	1	0.21	0.03	0.27	0	
9000	333	90	300	4	25	15	1913	1	0	4	4	1	0.01	0	0.01	0	
9000	334	90	300	4	25	12	1299	1	0	2	2	1	0	0	0.02	0	
9000	335	90	300	4	25	16	3599	1	0	4	4	1	0.02	0	0.04	0	
9000	336	90	300	4	25	23	124415	0	0	4	4	1	1.04	0.1	0	0	
9000	337	90	300	4	25	16	2071	0	0	4	4	1	0.01	0	0	0	
9000	338	90	300	4	25	18	4561	0	0	4	4	1	0.03	0	0	0	
9000	339	90	300	4	25	16	6115	1	0	3	3	1	0.02	0.01	0.07	0	
9000	340	90	300	4	25	23	27210	0	0	7	7	1	0.17	0.02	0	0	
9000	341	90	300	4	25	24	60213	0	0	6	6	1	0.35	0.06	0	0	
9000	342	90	300	4	25	19	13439	0	0	6	6	1	0.05	0.01	0	0	
9000	343	90	300	4	25	33	76426	0	0	10	10	1	1	0.1	0	0	
9000	344	90	300	4	25	19	5481	0	0	5	5	1	0.03	0	0	0	
9000	345	90	300	4	25	30	154795	0	0	9	9	1	1.29	0.14	0	0	
9000	346	90	300	4	25	25	65126	0	0	5	5	1	0.39	0.08	0	0	
9000	347	90	300	4	25	15	2303	0	0	3	3	1	0.02	0	0	0	
9000	348	90	300	4	25	26	15097	0	0	8	8	1	0.08	0.01	0	0	
9000	349	90	300	4	25	28	206427	0	0	6	6	1	2.44	0.32	0	0	
9000	350	90	300	4	25	18	3661	0	0	6	6	1	0.02	0	0	0	
9000	351	90	300	4	25	19	24479	1	0	4	4	1	0.15	0.02	0.38	0	
9000	352	90	300	4	25	15	4031	1	0	3	3	1	0.01	0.01	0.04	0	
9000	353	90	300	4	25	16	3599	0	0	4	4	1	0.02	0	0	0	
9000	354	90	300	4	25	17	1499	0	0	7	7	1	0	0	0	0	
9000	355	90	300	4	25	20	21087	1	0	4	4	1	0.17	0.02	0.2	0	
9000	356	90	300	4	25	26	43479	0	0	6	6	1	0.24	0.03	0	0	
9000	357	90	300	4	25	30	145663	0	0	6	6	1	1.16	0.22	0	0	
9000	358	90	300	4	25	20	48870	0	0	4	4	1	0.34	0.04	0	0	
9000	359	90	300	4	25	36	6690918	1	0	6	6	1	54.27	25.94	637.84	0	
9000	360	90	300	4	25	21	10441	0	0	7	7	1	0.12	0.01	0	0	
9000	361	90	300	4	25	22	4713	0	0	7	7	1	0.03	0	0	0	
9000	362	90	300	4	25	12	1151	0	0	3	3	1	0	0	0	0	
9000	363	90	300	4	25	20	71002	0	0	3	3	1	0.41	0.07	0	0	
9000	364	90	300	4	25	28	168757	0	0	7	7	1	1.97	0.24	0	0	
9000	365	90	300	4	25	25	79623	0	0	4	4	1	0.5	0.13	0	0	
9000	366	90	300	4	25	18	6335	0	0	5	5	1	0.02	0.01	0	0	
9000	367	90	300	4	25	17	1718	0	0	7	7	1	0.01	0	0	0	
9000	368	90	300	4	25	16	337	1	1	6.5	7	0.928571	0	0	0.01	0	
9000	369	90	300	4	25	29	763230	1	0	5	5	1	11.17	0.89	36.98	0	
9000	370	90	300	4	25	19	5711	0	0	6	6	1	0.06	0	0	0	
9000	371	90	300	4	25	22	12189	0	0	8	8	1	0.14	0.02	0	0	
9000	372	90	300	4	25	21	44673	1	0	3	3	1	0.29	0.06	0.46	0	
9000	373	90	300	4	25	27	41047	0	0	7	7	1	0.29	0.05	0	0	
9000	374	90	300	4	25	23	12925	1	0	6	6	1	0.08	0.01	0.15	0	
9000	375	90	300	4	25	21	23327	1	0	5	5	1	0.14	0.03	0.18	0	
9000	376	90	300	4	25	21	16249	0	0	6	6	1	0.14	0.01	0	0	
9000	377	90	300	4	25	29	205776	1	0	6	6	1	1.93	0.27	1.38	0	
9000	378	90	300	4	25	15	2640	1	0	4	4	1	0.01	0	0.03	0	
9000	379	90	300	4	25	16	3402	0	0	4	4	1	0.02	0	0	0	
9000	380	90	300	4	25	22	19638	0	0	5	5	1	0.14	0.03	0	0	
9000	381	90	300	4	25	22	31499	1	0	5	5	1	0.25	0.03	0.27	0	
9000	382	90	300	4	25	16	6947	0	0	3	3	1	0.03	0.01	0	0	
9000	383	90	300	4	25	23	40197	0	0	5	5	1	0.34	0.05	0	0	
9000	384	90	300	4	25	16	4415	0	0	4	4	1	0.02	0	0	0	
9000	385	90	300	4	25	22	4707	0	0	8	8	1	0.04	0.01	0	0	
9000	386	90	300	4	25	27	147263	0	0	5	5	1	1.34	0.22	0	0	
9000	387	90	300	4	25	24	72358	0	0	4	4	1	0.58	0.07	0	0	
9000	388	90	300	4	25	12	383	0	0	5	5	1	0	0	0	0	
9000	389	90	300	4	25	21	56179	0	0	4	4	1	0.34	0.07	0	0	
9000	390	90	300	4	25	31	4070258	1	0	5	5	1	37.47	4.91	192.13	0	
9000	391	90	300	4	25	18	4137	1	0	4	4	1	0.05	0	0.05	0	
9000	392	90	300	4	25	23	104277	1	0	4	4	1	0.76	0.16	3.57	0	
9000	393	90	300	4	25	20	14333	0	0	4	4	1	0.18	0	0	0	
9000	394	90	300	4	25	21	17382	0	0	5	5	1	0.17	0.03	0	0	
9000	395	90	300	4	25	20	9152	1	0	4	4	1	0.06	0.01	0.1	0	
9000	396	90	300	4	25	20	4059	0	0	5	5	1	0.03	0.01	0	0	
9000	397	90	300	4	25	14	2894	1	1	2.5	3	0.833333	0.01	0	0.17	0	
9000	398	90	300	4	25	24	504237	1	0	4	4	1	3.57	0.46	1.82	0	
9000	399	90	300	4	25	19	5924	0	0	5	5	1	0.03	0	0	0	
9000	400	90	300	4	25	18	2159	0	0	9	9	1	0.01	0.01	0	0	
9000	401	90	300	4	25	19	12117	0	0	5	5	1	0.06	0.02	0	0	
9000	402	90	300	4	25	15	2556	0	0	4	4	1	0.01	0	0	0	
9000	403	90	300	4	25	10	191	0	0	3	3	1	0	0	0	0	
9000	404	90	300	4	25	28	60820	1	0	7	7	1	0.46	0.07	0.46	0	
9000	405	90	300	4	25	28	103903	1	0	8	8	1	0.8	0.1	1	0	
9000	406	90	300	4	25	11	359	0	0	4	4	1	0	0	0	0	
9000	407	90	300	4	25	18	7986	1	0	4	4	1	0.04	0	0.07	0	
9000	408	90	300	4	25	13	1055	1	0	3	3	1	0	0	0.02	0	
9000	409	90	300	4	25	16	1455	0	0	6	6	1	0	0	0	0	
9000	410	90	300	4	25	22	5769	0	0	8	8	1	0.04	0	0	0	
9000	411	90	300	4	25	25	58467	1	0	5	5	1	0.47	0.07	0.54	0	
9000	412	90	300	4	25	16	5183	0	0	3	3	1	0.02	0	0	0	
9000	413	90	300	4	25	13	824	0	0	3	3	1	0	0	0	0	
9000	414	90	300	4	25	21	16319	0	0	7	7	1	0.12	0.01	0	0	
9000	415	90	300	4	25	12	380	0	0	4	4	1	0	0	0	0	
9000	416	90	300	4	25	18	8540	0	0	4	4	1	0.06	0	0	0	
9000	417	90	300	4	25	18	14592	1	0	3	3	1	0.09	0.03	0.49	0	
9000	418	90	300	4	25	16	2543	0	0	5	5	1	0.01	0	0	0	
9000	419	90	300	4	25	30	633825	1	0	5	5	1	7.83	0.62	2.5	0	
9000	420	90	300	4	25	30	89461	0	0	10	10	1	0.59	0.07	0	0	
9000	421	90	300	4	25	24	122879	0	0	5	5	1	1.12	0.14	0	0	
9000	422	90	300	4	25	17	2576	0	0	4	4	1	0.01	0	0	0	
9000	423	90	300	4	25	15	5099	0	0	3	3	1	0.02	0	0	0	
9000	424	90	300	4	25	27	365108	1	0	5	5	1	2.77	0.37	37.29	0	
9000	425	90	300	4	25	16	1679	0	0	5	5	1	0.01	0	0	0	
9000	426	90	300	4	25	18	3434	0	0	5	5	1	0.02	0	0	0	
9000	427	90	300	4	25	14	1442	0	0	4	4	1	0	0	0	0	
9000	428	90	300	4	25	30	172923	1	0	8	8	1	1.14	0.2	0.8	0	
9000	429	90	300	4	25	21	10543	0	0	5	5	1	0.05	0.02	0	0	
9000	430	90	300	4	25	21	39347	1	0	4	4	1	0.22	0.06	0.38	0	
9000	431	90	300	4	25	22	31598	0	0	4	4	1	0.22	0.04	0	0	
9000	432	90	300	4	25	16	7064	1	0	3	3	1	0.03	0	0.18	0	
9000	433	90	300	4	25	31	99371	1	0	13	13	1	15.54	0.15	1.4	0	
9000	434	90	300	4	25	24	16928	0	0	8	8	1	0.15	0.01	0	0	
9000	435	90	300	4	25	16	2800	0	0	4	4	1	0.01	0	0	0	
9000	436	90	300	4	25	19	20842	0	0	5	5	1	0.11	0.02	0	0	
9000	437	90	300	4	25	21	34498	0	0	4	4	1	0.26	0.03	0	0	
9000	438	90	300	4	25	23	3560	1	0	9	9	1	0.03	0.01	0.03	0	
9000	439	90	300	4	25	14	743	0	0	5	5	1	0	0	0	0	
9000	440	90	300	4	25	28	614497	1	0	6	6	1	7.59	0.5	86.57	0	
9000	441	90	300	4	25	22	84419	1	0	4	4	1	0.59	0.11	0.73	0	
9000	442	90	300	4	25	20	21599	1	0	4	4	1	0.16	0.01	0.34	0	
9000	443	90	300	4	25	16	2849	0	0	5	5	1	0.01	0	0	0	
9000	444	90	300	4	25	27	39395	0	0	8	8	1	0.4	0.02	0	0	
9000	445	90	300	4	25	22	56086	0	0	4	4	1	0.44	0.07	0	0	
9000	446	90	300	4	25	17	4998	1	0	4	4	1	0.03	0.01	0.05	0	
9000	447	90	300	4	25	27	147133	1	0	5	5	1	1.48	0.2	2.3	0	
9000	448	90	300	4	25	20	21400	0	0	4	4	1	0.15	0.02	0	0	
9000	449	90	300	4	25	25	12595	0	0	10	10	1	0.11	0	0	0	
9000	450	90	300	4	25	27	31323	1	0	9	9	1	0.18	0.05	0.29	0	
9000	451	90	300	4	25	21	15431	0	0	6	6	1	0.12	0.02	0	0	
9000	452	90	300	4	25	17	3846	1	0	4	4	1	0.02	0	0.05	0	
9000	453	90	300	4	25	16	2890	0	0	6	6	1	0.02	0	0	0	
9000	454	90	300	4	25	18	2604	0	0	6	6	1	0.02	0	0	0	
9000	455	90	300	4	25	22	66921	1	0	5	5	1	0.4	0.06	0.55	0	
9000	456	90	300	4	25	21	26189	0	0	6	6	1	0.16	0.01	0	0	
9000	457	90	300	4	25	16	1104	0	0	5	5	1	0	0	0	0	
9000	458	90	300	4	25	22	10350	0	0	5	5	1	0.06	0.01	0	0	
9000	459	90	300	4	25	24	100210	1	0	4	4	1	0.74	0.13	0.73	0	
9000	460	90	300	4	25	24	38030	1	0	6	6	1	0.21	0.06	0.4	0	
9000	461	90	300	4	25	11	431	0	0	3	3	1	0	0	0	0	
9000	462	90	300	4	25	24	12319	0	0	10	10	1	0.11	0	0	0	
9000	463	90	300	4	25	19	5458	0	0	5	5	1	0.02	0.01	0	0	
9000	464	90	300	4	25	26	143972	1	0	7	7	1	0.87	0.19	0.65	0	
9000	465	90	300	4	25	16	4044	0	0	4	4	1	0.02	0	0	0	
9000	466	90	300	4	25	26	55478	0	0	8	8	1	0.54	0.05	0	0	
9000	467	90	300	4	25	24	31332	0	0	8	8	1	0.35	0.02	0	0	
9000	468	90	300	4	25	24	10767	1	0	6	6	1	0.1	0.01	0.17	0	
9000	469	90	300	4	25	22	140028	1	0	4	4	1	1.3	0.15	1.09	0	
9000	470	90	300	4	25	22	30758	0	0	5	5	1	0.27	0.04	0	0	
9000	471	90	300	4	25	24	9177	1	0	7	7	1	0.11	0.01	0.09	0	
9000	472	90	300	4	25	13	405	0	0	5	5	1	0	0	0	0	
9000	473	90	300	4	25	29	43025	0	0	7	7	1	0.29	0.05	0	0	
9000	474	90	300	4	25	17	8639	0	0	4	4	1	0.04	0.01	0	0	
9000	475	90	300	4	25	19	2178	0	0	5	5	1	0.01	0	0	0	
9000	476	90	300	4	25	27	24461	0	0	8	8	1	0.16	0.02	0	0	
9000	477	90	300	4	25	28	9453	1	1	7.5	8	0.9375	0.08	0.01	0.1	0	
9000	478	90	300	4	25	18	11011	1	0	5	5	1	0.06	0.01	0.12	0	
9000	479	90	300	4	25	13	2303	0	0	3	3	1	0.01	0	0	0	
9000	480	90	300	4	25	27	27954	0	0	13	13	1	0.28	0.02	0	0	
9000	481	90	300	4	25	27	95084	1	0	7	7	1	1.27	0.12	0.98	0	
9000	482	90	300	4	25	16	674	0	0	7	7	1	0	0	0	0	
9000	483	90	300	4	25	11	1151	0	0	2	2	1	0	0	0	0	
9000	484	90	300	4	25	20	38947	0	0	5	5	1	0.19	0.05	0	0	
9000	485	90	300	4	25	21	4827	1	1	4.66667	5	0.933333	0.03	0	0.05	0	
9000	486	90	300	4	25	21	12767	1	0	6	6	1	0.11	0.01	0.13	0	
9000	487	90	300	4	25	14	1008	1	0	4	4	1	0	0	0.02	0	
9000	488	90	300	4	25	34	493486	1	0	7	7	1	5.81	0.78	59.1	0	
9000	489	90	300	4	25	24	27115	1	0	5	5	1	0.19	0.06	0.25	0	
9000	490	90	300	4	25	24	11705	0	0	8	8	1	0.12	0	0	0	
9000	491	90	300	4	25	26	293999	1	0	4	4	1	1.96	0.5	59.25	0	
9000	492	90	300	4	25	12	959	0	0	4	4	1	0	0	0	0	
9000	493	90	300	4	25	32	314532	1	0	7	7	1	3.68	0.59	21.28	0	
9000	494	90	300	4	25	17	4044	0	0	4	4	1	0.02	0.01	0	0	
9000	495	90	300	4	25	22	89409	1	0	4	4	1	0.65	0.12	1.01	0	
9000	496	90	300	4	25	19	7282	1	0	5	5	1	0.04	0.01	0.12	0	
9000	497	90	300	4	25	29	41015	1	0	10	10	1	0.39	0.05	0.38	0	
9000	498	90	300	4	25	18	1524	0	0	5	5	1	0.01	0	0	0	
9000	499	90	300	4	25	20	20739	1	0	4	4	1	0.18	0.02	0.2	0	
9000	500	90	300	4	25	20	20456	0	0	4	4	1	0.11	0.02	0	0	
9000	501	90	300	4	25	21	50543	0	0	5	5	1	0.33	0.08	0	0	
9000	502	90	300	4	25	33	166451	1	0	7	7	1	1.79	0.33	0.71	0	
9000	503	90	300	4	25	22	11199	0	0	7	7	1	0.06	0.01	0	0	
9000	504	90	300	4	25	20	21425	1	0	5	5	1	0.11	0.03	0.19	0	
9000	505	90	300	4	25	21	42683	0	0	4	4	1	0.23	0.05	0	0	
9000	506	90	300	4	25	23	60772	1	0	4	4	1	0.59	0.06	0.56	0	
9000	507	90	300	4	25	20	4893	1	0	7	7	1	0.03	0.01	0.04	0	
9000	508	90	300	4	25	22	7595	0	0	8	8	1	0.04	0.01	0	0	
9000	509	90	300	4	25	29	243478	0	0	6	6	1	4.4	0.27	0	0	
9000	510	90	300	4	25	20	42283	0	0	4	4	1	0.36	0.05	0	0	
9000	511	90	300	4	25	20	7704	0	0	5	5	1	0.07	0.01	0	0	
9000	512	90	300	4	25	25	55295	1	0	6	6	1	0.62	0.04	0.43	0	
9000	513	90	300	4	25	22	26709	1	0	5	5	1	0.3	0.02	0.23	0	
9000	514	90	300	4	25	20	5116	0	0	6	6	1	0.03	0	0	0	
9000	515	90	300	4	25	18	6569	0	0	4	4	1	0.11	0	0	0	
9000	516	90	300	4	25	23	10712	1	0	5	5	1	0.07	0.01	0.08	0	
9000	517	90	300	4	25	21	27862	1	0	4	4	1	0.16	0.03	0.82	0	
9000	518	90	300	4	25	9	143	0	0	3	3	1	0	0	0	0	
9000	519	90	300	4	25	22	3066	0	0	7	7	1	0.01	0	0	0	
9000	520	90	300	4	25	25	108950	1	0	5	5	1	0.68	0.13	4.27	0	
9000	521	90	300	4	25	28	13283	0	0	10	10	1	0.16	0.01	0	0	
9000	522	90	300	4	25	22	28190	1	0	5	5	1	0.19	0.02	0.21	0	
9000	523	90	300	4	25	18	17279	1	0	4	4	1	0.08	0.02	0.13	0	
9000	524	90	300	4	25	20	8300	1	0	7	7	1	0.08	0	0.06	0	
9000	525	90	300	4	25	21	2593	0	0	10	10	1	0.03	0	0	0	
9000	526	90	300	4	25	21	57127	0	0	4	4	1	0.59	0.06	0	0	
9000	527	90	300	4	25	19	11879	0	0	4	4	1	0.06	0.01	0	0	
9000	528	90	300	4	25	21	10583	0	0	6	6	1	0.04	0.01	0	0	
9000	529	90	300	4	25	17	4873	0	0	4	4	1	0.02	0	0	0	
9000	530	90	300	4	25	29	57119	1	0	7	7	1	0.5	0.07	0.47	0	
9000	531	90	300	4	25	24	28045	0	0	7	7	1	0.24	0.04	0	0	
9000	532	90	300	4	25	26	128113	1	0	6	6	1	0.86	0.17	13.64	0	
9000	533	90	300	4	25	24	27591	1	1	4.66667	5	0.933333	0.28	0.04	1.11	0	
9000	534	90	300	4	25	24	38879	0	0	8	8	1	0.25	0.03	0	0	
9000	535	90	300	4	25	18	13731	0	0	5	5	1	0.09	0.01	0	0	
9000	536	90	300	4	25	25	13954	1	0	8	8	1	0.09	0.02	0.48	0	
9000	537	90	300	4	25	19	13031	0	0	5	5	1	0.07	0.01	0	0	
9000	538	90	300	4	25	23	98221	1	0	6	6	1	0.66	0.09	2.93	0	
9000	539	90	300	4	25	17	8639	0	0	5	5	1	0.07	0.02	0	0	
9000	540	90	300	4	25	11	351	0	0	3	3	1	0	0	0	0	
9000	541	90	300	4	25	25	80639	0	0	5	5	1	0.71	0.11	0	0	
9000	542	90	300	4	25	27	334241	1	0	4	4	1	2.29	0.72	19.17	0	
9000	543	90	300	4	25	29	320139	1	0	5	5	1	2.74	0.37	57.35	0	
9000	544	90	300	4	25	20	5266	0	0	5	5	1	0.02	0.01	0	0	
9000	545	90	300	4	25	27	94655	1	0	6	6	1	0.8	0.11	1.38	0	
9000	546	90	300	4	25	14	943	0	0	6	6	1	0	0	0	0	
9000	547	90	300	4	25	15	755	0	0	6	6	1	0	0	0	0	
9000	548	90	300	4	25	23	23811	0	0	6	6	1	0.11	0.03	0	0	
9000	549	90	300	4	25	18	15389	0	0	3	3	1	0.07	0.01	0	0	
9000	550	90	300	4	25	14	1282	0	0	3	3	1	0	0	0	0	
9000	551	90	300	4	25	19	8553	0	0	5	5	1	0.04	0.01	0	0	
9000	552	90	300	4	25	19	935	0	0	9	9	1	0	0	0	0	
9000	553	90	300	4	25	18	6428	0	0	6	6	1	0.04	0.01	0	0	
9000	554	90	300	4	25	18	18469	1	0	3	3	1	0.11	0.02	0.17	0	
9000	555	90	300	4	25	17	7430	1	0	3	3	1	0.03	0.01	0.09	0	
9000	556	90	300	4	25	18	14988	0	0	4	4	1	0.09	0.01	0	0	
9000	557	90	300	4	25	23	34435	1	0	6	6	1	0.25	0.04	0.32	0	
9000	558	90	300	4	25	22	4666	0	0	6	6	1	0.03	0	0	0	
9000	559	90	300	4	25	32	822172	1	0	6	6	1	10.94	1.45	53.45	0	
9000	560	90	300	4	25	22	21625	1	0	5	5	1	0.26	0.01	0.16	0	
9000	561	90	300	4	25	17	14583	0	0	3	3	1	0.08	0.01	0	0	
9000	562	90	300	4	25	21	20625	1	0	5	5	1	0.12	0.01	0.22	0	
9000	563	90	300	4	25	23	5231	1	0	9	9	1	0.04	0	0.04	0	
9000	564	90	300	4	25	29	216741	1	0	5	5	1	2.51	0.32	40.27	0	
9000	565	90	300	4	25	27	64593	1	0	5	5	1	0.47	0.08	0.51	0	
9000	566	90	300	4	25	15	748	0	0	5	5	1	0	0	0	0	
9000	567	90	300	4	25	16	1310	0	0	6	6	1	0	0	0	0	
9000	568	90	300	4	25	23	14917	1	0	7	7	1	0.07	0.02	0.14	0	
9000	569	90	300	4	25	25	122750	1	0	5	5	1	0.75	0.16	1.01	0	
9000	570	90	300	4	25	20	5761	0	0	7	7	1	0.02	0.01	0	0	
9000	571	90	300	4	25	15	2773	1	0	4	4	1	0.01	0	0.03	0	
9000	572	90	300	4	25	26	58319	0	0	8	8	1	0.66	0.05	0	0	
9000	573	90	300	4	25	14	1299	0	0	4	4	1	0	0	0	0	
9000	574	90	300	4	25	23	13881	0	0	5	5	1	0.09	0.03	0	0	
9000	575	90	300	4	25	22	56835	1	1	3.33333	4	0.833333	0.39	0.07	13.47	0	
9000	576	90	300	4	25	27	31446	1	0	7	7	1	0.25	0.03	0.32	0	
9000	577	90	300	4	25	19	34559	0	0	3	3	1	0.26	0.03	0	0	
9000	578	90	300	4	25	19	4398	0	0	5	5	1	0.02	0	0	0	
9000	579	90	300	4	25	24	32444	0	0	5	5	1	0.28	0.04	0	0	
9000	580	90	300	4	25	24	48966	0	0	5	5	1	0.33	0.09	0	0	
9000	581	90	300	4	25	27	109543	0	0	5	5	1	1.33	0.2	0	0	
9000	582	90	300	4	25	19	3959	0	0	6	6	1	0.02	0	0	0	
9000	583	90	300	4	25	19	1943	0	0	10	10	1	0.01	0	0	0	
9000	584	90	300	4	25	13	1151	0	0	3	3	1	0	0	0	0	
9000	585	90	300	4	25	27	125305	0	0	5	5	1	1.28	0.18	0	0	
9000	586	90	300	4	25	27	38233	0	0	7	7	1	0.43	0.05	0	0	
9000	587	90	300	4	25	23	31705	0	0	5	5	1	0.19	0.05	0	0	
9000	588	90	300	4	25	16	2111	0	0	5	5	1	0.01	0	0	0	
9000	589	90	300	4	25	17	3749	0	0	4	4	1	0.01	0	0	0	
9000	590	90	300	4	25	24	134404	1	0	6	6	1	1.27	0.17	1.17	0	
9000	591	90	300	4	25	14	336	0	0	5	5	1	0	0	0	0	
9000	592	90	300	4	25	17	7021	0	0	4	4	1	0.05	0	0	0	
9000	593	90	300	4	25	24	505910	1	0	4	4	1	3.8	0.62	115.71	0	
9000	594	90	300	4	25	33	419834	1	0	6	6	1	5.55	0.41	25.4	0	
9000	595	90	300	4	25	30	109218	1	0	9	9	1	0.72	0.12	0.7	0	
9000	596	90	300	4	25	21	30656	1	0	4	4	1	0.24	0.02	1.12	0	
9000	597	90	300	4	25	22	19738	0	0	5	5	1	0.13	0.03	0	0	
9000	598	90	300	4	25	21	3533	0	0	7	7	1	0.02	0.01	0	0	
9000	599	90	300	4	25	12	376	0	0	4	4	1	0	0	0	0	
9000	600	90	300	4	25	20	8638	0	0	6	6	1	0.23	0.04	0	0	
9000	601	90	300	4	25	31	357420	1	0	8	8	1	4.05	0.4	25.47	0	
9000	602	90	300	4	25	14	575	1	0	5	5	1	0	0	0.01	0	
9000	603	90	300	4	25	19	3145	0	0	6	6	1	0.01	0	0	0	
9000	604	90	300	4	25	20	56345	0	0	5	5	1	0.52	0.07	0	0	
9000	605	90	300	4	25	25	71736	1	0	6	6	1	0.63	0.08	0.59	0	
9000	606	90	300	4	25	22	28290	0	0	6	6	1	0.14	0.03	0	0	
9000	607	90	300	4	25	29	129835	1	0	8	8	1	0.94	0.13	1.08	0	
9000	608	90	300	4	25	17	3530	1	0	4	4	1	0.01	0.01	0.02	0	
9000	609	90	300	4	25	21	32639	1	0	7	7	1	0.16	0.03	0.25	0	
9000	610	90	300	4	25	20	6567	0	0	8	8	1	0.07	0	0	0	
9000	611	90	300	4	25	25	102399	0	0	7	7	1	0.81	0.11	0	0	
9000	612	90	300	4	25	15	872	0	0	4	4	1	0	0	0	0	
9000	613	90	300	4	25	27	140711	0	0	7	7	1	2.01	0.29	0	0	
9000	614	90	300	4	25	22	5491	1	0	6	6	1	0.04	0	0.06	0	
9000	615	90	300	4	25	24	70416	1	0	6	6	1	0.58	0.1	0.69	0	
9000	616	90	300	4	25	17	11663	0	0	4	4	1	0.14	0.03	0	0	
9000	617	90	300	4	25	26	20615	1	0	8	8	1	0.19	0.02	0.2	0	
9000	618	90	300	4	25	20	10527	1	0	5	5	1	0.07	0.01	0.12	0	
9000	619	90	300	4	25	20	16199	0	0	4	4	1	0.07	0.01	0	0	
9000	620	90	300	4	25	20	15605	0	0	5	5	1	0.07	0.02	0	0	
9000	621	90	300	4	25	19	784	0	0	8	8	1	0	0	0	0	
9000	622	90	300	4	25	23	60417	1	0	5	5	1	0.49	0.08	0.56	0	
9000	623	90	300	4	25	34	97455	0	0	8	8	1	0.75	0.13	0	0	
9000	624	90	300	4	25	20	37934	1	0	5	5	1	0.25	0.04	0.33	0	
9000	625	90	300	4	25	21	25313	0	0	4	4	1	0.2	0.04	0	0	
9000	626	90	300	4	25	19	10906	0	0	5	5	1	0.06	0.01	0	0	
9000	627	90	300	4	25	27	103994	1	0	7	7	1	0.82	0.13	0.85	0	
9000	628	90	300	4	25	18	4813	0	0	4	4	1	0.02	0.01	0	0	
9000	629	90	300	4	25	26	326555	1	0	7	7	1	2.22	0.34	28.18	0	
9000	630	90	300	4	25	23	25302	1	0	4	4	1	0.16	0.03	0.26	0	
9000	631	90	300	4	25	16	2435	0	0	4	4	1	0.01	0	0	0	
9000	632	90	300	4	25	21	7253	0	0	10	10	1	0.03	0.01	0	0	
9000	633	90	300	4	25	22	64678	1	0	3	3	1	0.55	0.11	0.75	0	
9000	634	90	300	4	25	37	357340	1	0	9	9	1	3.82	0.57	33.15	0	
9000	635	90	300	4	25	12	959	0	0	3	3	1	0	0	0	0	
9000	636	90	300	4	25	20	8264	0	0	7	7	1	0.04	0	0	0	
9000	637	90	300	4	25	8	89	0	0	2	2	1	0	0	0	0	
9000	638	90	300	4	25	24	81038	0	0	5	5	1	0.7	0.14	0	0	
9000	639	90	300	4	25	13	1024	0	0	3	3	1	0	0	0	0	
9000	640	90	300	4	25	20	6963	1	0	9	9	1	0.03	0.01	0.06	0	
9000	641	90	300	4	25	15	2099	0	0	4	4	1	0.01	0	0	0	
9000	642	90	300	4	25	26	10614	0	0	8	8	1	0.12	0.01	0	0	
9000	643	90	300	4	25	28	195247	1	0	5	5	1	1.53	0.21	3.6	0	
9000	644	90	300	4	25	26	31252	1	0	6	6	1	0.22	0.05	0.28	0	
9000	645	90	300	4	25	16	2738	0	0	5	5	1	0.01	0	0	0	
9000	646	90	300	4	25	22	12059	0	0	6	6	1	0.06	0.01	0	0	
9000	647	90	300	4	25	19	31889	0	0	4	4	1	0.18	0.01	0	0	
9000	648	90	300	4	25	29	275511	1	0	7	7	1	2.25	0.28	11.23	0	
9000	649	90	300	4	25	31	55337	1	0	7	7	1	0.53	0.09	0.48	0	
9000	650	90	300	4	25	29	462282	1	0	7	7	1	4.27	0.76	3.24	0	
9000	651	90	300	4	25	19	3583	1	0	5	5	1	0.02	0	0.03	0	
9000	652	90	300	4	25	15	1218	1	0	4	4	1	0	0.01	0.01	0	
9000	653	90	300	4	25	28	514079	1	0	6	6	1	4	0.41	2.54	0	
9000	654	90	300	4	25	16	10385	0	0	3	3	1	0.06	0.01	0	0	
9000	655	90	300	4	25	19	7367	1	0	4	4	1	0.07	0	0.07	0	
9000	656	90	300	4	25	33	88366	1	0	9	9	1	0.68	0.1	0.75	0	
9000	657	90	300	4	25	22	21584	1	1	4.5	5	0.9	0.19	0.03	0.2	0	
9000	658	90	300	4	25	14	959	0	0	4	4	1	0	0	0	0	
9000	659	90	300	4	25	25	80999	0	0	5	5	1	0.58	0.09	0	0	
9000	660	90	300	4	25	27	113305	1	0	6	6	1	0.82	0.19	0.97	0	
9000	661	90	300	4	25	28	335963	1	0	7	7	1	3	0.41	1.66	0	
9000	662	90	300	4	25	22	5193	0	0	7	7	1	0.06	0	0	0	
9000	663	90	300	4	25	22	5845	0	0	10	10	1	0.05	0	0	0	
9000	664	90	300	4	25	19	2059	0	0	5	5	1	0.01	0	0	0	
9000	665	90	300	4	25	23	8939	0	0	7	7	1	0.03	0.01	0	0	
9000	666	90	300	4	25	22	28832	0	0	6	6	1	0.18	0.02	0	0	
9000	667	90	300	4	25	31	253261	1	0	6	6	1	2.83	0.33	0.97	0	
9000	668	90	300	4	25	24	53317	1	0	4	4	1	0.48	0.1	0.53	0	
9000	669	90	300	4	25	23	21382	0	0	5	5	1	0.17	0.02	0	0	
9000	670	90	300	4	25	26	7376	0	0	12	12	1	0.09	0	0	0	
9000	671	90	300	4	25	31	215299	0	0	9	9	1	2	0.37	0	0	
9000	672	90	300	4	25	28	99408	1	1	5.5	6	0.916667	0.77	0.12	19.65	0	
9000	673	90	300	4	25	17	2495	0	0	6	6	1	0.01	0	0	0	
9000	674	90	300	4	25	17	8639	0	0	3	3	1	0.04	0.01	0	0	
9000	675	90	300	4	25	29	179662	0	0	7	7	1	2.17	0.28	0	0	
9000	676	90	300	4	25	26	62037	1	0	7	7	1	0.37	0.07	0.57	0	
9000	677	90	300	4	25	22	20735	0	0	7	7	1	0.1	0.02	0	0	
9000	678	90	300	4	25	18	5399	0	0	5	5	1	0.02	0	0	0	
9000	679	90	300	4	25	17	1066	0	0	6	6	1	0	0	0	0	
9000	680	90	300	4	25	25	151199	0	0	4	4	1	1.48	0.17	0	0	
9000	681	90	300	4	25	26	65574	1	0	8	8	1	0.51	0.06	2.15	0	
9000	682	90	300	4	25	27	212969	1	0	6	6	1	1.71	0.44	1.04	0	
9000	683	90	300	4	25	34	1748428	1	0	7	7	1	14.49	3.87	9.87	0	
9000	684	90	300	4	25	32	426807	0	0	7	7	1	3.92	0.47	0	0	
9000	685	90	300	4	25	25	243445	1	0	5	5	1	2.43	0.2	1.01	0	
9000	686	90	300	4	25	22	16101	1	0	5	5	1	0.1	0.03	0.61	0	
9000	687	90	300	4	25	18	9503	0	0	4	4	1	0.05	0	0	0	
9000	688	90	300	4	25	21	1751	0	0	8	8	1	0.01	0	0	0	
9000	689	90	300	4	25	22	80351	0	0	3	3	1	0.53	0.11	0	0	
9000	690	90	300	4	25	17	13600	0	0	4	4	1	0.07	0.01	0	0	
9000	691	90	300	4	25	33	1133162	1	1	5.5	6	0.916667	12.82	1.96	859.09	0	
9000	692	90	300	4	25	14	2209	1	0	3	3	1	0.03	0.01	0.21	0	
9000	693	90	300	4	25	17	1502	1	0	6	6	1	0	0.01	0.02	0	
9000	694	90	300	4	25	24	18851	1	0	8	8	1	0.17	0.02	0.27	0	
9000	695	90	300	4	25	22	65447	0	0	4	4	1	0.54	0.07	0	0	
9000	696	90	300	4	25	25	66683	0	0	6	6	1	0.57	0.06	0	0	
9000	697	90	300	4	25	30	207643	0	0	8	8	1	2.56	0.35	0	0	
9000	698	90	300	4	25	23	19817	0	0	6	6	1	0.2	0.02	0	0	
9000	699	90	300	4	25	14	1295	0	0	5	5	1	0	0	0	0	
9000	700	90	300	4	25	23	21110	1	0	6	6	1	0.2	0.02	0.2	0	
9000	701	90	300	4	25	19	6799	0	0	6	6	1	0.06	0	0	0	
9000	702	90	300	4	25	11	521	0	0	3	3	1	0	0	0	0	
9000	703	90	300	4	25	26	50732	0	0	7	7	1	0.49	0.04	0	0	
9000	704	90	300	4	25	16	2349	0	0	4	4	1	0.01	0	0	0	
9000	705	90	300	4	25	21	21167	0	0	6	6	1	0.15	0.01	0	0	
9000	706	90	300	4	25	21	33445	0	0	5	5	1	0.26	0.04	0	0	
9000	707	90	300	4	25	16	4859	0	0	4	4	1	0.02	0.01	0	0	
9000	708	90	300	4	25	31	405525	1	0	6	6	1	4.3	0.39	4.65	0	
9000	709	90	300	4	25	20	9052	0	0	5	5	1	0.05	0.01	0	0	
9000	710	90	300	4	25	15	479	0	0	5	5	1	0	0	0	0	
9000	711	90	300	4	25	22	4739	0	0	9	9	1	0.02	0	0	0	
9000	712	90	300	4	25	35	1562661	1	0	10	10	1	17.13	1.29	7.73	0	
9000	713	90	300	4	25	22	73871	0	0	5	5	1	0.62	0.09	0	0	
9000	714	90	300	4	25	23	12294	1	0	7	7	1	0.08	0	0.11	0	
9000	715	90	300	4	25	28	809329	1	0	6	6	1	8.46	0.81	55.97	0	
9000	716	90	300	4	25	32	1014421	1	0	6	6	1	8.6	1.28	102.68	0	
9000	717	90	300	4	25	41	2061524	1	0	8	8	1	25.31	3.83	74.39	0	
9000	718	90	300	4	25	20	4559	0	0	6	6	1	0.03	0.01	0	0	
9000	719	90	300	4	25	13	1091	0	0	3	3	1	0.01	0	0	0	
9000	720	90	300	4	25	22	2959	1	0	6	6	1	0.02	0.01	0.03	0	
9000	721	90	300	4	25	30	18479	0	0	13	13	1	0.16	0.02	0	0	
9000	722	90	300	4	25	16	6903	0	0	3	3	1	0.04	0	0	0	
9000	723	90	300	4	25	29	99684	1	0	8	8	1	1.27	0.15	0.78	0	
9000	724	90	300	4	25	21	28644	0	0	5	5	1	0.18	0.02	0	0	
9000	725	90	300	4	25	24	2149	0	0	8	8	1	0.02	0	0	0	
9000	726	90	300	4	25	18	1759	0	0	6	6	1	0.01	0	0	0	
9000	727	90	300	4	25	20	5281	0	0	5	5	1	0.02	0	0	0	
9000	728	90	300	4	25	14	683	1	0	5	5	1	0	0	0.01	0	
9000	729	90	300	4	25	19	21052	1	0	4	4	1	0.11	0.03	0.2	0	
9000	730	90	300	4	25	30	112862	1	0	7	7	1	1.1	0.16	10.89	0	
9000	731	90	300	4	25	23	19456	1	0	6	6	1	0.22	0.02	0.61	0	
9000	732	90	300	4	25	19	3482	0	0	4	4	1	0.01	0.01	0	0	
9000	733	90	300	4	25	13	2828	0	0	2	2	1	0.02	0	0	0	
9000	734	90	300	4	25	19	5801	0	0	8	8	1	0.02	0.01	0	0	
9000	735	90	300	4	25	27	33927	0	0	8	8	1	0.28	0.03	0	0	
9000	736	90	300	4	25	32	719392	1	0	8	8	1	12.07	1.09	121.04	0	
9000	737	90	300	4	25	17	2145	0	0	5	5	1	0.01	0	0	0	
9000	738	90	300	4	25	17	2540	0	0	4	4	1	0.01	0.01	0	0	
9000	739	90	300	4	25	20	5851	1	1	4.5	5	0.9	0.04	0.01	0.2	0	
9000	740	90	300	4	25	15	5157	0	0	3	3	1	0.03	0	0	0	
9000	741	90	300	4	25	28	103450	0	0	8	8	1	1.01	0.19	0	0	
9000	742	90	300	4	25	19	6719	0	0	7	7	1	0.03	0.01	0	0	
9000	743	90	300	4	25	23	12558	0	0	7	7	1	0.12	0.02	0	0	
9000	744	90	300	4	25	17	6911	1	0	3	3	1	0.03	0.01	0.06	0	
9000	745	90	300	4	25	25	120399	1	0	6	6	1	0.69	0.21	0.92	0	
9000	746	90	300	4	25	35	4913307	1	0	5	5	1	65.38	14	507.86	0	
9000	747	90	300	4	25	15	647	0	0	8	8	1	0.01	0	0	0	
9000	748	90	300	4	25	20	2613	0	0	8	8	1	0.02	0	0	0	
9000	749	90	300	4	25	24	9167	0	0	9	9	1	0.11	0.01	0	0	
9000	750	90	300	4	25	16	2159	0	0	4	4	1	0.01	0	0	0	
9000	751	90	300	4	25	16	590	0	0	5	5	1	0	0	0	0	
9000	752	90	300	4	25	24	42835	0	0	6	6	1	0.23	0.05	0	0	
9000	753	90	300	4	25	17	9784	0	0	3	3	1	0.06	0	0	0	
9000	754	90	300	4	25	22	2064	1	0	7	7	1	0.01	0	0.02	0	
9000	755	90	300	4	25	22	59528	1	0	5	5	1	0.52	0.06	0.55	0	
9000	756	90	300	4	25	17	10079	0	0	4	4	1	0.05	0.01	0	0	
9000	757	90	300	4	25	20	9009	0	0	7	7	1	0.04	0.01	0	0	
9000	758	90	300	4	25	29	100546	1	0	7	7	1	1.05	0.16	4.45	0	
9000	759	90	300	4	25	22	44346	1	0	5	5	1	0.42	0.03	0.97	0	
9000	760	90	300	4	25	25	47651	1	1	4.66667	5	0.933333	0.34	0.06	0.52	0	
9000	761	90	300	4	25	31	525954	1	0	5	5	1	7.22	0.58	20.51	0	
9000	762	90	300	4	25	28	225636	0	0	7	7	1	3.35	0.45	0	0	
9000	763	90	300	4	25	18	18143	0	0	3	3	1	0.11	0.01	0	0	
9000	764	90	300	4	25	11	255	0	0	5	5	1	0	0	0	0	
9000	765	90	300	4	25	20	14914	0	0	4	4	1	0.08	0.01	0	0	
9000	766	90	300	4	25	23	46806	0	0	5	5	1	0.36	0.07	0	0	
9000	767	90	300	4	25	20	10550	0	0	6	6	1	0.06	0.01	0	0	
9000	768	90	300	4	25	16	1727	0	0	5	5	1	0.01	0	0	0	
9000	769	90	300	4	25	24	109392	0	0	5	5	1	0.74	0.09	0	0	
9000	770	90	300	4	25	31	211679	1	0	8	8	1	1.16	0.26	10.93	0	
9000	771	90	300	4	25	14	1727	0	0	4	4	1	0	0	0	0	
9000	772	90	300	4	25	20	31661	0	0	4	4	1	0.14	0.04	0	0	
9000	773	90	300	4	25	22	21358	0	0	5	5	1	0.19	0.01	0	0	
9000	774	90	300	4	25	19	9323	0	0	5	5	1	0.04	0.01	0	0	
9000	775	90	300	4	25	22	13636	1	0	5	5	1	0.09	0.01	0.14	0	
9000	776	90	300	4	25	18	2772	0	0	6	6	1	0.01	0	0	0	
9000	777	90	300	4	25	26	157337	1	0	5	5	1	1.33	0.18	0.54	0	
9000	778	90	300	4	25	27	231558	0	0	5	5	1	1.93	0.45	0	0	
9000	779	90	300	4	25	15	1439	1	0	4	4	1	0	0	0.01	0	
9000	780	90	300	4	25	25	43820	0	0	6	6	1	0.35	0.05	0	0	
9000	781	90	300	4	25	29	39797	1	0	9	9	1	0.45	0.05	0.32	0	
9000	782	90	300	4	25	18	3995	0	0	6	6	1	0.01	0.01	0	0	
9000	783	90	300	4	25	33	162732	1	0	9	9	1	2.1	0.23	0.63	0	
9000	784	90	300	4	25	24	8084	0	0	8	8	1	0.07	0.01	0	0	
9000	785	90	300	4	25	29	16818	0	0	12	12	1	0.19	0.02	0	0	
9000	786	90	300	4	25	18	15421	0	0	3	3	1	0.13	0.02	0	0	
9000	787	90	300	4	25	22	10098	1	0	8	8	1	0.06	0.01	0.09	0	
9000	788	90	300	4	25	24	132319	1	0	6	6	1	0.83	0.15	1.2	0	
9000	789	90	300	4	25	13	1774	1	1	2.33333	3	0.777778	0.01	0	0.03	0	
9000	790	90	300	4	25	19	31984	0	0	3	3	1	0.17	0.04	0	0	
9000	791	90	300	4	25	25	25371	1	0	6	6	1	0.19	0.04	0.84	0	
9000	792	90	300	4	25	32	789777	0	0	8	8	1	7.91	1.44	0	0	
9000	793	90	300	4	25	31	128078	1	0	8	8	1	1.53	0.17	1.03	0	
9000	794	90	300	4	25	22	8833	0	0	5	5	1	0.05	0.01	0	0	
9000	795	90	300	4	25	18	36863	0	0	3	3	1	0.21	0.04	0	0	
9000	796	90	300	4	25	9	287	0	0	2	2	1	0	0	0	0	
9000	797	90	300	4	25	25	33869	1	0	8	8	1	0.3	0.02	0.3	0	
9000	798	90	300	4	25	32	186343	1	1	6.5	7	0.928571	1.52	0.27	50.23	0	
9000	799	90	300	4	25	18	8975	0	0	4	4	1	0.05	0	0	0	
9000	800	90	300	4	25	24	17256	0	0	6	6	1	0.18	0.01	0	0	
9000	801	90	300	4	25	24	23505	0	0	7	7	1	0.21	0.02	0	0	
9000	802	90	300	4	25	24	17291	0	0	10	10	1	0.15	0.01	0	0	
9000	803	90	300	4	25	28	145400	1	0	6	6	1	1.47	0.27	6.76	0	
9000	804	90	300	4	25	23	19895	1	1	5.66667	6	0.944445	0.12	0.02	0.21	0	
9000	805	90	300	4	25	25	55884	1	0	6	6	1	0.38	0.09	0.53	0	
9000	806	90	300	4	25	13	959	0	0	5	5	1	0	0	0	0	
9000	807	90	300	4	25	33	317209	0	0	10	10	1	3.5	0.29	0	0	
9000	808	90	300	4	25	20	2709	0	0	7	7	1	0.01	0	0	0	
9000	809	90	300	4	25	25	40548	0	0	5	5	1	0.36	0.04	0	0	
9000	810	90	300	4	25	26	31927	0	0	7	7	1	0.32	0.03	0	0	
9000	811	90	300	4	25	30	143203	0	0	10	10	1	1.31	0.17	0	0	
9000	812	90	300	4	25	23	10700	0	0	7	7	1	0.07	0.01	0	0	
9000	813	90	300	4	25	23	57532	1	0	5	5	1	0.38	0.08	0.47	0	
9000	814	90	300	4	25	31	23142	0	0	14	14	1	0.23	0.02	0	0	
9000	815	90	300	4	25	27	252626	1	0	6	6	1	1.63	0.26	24.9	0	
9000	816	90	300	4	25	37	635613	1	0	8	8	1	7.68	0.74	50.71	0	
9000	817	90	300	4	25	20	21882	0	0	6	6	1	0.13	0.02	0	0	
9000	818	90	300	4	25	36	1539458	1	0	9	9	1	15.95	1.69	124.55	0	
9000	819	90	300	4	25	16	4091	0	0	5	5	1	0.01	0.01	0	0	
9000	820	90	300	4	25	15	767	0	0	5	5	1	0	0	0	0	
9000	821	90	300	4	25	19	8551	0	0	4	4	1	0.04	0	0	0	
9000	822	90	300	4	25	15	6119	0	0	2	2	1	0.02	0.01	0	0	
9000	823	90	300	4	25	22	44364	0	0	5	5	1	0.52	0.05	0	0	
9000	824	90	300	4	25	24	25730	0	0	7	7	1	0.15	0.03	0	0	
9000	825	90	300	4	25	29	319151	1	0	5	5	1	2.14	0.67	12.82	0	
9000	826	90	300	4	25	18	6722	0	0	5	5	1	0.04	0.01	0	0	
9000	827	90	300	4	25	13	705	0	0	3	3	1	0	0	0	0	
9000	828	90	300	4	25	22	51839	0	0	4	4	1	0.46	0.08	0	0	
9000	829	90	300	4	25	16	2306	1	0	4	4	1	0.01	0	0.02	0	
9000	830	90	300	4	25	21	19161	0	0	4	4	1	0.11	0.02	0	0	
9000	831	90	300	4	25	22	13000	0	0	6	6	1	0.11	0.01	0	0	
9000	832	90	300	4	25	30	283212	1	0	6	6	1	2.63	0.25	12.04	0	
9000	833	90	300	4	25	24	259397	1	0	4	4	1	2.51	0.33	9.96	0	
9000	834	90	300	4	25	27	160825	0	0	7	7	1	2.33	0.16	0	0	
9000	835	90	300	4	25	20	14399	0	0	4	4	1	0.08	0.01	0	0	
9000	836	90	300	4	25	27	32124	1	0	7	7	1	0.32	0.03	0.29	0	
9000	837	90	300	4	25	26	7149	0	0	14	14	1	0.06	0	0	0	
9000	838	90	300	4	25	21	10211	0	0	7	7	1	0.08	0.01	0	0	
9000	839	90	300	4	25	26	103003	1	0	6	6	1	0.82	0.18	0.92	0	
9000	840	90	300	4	25	15	1647	0	0	3	3	1	0.01	0	0	0	
9000	841	90	300	4	25	16	863	0	0	5	5	1	0	0	0	0	
9000	842	90	300	4	25	21	4275	1	0	8	8	1	0.04	0	0.05	0	
9000	843	90	300	4	25	33	198937	1	0	9	9	1	1.75	0.23	0.94	0	
9000	844	90	300	4	25	21	6427	0	0	7	7	1	0.05	0	0	0	
9000	845	90	300	4	25	12	611	0	0	3	3	1	0	0	0	0	
9000	846	90	300	4	25	17	3440	0	0	6	6	1	0.01	0	0	0	
9000	847	90	300	4	25	18	4277	1	0	6	6	1	0.02	0	0.07	0	
9000	848	90	300	4	25	24	56901	1	0	5	5	1	0.43	0.07	2.17	0	
9000	849	90	300	4	25	34	2556611	1	0	5	5	1	27.2	7.13	16.61	0	
9000	850	90	300	4	25	21	19569	0	0	5	5	1	0.22	0.01	0	0	
9000	851	90	300	4	25	24	25389	1	0	6	6	1	0.19	0.03	0.22	0	
9000	852	90	300	4	25	8	48	0	0	4	4	1	0	0	0	0	
9000	853	90	300	4	25	26	26785	1	0	10	10	1	0.18	0.01	0.25	0	
9000	854	90	300	4	25	18	4445	0	0	7	7	1	0.02	0	0	0	
9000	855	90	300	4	25	23	98183	0	0	5	5	1	0.7	0.1	0	0	
9000	856	90	300	4	25	24	21700	0	0	7	7	1	0.2	0.03	0	0	
9000	857	90	300	4	25	20	46098	0	0	4	4	1	0.24	0.05	0	0	
9000	858	90	300	4	25	27	7486	1	0	11	11	1	0.04	0.01	0.08	0	
9000	859	90	300	4	25	23	2926	0	0	11	11	1	0.01	0	0	0	
9000	860	90	300	4	25	18	1195	0	0	6	6	1	0.01	0	0	0	
9000	861	90	300	4	25	16	3484	0	0	5	5	1	0.01	0	0	0	
9000	862	90	300	4	25	23	13943	1	0	7	7	1	0.1	0.02	0.14	0	
9000	863	90	300	4	25	20	8137	0	0	5	5	1	0.06	0	0	0	
9000	864	90	300	4	25	22	63522	1	0	5	5	1	0.32	0.04	2.52	0	
9000	865	90	300	4	25	28	22175	0	0	10	10	1	0.23	0.01	0	0	
9000	866	90	300	4	25	13	767	0	0	5	5	1	0	0	0	0	
9000	867	90	300	4	25	16	5237	1	0	3	3	1	0.03	0	0.05	0	
9000	868	90	300	4	25	20	10444	1	0	4	4	1	0.04	0.01	0.11	0	
9000	869	90	300	4	25	26	93181	1	0	5	5	1	0.63	0.11	10.36	0	
9000	870	90	300	4	25	14	2166	0	0	3	3	1	0	0.01	0	0	
9000	871	90	300	4	25	23	26672	0	0	5	5	1	0.14	0.03	0	0	
9000	872	90	300	4	25	25	14192	0	0	8	8	1	0.13	0.01	0	0	
9000	873	90	300	4	25	16	4319	1	0	4	4	1	0.01	0.01	0.04	0	
9000	874	90	300	4	25	32	740638	1	0	6	6	1	6.56	0.97	180.91	0	
9000	875	90	300	4	25	19	20735	1	0	3	3	1	0.11	0.03	0.19	0	
9000	876	90	300	4	25	20	10559	0	0	6	6	1	0.05	0	0	0	
9000	877	90	300	4	25	21	16664	0	0	5	5	1	0.16	0.01	0	0	
9000	878	90	300	4	25	13	624	0	0	4	4	1	0	0	0	0	
9000	879	90	300	4	25	22	10359	1	0	5	5	1	0.08	0.01	0.11	0	
9000	880	90	300	4	25	23	122594	1	0	5	5	1	0.66	0.15	1.09	0	
9000	881	90	300	4	25	15	1903	0	0	4	4	1	0.01	0	0	0	
9000	882	90	300	4	25	19	7032	0	0	6	6	1	0.02	0.01	0	0	
9000	883	90	300	4	25	27	41121	0	0	8	8	1	0.53	0.05	0	0	
9000	884	90	300	4	25	25	45218	1	0	4	4	1	0.38	0.06	9.68	0	
9000	885	90	300	4	25	11	575	0	0	3	3	1	0	0	0	0	
9000	886	90	300	4	25	16	1829	0	0	5	5	1	0.01	0	0	0	
9000	887	90	300	4	25	19	8063	0	0	6	6	1	0.03	0.01	0	0	
9000	888	90	300	4	25	20	3109	0	0	7	7	1	0.01	0	0	0	
9000	889	90	300	4	25	16	3455	0	0	5	5	1	0.01	0	0	0	
9000	890	90	300	4	25	24	37956	0	0	7	7	1	0.35	0.03	0	0	
9000	891	90	300	4	25	25	66026	1	0	6	6	1	0.44	0.08	0.61	0	
9000	892	90	300	4	25	20	1921	0	0	11	11	1	0.01	0	0	0	
9000	893	90	300	4	25	6	47	0	0	2	2	1	0	0	0	0	
9000	894	90	300	4	25	16	3062	1	0	3	3	1	0.01	0	0.03	0	
9000	895	90	300	4	25	17	5453	0	0	4	4	1	0.02	0.01	0	0	
9000	896	90	300	4	25	24	21830	0	0	6	6	1	0.18	0.02	0	0	
9000	897	90	300	4	25	19	5048	0	0	4	4	1	0.03	0.01	0	0	
9000	898	90	300	4	25	21	7218	1	0	6	6	1	0.06	0	0.07	0	
9000	899	90	300	4	25	25	8391	0	0	7	7	1	0.1	0	0	0	
9000	900	90	300	4	25	22	48238	0	0	6	6	1	0.25	0.05	0	0	
9000	901	90	300	4	25	16	3123	0	0	4	4	1	0.01	0.01	0	0	
9000	902	90	300	4	25	19	5749	0	0	5	5	1	0.04	0	0	0	
9000	903	90	300	4	25	22	16809	0	0	5	5	1	0.13	0.02	0	0	
9000	904	90	300	4	25	15	1469	0	0	4	4	1	0	0	0	0	
9000	905	90	300	4	25	17	2331	0	0	5	5	1	0.01	0.01	0	0	
9000	906	90	300	4	25	21	3695	0	0	10	10	1	0.02	0	0	0	
9000	907	90	300	4	25	13	2591	1	0	2	2	1	0.01	0	0.03	0	
9000	908	90	300	4	25	17	12651	1	0	3	3	1	0.06	0.01	0.12	0	
9000	909	90	300	4	25	23	7903	1	0	6	6	1	0.04	0.01	0.08	0	
9000	910	90	300	4	25	30	372735	1	0	7	7	1	2.86	0.35	1.41	0	
9000	911	90	300	4	25	12	767	0	0	4	4	1	0	0	0	0	
9000	912	90	300	4	25	33	158871	1	0	8	8	1	1.72	0.19	1.18	0	
9000	913	90	300	4	25	17	7484	0	0	4	4	1	0.03	0.01	0	0	
9000	914	90	300	4	25	23	64774	1	0	5	5	1	0.56	0.08	6.58	0	
9000	915	90	300	4	25	16	1375	0	0	4	4	1	0	0	0	0	
9000	916	90	300	4	25	23	15779	0	0	6	6	1	0.13	0.01	0	0	
9000	917	90	300	4	25	31	112927	1	0	7	7	1	0.77	0.19	4.28	0	
9000	918	90	300	4	25	27	831555	0	0	6	6	1	7.42	0.62	0	0	
9000	919	90	300	4	25	25	55439	0	0	5	5	1	0.48	0.05	0	0	
9000	920	90	300	4	25	25	9234	0	0	8	8	1	0.1	0.01	0	0	
9000	921	90	300	4	25	24	42375	0	0	7	7	1	0.33	0.05	0	0	
9000	922	90	300	4	25	18	5388	0	0	5	5	1	0.03	0	0	0	
9000	923	90	300	4	25	30	121152	1	0	7	7	1	1.57	0.16	1	0	
9000	924	90	300	4	25	20	22614	1	0	4	4	1	0.12	0.03	0.21	0	
9000	925	90	300	4	25	19	4128	0	0	5	5	1	0.01	0.01	0	0	
9000	926	90	300	4	25	19	16207	0	0	4	4	1	0.14	0.01	0	0	
9000	927	90	300	4	25	16	805	0	0	6	6	1	0	0	0	0	
9000	928	90	300	4	25	17	16331	0	0	4	4	1	0.07	0.02	0	0	
9000	929	90	300	4	25	22	72102	0	0	5	5	1	0.47	0.09	0	0	
9000	930	90	300	4	25	24	6334	1	0	7	7	1	0.05	0.01	0.06	0	
9000	931	90	300	4	25	15	1627	1	0	3	3	1	0	0	0.03	0	
9000	932	90	300	4	25	25	42050	0	0	6	6	1	0.55	0.04	0	0	
9000	933	90	300	4	25	29	223978	1	0	7	7	1	2.29	0.33	1.05	0	
9000	934	90	300	4	25	24	97120	0	0	5	5	1	0.8	0.13	0	0	
9000	935	90	300	4	25	13	1089	1	0	4	4	1	0	0	0.01	0	
9000	936	90	300	4	25	29	60413	1	0	7	7	1	0.45	0.06	0.6	0	
9000	937	90	300	4	25	16	1588	0	0	5	5	1	0	0	0	0	
9000	938	90	300	4	25	17	9719	1	0	3	3	1	0.04	0.01	0.07	0	
9000	939	90	300	4	25	18	3455	1	0	4	4	1	0.02	0	0.03	0	
9000	940	90	300	4	25	22	64799	1	0	4	4	1	0.49	0.08	1.49	0	
9000	941	90	300	4	25	24	19269	1	0	9	9	1	0.14	0.02	1.4	0	
9000	942	90	300	4	25	15	2386	0	0	4	4	1	0.01	0	0	0	
9000	943	90	300	4	25	23	7258	0	0	11	11	1	0.04	0	0	0	
9000	944	90	300	4	25	15	724	1	0	6	6	1	0	0	0.01	0	
9000	945	90	300	4	25	28	168223	0	0	7	7	1	2.28	0.13	0	0	
9000	946	90	300	4	25	20	5133	0	0	6	6	1	0.03	0	0	0	
9000	947	90	300	4	25	22	15068	1	0	7	7	1	0.07	0.01	0.15	0	
9000	948	90	300	4	25	18	6543	0	0	6	6	1	0.04	0	0	0	
9000	949	90	300	4	25	28	63668	1	0	6	6	1	0.64	0.07	3.36	0	
9000	950	90	300	4	25	12	911	0	0	3	3	1	0	0	0	0	
9000	951	90	300	4	25	25	42725	0	0	7	7	1	0.3	0.03	0	0	
9000	952	90	300	4	25	22	7907	0	0	8	8	1	0.06	0.01	0	0	
9000	953	90	300	4	25	24	343292	1	0	3	3	1	3.77	0.32	1.28	0	
9000	954	90	300	4	25	27	202696	1	1	5.5	6	0.916667	1.75	0.29	51.85	0	
9000	955	90	300	4	25	21	54227	0	0	4	4	1	0.54	0.1	0	0	
9000	956	90	300	4	25	43	285599	1	0	16	16	1	3.12	0.23	0.6	0	
9000	957	90	300	4	25	17	4607	1	0	4	4	1	0.02	0.01	0.09	0	
9000	958	90	300	4	25	16	3969	0	0	3	3	1	0.02	0.01	0	0	
9000	959	90	300	4	25	21	23923	1	0	4	4	1	0.13	0.04	0.25	0	
9000	960	90	300	4	25	22	9312	0	0	6	6	1	0.04	0.01	0	0	
9000	961	90	300	4	25	16	3421	1	0	4	4	1	0.01	0.01	0.03	0	
9000	962	90	300	4	25	31	148052	0	0	6	6	1	1.94	0.25	0	0	
9000	963	90	300	4	25	31	161131	1	0	8	8	1	1.44	0.24	0.75	0	
9000	964	90	300	4	25	22	22739	0	0	6	6	1	0.12	0.01	0	0	
9000	965	90	300	4	25	22	11592	0	0	7	7	1	0.07	0	0	0	
9000	966	90	300	4	25	22	49410	1	0	4	4	1	0.45	0.04	1.98	0	
9000	967	90	300	4	25	22	5831	0	0	8	8	1	0.04	0	0	0	
9000	968	90	300	4	25	19	29402	0	0	3	3	1	0.26	0.04	0	0	
9000	969	90	300	4	25	17	6925	0	0	5	5	1	0.03	0	0	0	
9000	970	90	300	4	25	18	4086	0	0	5	5	1	0.01	0.01	0	0	
9000	971	90	300	4	25	19	8733	0	0	5	5	1	0.08	0	0	0	
9000	972	90	300	4	25	22	27996	1	0	5	5	1	0.17	0.02	0.27	0	
9000	973	90	300	4	25	25	44678	1	0	6	6	1	0.26	0.06	0.41	0	
9000	974	90	300	4	25	27	88566	0	0	7	7	1	0.52	0.11	0	0	
9000	975	90	300	4	25	26	49284	1	0	6	6	1	0.45	0.06	0.45	0	
9000	976	90	300	4	25	25	28172	0	0	7	7	1	0.25	0.04	0	0	
9000	977	90	300	4	25	18	2903	0	0	5	5	1	0.02	0	0	0	
9000	978	90	300	4	25	16	1649	0	0	4	4	1	0.01	0	0	0	
9000	979	90	300	4	25	18	2095	0	0	6	6	1	0.01	0	0	0	
9000	980	90	300	4	25	31	132514	0	0	13	13	1	1.14	0.11	0	0	
9000	981	90	300	4	25	16	2151	0	0	4	4	1	0	0.01	0	0	
9000	982	90	300	4	25	21	13694	1	0	5	5	1	0.08	0.02	0.19	0	
9000	983	90	300	4	25	35	284209	1	0	10	10	1	2.04	0.36	25.02	0	
9000	984	90	300	4	25	20	11545	0	0	5	5	1	0.07	0.01	0	0	
9000	985	90	300	4	25	24	288650	1	0	4	4	1	2.07	0.34	1.75	0	
9000	986	90	300	4	25	22	3828	0	0	8	8	1	0.03	0.01	0	0	
9000	987	90	300	4	25	19	3910	1	0	6	6	1	0.03	0	0.04	0	
9000	988	90	300	4	25	17	2483	0	0	5	5	1	0.01	0	0	0	
9000	989	90	300	4	25	22	17813	0	0	6	6	1	0.09	0.02	0	0	
9000	990	90	300	4	25	15	2339	0	0	4	4	1	0.01	0	0	0	
9000	991	90	300	4	25	12	577	1	0	4	4	1	0	0	0.01	0	
9000	992	90	300	4	25	26	62363	1	0	6	6	1	0.41	0.1	0.61	0	
9000	993	90	300	4	25	19	4619	0	0	5	5	1	0.02	0.01	0	0	
9000	994	90	300	4	25	21	5375	1	0	7	7	1	0.05	0	0.04	0	
9000	995	90	300	4	25	30	248849	1	0	7	7	1	3.2	0.35	2.88	0	
9000	996	90	300	4	25	27	20832	0	0	7	7	1	0.15	0.02	0	0	
9000	997	90	300	4	25	23	36287	0	0	6	6	1	0.31	0.03	0	0	
9000	998	90	300	4	25	22	56108	1	0	5	5	1	0.48	0.06	0.55	0	
9000	999	90	300	4	25	22	29825	0	0	6	6	1	0.27	0.03	0	0	
9000	1000	90	300	4	25	24	22314	1	1	5.66667	6	0.944445	0.26	0.03	2.55	0	
